                                                                    10-JAN-01
      Cellular-linked Weather Station near FT COLLINS (East), Colo       2000
      -----------------------------------------------------------------------------
               Temperature      Rel   Dew             Wind        Solar StandrdASCE
            ----------------- Humid Point  Prec -----------------   Rad   ETr   ETo
       Date   Max   Min   Ave   Ave   Ave Total   Max Total   Ave Total Alflf Grass
      MoDay     F     F     F     %     F  inch   mph miles   mph Langl  inch  inch
      ----- ----- ----- ----- ----- ----- ----- ----- ----- ----- ----- ----- -----
       1  1  52.6  17.8  34.7  44.5  14.4        27.2 146.7   6.1 178.2            
       1  2  42.7  12.3  28.9  61.3  17.0        30.5 130.5   5.4 166.3            
       1  3  31.5  11.1  23.7  46.8   6.3        25.7 251.0  10.5 196.0            
       1  4  44.9   4.6  22.9  49.0   6.2        12.1  80.9   3.4 229.2            
       1  5  42.9  19.0  34.4  32.6   7.3        33.3 295.4  12.3 230.9            
       1  6  40.3  10.1  24.8  34.9   0.0        18.5 117.2   4.9 227.8            
       1  7  37.2   7.9  23.3  49.2   7.5        13.8  57.4   2.4  60.8            
       1  8  44.1  11.5  29.8  44.2   9.2        24.7 109.6   4.6 208.6            
       1  9  44.4  26.4  36.2  30.4   7.6        37.0 284.9  11.9 204.2            
       1 10  43.5  16.4  33.4  48.9  15.3        30.0 221.1   9.2 119.1            
       1 11  63.4   9.9  37.0  45.7  12.9        27.2 125.9   5.2 191.6            
       1 12  52.1  27.1  40.3  46.1  20.7        28.1 237.5   9.9 184.4            
       1 13  42.9  14.6  27.0  57.3  13.4         9.4  61.1   2.5 156.2            
       1 14  57.9  14.2  31.9  49.6  13.7        12.4  84.0   3.5 211.5            
       1 15  59.9  20.8  36.4  36.3  10.8        13.1  71.8   3.0 151.2            
       1 16  37.8  21.6  29.0  57.6  15.8        18.5  50.3   2.1 132.5            
       1 17  57.8  22.6  39.3  54.0  23.4        13.1  74.3   3.1 175.2            
       1 18  45.3  21.0  34.2  69.0  25.1        14.1  74.2   3.1  93.4            
       1 19  54.6  14.6  38.3  55.7  22.7        33.5 217.5   9.1 176.7            
       1 20  48.5  12.7  26.0  60.9  14.1         8.6  70.8   3.0 181.7            
       1 21  48.0  20.5  34.5  59.6  22.3        15.5  99.9   4.2  96.7            
       1 22  46.1  15.8  32.0  51.4  14.4        27.8 118.4   4.9 233.6            
       1 23  44.7  13.5  29.3  39.8   6.6        25.0 136.8   5.7 261.0            
       1 24  52.5  14.1  32.3  46.2  13.7        27.5 147.6   6.2 138.9            
       1 25  32.1  19.2  25.9  62.0  14.6         5.9  33.4   1.4  81.1            
       1 26  44.5  17.1  30.4  62.9  19.2        10.1  59.2   2.5 216.6            
       1 27  33.0  14.8  26.3  81.1  21.7         9.9  80.7   3.4 127.4            
       1 28  33.1  11.1  22.6  59.5  10.2        19.4 129.8   5.4 182.1            
       1 29  32.2   7.1  20.5  70.7  12.3        12.3  59.7   2.5 200.4            
       1 30  38.3   4.5  18.4  60.3   6.3        12.6  68.4   2.9 280.0            
       1 31  44.8   3.8  22.5  48.1   4.0        10.2  86.2   3.6 292.3            
       2  1  48.5   7.4  26.8  46.1   7.1        12.9  80.0   3.3 284.3            
       2  2  68.1  19.1  44.5  29.8   9.3        29.3 161.8   6.7 198.5            
       2  3  57.8  21.8  34.7  55.0  18.9        27.6 203.9   8.5 188.9            
       2  4  39.3   5.1  23.0  52.1   7.7        15.4  96.3   4.0 296.6            
       2  5  52.8  10.4  32.3  43.2  11.5        12.3  62.8   2.6 205.8            
       2  6  60.1  13.6  36.1  43.4  13.7        25.4 141.8   5.9 288.4            
       2  7  55.3  14.9  33.6  47.1  14.2        11.6  82.2   3.4 308.1            
       2  8  57.4  18.1  35.3  42.1  13.4         9.6  69.8   2.9 182.7            
       2  9  53.6  27.7  39.8  40.7  18.0        18.0  70.9   3.0  59.3            
       2 10  44.0  22.1  34.6  65.8  24.3        15.1 107.2   4.5 171.9            
       2 11  26.5  18.8  21.3  87.4  18.2        16.4  97.6   4.1 243.9            
       2 12  38.5  13.2  25.8  84.9  22.5        12.4  94.0   3.9 137.1            
       2 13  44.4  22.5  30.5  70.9  21.2        25.3 122.8   5.1 280.6            
       2 14  59.2  21.9  40.7  55.5  25.6        23.9  82.2   3.4 307.5            
       2 15  51.2  30.9  43.7  39.0  19.7        44.5 311.9  13.0 333.0            
       2 16  47.5  19.4  35.1  58.3  21.3        15.8 106.0   4.4 255.4            
       2 17  35.0  20.0  28.8  77.4  22.8        17.8 166.8   7.0 115.5            
       2 18  35.8  15.1  24.5  73.6  17.2        13.5  85.5   3.6 322.5            
       2 19  45.7  11.0  27.1  65.3  16.5        11.7  72.2   3.0 359.5            
       2 20  43.1  11.7  27.3  66.3  17.7        10.5  73.9   3.1 137.0            
       2 21  64.8  23.9  43.6  48.1  23.0        13.0  88.7   3.7 315.4            
       2 22  60.4  27.6  43.5  56.0  28.0        29.0 228.5   9.5 217.5            
       2 23  60.8  34.1  46.5  44.7  24.7        16.7 133.0   5.5 375.3            
       2 24  58.2  25.9  40.7  57.1  25.6        18.1 105.2   4.4 276.3            
       2 25  45.0  34.6  38.5  27.6   7.8        32.8 371.4  15.5 264.3            
       2 26  52.4  22.2  39.1  27.3   6.6        27.4 175.7   7.3 388.9            
       2 27  61.3  15.6  36.8  43.4  15.1        13.5  85.1   3.5 350.7            
       2 28  68.1  22.5  44.1  44.8  21.0        31.3 142.7   5.9 363.8            
       2 29  57.2  30.8  44.5  41.4  21.3        21.7 177.8   7.4 407.6            
       3  1  56.2  25.1  39.9  47.5  20.4        13.9 117.5   4.9 255.7  0.13  0.09
       3  2  46.2  33.0  37.5  69.7  28.3        19.1 126.4   5.3 194.8  0.08  0.06
       3  3  59.7  25.2  40.1  62.2  25.8        12.1  64.8   2.7 394.8  0.11  0.08
       3  4  65.0  23.4  42.5  46.3  20.7        11.0  89.6   3.7 430.2  0.16  0.11
       3  5  66.2  25.3  47.4  42.5  24.7        29.2 166.5   6.9 344.3  0.20  0.13
       3  6  60.7  31.3  47.0  32.1  17.5        19.9 118.0   4.9 392.3  0.17  0.12
       3  7  58.9  28.1  42.9  55.5  28.8        37.4 188.3   7.8 262.0  0.15  0.10
       3  8  54.7  28.5  43.3  32.9  14.3        50.3 395.2  16.5 376.7  0.25  0.16
       3  9  32.1  25.6  29.1  82.3  24.5        15.6 117.0   4.9  98.8  0.03  0.03
       3 10  46.0  24.2  33.6  68.5  23.7        28.4 149.3   6.2 337.7  0.10  0.07
       3 11  54.6  13.3  35.3  53.2  17.7        25.7 106.3   4.4 408.2  0.13  0.09
       3 12  48.1  22.8  38.2  48.0  19.8        25.0 175.3   7.3 392.9  0.13  0.09
       3 13  53.3  15.3  36.2  51.6  18.4        20.0  91.8   3.8 412.0  0.12  0.09
       3 14  58.1  23.6  42.0  51.1  22.9        21.5 125.5   5.2 354.3  0.14  0.10
       3 15  45.7  24.1  32.8  77.9  25.9        29.5 146.4   6.1 100.8  0.07  0.05
       3 16  34.5  19.4  26.5  82.3  21.8  0.07  10.1  75.2   3.1 472.0  0.06  0.06
       3 17  46.0  17.0  32.1  70.5  23.8  0.02  25.4 128.3   5.3 455.7  0.09  0.07
       3 18  44.7  25.4  35.6  49.6  17.9        30.9 269.0  11.2 367.1  0.14  0.10
       3 19  56.9  19.1  37.8  62.1  25.7        10.9  69.6   2.9 344.8  0.10  0.08
       3 20  46.1  25.5  29.9  72.7  22.2        31.4 330.5  13.8 149.7  0.13  0.09
       3 21  34.8  25.3  29.6  80.0  24.3        12.0 101.6   4.2 256.0  0.05  0.04
       3 22  47.4  26.6  37.1  75.7  30.0        16.7  98.5   4.1 317.6  0.08  0.06
       3 23  64.7  26.7  44.3  61.3  29.2  0.09  24.7 114.4   4.8 485.4  0.17  0.13
       3 24  59.4  28.6  47.3  43.1  25.0        24.1 163.2   6.8 464.8  0.18  0.13
       3 25  62.6  24.7  45.9  49.2  25.9        22.4 125.1   5.2 428.0  0.17  0.12
       3 26  65.8  33.8  51.6  43.1  28.0        37.5 209.8   8.7 410.8  0.23  0.16
       3 27  70.1  25.4  47.8  47.8  25.3  0.03  13.8  77.0   3.2 549.4  0.18  0.14
       3 28  60.2  33.0  46.4  47.9  27.2        24.4 144.9   6.0 372.7  0.17  0.12
       3 29  58.7  33.9  45.3  56.8  28.5        23.5 106.5   4.4 486.6  0.16  0.12
       3 30  39.3  30.9  34.2  83.0  29.6        22.4 193.8   8.1 130.2  0.06  0.04
       3 31  36.1  29.0  31.5  84.3  27.2        14.1  78.6   3.3 187.9  0.05  0.04
       4  1  49.5  24.0  36.7  59.5  22.3        18.1  91.6   3.8 494.8  0.12  0.10
       4  2  44.5  26.0  33.5  71.0  25.2        25.6 191.4   8.0 131.7  0.09  0.06
       4  3  45.5  21.4  33.3  54.9  18.0        27.8 189.8   7.9 576.8  0.14  0.11
       4  4  77.2  21.9  50.6  44.0  22.4  0.10  33.4 153.2   6.4 592.4  0.31  0.21
       4  5  74.4  39.8  64.5  22.1  23.6        35.7 288.4  12.0 543.7  0.37  0.25
       4  6  72.3  24.8  51.1  39.4  23.0        34.5 187.4   7.8 460.1  0.28  0.19
       4  7  59.2  28.1  41.8  40.4  17.9  0.01  39.6 429.2  17.9 587.9  0.31  0.20
       4  8  66.4  16.7  41.8  41.8  16.4        12.8  94.8   4.0 606.8  0.21  0.15
       4  9  75.2  26.3  52.1  35.8  23.3        19.4 119.0   5.0 529.4  0.26  0.18
       4 10  63.9  42.6  53.0  36.0  25.9        26.5 226.0   9.4 438.5  0.27  0.18
       4 11  64.7  37.4  47.7  51.5  29.8        25.4 135.9   5.7 593.5  0.22  0.17
       4 12  75.4  26.7  50.2  46.4  25.2        26.7 111.6   4.7 426.4  0.24  0.17
       4 13  77.7  32.3  57.6  30.4  23.3        25.8 113.0   4.7 471.5  0.26  0.18
       4 14  74.7  33.2  50.3  46.0  28.0        26.2 164.3   6.8 418.9  0.29  0.19
       4 15  34.2  26.0  29.9  78.3  24.0        14.5 106.7   4.4 153.0  0.05  0.04
       4 16  62.2  26.1  42.2  66.0  30.7        15.9 117.9   4.9 566.3  0.18  0.14
       4 17  76.3  29.6  53.9  46.5  29.3        22.9 120.3   5.0 616.2  0.27  0.20
       4 18  77.7  33.7  54.3  35.4  25.0        37.0 218.2   9.1 434.7  0.36  0.24
       4 19  53.0  42.6  47.9  32.0  19.5        42.2 353.2  14.7 188.3  0.25  0.16
       4 20  69.1  34.3  53.6  40.1  28.3        19.5 155.9   6.5 635.4  0.26  0.19
       4 21  74.5  30.7  54.9  39.1  27.5        26.4 118.6   4.9 538.7  0.25  0.18
       4 22  70.5  37.7  53.9  50.3  34.5        34.3 169.4   7.1 229.6  0.21  0.14
       4 23  64.7  42.0  53.1  67.9  42.0  0.03  21.2 154.4   6.4 317.4  0.15  0.12
       4 24  61.2  36.3  47.9  59.3  33.0  0.05  32.4 186.8   7.8 406.0  0.19  0.14
       4 25  64.2  31.9  49.0  43.6  26.7  0.01  19.8 135.2   5.6 617.2  0.22  0.17
       4 26  77.3  31.9  55.9  44.8  30.1  0.08  26.9 165.4   6.9 612.5  0.31  0.22
       4 27  64.1  35.9  51.7  49.6  32.3        13.5  84.6   3.5 645.9  0.19  0.16
       4 28  68.0  33.2  51.2  54.3  34.9        15.1  86.2   3.6 554.2  0.19  0.15
       4 29  73.4  39.4  51.3  69.4  41.0        33.1 221.1   9.2 401.6  0.26  0.18
       4 30  53.0  30.6  45.2  58.6  31.0        30.9 249.1  10.4 274.1  0.13  0.10
       5  1  69.7  29.1  49.9  53.4  31.9  0.07  14.5  88.5   3.7 664.1  0.21  0.17
       5  2  73.7  33.9  55.3  54.0  37.0        17.5 114.6   4.8 676.4  0.24  0.19
       5  3  79.0  39.5  60.8  49.5  39.5  0.04  17.0 109.4   4.6 679.4  0.27  0.21
       5  4  87.1  43.5  66.6  45.5  40.1  0.01  18.5 120.7   5.0 696.0  0.33  0.25
       5  5  87.5  42.4  67.4  46.6  41.7        19.1 110.5   4.6 699.8  0.32  0.25
       5  6  77.0  47.8  63.2  52.1  44.5        22.1 119.7   5.0 562.9  0.24  0.19
       5  7  78.1  50.3  61.5  62.0  47.2        34.4 190.1   7.9 413.3  0.27  0.19
       5  8  52.7  40.6  44.0  81.5  38.6        25.9 119.1   5.0 118.4  0.08  0.06
       5  9  67.3  33.3  51.4  65.1  38.2        15.6 103.2   4.3 607.8  0.19  0.16
       5 10  72.9  43.7  58.4  59.4  43.7        22.7 175.0   7.3 670.3  0.26  0.21
       5 11  59.4  41.1  49.6  61.7  37.5        39.8 247.2  10.3 300.7  0.17  0.12
       5 12  55.5  30.9  45.2  30.8  15.2        36.6 313.4  13.1 680.7  0.28  0.20
       5 13  63.1  23.5  45.8  45.3  23.4        19.2  75.3   3.1 642.7  0.19  0.16
       5 14  66.0  35.0  53.7  41.8  30.3        17.2 102.4   4.3 559.4  0.20  0.16
       5 15  80.3  36.4  59.7  42.0  34.0        14.0  79.1   3.3 546.0  0.24  0.19
       5 16  81.2  42.1  62.0  50.9  44.1        20.2 127.0   5.3 628.8  0.28  0.22
       5 17  61.9  40.2  50.5  79.0  44.9  0.92  39.4 308.5  12.9  74.3  0.11  0.08
       5 18  54.9  40.7  47.1  64.4  35.3        25.9 174.5   7.3 470.6  0.16  0.13
       5 19  66.8  33.5  52.1  65.1  40.1        12.1  80.5   3.4 651.5  0.19  0.16
       5 20  66.2  43.6  55.4  66.6  43.7  0.02  21.9 124.8   5.2 512.7  0.18  0.15
       5 21  77.7  38.7  60.2  57.8  42.9        18.9  90.4   3.8 641.9  0.24  0.20
       5 22  82.1  48.6  67.8  46.0  44.6        19.4 101.8   4.2 561.1  0.26  0.21
       5 23  87.7  48.2  71.6  44.8  46.8        19.1 108.1   4.5 640.0  0.30  0.24
       5 24  71.5  47.8  61.2  60.6  46.9        13.3  93.1   3.9 402.3  0.17  0.14
       5 25  74.4  48.0  58.4  75.2  50.1  0.17  21.6  75.4   3.1 423.8  0.17  0.14
       5 26  72.9  48.1  60.8  63.7  47.1        25.8 124.9   5.2 421.8  0.20  0.15
       5 27  75.9  39.8  60.2  59.6  44.0        14.7  78.4   3.3 725.0  0.24  0.20
       5 28  89.3  42.3  68.0  49.6  45.8        28.8 119.2   5.0 599.6  0.31  0.24
       5 29  93.1  56.2  75.5  39.2  47.3        21.3 105.9   4.4 659.2  0.34  0.27
       5 30  72.2  53.5  61.8  71.5  52.2        19.0 122.9   5.1 530.6  0.20  0.17
       5 31  75.0  51.4  60.1  79.9  53.7  0.02  15.0  99.8   4.2 475.7  0.18  0.15
       6  1  67.1  45.2  57.0  47.8  37.2        26.5 170.5   7.1 725.0  0.27  0.21
       6  2  77.1  40.7  60.5  58.8  46.3        13.4  89.7   3.7 616.1  0.22  0.19
       6  3  88.9  43.6  69.2  46.4  42.5        18.3  99.7   4.2 663.1  0.31  0.25
       6  4  73.3  51.9  62.8  55.6  46.3        16.8 114.1   4.8 473.6  0.21  0.17
       6  5  76.0  42.3  60.0  65.1  47.8        12.9  70.9   3.0 619.1  0.21  0.18
       6  6  93.0  44.8  69.1  51.0  45.5        24.3  79.9   3.3 646.8  0.30  0.24
       6  7  95.9  50.4  75.9  27.7  35.0        12.6  73.9   3.1 758.0  0.34  0.27
       6  8  96.1  52.0  73.2  37.1  42.8        26.7 111.1   4.6 638.9  0.37  0.28
       6  9  87.2  51.7  71.4  38.9  43.1        24.0 123.9   5.2 556.1  0.32  0.24
       6 10  82.0  51.5  67.1  36.0  38.7        24.4 169.9   7.1 725.0  0.37  0.28
       6 11  86.7  49.0  69.3  43.2  43.0        21.3 107.8   4.5 615.1  0.31  0.24
       6 12  88.9  43.5  69.2  41.2  39.6        18.6  83.0   3.5 536.7  0.27  0.21
       6 13  79.3  48.4  65.7  38.8  38.7        38.4 303.4  12.6 506.3  0.40  0.27
       6 14  78.4  42.3  64.0  43.5  40.4        14.1 107.9   4.5 619.7  0.26  0.21
       6 15  90.4  51.7  64.5  46.2  40.9        32.8 203.4   8.5 553.8  0.47  0.32
       6 16  54.1  47.0  48.6  72.5  40.2  0.06  18.5 129.7   5.4 130.8  0.10  0.07
       6 17  61.4  41.3  51.0  74.3  42.6  0.34  15.6 119.6   5.0 626.7  0.17  0.15
       6 18  80.0  40.6  60.4  64.4  47.1        21.3  80.8   3.4 562.6  0.22  0.18
       6 19  78.8  51.7  64.2  58.2  48.1        30.1 104.1   4.3 367.0  0.21  0.16
       6 20  77.7  44.3  62.8  45.5  37.2        27.1 192.8   8.0 738.0  0.35  0.26
       6 21  79.6  40.1  62.1  52.5  42.0        16.3  75.8   3.2 725.0  0.26  0.22
       6 22  88.3  46.3  69.1  45.6  44.3        18.0  68.7   2.9 612.5  0.26  0.22
       6 23  88.0  56.1  71.9  41.8  45.6        26.9 119.4   5.0 575.0  0.32  0.25
       6 24  88.4  50.8  71.2  45.2  46.3        32.0  94.5   3.9 529.4  0.28  0.22
       6 25  76.3  50.2  61.9  69.4  51.4  0.21  18.2  96.2   4.0 198.5  0.14  0.11
       6 26  57.5  50.2  54.3  85.2  50.0  0.15  11.8  75.2   3.1 127.8  0.06  0.05
       6 27  68.6  51.9  58.3  82.4  52.8  0.04  20.2  86.1   3.6 423.8  0.15  0.13
       6 28  68.8  46.3  58.1  76.1  50.2        15.3  85.5   3.6 630.6  0.18  0.17
       6 29  89.1  48.1  67.5  58.8  48.9        22.9 102.4   4.3 646.1  0.31  0.24
       6 30  86.9  48.8  68.6  60.1  51.8        14.6  82.3   3.4 711.0  0.28  0.24
       7  1  86.4  54.6  70.3  56.8  53.2  0.05  23.5 102.2   4.3 596.5  0.27  0.22
       7  2  88.9  52.3  72.4  51.1  51.0        18.8 102.7   4.3 682.6  0.31  0.25
       7  3  85.8  58.7  71.4  58.5  54.9        10.5  71.3   3.0 498.1  0.22  0.19
       7  4  89.2  50.5  72.6  46.7  47.3        15.6  79.7   3.3 741.0  0.30  0.25
       7  5  85.8  55.7  73.2  51.6  54.0        15.1  98.3   4.1 685.7  0.28  0.24
       7  6  91.4  57.2  76.4  54.7  56.5        16.9  98.7   4.1 694.1  0.31  0.26
       7  7  90.6  58.3  75.7  43.8  50.7        22.6  98.9   4.1 556.4  0.29  0.23
       7  8  88.5  60.5  73.9  51.8  54.0        22.4 107.5   4.5 462.1  0.27  0.21
       7  9  86.9  59.6  74.7  51.5  55.0        23.5  80.0   3.3 661.3  0.27  0.23
       7 10  88.1  56.1  71.8  64.9  58.0        21.5  79.5   3.3 615.2  0.25  0.22
       7 11  90.3  57.3  74.3  55.5  55.1        14.4  72.1   3.0 683.4  0.28  0.24
       7 12  86.8  56.7  70.9  62.2  56.6        27.9 112.7   4.7 612.5  0.28  0.23
       7 13  90.8  55.1  71.4  64.5  57.1        16.3  55.1   2.3 629.6  0.25  0.22
       7 14  92.6  55.8  74.9  55.3  55.6        10.5  61.8   2.6 690.5  0.28  0.24
       7 15  94.5  59.1  76.2  49.6  54.2        22.1  84.3   3.5 506.3  0.28  0.22
       7 16  82.4  60.0  69.7  67.4  58.0  0.11  22.4  96.6   4.0 383.1  0.20  0.16
       7 17  72.3  57.6  63.3  85.8  59.0  0.10  22.7  72.9   3.0 262.9  0.11  0.10
       7 18  89.4  53.0  71.0  60.5  54.5        13.6  61.4   2.6 682.1  0.26  0.23
       7 19  87.9  52.9  70.0  60.0  53.7        13.2  82.8   3.5 617.7  0.26  0.22
       7 20  85.0  53.3  69.3  58.0  53.4        22.6  96.9   4.0 619.5  0.26  0.22
       7 21  86.5  51.3  67.3  67.1  55.1        19.4  69.6   2.9 530.3  0.22  0.19
       7 22  87.0  49.3  68.9  61.3  53.1        12.7  61.9   2.6 660.1  0.25  0.21
       7 23  95.1  50.6  73.0  53.6  51.3        30.0  82.1   3.4 615.4  0.30  0.24
       7 24  98.6  50.4  74.8  44.0  46.9        18.9  71.3   3.0 490.7  0.28  0.22
       7 25  93.0  49.4  72.5  49.7  50.0        17.3  77.8   3.2 566.2  0.27  0.22
       7 26  93.2  54.3  73.2  48.6  50.4        28.1  91.1   3.8 380.4  0.26  0.19
       7 27  92.5  54.6  73.8  49.0  51.5        14.9  97.1   4.0 499.2  0.28  0.22
       7 28  89.1  56.2  73.7  55.6  55.3        15.3  93.0   3.9 652.4  0.28  0.23
       7 29  90.7  54.0  73.0  51.0  51.3        12.1  79.4   3.3 632.8  0.28  0.23
       7 30  89.3  54.4  72.0  49.3  49.7        15.4  82.7   3.4 575.5  0.27  0.22
       7 31  87.6  52.5  71.3  51.1  50.2        12.4  83.0   3.5 609.2  0.26  0.22
       8  1  95.0  53.4  74.2  47.6  50.4        44.1  92.0   3.8 575.7  0.30  0.24
       8  2  87.7  57.7  74.3  51.2  54.1        14.4 100.7   4.2 416.8  0.24  0.18
       8  3  88.6  59.6  74.0  60.4  58.3        17.1  88.4   3.7 416.8  0.22  0.18
       8  4  91.6  57.0  70.0  69.1  58.2  0.10  25.7  88.3   3.7 366.7  0.22  0.17
       8  5  93.1  59.5  73.6  55.2  53.8        33.7 128.0   5.3 533.3  0.33  0.25
       8  6  87.3  49.0  69.9  53.0  49.5        14.9 102.4   4.3 648.6  0.28  0.23
       8  7  91.3  48.7  70.8  52.5  49.2        23.5  72.7   3.0 462.5  0.24  0.19
       8  8  96.3  52.9  76.7  36.6  45.3        21.3 112.0   4.7 642.6  0.35  0.27
       8  9  90.1  56.1  73.9  50.0  54.5        13.2 118.2   4.9 620.1  0.30  0.24
       8 10  84.1  52.2  69.8  65.7  56.9        18.3  73.2   3.0 561.0  0.21  0.18
       8 11  93.3  55.0  74.0  57.8  56.1        36.2  99.4   4.1 466.5  0.26  0.20
       8 12  79.8  62.0  71.8  54.1  53.8        23.9 121.1   5.0 318.8  0.20  0.15
       8 13  86.3  54.6  70.7  60.5  55.3        13.0  87.4   3.6 542.8  0.23  0.19
       8 14  92.2  55.7  74.7  48.0  51.8        15.4  83.0   3.5 413.7  0.24  0.18
       8 15  87.7  57.6  72.7  56.9  56.1  0.05  24.5 126.9   5.3 490.9  0.26  0.20
       8 16  84.2  60.6  70.2  69.0  59.1  0.12  18.3  86.4   3.6 260.8  0.16  0.13
       8 17  72.0  59.3  64.4  70.7  54.5  0.03  12.9  86.5   3.6 273.3  0.13  0.11
       8 18  73.8  54.6  63.7  79.0  56.8  0.01  18.0  71.3   3.0 380.9  0.14  0.12
       8 19  86.7  52.0  69.2  63.8  54.4        13.1  78.7   3.3 545.0  0.23  0.19
       8 20  85.5  51.7  66.2  68.1  54.6  0.01  22.3  72.7   3.0 407.8  0.19  0.15
       8 21  74.5  52.3  64.3  66.1  52.8        15.7 107.9   4.5 526.9  0.19  0.16
       8 22  83.9  51.4  65.6  66.4  52.8        30.7  98.1   4.1 466.2  0.22  0.17
       8 23  83.0  50.3  66.9  60.0  51.4        10.9  71.6   3.0 527.0  0.21  0.17
       8 24  87.9  49.7  68.1  61.4  53.4        16.7  77.0   3.2 482.8  0.22  0.17
       8 25  82.6  51.8  66.4  67.7  54.8        21.3  90.3   3.8 255.8  0.16  0.12
       8 26  83.1  51.3  68.8  64.1  55.1        14.0  71.8   3.0 513.6  0.19  0.17
       8 27  81.8  52.0  65.2  75.9  56.8        20.5  53.5   2.2 391.6  0.15  0.13
       8 28  82.1  52.8  65.0  75.6  56.4        17.0  83.4   3.5 378.3  0.17  0.14
       8 29  82.3  54.3  67.7  72.0  57.9        19.0  80.7   3.4 513.1  0.19  0.16
       8 30  84.0  51.6  66.2  68.5  54.6        21.7  94.6   3.9 431.2  0.20  0.16
       8 31  69.8  47.4  59.5  74.9  51.4        19.4 109.0   4.5 421.6  0.14  0.12
       9  1  78.9  49.9  62.8  77.3  55.0  0.01  28.0  73.9   3.1 434.0  0.16  0.14
       9  2  78.8  51.3  63.7  69.2  51.9        14.5  91.9   3.8 560.2  0.21  0.17
       9  3  81.7  45.6  64.2  56.6  46.6        14.9  92.2   3.8 520.5  0.22  0.17
       9  4  83.9  47.3  66.0  61.7  50.8        11.3  67.0   2.8 527.8  0.20  0.16
       9  5  86.8  51.7  65.4  72.6  55.4        34.9  99.6   4.2 458.6  0.22  0.17
       9  6  85.9  50.9  66.6  62.5  50.9  0.11  23.8 101.3   4.2 404.1  0.22  0.17
       9  7  73.6  43.5  58.1  63.2  44.9        22.9 106.0   4.4 516.8  0.19  0.15
       9  8  79.6  45.7  61.2  70.4  50.8  0.11  25.8  82.6   3.4 367.2  0.16  0.13
       9  9  82.6  44.2  63.6  58.5  46.9        19.5  74.6   3.1 413.3  0.18  0.14
       9 10  83.5  42.5  63.3  50.8  42.6        13.6  82.5   3.4 514.2  0.22  0.17
       9 11  74.6  45.8  61.6  47.5  40.9        17.0  92.3   3.8 450.2  0.19  0.15
       9 12  80.8  39.3  59.3  62.5  44.5        12.5  76.9   3.2 428.2  0.18  0.14
       9 13  88.5  45.1  66.2  47.6  42.3        17.3  72.6   3.0 514.7  0.23  0.17
       9 14  80.3  44.6  63.3  51.5  44.0        17.5 105.9   4.4 507.0  0.22  0.17
       9 15  88.8  41.5  63.0  59.0  46.3        11.3  66.3   2.8 482.4  0.21  0.16
       9 16  93.6  49.3  70.0  39.6  41.4        13.0  66.0   2.8 497.7  0.24  0.18
       9 17  95.2  48.6  70.5  38.2  40.5        34.8  96.0   4.0 415.2  0.28  0.20
       9 18  84.5  52.4  71.0  37.5  42.6        16.6 105.3   4.4 335.4  0.22  0.16
       9 19  71.8  46.0  62.3  53.5  44.1  0.36  22.4 151.1   6.3 328.6  0.18  0.13
       9 20  58.3  40.2  49.0  64.9  37.3  0.05  21.5 136.8   5.7 478.4  0.14  0.11
       9 21  64.4  34.5  49.1  79.1  43.3  0.13  18.5  91.4   3.8 191.4  0.09  0.07
       9 22  45.4  30.3  37.6  85.2  33.9  0.33  16.4 132.8   5.5  89.9  0.05  0.04
       9 23  38.3  30.0  33.1  90.4  30.6  0.21  17.7 115.7   4.8 115.8  0.04  0.03
       9 24  44.2  26.4  32.9  83.2  28.1  0.27   9.4  70.9   3.0 377.9  0.07  0.06
       9 25  63.1  23.3  41.2  68.1  30.3        11.5  52.0   2.2 483.8  0.12  0.10
       9 26  68.4  31.4  49.2  63.1  35.7        11.0  73.3   3.1 469.0  0.14  0.11
       9 27  74.7  37.3  54.7  56.9  36.5        10.9  81.4   3.4 468.6  0.18  0.13
       9 28  79.7  38.3  55.9  58.7  38.8        12.9  84.6   3.5 430.1  0.19  0.14
       9 29  78.6  46.7  60.3  60.0  44.9        13.0  72.6   3.0 256.8  0.15  0.11
       9 30  79.3  44.3  59.9  58.9  43.4        17.9  68.2   2.8 348.1  0.16  0.12
      10  1  85.3  45.6  65.7  44.3  39.2        25.3 121.8   5.1 409.5  0.25  0.17
      10  2  72.5  38.8  57.1  66.4  45.2        25.6  92.5   3.9 418.3  0.14  0.11
      10  3  67.4  44.1  54.3  70.1  44.3  0.01  21.9 106.5   4.4 209.1  0.12  0.09
      10  4  61.5  40.7  49.5  86.4  45.6        20.8  65.8   2.7 187.4  0.07  0.06
      10  5  50.5  31.1  39.3  81.5  34.6        17.5 150.7   6.3  86.8  0.07  0.05
      10  6  36.4  29.1  32.6  83.0  28.0         9.9 105.7   4.4 134.2  0.04  0.03
      10  7  42.1  31.5  36.8  76.4  29.9        13.4  99.8   4.2 124.7  0.05  0.04
      10  8  52.5  24.8  39.1  70.0  29.6        14.5  78.3   3.3 401.9  0.09  0.07
      10  9  59.8  21.3  39.0  71.1  30.2        12.5  58.9   2.5 401.7  0.09  0.08
      10 10  67.9  27.9  46.9  64.6  34.6        14.5  81.6   3.4 389.9  0.13  0.10
      10 11  71.9  31.8  51.0  62.8  37.7        24.5 103.7   4.3 391.8  0.16  0.11
      10 12  68.5  37.4  54.4  56.0  38.0  0.01  17.5  93.9   3.9 375.0  0.13  0.10
      10 13  63.1  33.0  49.9  59.3  34.8        11.0  66.7   2.8 388.4  0.10  0.08
      10 14  55.6  30.1  43.3  61.9  30.4        14.4  86.5   3.6 240.0  0.09  0.07
      10 15  61.3  27.6  42.7  63.6  29.9        10.4  70.8   3.0 379.5  0.11  0.08
      10 16  64.9  26.7  45.3  58.9  29.9        16.4  79.4   3.3 372.3  0.12  0.09
      10 17  69.1  30.1  47.2  54.3  28.7        10.9  71.6   3.0 373.5  0.13  0.10
      10 18  73.5  33.4  50.4  53.0  32.0        10.4  78.9   3.3 369.9  0.15  0.11
      10 19  74.3  31.2  55.4  40.3  28.8        27.2  97.5   4.1 341.2  0.17  0.11
      10 20  63.4  30.7  48.2  54.5  31.8        16.1  93.7   3.9 349.6  0.12  0.08
      10 21  70.8  27.8  48.2  57.1  31.7        16.8  69.2   2.9 350.1  0.13  0.09
      10 22  49.9  39.9  43.0  81.8  37.9  0.17  26.2 209.1   8.7  44.7  0.07  0.05
      10 23  46.9  39.2  43.4  86.9  39.8         9.8  69.5   2.9  94.1  0.03  0.03
      10 24  58.6  41.5  48.8  84.0  44.1  0.02  19.6  98.5   4.1 192.5  0.07  0.05
      10 25  64.0  31.1  45.7  66.8  33.9        23.1  69.8   2.9 307.6  0.10  0.07
      10 26  62.2  29.1  44.7  63.2  31.4        10.9  63.8   2.7 335.3  0.09  0.07
      10 27  57.2  30.6  44.9  78.2  38.7        14.1  85.8   3.6 280.3  0.07  0.05
      10 28  58.0  40.2  48.8  85.3  44.5  0.06  11.0  70.1   2.9 139.8  0.05  0.04
      10 29  65.3  34.6  51.8  57.1  35.5        22.3 164.8   6.9 282.7  0.15  0.10
      10 30  60.3  33.0  43.9  71.1  34.6        11.3  98.1   4.1 264.1  0.10  0.07
      10 31  46.8  31.4  40.4  83.1  35.8  0.32  19.4 146.9   6.1  46.3  0.04  0.03
      11  1  53.0  34.3  42.4  54.4  26.9        29.9 267.3  11.1 287.2            
      11  2  48.0  27.0  36.7  58.0  22.7        16.7 128.3   5.3 283.3            
      11  3  49.0  24.0  35.9  72.3  27.3        10.4  66.1   2.8 262.6            
      11  4  58.5  18.2  35.3  70.5  25.4         8.3  58.7   2.4 321.6            
      11  5  40.4  26.3  33.7  86.8  30.3  0.22  21.7 134.7   5.6  38.6            
      11  6  33.8  20.4  28.0  65.5  17.5        25.5 228.4   9.5 124.2            
      11  7  38.4  22.7  30.3  52.7  14.4        28.7 249.4  10.4 248.2            
      11  8  44.7  18.2  30.3  64.1  18.4        17.0 107.2   4.5 307.3            
      11  9  44.5  22.5  31.8  61.6  19.5        18.9 141.0   5.9 289.7            
      11 10  27.9  19.6  23.0  83.4  18.8        14.8 158.6   6.6  74.9            
      11 11  20.7   6.7  15.3  90.7  13.4        14.2 136.2   5.7 163.7            
      11 12  23.7   3.0  12.1  88.9  10.2  0.06   8.8  55.8   2.3 257.5            
      11 13  28.2  -1.7  11.9  80.3   7.8         6.8  51.2   2.1 283.5            
      11 14  30.9   3.3  16.4  75.7  10.1         8.0  65.2   2.7 278.0            
      11 15  40.3   9.7  24.4  65.7  14.0        25.1 174.4   7.3 190.4            
      11 16  30.9   8.3  19.1  74.3  12.1        12.6 113.4   4.7 277.8            
      11 17  30.5   5.6  17.4  77.9  11.8        23.4 122.2   5.1 201.9            
      11 18  40.0   2.0  21.4  69.7  12.7         9.9  76.5   3.2 247.8            
      11 19  38.8  12.1  25.3  70.0  16.5        13.7 107.6   4.5 256.4            
      11 20  42.1  13.0  24.7  72.7  16.5         9.0  83.1   3.5 272.2            
      11 21  52.2  16.4  31.3  61.2  17.6         9.6  85.6   3.6 250.8            
      11 22  56.0  23.8  35.7  55.4  19.0        13.2  83.6   3.5 227.6            
      11 23  49.5  19.8  31.1  62.2  18.4         9.1  80.2   3.3 221.5            
      11 24  54.3  14.4  32.7  56.2  16.5        23.5 109.1   4.5 263.6            
      11 25  45.8  19.3  31.8  62.7  19.7        13.6 114.7   4.8 250.5            
      11 26  45.4  15.2  28.1  73.5  20.5         8.6  68.3   2.8  94.4            
      11 27  47.4  22.6  33.5  67.8  23.1        11.9  90.3   3.8 225.4            
      11 28  42.0  19.6  31.4  63.2  19.9        24.8 180.6   7.5 208.6            
      11 29  38.5  14.4  24.3  68.8  14.8         9.5  78.3   3.3 229.0            
      11 30  51.0  16.2  34.5  46.9  12.2        34.5 272.6  11.4 245.7            
      12  1  44.0  15.2  27.7  55.1  12.2        11.1  96.9   4.0 243.8            
      12  2  41.3  10.1  23.9  65.3  13.2         9.8  82.5   3.4 238.1            
      12  3  54.7  11.8  29.2  61.1  15.7         9.4  76.6   3.2 174.0            
      12  4  42.7  16.9  27.4  62.4  15.1        11.4  95.8   4.0 235.9            
      12  5  41.9  15.4  25.9  76.1  19.4        30.4 138.5   5.8  70.6            
      12  6  51.7  11.1  28.0  70.5  18.6        12.2  84.8   3.5 229.0            
      12  7  55.1  21.7  37.3  59.3  22.8        25.6 131.4   5.5 119.0            
      12  8  41.1  25.8  31.9  80.1  26.3         8.9  70.1   2.9 165.4            
      12  9  54.5  22.8  36.9  62.8  24.0        21.1  95.5   4.0 197.5            
      12 10  31.2   4.5  16.2  86.7  13.2        26.0 179.4   7.5  40.6            
      12 11  11.9  -8.1   3.6  80.6  -0.7        10.9  86.1   3.6 236.5            
      12 12  21.2  -0.6  10.4  79.1   5.5         9.7  73.4   3.1 195.3            
      12 13  22.9   0.5  12.4  81.8   8.4         9.6  59.5   2.5 168.1            
      12 14  48.0   5.2  24.7  68.6  15.4        20.7 105.8   4.4 179.2            
      12 15  48.4  17.8  31.1  53.8  14.4        34.2 222.1   9.3 158.6            
      12 16  25.1   8.2  16.7  63.7   6.3        31.7 178.1   7.4 224.3            
      12 17  55.7   9.7  28.0  56.4  12.4        42.2 263.7  11.0 195.5            
      12 18  37.1   6.2  26.2  38.5   2.8        41.8 292.6  12.2 224.5            
      12 19  50.0   6.9  29.4  45.7   7.8        23.5 124.5   5.2 193.2            
      12 20  41.0   6.0  24.3  59.4  11.6        33.4 227.2   9.5 158.0            
      12 21  28.6  -0.3  13.4  68.9   5.0         7.3  66.0   2.8 228.5            
      12 22  54.1   8.8  30.9  55.4  14.8        29.6 160.1   6.7 222.2            
      12 23  45.2  13.4  27.1  71.9  18.4         8.9  85.5   3.6 222.7            
      12 24  35.3  11.0  22.3  76.0  16.2        11.3  98.5   4.1 144.4            
      12 25  26.6  15.4  21.3  87.6  18.6        16.4 107.5   4.5  72.0            
      12 26  39.8   2.6  18.3  79.7  13.7  0.02  10.2  69.1   2.9 232.7            
      12 27  54.7  13.6  33.5  64.5  22.0        11.4  78.1   3.3 228.1            
      12 28  40.8  17.4  33.2  58.4  19.9        21.9 192.8   8.0 147.2            
      12 29  37.9  10.4  24.1  68.5  14.8        12.4  88.6   3.7 212.9            
      12 30  34.2  13.8  24.8  76.7  18.4         6.8  51.3   2.1  76.0            
      12 31  33.0   7.0  20.5  91.4  19.0  0.16   5.2  42.6   1.8 161.7            

      Total                                5.75                         49.21 38.15
        Max  98.6  62.0  76.7  91.4  59.1        50.3 429.2  17.9 758.0
        Min  11.9  -8.1   3.6  22.1  -0.7         5.2  33.4   1.4  38.6
        Ave  63.4  32.7  47.9  58.9  32.1        19.9 117.7   4.9 376.0
