                                                                    17-JAN-02
      Cellular-linked Weather Station near FT COLLINS (East), Colo       2001
      -----------------------------------------------------------------------------
               Temperature      Rel   Dew             Wind        Solar StandrdASCE
            ----------------- Humid Point  Prec -----------------   Rad   ETr   ETo
       Date   Max   Min   Ave   Ave   Ave Total   Max Total   Ave Total Alflf Grass
      MoDay     F     F     F     %     F  inch   mph miles   mph Langl  inch  inch
      ----- ----- ----- ----- ----- ----- ----- ----- ----- ----- ----- ----- -----
       1  1  25.8   3.4  15.2  91.4  14.3         8.5  49.3   2.1 111.4            
       1  2  38.2   6.2  19.3  80.6  15.0         7.4  73.4   3.1 239.2            
       1  3  49.5  10.0  28.0  68.8  18.4         9.0  71.1   3.0 230.8            
       1  4  61.5  18.0  35.0  63.5  22.4        19.9 103.2   4.3 222.8            
       1  5  59.3  20.9  37.2  61.7  23.6        15.7  90.1   3.8 238.6            
       1  6  53.4  25.4  39.1  52.0  21.9        20.9 127.1   5.3 211.8            
       1  7  43.8  17.2  30.6  61.0  17.5        13.6 105.2   4.4 242.8            
       1  8  51.9  11.4  26.5  60.5  12.0         8.6  73.3   3.1 250.5            
       1  9  45.3   8.8  24.6  57.3  10.2         8.3  79.9   3.3 245.8            
       1 10  55.9  15.1  33.6  48.5  14.8        13.0  92.5   3.9 231.4            
       1 11  48.5  19.6  31.2  58.1  16.6        11.8  89.2   3.7 250.2            
       1 12  50.2  12.7  32.0  51.4  13.7        14.9 103.4   4.3 241.6            
       1 13  44.9  24.6  36.7  44.7  17.1        33.8 323.7  13.5 122.0            
       1 14  41.5  16.0  26.0  53.7  10.4        13.1 109.9   4.6 169.3            
       1 15  36.4   9.9  23.7  57.8  10.1        10.6  88.3   3.7 246.2            
       1 16  22.3  15.8  19.8  92.0  17.9        11.7  95.6   4.0 139.1            
       1 17  23.0  -2.3  12.1  85.8   9.3  0.06  16.8  67.7   2.8 239.6            
       1 18  39.5  16.9  26.2  73.0  18.4        14.7 120.5   5.0 220.4            
       1 19  35.9  10.1  21.5  78.4  15.5        11.3  83.9   3.5 264.2            
       1 20  43.7  18.1  29.5  66.2  18.5        28.2 182.6   7.6 177.4            
       1 21  44.7  11.0  26.0  66.7  15.0         9.9  77.5   3.2 276.9            
       1 22  40.3  13.8  25.6  72.8  17.9        11.0  66.5   2.8  75.7            
       1 23  40.4  20.2  28.0  77.4  21.5        10.7  94.4   3.9 217.5            
       1 24  40.8  17.2  27.7  74.0  20.2        12.4  79.9   3.3 268.3            
       1 25  43.1  18.9  30.0  67.0  18.6        22.2 159.7   6.7 110.8            
       1 26  39.2  24.4  30.9  52.8  15.4        16.9 170.1   7.1 230.2            
       1 27  32.4  16.5  25.0  84.4  21.1        10.9  91.3   3.8 113.8            
       1 28  25.0  20.6  22.6  94.8  21.4  0.05  11.9  99.3   4.1  62.6            
       1 29  39.7  21.4  30.2  72.1  21.2  0.26  25.1 192.4   8.0 167.9            
       1 30  35.1  14.3  29.2  50.9  12.8        30.4 299.8  12.5 200.3            
       1 31  32.2  -0.2  14.4  68.3   5.8         9.1  85.8   3.6 306.5            
       2  1  34.6   7.3  18.8  71.5  11.5        11.0  95.5   4.0 281.7            
       2  2  42.3  11.7  27.8  72.4  20.1        10.6  81.5   3.4 265.9            
       2  3  46.1  26.5  36.4  67.6  26.3        20.6 173.6   7.2 183.5            
       2  4  40.2  20.5  30.3  72.2  22.1        12.3  99.8   4.2 299.8            
       2  5  57.7  22.0  36.2  69.6  25.4        25.8 169.2   7.0 284.2            
       2  6  39.9  23.9  30.3  87.8  27.0        11.5  86.5   3.6 205.5            
       2  7  29.7  13.9  23.1  91.2  21.5        16.0 184.5   7.7  62.0            
       2  8  14.2   8.4  10.5  85.3   7.1        13.8 156.7   6.5 205.6            
       2  9  19.5  -8.8   5.0  76.2  -0.1  0.04   8.7  81.0   3.4 348.8            
       2 10  35.4  -4.0  15.1  74.2   9.8        12.7  96.0   4.0 345.7            
       2 11  46.8   9.7  26.1  70.6  16.6        22.8 156.0   6.5 320.9            
       2 12  43.9  16.4  29.5  70.5  20.9        11.8 105.9   4.4 347.5            
       2 13  46.9  17.3  29.8  75.4  22.5        21.5 132.6   5.5 352.0            
       2 14  18.1   8.2  12.4  86.8   9.4        12.4 102.1   4.3 272.6            
       2 15  37.6   4.1  20.4  79.0  15.7         9.2  62.3   2.6 365.7            
       2 16  24.4  17.3  21.1  93.1  19.5        15.6  97.8   4.1  66.3            
       2 17  36.3  21.6  25.9  90.2  23.4         9.1  57.0   2.4 239.5            
       2 18  45.0  22.0  32.4  77.1  25.7        10.3  65.6   2.7 130.0            
       2 19  50.0  26.2  35.7  74.3  27.9        11.6  99.7   4.2 231.8            
       2 20  43.7  22.8  30.4  91.5  28.3        16.7 138.3   5.8 238.6            
       2 21  44.7  26.1  31.7  91.5  29.5        11.3  93.2   3.9 254.4            
       2 22  50.5  22.8  36.7  70.8  27.2        15.8 130.4   5.4 291.4            
       2 23  38.9  28.1  33.3  93.7  31.8        12.5 133.6   5.6  83.0            
       2 24  41.9  25.2  33.6  80.8  28.1        21.7 164.8   6.9 208.2            
       2 25  51.3  19.1  34.3  60.9  20.1        14.9 112.4   4.7 400.2            
       2 26  33.2  21.6  27.0  83.4  22.6        16.8 157.1   6.5 225.0            
       2 27  22.3  15.2  18.7  89.5  16.3        14.4 145.7   6.1 202.0            
       2 28  38.7  14.5  24.3  79.7  19.0  0.01   9.2  68.9   2.9 330.2            
       3  1  56.5  20.6  36.3  56.7  18.8        23.9 153.2   6.4 387.1  0.16  0.11
       3  2  50.6  18.5  33.3  61.5  19.6        12.5  87.1   3.6 433.8  0.10  0.08
       3  3  51.4  18.7  34.8  57.4  19.3        16.1  98.3   4.1 406.2  0.11  0.08
       3  4  51.3  19.0  34.5  61.0  21.0        13.1  98.0   4.1 441.0  0.11  0.08
       3  5  59.5  20.6  40.4  53.9  22.7        11.6  89.1   3.7 348.3  0.12  0.09
       3  6  59.9  33.3  46.8  46.8  26.1        18.0 100.4   4.2 282.5  0.13  0.09
       3  7  58.0  28.2  43.7  63.1  31.1        16.5 124.0   5.2 410.6  0.13  0.09
       3  8  59.2  26.4  42.4  61.0  28.1        13.8 109.8   4.6 450.6  0.14  0.10
       3  9  63.7  24.9  44.8  52.5  25.2        18.3 101.7   4.2 408.4  0.15  0.11
       3 10  41.1  28.0  33.7  88.3  30.4  0.05  19.5 160.6   6.7  82.5  0.04  0.03
       3 11  28.4  22.6  25.5  96.4  24.6  0.07  14.5 154.8   6.5 245.7  0.03  0.03
       3 12  52.7  20.8  35.5  67.3  23.7  0.01  23.3 149.6   6.2 447.2  0.13  0.09
       3 13  56.9  25.8  40.0  62.9  26.8        16.1 112.0   4.7 439.7  0.13  0.10
       3 14  51.5  26.1  36.7  54.6  19.9        40.7 288.9  12.0 252.1  0.18  0.11
       3 15  44.3  22.4  33.0  54.8  16.8        36.7 312.8  13.0 370.5  0.14  0.10
       3 16  45.0  13.9  29.6  70.1  20.0  0.01  17.0 136.2   5.7 364.5  0.09  0.07
       3 17  34.3  25.4  30.0  89.7  27.5  0.03  13.9 155.3   6.5 138.5  0.03  0.03
       3 18  50.8  22.5  33.8  73.9  24.9        27.0 140.9   5.9 341.0  0.11  0.08
       3 19  63.4  18.7  41.0  54.8  22.1        12.4  78.0   3.3 499.4  0.15  0.11
       3 20  68.6  29.4  49.2  53.0  30.8        18.1 114.5   4.8 289.0  0.17  0.12
       3 21  62.9  36.0  49.3  67.9  38.1        13.6 107.9   4.5 310.3  0.12  0.09
       3 22  65.8  32.1  49.2  63.0  33.9        21.0 131.7   5.5 485.1  0.18  0.13
       3 23  63.4  29.8  43.2  64.2  29.8        28.2 196.9   8.2 466.2  0.21  0.14
       3 24  33.3  28.6  30.8  93.5  29.1        11.9 169.6   7.1 106.3  0.03  0.02
       3 25  34.9  28.7  30.9  93.0  29.1        11.1 119.6   5.0 104.6  0.03  0.03
       3 26  39.8  28.5  33.4  92.9  31.6  0.16  10.4  71.9   3.0 192.4  0.04  0.04
       3 27  56.7  29.2  39.2  75.5  30.8        28.5 113.4   4.7 358.6  0.12  0.09
       3 28  51.4  22.5  38.5  69.1  28.4        18.4 101.2   4.2 342.0  0.10  0.08
       3 29  46.1  28.5  37.6  83.3  33.0  0.04  13.1  96.7   4.0 186.7  0.06  0.05
       3 30  58.2  26.8  40.0  68.3  27.6        34.0 217.1   9.0 491.4  0.19  0.13
       3 31  48.2  25.0  35.3  76.5  27.6  0.10  13.0 101.2   4.2 536.8  0.11  0.09
       4  1  70.2  25.5  49.8  52.3  27.6        29.4 202.3   8.4 493.9  0.26  0.18
       4  2  71.7  39.4  53.3  50.5  33.6        23.1 200.5   8.4 465.3  0.27  0.19
       4  3  71.2  36.6  51.8  67.8  40.2        24.9 195.7   8.2 449.0  0.22  0.16
       4  4  60.8  42.7  49.5  81.6  43.6        19.1 142.3   5.9 370.9  0.13  0.10
       4  5  58.3  43.0  50.3  79.9  44.0        12.4  86.6   3.6 249.3  0.09  0.07
       4  6  57.0  41.0  48.0  76.7  40.8        29.6 154.9   6.5 198.9  0.10  0.08
       4  7  64.5  36.9  52.9  32.6  23.4        24.4 198.7   8.3 513.4  0.26  0.18
       4  8  60.9  36.8  47.3  55.3  30.3        29.5 168.4   7.0 438.7  0.19  0.14
       4  9  62.8  28.6  46.4  49.9  27.1        37.5 268.0  11.2 527.1  0.24  0.17
       4 10  41.6  32.2  37.8  81.8  32.6  0.17  18.0 180.7   7.5 118.3  0.05  0.04
       4 11  44.4  32.2  37.2  77.7  30.5  0.59  41.2 429.4  17.9 346.9  0.11  0.08
       4 12  48.9  32.1  38.9  73.3  30.9        16.5 131.4   5.5 409.5  0.11  0.09
       4 13  56.3  30.8  43.4  56.2  26.8        19.3 158.2   6.6 606.8  0.18  0.14
       4 14  60.3  28.6  44.5  59.0  29.1        28.5 154.9   6.5 504.1  0.18  0.14
       4 15  58.5  27.8  44.0  57.1  28.7        25.3 185.0   7.7 607.9  0.19  0.15
       4 16  42.4  30.6  36.8  68.9  27.5        25.8 175.8   7.3 264.0  0.09  0.07
       4 17  61.2  34.5  46.0  65.0  34.2        13.0 104.2   4.3 609.8  0.17  0.14
       4 18  79.2  31.8  55.9  51.1  33.2        22.0 133.7   5.6 526.8  0.28  0.20
       4 19  76.1  44.1  60.7  30.0  25.4        36.1 209.8   8.7 589.9  0.36  0.25
       4 20  57.3  32.3  47.6  60.1  34.4        20.4 173.6   7.2 263.7  0.13  0.10
       4 21  51.6  29.4  40.0  83.6  35.1  0.77  22.2 183.5   7.6 236.3  0.09  0.07
       4 22  37.6  29.5  32.8  90.5  30.2  0.32  33.7 351.8  14.7 154.2  0.05  0.04
       4 23  54.2  29.0  41.7  68.0  31.6        17.8 149.9   6.2 614.0  0.15  0.12
       4 24  65.6  33.3  50.3  61.8  36.0        14.2 105.3   4.4 650.5  0.19  0.16
       4 25  70.2  35.1  53.3  63.2  39.0        11.3  73.7   3.1 665.7  0.20  0.17
       4 26  75.2  39.4  58.1  53.7  38.5        12.6  79.9   3.3 671.5  0.23  0.19
       4 27  79.0  40.7  59.4  56.4  41.6        19.0 108.0   4.5 649.1  0.26  0.20
       4 28  75.2  41.2  59.9  58.2  43.4        17.5 116.7   4.9 582.9  0.23  0.18
       4 29  77.5  41.2  60.6  51.0  39.5        35.8 163.4   6.8 560.5  0.28  0.21
       4 30  73.3  42.1  59.4  47.1  37.4        17.6 121.1   5.0 561.8  0.24  0.18
       5  1  82.0  45.5  64.1  40.8  37.6        29.2 167.0   7.0 480.2  0.32  0.23
       5  2  46.6  32.0  34.6  92.8  32.5  0.85  30.9 202.0   8.4 127.1  0.08  0.05
       5  3  37.6  32.1  34.6  96.8  33.7  0.53  11.5 130.5   5.4 160.4  0.03  0.03
       5  4  42.2  34.1  39.2  94.9  37.9  0.39  13.7 168.8   7.0  88.2  0.02  0.02
       5  5  52.6  39.7  45.0  87.5  41.5  0.39  32.7 280.0  11.7 182.3  0.08  0.06
       5  6  59.2  41.7  50.3  68.4  40.1        23.2 204.3   8.5 545.4  0.18  0.14
       5  7  63.0  37.2  50.1  64.4  37.5        13.9 103.8   4.3 683.5  0.19  0.16
       5  8  73.8  36.7  56.8  56.8  39.0        13.6 104.8   4.4 698.2  0.24  0.20
       5  9  76.2  39.2  57.6  57.1  40.4        26.8 114.2   4.8 383.0  0.21  0.16
       5 10  79.3  44.2  59.4  64.3  45.9        14.6 110.0   4.6 432.1  0.22  0.17
       5 11  68.0  47.5  56.3  72.6  47.2        23.3 143.5   6.0 580.0  0.20  0.16
       5 12  81.1  41.2  61.6  59.0  44.2        10.6  82.2   3.4 655.7  0.25  0.20
       5 13  84.5  43.4  65.1  50.2  43.3        15.0  95.3   4.0 631.7  0.27  0.22
       5 14  80.8  49.2  64.8  56.1  47.9  0.01  24.2 129.1   5.4 497.9  0.25  0.19
       5 15  81.1  47.4  65.1  54.8  46.0        19.1 113.4   4.7 472.0  0.24  0.19
       5 16  75.2  53.7  64.0  52.1  45.4        29.5 164.3   6.8 312.7  0.23  0.17
       5 17  61.2  43.9  52.9  82.7  47.7  0.15  25.5 150.4   6.3 174.3  0.09  0.07
       5 18  77.3  40.7  56.7  73.7  46.7        27.0 107.7   4.5 442.0  0.20  0.16
       5 19  66.8  48.7  57.9  76.6  50.4  0.03  14.5 124.2   5.2 357.0  0.14  0.11
       5 20  68.4  32.0  48.9  71.7  39.5  0.06  48.3 254.9  10.6 410.0  0.22  0.16
       5 21  58.8  30.1  46.2  44.8  23.8        31.4 245.8  10.2 580.7  0.24  0.17
       5 22  73.9  36.5  56.8  44.1  31.6        32.1 242.6  10.1 631.3  0.34  0.24
       5 23  79.4  38.7  60.8  45.3  35.2        37.3 261.1  10.9 646.7  0.39  0.27
       5 24  75.9  37.9  59.2  42.4  32.5        31.6 250.2  10.4 657.6  0.36  0.26
       5 25  72.3  33.3  54.3  61.9  40.3        15.4  82.2   3.4 567.4  0.19  0.16
       5 26  75.9  42.4  59.5  64.0  45.9        19.3 112.3   4.7 402.9  0.20  0.15
       5 27  74.2  49.9  60.2  76.3  52.1  0.01  16.4 128.7   5.4 392.6  0.18  0.14
       5 28  73.3  45.4  59.3  79.9  52.6  0.01  18.5 113.2   4.7 319.5  0.14  0.12
       5 29  76.6  50.0  61.5  72.1  51.2  0.26  22.4  97.8   4.1 357.2  0.17  0.14
       5 30  65.7  49.9  57.1  80.4  50.8  0.09  21.3 157.9   6.6 291.9  0.13  0.10
       5 31  74.8  43.9  59.5  72.6  49.3        19.2  86.0   3.6 455.5  0.18  0.15
       6  1  84.2  47.2  65.8  52.1  44.1        21.8 119.5   5.0 565.3  0.29  0.22
       6  2  85.8  45.9  65.3  55.0  46.8        27.6 106.7   4.4 497.8  0.27  0.20
       6  3  63.5  52.0  56.6  89.1  53.4  0.04  20.0 179.5   7.5 127.4  0.08  0.06
       6  4  61.3  46.1  52.8  92.9  50.7  0.07  17.0 183.0   7.6 238.8  0.09  0.07
       6  5  73.5  41.1  57.8  69.5  46.1        17.0 121.6   5.1 585.5  0.22  0.18
       6  6  82.1  50.5  65.6  61.5  48.3        18.3 134.6   5.6 613.7  0.29  0.23
       6  7  81.1  56.7  68.0  68.7  56.2        27.0 148.1   6.2 541.6  0.25  0.20
       6  8  84.3  51.2  69.1  61.2  53.2        19.2 131.5   5.5 634.2  0.28  0.23
       6  9  88.5  53.3  69.3  56.5  50.4        19.6 118.6   4.9 450.3  0.28  0.21
       6 10  91.7  51.3  73.8  40.5  43.5        18.6 115.8   4.8 604.6  0.34  0.26
       6 11  94.6  50.3  73.2  42.8  45.0        25.5 157.9   6.6 619.8  0.41  0.30
       6 12  84.6  60.0  70.3  58.1  52.8        31.7 152.5   6.4 465.0  0.29  0.22
       6 13  62.9  43.9  52.5  62.7  38.4  0.37  28.6 191.9   8.0 268.4  0.18  0.13
       6 14  66.9  39.9  54.6  54.3  35.8        30.5 174.9   7.3 626.3  0.25  0.19
       6 15  81.8  40.2  63.5  42.7  35.8        23.0 140.1   5.8 681.3  0.33  0.25
       6 16  78.1  45.8  63.1  59.2  47.9        14.7 109.2   4.5 611.5  0.24  0.20
       6 17  89.6  49.3  71.2  45.9  44.0        19.5 134.9   5.6 697.1  0.36  0.28
       6 18  88.9  49.1  70.4  37.9  40.8        24.0 152.9   6.4 626.7  0.38  0.28
       6 19  69.3  53.5  59.6  57.8  44.4        15.9 155.8   6.5 374.9  0.21  0.16
       6 20  75.5  51.2  60.6  68.3  49.7        18.2 105.5   4.4 504.4  0.21  0.17
       6 21  76.9  49.6  63.1  67.1  51.0        13.5  74.3   3.1 614.0  0.21  0.19
       6 22  85.7  48.8  67.6  52.1  47.1        26.0  97.0   4.0 555.9  0.27  0.21
       6 23  92.0  48.0  71.3  47.1  46.5        19.4 104.6   4.4 680.8  0.33  0.26
       6 24  91.6  52.1  72.3  48.2  49.8        23.1 108.8   4.5 625.0  0.32  0.25
       6 25  91.1  56.7  72.4  52.5  52.4        19.1  74.7   3.1 559.9  0.27  0.22
       6 26  86.7  55.3  71.4  56.6  54.1        18.6  93.9   3.9 586.6  0.26  0.22
       6 27  86.2  56.2  71.0  56.8  53.2        11.4  52.3   2.2 542.4  0.22  0.19
       6 28  90.0  53.3  73.4  48.5  50.5        13.4  77.4   3.2 718.0  0.30  0.25
       6 29  92.4  54.9  75.6  46.5  51.6        20.2  99.5   4.1 709.0  0.33  0.27
       6 30  92.8  55.0  74.2  53.7  55.1  0.01  22.7 101.9   4.2 610.8  0.30  0.24
       7  1  92.7  55.4  73.6  58.0  56.2        20.5  93.5   3.9 711.0  0.32  0.26
       7  2  92.8  54.3  73.9  53.8  53.2        41.3 110.5   4.6 473.0  0.29  0.22
       7  3  82.8  52.0  69.8  64.4  56.9        22.6 112.6   4.7 512.3  0.22  0.18
       7  4  86.2  54.5  72.5  59.9  56.3  0.01  27.6  92.4   3.9 547.5  0.24  0.20
       7  5  86.6  57.1  74.2  59.6  58.2        18.3  87.2   3.6 500.3  0.23  0.19
       7  6  92.4  58.8  75.8  54.7  57.0  0.08  21.3 104.4   4.3 633.6  0.31  0.25
       7  7  88.3  60.5  74.5  63.2  60.0        18.0 101.4   4.2 616.0  0.27  0.23
       7  8  85.9  63.0  73.5  66.4  61.3  0.04  31.6 132.6   5.5 506.0  0.25  0.20
       7  9  83.5  56.5  70.8  69.5  60.2        14.7  96.1   4.0 625.3  0.24  0.21
       7 10  80.4  59.8  69.3  71.9  59.5  0.02  20.7 119.8   5.0 635.5  0.25  0.21
       7 11  83.6  57.8  69.4  71.3  59.0  0.08  27.2 101.3   4.2 579.1  0.24  0.20
       7 12  83.1  56.1  65.8  81.4  59.3  0.56  32.1  80.6   3.4 372.9  0.18  0.14
       7 13  79.5  55.3  67.0  78.4  59.6  0.02  24.8  91.4   3.8 476.5  0.18  0.16
       7 14  78.7  54.8  67.1  75.2  58.6        11.8  60.3   2.5 522.9  0.18  0.17
       7 15  79.8  56.3  69.0  68.7  57.4        15.3  81.0   3.4 660.2  0.23  0.21
       7 16  87.1  54.0  71.6  51.5  51.0        11.6  72.9   3.0 739.0  0.28  0.24
       7 17  85.7  49.7  68.9  53.7  50.2        17.0  78.5   3.3 531.7  0.24  0.19
       7 18  85.6  49.5  70.8  54.5  52.1        15.3  91.5   3.8 713.0  0.28  0.23
       7 19  87.3  52.7  71.5  55.5  53.1        15.9  95.7   4.0 622.3  0.27  0.22
       7 20  89.3  53.1  72.1  58.5  55.1        15.4  76.9   3.2 682.9  0.27  0.23
       7 21  90.7  56.6  74.8  51.9  54.0        13.2  69.7   2.9 540.4  0.25  0.20
       7 22  91.9  55.8  74.9  52.5  54.1        11.5  65.8   2.7 655.4  0.27  0.23
       7 23  79.6  56.1  67.4  76.9  60.3        20.1 116.9   4.9 386.5  0.17  0.14
       7 24  81.1  52.9  67.4  73.5  58.1        24.2  93.9   3.9 495.5  0.20  0.17
       7 25  84.4  52.0  69.0  66.1  56.4        18.2  79.3   3.3 576.2  0.22  0.19
       7 26  77.6  54.9  65.3  74.6  56.8  0.01  21.3  80.9   3.4 368.9  0.16  0.13
       7 27  83.8  50.8  69.7  63.5  55.4        14.8  85.9   3.6 635.2  0.24  0.21
       7 28  86.5  53.3  70.8  60.5  54.4        13.7  81.2   3.4 682.6  0.26  0.23
       7 29  91.9  50.5  70.6  60.0  54.1        11.4  71.0   3.0 548.3  0.25  0.20
       7 30  90.1  48.7  72.8  52.8  53.1        17.7  98.3   4.1 649.2  0.28  0.23
       7 31  85.4  59.3  71.5  64.6  58.0  0.42  38.2  94.7   3.9 494.9  0.23  0.19
       8  1  81.3  56.8  67.7  70.8  57.0        16.5  77.9   3.2 270.6  0.15  0.12
       8  2  84.8  57.2  70.0  74.9  60.9        16.4  68.6   2.9 606.7  0.22  0.20
       8  3  88.2  54.8  71.9  67.9  59.4        13.7  93.4   3.9 667.0  0.26  0.23
       8  4  92.5  55.8  74.1  62.8  58.7        11.5  58.8   2.5 475.3  0.21  0.18
       8  5  94.6  61.8  77.0  53.3  56.3        17.0  97.2   4.0 615.7  0.31  0.25
       8  6  91.8  59.3  74.8  61.0  58.8  0.01  22.2 113.4   4.7 603.6  0.30  0.24
       8  7  90.1  57.2  73.0  63.5  58.1        18.9 106.7   4.4 641.2  0.29  0.23
       8  8  89.9  56.3  71.0  59.6  55.4  0.02  27.7 122.8   5.1 441.0  0.27  0.20
       8  9  69.6  58.9  62.8  73.9  54.2  0.01  20.2 112.8   4.7 221.4  0.13  0.10
       8 10  76.2  51.1  62.6  73.9  54.1  0.05  10.4  77.7   3.2 425.6  0.16  0.14
       8 11  82.1  50.0  64.9  69.3  52.9        14.6  75.8   3.2 491.9  0.20  0.17
       8 12  86.0  50.5  67.8  64.7  54.3  0.04  13.9  82.2   3.4 527.8  0.22  0.18
       8 13  81.3  50.9  67.2  70.0  56.6        14.5  74.3   3.1 569.0  0.20  0.18
       8 14  80.1  61.8  68.5  65.4  55.8  0.02  21.6 120.1   5.0 303.6  0.20  0.15
       8 15  80.2  57.1  68.5  54.8  50.9  0.17  31.8 141.8   5.9 461.8  0.25  0.19
       8 16  77.4  51.4  62.3  69.9  51.5  0.02  17.4  75.7   3.2 385.7  0.17  0.14
       8 17  82.2  48.2  64.5  60.2  47.6        20.4 125.3   5.2 639.4  0.28  0.22
       8 18  87.4  46.9  66.7  52.9  46.6        14.7  89.1   3.7 620.6  0.27  0.21
       8 19  88.2  46.9  66.7  58.2  49.9  0.03  35.8  98.3   4.1 387.0  0.23  0.17
       8 20  88.0  53.5  67.9  61.6  52.8        26.5  76.0   3.2 389.8  0.21  0.16
       8 21  84.0  53.8  66.5  66.9  53.7        11.3  62.7   2.6 462.7  0.19  0.16
       8 22  85.2  52.2  69.0  55.8  51.3  0.01  18.2  99.0   4.1 473.1  0.23  0.18
       8 23  80.5  54.9  66.3  68.5  54.9        15.2  83.4   3.5 492.3  0.20  0.16
       8 24  89.6  46.9  68.5  55.8  48.0        29.1  77.5   3.2 524.9  0.24  0.19
       8 25  80.6  53.4  68.4  55.9  51.0        20.4 134.2   5.6 523.9  0.24  0.19
       8 26  88.2  44.8  65.9  58.8  48.8        12.6  77.6   3.2 596.3  0.25  0.20
       8 27  88.2  49.5  69.1  51.4  48.6        28.5  91.2   3.8 579.4  0.26  0.20
       8 28  86.4  49.1  67.3  52.1  47.5        24.6  93.9   3.9 458.4  0.24  0.18
       8 29  87.4  47.0  64.9  58.5  48.6        20.8  86.8   3.6 402.8  0.22  0.17
       8 30  72.2  45.4  60.6  68.1  49.7        16.4  76.7   3.2 411.6  0.14  0.12
       8 31  78.4  46.8  62.8  67.5  51.1        19.7  80.4   3.4 418.4  0.17  0.14
       9  1  84.4  45.6  64.4  60.3  48.6        25.1  95.6   4.0 375.6  0.21  0.16
       9  2  89.2  49.6  68.0  47.4  44.8        26.6 116.1   4.8 433.1  0.28  0.20
       9  3  86.8  50.4  68.1  50.4  48.1        11.0  78.0   3.3 543.9  0.23  0.18
       9  4  84.1  47.4  67.5  51.7  48.0        12.6  93.0   3.9 553.5  0.23  0.18
       9  5  84.1  45.3  63.5  62.3  49.4  0.03  32.5  96.6   4.0 484.9  0.22  0.17
       9  6  84.2  50.6  64.0  59.7  48.5  0.01  30.0 139.1   5.8 447.6  0.27  0.19
       9  7  67.8  42.5  55.4  51.2  37.0  0.18  33.9 183.2   7.6 491.9  0.23  0.16
       9  8  53.8  34.0  44.0  75.9  36.6  0.21  19.7 117.3   4.9 226.4  0.09  0.07
       9  9  68.3  28.8  47.9  67.5  36.4        12.5  70.9   3.0 558.9  0.16  0.13
       9 10  79.3  33.9  56.4  59.6  40.0        11.3  74.9   3.1 559.3  0.20  0.16
       9 11  85.3  42.0  61.7  46.1  38.5        15.7  80.7   3.4 488.0  0.23  0.17
       9 12  79.4  41.6  61.1  50.8  42.5        15.6 102.8   4.3 508.7  0.22  0.17
       9 13  80.0  43.7  61.3  63.8  47.9  0.03  20.1 103.0   4.3 349.9  0.18  0.14
       9 14  76.8  47.0  59.6  77.4  51.7  0.04  21.3  98.6   4.1 429.8  0.17  0.13
       9 15  61.5  48.5  55.4  87.6  51.8  0.03  15.6  87.7   3.7 226.7  0.07  0.06
       9 16  75.6  49.4  59.9  72.0  50.1        20.9  70.8   3.0 336.4  0.14  0.11
       9 17  62.3  45.0  53.2  84.5  48.7  0.03  15.6  70.9   3.0 150.7  0.07  0.06
       9 18  69.3  42.5  55.0  79.9  48.4  0.01  12.3  56.9   2.4 390.9  0.11  0.10
       9 19  83.0  38.5  58.8  60.5  41.8        23.5  91.6   3.8 494.1  0.22  0.17
       9 20  77.7  46.4  60.8  54.7  43.0        12.6 102.8   4.3 484.5  0.21  0.16
       9 21  84.1  41.4  61.1  56.8  42.6        11.8  74.1   3.1 424.1  0.20  0.15
       9 22  81.6  43.6  61.9  43.0  36.2        20.1 137.1   5.7 438.4  0.27  0.19
       9 23  69.0  38.4  53.1  59.5  38.4        12.0  78.8   3.3 477.3  0.15  0.12
       9 24  77.8  33.9  55.5  63.0  41.6        12.1  80.4   3.4 473.1  0.18  0.14
       9 25  83.3  39.7  60.7  54.5  41.3        13.2  86.1   3.6 466.4  0.21  0.15
       9 26  90.1  39.7  63.3  46.8  38.1        16.1  72.6   3.0 398.7  0.22  0.16
       9 27  90.1  49.1  68.3  34.9  36.5        11.8  78.2   3.3 463.0  0.24  0.17
       9 28  80.3  43.1  61.7  58.3  45.5        16.9  73.7   3.1 431.0  0.17  0.13
       9 29  80.4  48.8  61.2  60.8  45.9        22.0  89.8   3.7 279.8  0.17  0.12
       9 30  72.5  41.4  56.9  65.6  44.8        15.0  73.4   3.1 393.5  0.13  0.11
      10  1  80.1  44.1  60.5  55.3  42.2        11.2  80.6   3.4 428.3  0.18  0.14
      10  2  80.6  43.5  63.9  36.9  34.0        21.9 141.8   5.9 422.4  0.26  0.18
      10  3  79.2  35.4  55.3  47.5  33.6        17.5  86.1   3.6 417.9  0.20  0.14
      10  4  48.8  31.9  43.6  73.0  35.5  0.07  20.5 144.9   6.0  70.8  0.05  0.04
      10  5  42.9  27.7  35.4  78.2  29.1  0.03  12.4  86.8   3.6 180.7  0.05  0.04
      10  6  67.1  23.9  43.4  63.1  29.9        12.3  75.3   3.1 412.5  0.14  0.10
      10  7  71.1  36.2  50.6  62.0  37.6         9.1  62.8   2.6 166.1  0.11  0.08
      10  8  76.3  34.7  56.9  52.4  37.2        21.9  97.0   4.0 366.9  0.17  0.12
      10  9  63.6  39.1  48.7  66.3  37.7  0.13  30.6 179.4   7.5 232.4  0.15  0.10
      10 10  53.7  29.0  43.0  52.3  26.0        22.6 137.7   5.7 387.9  0.12  0.09
      10 11  52.4  21.5  40.0  59.8  26.6        40.2  94.2   3.9 187.5  0.08  0.06
      10 12  52.3  37.5  44.3  41.3  21.8        30.7 253.3  10.6 378.5  0.19  0.13
      10 13  63.0  35.9  49.7  47.6  30.1  0.01  31.3 256.5  10.7 214.5  0.21  0.13
      10 14  56.1  28.9  43.6  66.5  32.7        28.9  94.4   3.9 255.3  0.09  0.07
      10 15  49.6  25.4  36.6  68.7  27.1  0.04  31.1 147.5   6.1 383.5  0.10  0.07
      10 16  65.7  20.4  40.4  60.0  25.6        10.2  80.9   3.4 348.3  0.13  0.09
      10 17  72.5  30.3  50.9  45.8  29.3        12.8  85.3   3.6 277.6  0.15  0.10
      10 18  54.4  29.5  44.0  55.4  28.5        16.3 119.9   5.0 332.5  0.11  0.08
      10 19  67.6  24.2  45.0  54.6  26.8        14.6  87.8   3.7 338.3  0.14  0.10
      10 20  53.0  30.4  40.3  62.1  28.3        13.1  69.6   2.9 151.8  0.07  0.05
      10 21  55.4  29.1  44.8  62.7  32.6        25.9  95.4   4.0 226.2  0.08  0.06
      10 22  67.4  34.3  49.7  53.0  31.5        25.4 116.6   4.9 216.6  0.15  0.10
      10 23  68.5  30.3  48.5  47.7  28.1        38.8 250.9  10.5 305.2  0.25  0.16
      10 24  50.8  35.8  42.0  28.4  11.0        31.9 285.4  11.9 354.8  0.22  0.14
      10 25  54.9  21.9  37.2  38.6  13.2        18.0  96.5   4.0 310.5  0.12  0.08
      10 26  55.6  16.6  36.8  43.7  15.7        16.1  84.2   3.5 335.9  0.11  0.07
      10 27  70.1  22.8  43.9  43.3  21.2        10.0  50.0   2.1 289.0  0.11  0.08
      10 28  72.3  36.8  50.6  49.2  32.0        15.6  62.4   2.6 172.7  0.12  0.08
      10 29  54.1  29.0  41.3  63.3  29.7         8.8  48.1   2.0 235.3  0.06  0.05
      10 30  58.3  32.2  43.2  67.3  33.0        10.4  27.6   1.1  83.9  0.05  0.04
      10 31  69.1  35.0  55.5  39.4  30.3        35.7 191.2   8.0 225.8  0.20  0.13
      11  1  62.6  36.4  47.5  45.2  26.6        19.6  88.6   3.7 297.1            
      11  2  60.6  27.6  42.7  51.5  25.2        14.8  62.3   2.6 299.2            
      11  3  65.5  29.2  45.4  49.6  26.4        16.1  61.5   2.6 277.2            
      11  4  65.4  26.1  42.5  52.7  25.2         9.2  93.0   3.9 305.8            
      11  5  73.2  28.5  48.5  45.4  26.4        13.0  88.9   3.7 281.6            
      11  6  68.9  36.0  51.3  51.2  32.8        14.2  80.5   3.4 284.1            
      11  7  68.0  31.3  43.4  66.9  32.0  0.09  30.8 174.0   7.3 202.7            
      11  8  45.8  23.7  33.4  83.4  28.8  0.09  12.1  75.9   3.2 250.1            
      11  9  60.2  17.3  36.5  60.0  22.8         7.6  73.6   3.1 301.8            
      11 10  59.8  23.6  38.3  51.1  20.2         9.9  97.5   4.1 294.6            
      11 11  63.6  24.1  38.5  62.8  26.2         9.1  72.0   3.0 200.0            
      11 12  63.0  27.8  43.8  62.2  30.7        10.4  81.5   3.4 268.0            
      11 13  65.1  31.8  43.1  62.5  29.7         7.2  67.9   2.8 229.2            
      11 14  63.5  31.6  44.7  54.5  28.0        15.1 107.0   4.5 262.4            
      11 15  60.2  26.9  41.5  61.2  28.3         9.1  90.4   3.8 261.3            
      11 16  58.6  24.0  39.7  67.9  29.6        10.1  81.1   3.4 258.0            
      11 17  60.7  23.6  39.1  68.8  29.1         9.1  68.8   2.9 254.3            
      11 18  48.9  25.0  33.1  71.9  25.2  0.11  27.0 198.4   8.3  78.9            
      11 19  45.0  14.2  27.8  82.2  23.6         8.5  63.1   2.6 201.7            
      11 20  62.7  13.3  32.6  54.8  16.7        12.8  74.7   3.1 265.5            
      11 21  56.4  16.7  33.6  48.3  15.9         9.0  72.2   3.0 172.3            
      11 22  53.1  25.0  38.4  57.0  24.0         9.9  64.9   2.7 150.6            
      11 23  43.3  35.7  39.6  64.3  28.5  0.01  28.8 269.3  11.2  75.8            
      11 24  47.8  21.9  35.9  48.7  17.1        28.2 170.6   7.1 245.4            
      11 25  32.1  21.0  26.9  80.2  21.8        13.9 123.1   5.1  61.6            
      11 26  32.0  14.4  23.4  77.1  17.3  0.03  31.2 234.6   9.8 129.0            
      11 27  24.7   6.6  15.2  72.3   7.6  0.01  12.5  85.0   3.5 204.7            
      11 28  25.3  -3.0   9.1  72.9   3.0         9.7  65.8   2.7 210.2            
      11 29  37.3   4.0  21.1  73.2  14.4        11.3  45.8   1.9 167.4            
      11 30  43.5  21.7  31.4  57.4  16.9        26.4 106.5   4.4 188.5            
      12  1  40.9  14.3  28.7  61.4  17.1        11.7  73.7   3.1 209.4            
      12  2  54.5  27.4  39.1  56.2  24.1        14.0 101.7   4.2 231.6            
      12  3  63.0  19.3  39.0  51.8  19.0        27.3 126.9   5.3 216.2            
      12  4  45.3  20.2  31.4  62.0  19.9        27.4 102.2   4.3 164.9            
      12  5  46.2  27.6  37.8  30.6   9.1        27.8 207.7   8.7 224.8            
      12  6  57.7  28.0  43.6  36.3  17.6        28.1 165.4   6.9 224.4            
      12  7  42.7  13.0  32.0  44.8  12.7        31.3 202.2   8.4 178.2            
      12  8  44.3   7.7  22.6  53.5   7.4         9.8  73.3   3.1 218.6            
      12  9  53.2  12.9  28.3  54.6  13.4         7.4  59.9   2.5 143.9            
      12 10  39.3  13.6  24.7  62.7  13.7        11.7  73.3   3.1 172.9            
      12 11  46.5   8.3  25.5  58.7  10.7        26.5 103.3   4.3 212.2            
      12 12  30.6   5.5  18.8  73.4  12.2         7.2  44.9   1.9 119.3            
      12 13  33.5   2.3  17.5  66.0   8.9         8.9  62.8   2.6 164.8            
      12 14  44.9  11.9  25.8  64.0  15.3         9.7  62.7   2.6 141.1            
      12 15  46.4  14.7  29.5  59.8  16.8        22.3 146.2   6.1 132.6            
      12 16  33.6   6.7  20.7  76.0  15.0         8.7  63.5   2.6 212.2            
      12 17  54.8  11.3  30.5  59.2  17.8        11.5  59.4   2.5 206.3            
      12 18  44.3  14.6  27.5  63.4  16.3        12.6  80.4   3.4 175.4            
      12 19  48.0   7.8  25.8  59.7  12.9        10.9  79.1   3.3 210.6            
      12 20  42.8  12.1  25.3  61.8  14.1        12.4  80.1   3.3 193.8            
      12 21  51.3  10.6  30.0  56.6  15.4        27.6 146.2   6.1 176.5            
      12 22  40.8  14.2  27.7  55.9  13.2        21.5 132.7   5.5 174.3            
      12 23  44.8   4.6  21.8  61.5   9.9        17.0  65.9   2.7 211.6            
      12 24  42.1   4.9  23.5  46.8   4.0        21.3 135.6   5.7 204.4            
      12 25  48.1  11.1  30.1  35.2   4.7        27.8 137.9   5.7 191.0            
      12 26  49.5  13.1  29.8  41.9   8.4        10.0  70.5   2.9 211.2            
      12 27  45.4  10.3  25.3  47.4   7.4        11.2  67.4   2.8 211.9            
      12 28  50.0  10.9  30.2  54.6  15.5        34.8 214.1   8.9 142.7            
      12 29  32.9  13.1  22.5  67.0  13.2        10.3  63.3   2.6 140.6            
      12 30  22.6  17.0  20.1  70.7  12.1         8.8  73.0   3.0  73.9            
      12 31  35.8   4.0  19.5  68.2  11.0        15.9  76.5   3.2 212.8            

      Total                                8.82                         47.57 36.89
        Max  94.6  63.0  77.0  96.8  61.3        48.3 429.4  17.9 739.0
        Min  14.2  -8.8   5.0  28.4  -0.1         7.2  27.6   1.1  61.6
        Ave  63.0  33.4  47.6  63.3  33.9        18.8 117.4   4.9 369.0
