                                                                    07-JUN-00
      Cellular-linked Weather Station near FT COLLINS (East), Colo       1998
      -----------------------------------------------------------------------------
               Temperature      Rel   Dew             Wind        Solar StandrdASCE
            ----------------- Humid Point  Prec -----------------   Rad   ETr   ETo
       Date   Max   Min   Ave   Ave   Ave Total   Max Total   Ave Total Alflf Grass
      MoDay     F     F     F     %     F  inch   mph miles   mph Langl  inch  inch
      ----- ----- ----- ----- ----- ----- ----- ----- ----- ----- ----- ----- -----
       1  1  61.9  26.7  44.1  41.5  20.9        18.9 118.7   4.9 222.9            
       1  2  63.0  27.3  46.2  40.2  21.6        20.5 121.7   5.1 137.0            
       1  3  43.8  19.1  28.7  69.8  19.7        18.3 136.1   5.7 109.3            
       1  4  45.7  17.2  26.6  75.2  19.7         9.4  68.2   2.8 199.2            
       1  5  48.7  15.9  30.8  69.9  21.9        27.9 167.7   7.0 191.3            
       1  6  40.8   8.0  23.6  68.7  15.5  0.02  26.6 160.7   6.7 239.6            
       1  7  37.0   1.3  16.3  64.3   7.1         8.8  85.9   3.6 246.8            
       1  8  41.7   6.8  22.8  61.4  11.8        16.9  85.7   3.6 236.5            
       1  9  27.2   1.9  12.8  70.5   5.2        17.7 115.2   4.8 128.0            
       1 10  21.1   1.6  12.0  74.7   6.1         8.9  73.8   3.1  96.6            
       1 11  43.5  11.4  23.0  71.3  15.5        13.4  85.2   3.5 151.9            
       1 12  16.9   8.2  13.8  82.7   9.6        17.0 100.1   4.2  88.3            
       1 13  41.5  15.3  25.3  71.4  16.8        29.3 129.3   5.4  66.8            
       1 14  44.3  12.7  30.7  45.4  11.1        27.2 161.2   6.7 254.0            
       1 15  48.4  10.8  30.4  51.8  14.3        31.1 126.0   5.3 164.6            
       1 16  43.2  24.4  33.0  39.7  10.2        31.0 233.1   9.7 205.1            
       1 17  50.6  19.3  35.3  51.6  19.1        50.3 242.7  10.1  91.3            
       1 18  52.2  17.2  37.7  41.1  14.7        27.1 249.2  10.4 255.9            
       1 19  48.0  14.1  29.0  61.2  16.4        12.7  95.4   4.0 205.5            
       1 20  44.2  18.6  32.3  42.4  10.7        32.3 220.2   9.2 154.3            
       1 21  37.9   8.1  22.8  60.3  10.8        15.9  94.4   3.9 189.8            
       1 22  39.7   4.3  23.8  45.3   4.6        16.6  85.1   3.5 192.9            
       1 23  41.8  14.0  27.3  45.5   7.8        31.7 160.7   6.7 272.2            
       1 24  56.0  12.8  32.5  47.8  14.0        24.3 113.2   4.7 116.8            
       1 25  49.4  24.7  38.5  38.8  15.3        29.5 230.6   9.6 178.1            
       1 26  51.8   9.9  30.2  45.8  10.6        14.0  97.1   4.0 278.5            
       1 27  55.4  18.1  35.3  42.0  12.7        23.0 127.5   5.3 211.4            
       1 28  56.2  14.9  33.6  49.4  16.0        34.2 126.3   5.3 258.6            
       1 29  52.3  13.7  29.1  56.7  14.8        13.2 124.9   5.2 290.4            
       1 30  55.4  14.0  34.2  45.3  12.8        14.6 124.4   5.2 236.3            
       1 31  44.0  22.1  33.3  65.8  23.0        17.2  99.9   4.2 208.9            
       2  1  45.1  11.4  25.8  60.5  13.7        12.7  96.9   4.0 236.7            
       2  2  48.2  16.7  28.4  53.4  12.7        12.1 102.5   4.3 187.0            
       2  3  42.1  14.9  27.2  69.0  18.6        11.0  80.5   3.4 227.2            
       2  4  32.4  18.1  27.0  84.8  23.2        11.2 102.0   4.3  49.6            
       2  5  38.9  25.3  31.1  80.3  25.8        10.0  80.0   3.3 101.1            
       2  6  45.3  18.2  28.4  76.8  22.2        14.2  88.5   3.7 221.6            
       2  7  44.3  14.0  29.4  68.1  20.2        11.4  68.2   2.8 151.0            
       2  8  51.6  13.9  33.2  57.6  18.8        12.6  81.0   3.4 216.7            
       2  9  49.1  27.7  38.1  52.2  21.8        24.8 222.9   9.3 143.2            
       2 10  46.4  11.8  33.6  37.6   9.3        25.1 234.5   9.8 289.2            
       2 11  47.2   7.4  25.6  49.0   6.7        19.3 113.2   4.7 329.3            
       2 12  45.8   9.5  25.9  47.8   7.6        16.7 119.8   5.0 330.5            
       2 13  52.5  12.6  32.0  45.6  11.8        18.0 125.7   5.2 320.5            
       2 14  51.8  19.0  36.5  50.4  18.9        20.5 113.2   4.7 316.5            
       2 15  41.4  19.5  30.7  75.0  23.9        12.0  88.5   3.7 186.9            
       2 16  35.0  31.2  32.5  89.5  29.8  0.31  11.9  87.1   3.6 123.7            
       2 17  46.8  27.8  35.3  77.7  28.4  0.01  11.5  64.2   2.7 311.2            
       2 18  46.2  24.1  34.1  63.8  22.3        18.5 138.5   5.8 265.2            
       2 19  47.5  21.4  33.1  53.7  16.4        25.3 169.0   7.0 360.0            
       2 20  45.1  16.1  28.4  55.0  12.6        13.4 113.0   4.7 379.1            
       2 21  51.7  15.6  32.2  52.9  15.3        17.8 115.5   4.8 362.9            
       2 22  57.5  22.1  39.4  51.3  21.1        22.8 129.5   5.4 275.9            
       2 23  49.6  21.7  38.1  60.6  24.7        17.8 114.3   4.8 268.7            
       2 24  53.3  25.4  40.2  57.4  26.0        12.2  88.2   3.7 323.7            
       2 25  44.5  31.3  37.8  39.4  15.7        40.3 479.3  20.0 128.5            
       2 26  38.1  20.3  30.3  29.6   1.8        32.9 365.2  15.2 375.4            
       2 27  34.4  15.0  26.0  33.1   0.5        41.1 423.2  17.6 309.4            
       2 28  35.2  19.4  27.8  28.0  -1.4        38.7 389.2  16.2 416.6            
       3  1  39.5  20.6  29.7  29.9   1.3        36.7 370.2  15.4 312.8  0.14  0.11
       3  2  43.2   9.9  28.6  50.7  11.7        22.4 107.9   4.5 403.0  0.07  0.07
       3  3  51.7  13.0  33.5  49.1  15.2        19.0 131.6   5.5 364.9  0.08  0.08
       3  4  43.9  25.1  31.7  65.5  21.0        21.2 151.9   6.3 393.5  0.08  0.07
       3  5  40.2  10.1  28.4  66.8  18.2  0.14  14.6 101.1   4.2 381.7  0.06  0.06
       3  6  31.5  19.6  25.1  80.2  20.1        20.0 147.2   6.1 120.7  0.04  0.03
       3  7  22.8   3.7  15.6  67.7   7.1        29.4 358.5  14.9 416.6  0.07  0.04
       3  8  26.6  -6.2  12.9  67.0   5.2        13.1 106.9   4.5 429.1  0.06  0.04
       3  9  27.4  11.1  17.7  69.5   9.4  0.01  11.8 120.0   5.0 411.1  0.05  0.04
       3 10  45.9   3.9  22.2  65.4  12.6        35.8 229.6   9.6 346.1  0.09  0.08
       3 11  23.3   2.7  13.3  70.1   6.2        17.0 134.8   5.6 296.1  0.04  0.03
       3 12  54.4  12.8  33.8  58.6  19.5        17.0 123.5   5.1 478.3  0.08  0.08
       3 13  60.0  19.3  39.7  52.2  20.9        14.5 119.5   5.0 484.5  0.10  0.10
       3 14  56.6  25.2  35.7  70.6  26.2        13.7  95.3   4.0 383.2  0.08  0.08
       3 15  60.5  25.7  43.2  53.6  25.7        19.5 146.0   6.1 477.5  0.12  0.12
       3 16  45.9  22.7  34.4  80.5  29.5        13.7 101.9   4.2 190.8  0.05  0.05
       3 17  55.3  32.4  40.5  76.1  32.9  0.14  25.0 144.1   6.0 331.0  0.09  0.08
       3 18  35.8  26.0  30.7  90.6  28.4  0.46  24.3 256.6  10.7 141.1  0.05  0.03
       3 19  36.9   7.5  25.2  80.2  20.5  0.19  11.3  88.4   3.7 486.4  0.08  0.06
       3 20  44.4  14.2  29.1  76.4  22.8  0.12  14.2  92.8   3.9 450.0  0.08  0.07
       3 21  55.3  24.1  38.6  59.2  24.7        14.2 109.0   4.5 521.5  0.10  0.10
       3 22  67.8  29.0  50.9  50.4  32.0        27.5 172.8   7.2 300.0  0.09  0.10
       3 23  68.9  39.5  54.4  52.0  36.2        17.4 123.6   5.2 332.2  0.10  0.10
       3 24  76.4  35.6  54.8  51.5  34.3        18.3 140.2   5.8 518.1  0.18  0.18
       3 25  75.8  39.5  56.0  42.4  29.8        32.5 169.6   7.1 541.7  0.21  0.21
       3 26  68.5  43.8  54.9  43.5  31.9  0.01  34.7 207.7   8.7 378.0  0.18  0.18
       3 27  67.0  39.8  52.6  48.6  31.5        32.7 259.2  10.8 475.3  0.21  0.19
       3 28  61.3  37.9  47.5  64.1  34.7        31.6 147.4   6.1 394.6  0.14  0.13
       3 29  47.6  28.0  37.5  79.1  31.8  0.09  28.7 278.4  11.6 227.6  0.10  0.07
       3 30  41.1  22.1  30.6  68.0  20.8  0.01  23.9 166.0   6.9 346.6  0.11  0.08
       3 31  53.5  15.5  35.6  53.9  18.4        33.3 249.0  10.4 535.3  0.17  0.13
       4  1  61.3  20.2  43.3  44.9  20.1        21.4 173.6   7.2 529.9  0.15  0.14
       4  2  43.2  30.3  35.8  75.3  28.4  0.54  18.3 147.0   6.1  60.9  0.04  0.04
       4  3  54.9  30.5  42.7  71.3  33.4  0.01  13.7  94.2   3.9 561.9  0.12  0.10
       4  4  64.6  29.7  45.3  62.3  32.0        15.3 123.2   5.1 566.4  0.15  0.14
       4  5  62.4  33.5  47.3  46.9  25.8        20.9 150.0   6.3 522.7  0.16  0.15
       4  6  48.8  33.6  40.5  69.9  31.0  0.04  16.4 125.7   5.2 186.2  0.07  0.07
       4  7  48.9  30.2  38.5  76.2  31.2  0.08  19.7 104.6   4.4 289.3  0.09  0.07
       4  8  54.9  28.8  40.2  67.4  28.9        26.3 179.1   7.5 457.3  0.14  0.12
       4  9  55.2  29.0  42.7  59.0  27.3        18.3  97.4   4.1 552.1  0.13  0.11
       4 10  62.6  26.0  45.6  49.6  24.6        23.0 144.4   6.0 582.0  0.17  0.15
       4 11  81.0  26.4  52.6  44.0  26.1        28.0 169.3   7.1 627.5  0.25  0.24
       4 12  64.6  46.4  54.6  33.2  25.7        33.7 262.5  10.9 412.6  0.21  0.20
       4 13  54.7  35.2  44.7  53.9  28.0  0.30  27.3 243.4  10.1 365.2  0.16  0.13
       4 14  44.1  31.7  37.0  85.0  32.9  0.23  13.8 118.6   4.9 229.0  0.08  0.06
       4 15  40.9  32.5  36.1  81.7  31.1  0.06  23.8 196.2   8.2 226.9  0.08  0.06
       4 16  38.7  29.4  33.1  74.1  25.7        13.4 128.6   5.4 215.1  0.07  0.06
       4 17  51.1  25.1  37.1  68.1  26.5  0.03  24.8 188.4   7.8 470.0  0.13  0.10
       4 18  50.7  30.2  39.4  58.1  24.5  0.01  24.2 195.4   8.1 616.6  0.16  0.13
       4 19  57.9  26.3  43.0  52.6  25.1  0.03  25.4 190.7   7.9 515.4  0.16  0.13
       4 20  52.0  27.6  40.7  70.4  31.4  0.03  26.5 115.6   4.8 445.2  0.11  0.09
       4 21  61.1  28.0  45.2  52.9  26.1        22.9 179.0   7.5 638.8  0.20  0.16
       4 22  67.9  27.6  48.6  48.4  27.0        17.2 118.2   4.9 652.1  0.20  0.17
       4 23  76.7  34.6  55.7  42.8  30.3        16.1 116.1   4.8 614.0  0.21  0.19
       4 24  75.6  37.5  57.0  43.0  29.8        36.1 283.4  11.8 608.5  0.30  0.26
       4 25  62.8  40.3  53.2  42.1  29.6  0.06  25.7 202.9   8.5 472.7  0.20  0.17
       4 26  57.3  31.8  45.7  54.5  29.3        27.3 223.6   9.3 458.2  0.19  0.15
       4 27  60.3  27.8  45.3  55.6  28.8        22.6 170.4   7.1 640.6  0.21  0.17
       4 28  62.4  33.8  48.4  48.2  27.5        18.2 109.6   4.6 677.8  0.20  0.17
       4 29  70.2  25.2  49.7  42.3  25.4        16.0 116.9   4.9 674.1  0.22  0.19
       4 30  74.7  34.6  57.2  36.8  28.2        27.5 222.3   9.3 537.4  0.25  0.22
       5  1  65.9  38.5  53.6  52.0  35.8  0.01  31.4 150.6   6.3 494.6  0.18  0.15
       5  2  66.2  32.0  51.1  56.5  35.3        19.1 116.0   4.8 653.8  0.21  0.17
       5  3  70.6  33.9  52.4  54.0  35.7        32.2 145.4   6.1 426.1  0.19  0.16
       5  4  72.2  36.9  54.3  59.4  39.4  0.06  29.6 203.8   8.5 519.6  0.22  0.18
       5  5  65.0  44.6  52.5  74.6  44.0  0.08  19.3 106.0   4.4 441.6  0.15  0.13
       5  6  61.3  37.8  48.7  74.1  40.3  0.05  28.6 192.9   8.0 340.1  0.15  0.11
       5  7  63.2  35.0  48.0  76.6  40.6  0.13  25.9 133.7   5.6 458.2  0.16  0.13
       5  8  58.0  36.4  45.4  81.3  39.8  0.38  26.3 159.0   6.6 299.8  0.12  0.09
       5  9  61.3  30.6  46.5  75.3  38.7        19.9 131.6   5.5 509.3  0.15  0.12
       5 10  71.9  38.1  54.5  73.6  45.5  0.30  29.5 134.3   5.6 610.3  0.19  0.15
       5 11  65.6  46.2  54.7  69.9  44.3  0.04  28.7 161.8   6.7 492.0  0.17  0.14
       5 12  68.0  35.1  53.3  67.5  42.0        17.8 127.9   5.3 617.6  0.20  0.16
       5 13  80.9  40.5  60.3  55.8  41.6        27.5 175.3   7.3 683.2  0.29  0.24
       5 14  65.4  43.2  52.1  63.8  40.0  0.08  28.0 206.2   8.6 383.7  0.19  0.15
       5 15  68.4  43.0  56.0  41.1  31.4        35.2 269.0  11.2 719.0  0.32  0.24
       5 16  72.9  39.5  56.4  51.1  36.9        23.0 167.7   7.0 688.7  0.27  0.22
       5 17  80.5  38.3  62.7  40.2  32.8        23.3 156.8   6.5 711.0  0.30  0.24
       5 18  80.9  39.5  62.8  43.2  38.2        23.5 123.6   5.2 540.6  0.24  0.20
       5 19  82.2  43.2  62.7  52.8  43.5        18.3 116.0   4.8 648.0  0.27  0.22
       5 20  79.9  47.6  63.4  63.9  49.8  0.11  30.5 125.7   5.2 583.1  0.24  0.19
       5 21  74.9  54.0  62.5  70.3  51.9  0.10  39.7 126.2   5.3 432.3  0.19  0.16
       5 22  61.5  46.2  52.6  83.3  47.8  0.51  22.5 135.6   5.7 209.3  0.11  0.09
       5 23  69.3  38.7  54.4  63.6  40.9        19.1  95.2   4.0 692.1  0.24  0.19
       5 24  69.6  40.7  54.3  69.4  43.8  0.05  24.8 117.3   4.9 535.7  0.20  0.15
       5 25  68.9  41.4  56.5  72.4  46.9        18.3 129.2   5.4 637.0  0.20  0.16
       5 26  75.8  42.5  58.3  70.0  48.0        20.8 108.3   4.5 564.8  0.21  0.16
       5 27  80.3  44.0  63.4  59.7  46.6        17.8 129.3   5.4 735.0  0.28  0.22
       5 28  82.5  45.3  64.9  51.4  45.5        17.6 131.4   5.5 686.4  0.28  0.22
       5 29  81.4  45.2  63.4  63.2  49.5        20.2 116.7   4.9 575.4  0.25  0.19
       5 30  83.5  45.4  65.3  49.3  42.5        18.0  96.0   4.0 587.5  0.27  0.20
       5 31  71.3  47.5  60.6  57.2  45.3        19.4 133.0   5.5 642.2  0.25  0.19
       6  1  85.1  42.1  68.2  38.4  35.9        39.7 269.7  11.2 767.0  0.42  0.33
       6  2  78.5  48.9  65.4  42.0  41.4        20.9 181.4   7.6 715.0  0.33  0.25
       6  3  49.2  38.8  43.3  79.1  37.2  0.02  15.6 170.0   7.1 141.5  0.11  0.08
       6  4  48.6  38.9  42.0  88.3  38.8  0.40  24.7 154.6   6.4 178.0  0.10  0.07
       6  5  50.2  33.5  41.6  79.8  35.7  0.09  11.0  84.7   3.5 327.5  0.11  0.08
       6  6  66.9  31.1  50.0  70.0  39.9        21.4 101.2   4.2 629.3  0.19  0.14
       6  7  71.8  40.9  56.6  71.5  47.1        30.8 116.2   4.8 564.5  0.18  0.13
       6  8  64.1  44.1  51.4  83.4  46.5  0.41  23.0 144.9   6.0 328.6  0.13  0.10
       6  9  67.4  43.7  53.8  78.9  47.3        26.3 104.8   4.4 501.7  0.18  0.13
       6 10  66.7  44.0  55.4  78.3  48.5  0.11  21.3  95.6   4.0 499.4  0.17  0.13
       6 11  73.1  43.1  59.8  58.1  43.4        17.7 122.8   5.1 554.5  0.22  0.16
       6 12  78.6  44.8  62.7  59.6  46.6        14.6  82.3   3.4 707.0  0.25  0.19
       6 13  69.0  47.4  60.1  58.7  45.0  0.01  31.0 167.7   7.0 328.8  0.18  0.13
       6 14  67.5  47.2  57.1  63.1  44.2  0.05  32.5 240.3  10.0 366.4  0.22  0.15
       6 15  67.9  40.8  56.0  61.5  41.9        20.2 109.4   4.6 584.2  0.22  0.16
       6 16  72.5  43.3  55.7  68.9  45.2        23.8 157.8   6.6 407.9  0.21  0.15
       6 17  61.7  44.9  52.5  70.2  43.0  0.08  20.2 170.3   7.1 324.4  0.16  0.11
       6 18  73.0  40.7  59.5  46.1  37.6        32.7 231.6   9.7 629.4  0.30  0.21
       6 19  87.6  40.8  66.1  45.0  38.7        25.1 167.6   7.0 755.0  0.37  0.27
       6 20  79.0  50.0  65.7  43.2  42.1        26.7 136.2   5.7 550.0  0.26  0.19
       6 21  78.1  47.8  62.6  59.7  47.4        30.5 131.6   5.5 462.1  0.24  0.18
       6 22  86.4  43.5  65.4  58.3  48.2        25.1 163.7   6.8 661.4  0.33  0.25
       6 23  85.8  52.4  68.2  53.3  47.2        18.5 108.5   4.5 706.0  0.32  0.23
       6 24  86.6  46.4  67.1  40.2  36.9        24.7 147.8   6.2 722.0  0.37  0.28
       6 25  90.8  43.9  68.7  43.3  41.5        20.7 163.6   6.8 744.0  0.40  0.30
       6 26  92.1  46.5  74.4  33.3  38.5  0.01  26.2 143.9   6.0 736.4  0.37  0.28
       6 27  85.5  46.9  69.9  37.3  41.6        17.5 131.9   5.5 737.0  0.35  0.26
       6 28  88.9  44.8  69.7  44.4  45.8        17.5  97.9   4.1 735.0  0.34  0.25
       6 29  90.4  56.2  74.6  40.0  46.3        18.3 142.0   5.9 731.0  0.37  0.28
       6 30  81.7  56.2  69.3  59.8  54.8        17.5 116.4   4.8 542.6  0.25  0.19
       7  1  81.3  58.5  68.6  67.8  57.2        21.9 114.0   4.8 520.0  0.25  0.19
       7  2  91.6  55.2  71.4  64.1  57.6        26.2 127.8   5.3 682.9  0.33  0.25
       7  3  78.9  58.0  68.9  64.7  56.4        19.4 126.0   5.3 530.9  0.24  0.18
       7  4  79.6  53.5  67.8  69.2  57.0        22.9 108.7   4.5 514.0  0.22  0.17
       7  5  91.4  51.4  72.2  57.9  53.8        21.4 109.9   4.6 625.4  0.30  0.23
       7  6  76.4  56.1  66.6  72.4  57.3  0.02  16.9 125.5   5.2 268.4  0.16  0.12
       7  7  83.6  50.7  69.1  64.5  55.9        23.0 134.8   5.6 558.6  0.25  0.19
       7  8  77.7  58.2  67.7  76.6  59.9        22.1  99.3   4.1 417.2  0.18  0.14
       7  9  79.4  56.5  66.8  77.2  59.1        29.1 109.1   4.5 527.6  0.22  0.17
       7 10  82.1  52.5  68.2  71.2  57.9        15.9  91.2   3.8 619.9  0.24  0.19
       7 11  85.6  55.0  71.5  62.2  56.7        27.0 114.8   4.8 613.5  0.26  0.20
       7 12  96.0  50.8  73.2  54.4  54.0        14.2  88.8   3.7 721.0  0.33  0.25
       7 13  96.0  52.4  72.5  51.0  51.1        15.3  99.6   4.2 712.0  0.36  0.26
       7 14  91.0  53.3  73.4  48.6  51.4        30.0 118.0   4.9 511.6  0.29  0.22
       7 15  86.8  52.7  68.4  59.3  53.0        30.3 148.0   6.2 573.4  0.31  0.23
       7 16  82.7  51.2  68.1  69.7  57.1        16.2  97.5   4.1 704.0  0.28  0.22
       7 17  86.7  52.0  71.3  63.3  56.9        17.2  99.2   4.1 712.0  0.29  0.22
       7 18  92.5  51.0  72.4  61.6  57.0        14.2  89.3   3.7 710.0  0.30  0.23
       7 19  91.8  58.2  74.6  51.6  55.5        13.7 111.3   4.6 654.2  0.31  0.24
       7 20  96.6  58.5  76.0  49.6  54.0        18.1 119.4   5.0 699.3  0.36  0.28
       7 21  86.9  59.0  69.4  65.6  56.9  0.18  41.9 173.3   7.2 421.7  0.29  0.22
       7 22  74.8  56.6  64.5  85.9  60.2  0.04  15.5  59.5   2.5 250.4  0.13  0.10
       7 23  78.0  58.5  66.5  82.4  60.7  0.01  14.2  76.6   3.2 365.4  0.16  0.13
       7 24  75.4  62.2  66.3  87.3  62.4  0.07  12.7  82.9   3.5 309.9  0.13  0.10
       7 25  77.8  59.6  65.5  88.9  62.1  0.10  16.4  71.8   3.0 336.6  0.14  0.11
       7 26  84.1  56.4  69.4  73.1  59.5        12.9  72.6   3.0 660.0  0.24  0.19
       7 27  80.9  57.5  69.3  69.2  57.7        15.9  90.9   3.8 687.8  0.25  0.20
       7 28  81.7  54.4  69.4  66.3  57.0        15.0 105.9   4.4 620.1  0.24  0.19
       7 29  81.1  59.1  67.5  77.9  59.9  0.23  20.5  89.5   3.7 469.5  0.21  0.16
       7 30  68.6  56.9  61.7  90.1  58.7  0.63  18.2 114.2   4.8 223.5  0.11  0.08
       7 31  76.0  58.1  64.8  83.6  59.6        15.7 102.9   4.3 472.5  0.19  0.15
       8  1  80.1  54.3  64.7  81.0  58.7  0.02  25.2  75.9   3.2 355.6  0.16  0.12
       8  2  79.3  48.8  65.9  62.9  52.3        20.2 114.0   4.8 534.2  0.22  0.17
       8  3  74.1  56.4  63.6  74.6  55.3  0.13  23.2 113.7   4.7 396.1  0.18  0.14
       8  4  68.3  57.7  61.5  83.1  56.2  0.13  20.8 106.1   4.4 277.1  0.12  0.10
       8  5  76.5  51.7  64.3  78.4  57.0        13.4  66.0   2.8 662.5  0.21  0.18
       8  6  79.5  50.7  65.7  73.4  56.6        13.1  92.1   3.8 663.9  0.23  0.18
       8  7  81.9  49.4  67.1  69.5  55.9        12.6  87.0   3.6 664.5  0.23  0.19
       8  8  93.8  52.0  70.9  59.2  53.2        44.4 124.6   5.2 486.3  0.28  0.22
       8  9  81.7  56.0  67.8  67.9  55.8        14.5  86.0   3.6 362.8  0.18  0.14
       8 10  79.5  52.8  64.8  74.1  56.0        12.6  88.1   3.7 369.9  0.17  0.14
       8 11  84.3  54.7  67.4  66.8  54.6  0.01  18.8 100.1   4.2 521.4  0.23  0.19
       8 12  87.4  52.3  70.1  52.9  48.6        24.0 159.5   6.6 646.5  0.32  0.25
       8 13  88.4  50.5  69.0  58.2  50.6        14.0  86.1   3.6 591.0  0.26  0.20
       8 14  86.8  52.7  67.6  62.0  52.7        23.2 120.3   5.0 455.7  0.25  0.20
       8 15  82.0  51.1  66.9  67.4  55.2        15.9 100.7   4.2 461.8  0.20  0.16
       8 16  85.8  55.4  69.0  61.0  53.3        17.2  94.8   4.0 420.4  0.21  0.17
       8 17  89.0  51.4  71.1  59.2  54.0        15.2 105.1   4.4 607.9  0.26  0.21
       8 18  88.0  56.3  70.9  58.4  54.5        24.3 132.7   5.5 523.5  0.26  0.21
       8 19  84.2  53.8  68.4  65.1  55.1        20.7 124.7   5.2 529.5  0.24  0.20
       8 20  81.0  58.1  69.4  66.0  57.2        17.8 111.1   4.6 499.1  0.21  0.17
       8 21  86.5  54.0  67.8  69.0  56.4        27.0 138.1   5.8 521.8  0.26  0.21
       8 22  85.7  50.6  68.2  66.7  55.0        19.4 102.8   4.3 579.0  0.24  0.20
       8 23  88.2  50.9  69.7  63.9  55.6        16.4  94.9   4.0 502.1  0.22  0.18
       8 24  88.3  57.5  72.1  58.2  55.0  0.01  29.7 114.7   4.8 454.0  0.22  0.18
       8 25  78.4  51.4  65.5  71.6  55.6        17.2 112.7   4.7 418.9  0.19  0.15
       8 26  86.1  54.4  69.7  67.5  57.4        13.6  93.6   3.9 560.2  0.23  0.19
       8 27  82.2  53.6  68.5  55.6  51.5  0.01  27.4 133.1   5.5 427.7  0.22  0.18
       8 28  83.2  45.3  63.9  58.5  46.8        12.7  80.7   3.4 607.3  0.24  0.20
       8 29  84.4  47.5  65.3  59.1  49.1        13.4  86.3   3.6 581.6  0.23  0.19
       8 30  91.0  47.4  68.4  55.0  49.8        15.0  87.6   3.6 529.3  0.23  0.19
       8 31  79.4  57.4  68.3  57.8  52.6        26.7 140.9   5.9 392.5  0.20  0.16
       9  1  77.5  51.7  64.0  70.1  53.1  0.38  17.4  94.8   4.0 423.7  0.17  0.15
       9  2  86.2  46.9  65.2  64.9  51.1        12.9  78.2   3.3 586.1  0.23  0.19
       9  3  89.9  50.2  68.7  57.2  50.4        11.0  70.8   3.0 580.8  0.23  0.19
       9  4  87.1  47.1  67.8  57.7  50.8        13.3  84.1   3.5 532.9  0.21  0.18
       9  5  89.1  48.0  67.6  65.7  54.3         8.9  74.8   3.1 565.1  0.22  0.19
       9  6  89.8  53.7  71.4  54.9  52.9        14.0 101.0   4.2 556.5  0.24  0.20
       9  7  77.3  52.0  64.2  79.3  57.5        12.5  78.3   3.3 433.0  0.16  0.14
       9  8  85.4  52.1  65.9  77.6  58.1        14.0  79.2   3.3 460.8  0.18  0.16
       9  9  86.2  50.6  67.7  64.3  53.8        13.9  92.0   3.8 508.9  0.21  0.18
       9 10  85.8  50.7  68.4  58.4  52.3        16.0 107.1   4.5 500.8  0.21  0.18
       9 11  85.5  52.7  69.8  54.6  52.0        24.0 128.6   5.4 530.4  0.23  0.20
       9 12  81.4  51.9  64.1  70.4  54.1  0.05  16.7  92.7   3.9 291.1  0.15  0.13
       9 13  72.6  47.2  58.6  75.7  50.5        19.7  90.0   3.8 302.0  0.14  0.12
       9 14  76.1  45.6  59.4  68.9  48.2        20.1 101.7   4.2 433.2  0.17  0.15
       9 15  74.1  43.2  58.7  70.3  48.4        14.6 104.9   4.4 512.6  0.18  0.15
       9 16  78.3  43.6  60.4  67.6  48.9        14.2 101.4   4.2 477.4  0.17  0.15
       9 17  82.3  44.4  62.3  62.3  47.7        12.0  71.7   3.0 499.6  0.17  0.15
       9 18  83.7  43.3  63.8  57.1  46.6        13.7  79.6   3.3 493.5  0.18  0.15
       9 19  79.2  49.0  64.2  44.0  40.7        31.0 181.5   7.6 484.6  0.24  0.21
       9 20  69.3  43.4  55.6  73.8  47.6  0.48  23.0 153.6   6.4 257.5  0.14  0.11
       9 21  51.1  44.1  46.9  89.2  44.0  0.03  13.7 144.3   6.0 123.2  0.07  0.05
       9 22  62.5  44.1  49.8  85.7  45.6        13.4  99.1   4.1 235.8  0.10  0.08
       9 23  66.4  48.1  54.5  85.9  50.4        13.1  51.8   2.2 149.8  0.05  0.04
       9 24  75.4  43.5  57.6  74.4  48.9        13.7  91.3   3.8 437.3  0.13  0.11
       9 25  86.6  44.3  62.9  59.2  46.4        28.3  94.9   4.0 486.6  0.18  0.16
       9 26  73.2  45.8  60.6  50.3  41.2        37.8 122.1   5.1 479.9  0.17  0.15
       9 27  72.2  40.8  55.4  68.8  44.5        11.8  92.7   3.9 472.4  0.16  0.14
       9 28  78.2  36.9  58.2  60.9  43.6         9.4  70.6   2.9 343.6  0.13  0.11
       9 29  77.8  45.3  59.6  58.5  44.5  0.01  28.2 108.5   4.5 332.7  0.15  0.13
       9 30  64.6  44.0  54.6  66.2  43.1        25.9 172.3   7.2 381.0  0.15  0.12
      10  1  52.3  41.5  46.7  78.2  40.2  0.04  15.2 133.4   5.6  69.6  0.06  0.05
      10  2  53.1  40.8  45.0  90.5  42.5  0.29  13.1  87.8   3.7 152.5  0.06  0.05
      10  3  50.1  42.8  45.3  90.2  42.6  0.02  18.6 105.6   4.4  91.8  0.04  0.03
      10  4  54.9  41.4  45.5  73.0  37.1  0.24  40.4 258.1  10.8 231.7  0.12  0.09
      10  5  49.6  37.5  43.4  50.7  26.1        40.2 318.8  13.3 221.3  0.16  0.11
      10  6  62.7  26.8  45.4  56.3  29.7        22.7 124.7   5.2 364.7  0.12  0.10
      10  7  67.3  29.1  47.3  63.7  34.1        12.6  92.3   3.8 432.1  0.12  0.11
      10  8  75.9  35.0  53.3  59.7  37.0        12.6  88.5   3.7 379.1  0.12  0.11
      10  9  75.1  41.1  58.6  40.3  32.3        16.7 145.0   6.0 419.5  0.16  0.15
      10 10  70.2  35.3  52.6  54.6  35.3        24.5 115.5   4.8 399.8  0.14  0.12
      10 11  64.8  34.4  51.9  37.4  25.4        29.4 235.2   9.8 413.5  0.21  0.17
      10 12  61.7  29.1  42.4  63.9  29.8         9.9  86.0   3.6 255.5  0.11  0.10
      10 13  70.1  29.4  49.7  54.6  32.5        19.8  94.1   3.9 314.3  0.11  0.10
      10 14  75.2  38.0  56.3  52.6  37.4        20.0 126.5   5.3 317.4  0.13  0.12
      10 15  66.4  41.6  53.1  69.2  42.9        13.4  74.6   3.1 323.7  0.08  0.08
      10 16  53.3  38.3  46.3  82.2  41.5  1.11  25.5 186.5   7.8 112.8  0.06  0.05
      10 17  50.6  31.4  42.1  60.2  29.0        34.5 328.8  13.7 218.7  0.14  0.10
      10 18  59.3  26.6  40.4  67.7  29.1        12.6  96.9   4.0 390.9  0.11  0.10
      10 19  57.5  28.2  42.1  70.4  32.6        11.4  90.9   3.8 379.0  0.09  0.08
      10 20  50.4  29.1  39.9  72.2  31.1        12.2  99.6   4.2 121.1  0.05  0.04
      10 21  57.2  25.1  40.1  70.9  31.5        14.6  91.3   3.8 354.0  0.08  0.07
      10 22  64.4  29.1  43.9  71.2  34.7        10.8  89.6   3.7 335.6  0.09  0.08
      10 23  68.5  37.0  51.7  60.8  37.6        21.2 143.1   6.0 328.2  0.10  0.10
      10 24  65.0  31.7  46.2  64.2  33.3        13.9  90.1   3.8 351.6  0.10  0.09
      10 25  61.2  35.8  46.4  66.5  35.5        10.5  93.5   3.9 171.8  0.07  0.07
      10 26  63.0  40.2  50.4  71.6  41.4        10.7  81.4   3.4 174.9  0.06  0.05
      10 27  52.6  39.8  48.2  89.4  45.5  0.48  24.8  98.7   4.1  43.9  0.01  0.01
      10 28  54.7  46.1  50.7  63.1  38.2  0.25  26.6 186.3   7.8  68.6  0.06  0.06
      10 29  59.3  37.7  48.7  61.9  35.8        22.9 119.3   5.0 293.9  0.09  0.08
      10 30  41.5  35.9  39.1  89.0  36.1  0.12  15.6 129.6   5.4  25.2  0.03  0.02
      10 31  37.3  34.5  36.1  88.6  33.1  0.01  12.4 107.5   4.5  57.8  0.03  0.03
      11  1  42.2  34.9  38.1  89.4  35.3        12.4  97.9   4.1  86.2            
      11  2  38.9  31.9  35.3  88.3  32.3  0.10  13.2 110.8   4.6  67.5            
      11  3  36.9  31.1  33.6  84.5  29.4         8.5  80.3   3.3  77.3            
      11  4  44.0  28.4  35.8  81.2  30.4        12.0  76.7   3.2 246.2            
      11  5  35.5  31.4  33.5  85.9  29.8        10.6  61.7   2.6  79.8            
      11  6  48.0  32.5  37.6  82.3  32.4        19.3 112.3   4.7 183.3            
      11  7  40.7  22.4  31.5  86.0  28.0  0.55   9.6  47.7   2.0 203.0            
      11  8  33.8  25.3  29.2  87.2  25.9        16.1 108.7   4.5 159.0            
      11  9  34.8  22.6  29.2  70.5  21.0        24.5 280.7  11.7 120.7            
      11 10  36.2  21.7  30.4  44.8  11.3        45.6 342.0  14.3 303.7            
      11 11  41.4  13.9  27.7  64.6  17.5         9.4  90.4   3.8 267.1            
      11 12  50.0  20.6  31.8  70.8  22.9        16.1  99.9   4.2 286.1            
      11 13  60.7  23.6  42.6  58.4  27.3        20.6  86.1   3.6 270.1            
      11 14  62.0  30.4  45.1  60.4  31.3        14.2  99.7   4.2 276.2            
      11 15  70.1  29.5  48.4  55.2  30.0        31.6 197.1   8.2 196.9            
      11 16  59.0  27.4  42.9  61.0  29.0        15.6  93.3   3.9 240.3            
      11 17  57.6  29.5  40.9  63.4  28.0        28.6 130.0   5.4 211.8            
      11 18  52.4  29.9  43.3  43.3  21.2        45.7 374.3  15.6 261.9            
      11 19  44.7  23.7  33.4  72.5  25.2  0.05  18.3  89.2   3.7 242.7            
      11 20  44.9  15.7  28.6  68.0  18.8        11.7  74.2   3.1 205.4            
      11 21  58.9  22.4  40.4  54.0  24.0        16.4 104.7   4.4 196.9            
      11 22  72.3  30.4  48.9  45.3  25.4        29.6 179.0   7.5 235.8            
      11 23  56.5  25.4  40.6  51.9  22.9        24.8 174.2   7.3 239.5            
      11 24  68.5  24.1  44.6  47.3  21.4        32.4 243.9  10.2 243.1            
      11 25  50.8  28.6  38.8  52.3  22.5        19.9 106.3   4.4 121.2            
      11 26  66.1  24.3  42.2  60.6  27.8        13.1 101.5   4.2 247.1            
      11 27  68.5  26.8  43.8  59.2  28.7         9.0  84.1   3.5 225.1            
      11 28  62.9  31.3  41.2  65.5  29.8        11.2  98.3   4.1  85.9            
      11 29  63.0  26.2  43.1  58.4  28.4        20.2 117.0   4.9 145.5            
      11 30  64.1  24.3  39.8  61.2  25.8        14.0 109.4   4.6 242.2            
      12  1  65.2  26.5  42.1  56.9  25.9        11.5 101.2   4.2 235.8            
      12  2  66.4  25.1  40.1  60.1  25.9        16.2  95.9   4.0 231.6            
      12  3  61.2  25.3  39.7  58.3  24.7        17.4 121.8   5.1 235.2            
      12  4  58.6  22.9  38.7  58.9  24.0        26.6 112.9   4.7 189.6            
      12  5  43.0  22.8  30.6  66.4  20.2        23.0 133.5   5.6 153.4            
      12  6  33.8  16.7  24.8  76.8  18.6        10.8  88.6   3.7 189.4            
      12  7  34.6  10.0  21.5  55.7   7.6        15.0 114.9   4.8 221.9            
      12  8  32.6   7.4  21.4  63.4  11.3         9.6  67.9   2.8  79.3            
      12  9  29.5   9.5  24.5  81.8  20.2        18.9 154.7   6.4  84.3            
      12 10  29.1   0.4  11.9  73.0   5.5        11.7 103.4   4.3 233.0            
      12 11  42.3   4.0  20.8  66.0  11.7         9.4  73.9   3.1 231.9            
      12 12  46.5  15.3  26.9  71.0  19.2        10.2  84.4   3.5 142.9            
      12 13  52.1  13.9  28.4  66.9  18.2         8.8  78.4   3.3 229.2            
      12 14  57.9  17.8  34.2  57.2  18.8        11.5  85.1   3.5 232.2            
      12 15  45.2  17.0  30.6  68.1  21.2        15.9  74.8   3.1 217.6            
      12 16  42.5  18.3  28.8  72.9  20.9        17.8 101.2   4.2 205.5            
      12 17  56.5  16.9  36.0  58.4  21.3        18.4 103.0   4.3 226.8            
      12 18  54.0   4.0  25.8  64.0  15.7        37.0 271.3  11.3  92.6            
      12 19   4.1  -2.9   0.4  66.6  -8.0        18.4 156.7   6.5 151.1            
      12 20   0.3  -4.3  -2.7  66.5 -10.9        11.5 122.6   5.1  96.6            
      12 21   3.4 -23.9  -8.6  63.2 -16.3        11.4 105.6   4.4 224.5            
      12 22  13.6 -23.3  -8.9  61.0 -17.1  0.03   9.6 100.1   4.2 229.5            
      12 23  13.5 -18.1  -7.6  59.9 -16.6        11.0 122.2   5.1 232.9            
      12 24  25.2 -17.3   1.5  59.9  -7.2        13.4 106.2   4.4 220.0            
      12 25  40.5  -2.0  19.8  58.7   8.9  0.03  17.0 118.5   4.9 204.3            
      12 26  47.5  14.3  35.5  50.6  18.6  0.01  34.6 268.9  11.2 176.3            
      12 27  42.4  20.2  33.3  51.0  16.6        34.3 169.4   7.1 201.7            
      12 28  49.7  22.4  41.9  46.1  22.6  0.05  46.6 374.4  15.6 204.0            
      12 29  45.7  24.9  35.3  68.3  25.4        33.1 158.1   6.6 160.4            
      12 30  56.0  28.4  43.7  56.1  27.6  0.02  40.8 328.6  13.7 203.5            
      12 31  37.2  23.1  30.2  82.0  25.4         9.4  63.1   2.6  88.6            

      Total                               11.95                         44.75 36.18
        Max  96.6  62.2  76.0  90.6  62.4        50.3 479.3  20.0 767.0
        Min   0.3 -23.9  -8.9  28.0 -17.1         8.5  47.7   2.0  25.2
        Ave  61.9  33.2  47.1  62.6  33.5        20.6 134.8   5.6 377.8
