                                                                    15-JUN-00
      Cellular-linked Weather Station near FT COLLINS (East), Colo       1999
      -----------------------------------------------------------------------------
               Temperature      Rel   Dew             Wind        Solar StandrdASCE
            ----------------- Humid Point  Prec -----------------   Rad   ETr   ETo
       Date   Max   Min   Ave   Ave   Ave Total   Max Total   Ave Total Alflf Grass
      MoDay     F     F     F     %     F  inch   mph miles   mph Langl  inch  inch
      ----- ----- ----- ----- ----- ----- ----- ----- ----- ----- ----- ----- -----
       1  1  44.5  20.2  31.2  73.7  24.1  0.01  38.1 296.7  12.4 113.3            
       1  2  30.5  11.9  20.7  64.8  10.6        35.7 255.7  10.7 136.6            
       1  3  29.9   8.6  15.7  63.7   5.4        29.8 148.5   6.2 190.0            
       1  4  29.6  13.8  20.7  66.5  11.5         8.6  66.9   2.8  77.9            
       1  5  49.7  21.8  38.4  47.7  19.3        36.2 225.8   9.4 178.1            
       1  6  55.7  20.8  33.0  64.3  21.2        27.3 156.8   6.5 201.6            
       1  7  40.5  20.8  28.0  80.0  22.7        17.9  83.6   3.5 101.3            
       1  8  37.0  20.8  28.5  71.8  20.2        29.5 171.6   7.2 114.9            
       1  9  43.2  18.0  27.2  73.8  19.5        10.7  70.3   2.9 215.5            
       1 10  50.2  24.6  36.6  50.8  19.5        19.2 117.1   4.9 240.0            
       1 11  61.4  27.4  45.6  40.8  21.9        31.6 140.5   5.9 171.7            
       1 12  50.3  16.4  38.2  48.0  18.9        26.5 186.5   7.8 142.9            
       1 13  46.8  17.9  30.0  75.3  22.8        21.0 111.2   4.6 104.0            
       1 14  57.9  17.8  35.7  54.9  15.4        37.6 142.4   5.9  94.5            
       1 15  56.9  26.1  43.5  32.6  14.9  0.01  35.0 174.1   7.3 121.6            
       1 16  43.3  16.3  29.4  67.9  19.9        51.8 122.8   5.1 138.8            
       1 17  41.1  18.8  33.2  36.8   9.0        37.0 328.7  13.7 236.1            
       1 18  60.8  14.4  37.8  49.6  20.9        36.7 233.0   9.7 226.7            
       1 19  51.8  26.1  39.4  64.2  28.0        18.9 154.0   6.4 229.8            
       1 20  50.5  23.5  37.4  55.9  22.4        15.9  91.8   3.8 187.0            
       1 21  43.4  21.0  31.1  76.4  24.6        24.0 191.9   8.0  89.6            
       1 22  40.0  10.3  27.1  62.7  16.0  0.01  24.9 157.0   6.5 277.1            
       1 23  54.5  11.8  29.3  64.0  18.6        12.1  81.1   3.4 261.6            
       1 24  41.2  20.2  24.8  80.4  19.6        19.5 147.2   6.1 104.8            
       1 25  28.2  10.9  19.0  83.4  15.1         9.4  86.3   3.6 199.0            
       1 26  47.4   6.4  26.4  63.8  15.4        35.1 131.2   5.5 177.0            
       1 27  41.1  12.6  26.1  68.3  17.5        13.2  98.3   4.1 268.3            
       1 28  37.5   9.6  21.1  73.6  14.4        10.2  90.2   3.8 290.4            
       1 29  43.4   9.0  23.4  63.8  13.0         9.8  91.8   3.8 268.8            
       1 30  40.8  17.2  30.6  64.0  19.8         9.7  83.6   3.5 159.2            
       1 31  40.5  26.4  32.5  82.1  27.7         8.2  77.2   3.2 158.6            
       2  1  43.1  23.8  32.9  63.0  21.3        30.7 197.0   8.2 134.1            
       2  2  53.0  18.0  35.8  50.1  17.3  0.01  50.4 141.2   5.9 280.4            
       2  3  48.9  24.6  40.5  38.7  16.1  0.03  51.6 409.4  17.1 302.5            
       2  4  54.9  19.4  33.0  64.5  21.8        10.7  83.7   3.5 284.7            
       2  5  51.1  27.5  37.8  66.4  27.4        14.4  99.2   4.1 256.0            
       2  6  50.5  22.3  34.6  69.7  24.9  0.01  14.8  89.7   3.7 304.2            
       2  7  61.3  27.9  46.1  48.5  26.5        29.4 183.2   7.6 290.8            
       2  8  59.9  24.7  45.8  42.0  23.4        32.0 206.3   8.6 225.0            
       2  9  58.5  20.3  37.5  53.1  20.6        26.9  93.7   3.9 313.8            
       2 10  65.4  23.1  35.5  53.8  19.4  0.02  51.0 347.5  14.5 291.3            
       2 11  31.0   9.8  22.3  34.3  -2.4        40.5 370.6  15.4 348.8            
       2 12  46.1   6.2  25.3  45.4   4.9        14.6 107.0   4.5 343.8            
       2 13  62.6  16.8  34.7  44.7  11.9        13.5 111.8   4.7 317.3            
       2 14  62.4  16.5  40.3  34.9  12.1        31.1 146.7   6.1 225.6            
       2 15  43.3  23.1  35.7  55.2  20.1        22.0 159.9   6.7 133.8            
       2 16  44.4  15.4  28.5  69.7  19.3        11.9  72.9   3.0 268.8            
       2 17  51.2  14.9  33.0  50.3  15.3        44.1 221.2   9.2 212.8            
       2 18  47.7  24.2  35.5  36.3  10.6        35.9 258.1  10.8 331.7            
       2 19  49.3  17.3  34.4  42.4  12.1  0.01  40.3 275.9  11.5 378.6            
       2 20  45.6  12.1  32.8  37.8   9.5        30.5 200.6   8.4 322.1            
       2 21  44.7  10.2  25.1  59.2  12.7        14.5 111.3   4.6 272.1            
       2 22  40.5  23.2  34.6  31.8   7.5        45.2 480.7  20.0 278.3            
       2 23  56.3  18.7  38.1  34.5  11.2        26.2 137.5   5.7 325.3            
       2 24  59.1  29.0  42.8  39.3  18.4        27.0 107.0   4.5 252.6            
       2 25  65.3  21.9  44.5  37.0  15.7        22.9 124.5   5.2 379.5            
       2 26  53.7  31.9  40.7  31.5  12.7        40.8 334.3  13.9 393.4            
       2 27  50.2  23.0  35.6  27.3   4.0        27.7 136.0   5.7 421.8            
       2 28  66.1  19.5  43.3  34.4  16.0        29.7 167.4   7.0 335.9            
       3  1  67.9  26.6  47.7  36.0  20.6        40.2 244.4  10.2 412.4  0.17  0.18
       3  2  46.1  21.5  34.2  45.1  13.7        27.2 240.1  10.0 355.3  0.12  0.11
       3  3  61.0  11.3  35.4  38.1  11.0        28.1 125.9   5.2 375.4  0.12  0.13
       3  4  49.8  25.0  35.9  62.7  23.9        23.2 134.2   5.6 341.1  0.09  0.08
       3  5  39.4  21.9  31.4  51.4  14.9        37.6 338.2  14.1 434.9  0.12  0.09
       3  6  40.3  17.7  27.0  63.1  15.7        20.0 158.3   6.6 322.6  0.08  0.07
       3  7  49.0  16.0  32.5  66.0  21.9        18.9 142.7   5.9 409.1  0.09  0.08
       3  8  49.3  24.7  39.1  45.1  18.9        38.9 361.5  15.1 447.7  0.14  0.12
       3  9  55.5  15.6  37.5  49.6  19.0        25.7 139.0   5.8 440.8  0.10  0.10
       3 10  55.1  27.1  42.5  36.0  15.2        37.2 319.3  13.3 422.8  0.17  0.15
       3 11  45.4  24.1  29.9  71.1  21.5        30.4 171.1   7.1 240.0  0.09  0.08
       3 12  31.4  19.0  26.4  85.3  22.6        14.2  94.5   3.9 260.0  0.05  0.04
       3 13  50.0   4.5  27.3  71.1  19.9         9.6  88.9   3.7 478.2  0.09  0.08
       3 14  66.6  23.1  42.0  60.8  27.4  0.05  13.1 101.6   4.2 474.7  0.11  0.11
       3 15  60.4  29.2  41.6  62.3  28.8        10.2 102.7   4.3 158.8  0.06  0.06
       3 16  68.1  26.5  48.8  39.1  20.7        23.1 148.9   6.2 323.4  0.12  0.13
       3 17  48.5  25.4  36.7  48.3  18.4        31.6 199.3   8.3 481.3  0.14  0.12
       3 18  56.7  18.6  37.7  47.1  18.1        25.8 172.5   7.2 487.2  0.15  0.13
       3 19  59.2  20.7  38.8  61.3  26.2  0.01  17.5  96.3   4.0 498.4  0.12  0.11
       3 20  65.3  23.7  46.2  46.9  23.3        18.3 136.1   5.7 500.8  0.14  0.13
       3 21  68.3  25.2  44.5  54.4  27.0        29.5 195.4   8.1 485.8  0.18  0.17
       3 22  62.7  25.4  42.6  61.7  28.6  0.01  31.5 213.7   8.9 372.7  0.15  0.14
       3 23  62.2  21.5  42.9  55.7  25.7        14.5 101.9   4.2 498.8  0.13  0.12
       3 24  62.5  25.9  46.4  57.3  30.6        18.6 166.1   6.9 489.3  0.14  0.13
       3 25  66.6  24.6  44.9  58.8  29.9        26.8 178.9   7.5 505.1  0.17  0.15
       3 26  70.4  25.3  48.7  53.8  29.7  0.01  22.3 171.0   7.1 433.0  0.16  0.16
       3 27  65.3  28.9  48.6  45.2  28.7  0.01  45.0 331.1  13.8 339.2  0.19  0.17
       3 28  57.6  23.1  39.6  35.4  12.5        34.3 201.0   8.4 392.8  0.17  0.15
       3 29  66.0  17.4  42.5  44.4  19.1        15.4 117.9   4.9 539.3  0.17  0.15
       3 30  75.4  24.0  53.1  30.0  15.2  0.02  36.8 206.1   8.6 556.3  0.23  0.23
       3 31  68.9  31.6  51.2  34.8  22.5        32.4 164.1   6.8 494.9  0.18  0.17
       4  1  43.3  24.7  33.6  71.0  25.4        28.1 286.2  11.9  68.3  0.08  0.06
       4  2  30.5  21.5  25.3  80.9  20.2        16.0 159.5   6.6 169.7  0.07  0.05
       4  3  40.9  21.4  29.7  74.5  22.2        25.6 141.8   5.9 416.1  0.09  0.07
       4  4  50.0  20.3  35.5  61.9  22.2        21.0 136.3   5.7 505.3  0.11  0.09
       4  5  56.8  30.7  42.9  52.6  24.5        30.5 256.3  10.7 523.5  0.16  0.14
       4  6  63.7  23.7  43.5  49.4  23.3        22.8 157.2   6.5 588.2  0.17  0.15
       4  7  68.9  25.8  50.3  40.3  25.5  0.01  38.2 270.4  11.3 546.6  0.22  0.20
       4  8  61.5  32.7  50.0  37.6  24.1  0.13  57.1 411.5  17.1 541.4  0.25  0.20
       4  9  59.8  24.1  43.1  50.4  24.2  0.01  37.8 236.0   9.8 375.7  0.17  0.15
       4 10  51.9  32.2  42.1  27.6  10.8        46.0 435.5  18.1 410.5  0.26  0.19
       4 11  55.9  17.6  41.1  41.4  18.6        21.0 149.5   6.2 553.0  0.16  0.14
       4 12  66.6  24.0  47.8  44.8  25.8        19.4 119.3   5.0 557.9  0.17  0.15
       4 13  69.4  32.9  52.1  50.1  32.5        24.4 157.3   6.6 542.1  0.18  0.16
       4 14  50.2  30.8  39.1  69.3  30.0  0.01  33.8 380.2  15.8 308.9  0.15  0.10
       4 15  40.0  26.6  31.5  47.4  12.9  0.01  39.8 472.4  19.7 629.1  0.24  0.14
       4 16  42.6  18.5  29.9  52.5  14.2  0.01  47.7 351.5  14.6 376.5  0.16  0.11
       4 17  61.1  15.9  38.0  44.9  16.9  0.01  23.5 142.3   5.9 630.4  0.18  0.15
       4 18  71.2  26.5  51.9  39.3  24.3  0.05  29.3 231.4   9.6 594.5  0.22  0.20
       4 19  74.9  29.5  54.4  41.7  28.4  0.01  34.7 137.4   5.7 458.6  0.17  0.16
       4 20  68.2  44.2  56.7  43.4  34.2        16.4 119.0   5.0 352.3  0.14  0.13
       4 21  62.4  39.2  50.7  52.5  32.6  0.09  28.4 186.5   7.8 446.4  0.19  0.16
       4 22  40.6  33.5  37.4  87.9  34.2  0.79  26.2 220.2   9.2 114.0  0.06  0.04
       4 23  35.1  31.3  33.2  88.3  30.1  0.29  14.0 120.6   5.0  93.7  0.05  0.04
       4 24  47.2  33.5  39.3  83.5  34.6  0.10  24.4 182.7   7.6 330.7  0.09  0.07
       4 25  49.1  31.3  37.7  87.4  34.5  0.70  16.7 118.1   4.9 317.3  0.08  0.06
       4 26  55.4  32.4  44.2  77.5  37.3  0.04  14.8  77.4   3.2 364.6  0.09  0.07
       4 27  65.1  34.5  50.0  72.4  41.0  0.03  19.7 129.1   5.4 492.8  0.14  0.11
       4 28  57.0  41.8  48.7  85.8  44.6  0.16  33.1 143.5   6.0 167.6  0.06  0.05
       4 29  46.9  42.9  44.6  92.0  42.4  1.50  30.5 352.6  14.7  56.7  0.04  0.03
       4 30  44.4  40.6  42.5  91.3  40.2  1.78  21.8 182.5   7.6  47.6  0.03  0.02
       5  1  52.5  37.4  42.3  88.5  39.3  0.33  33.2 104.0   4.3 215.1  0.07  0.06
       5  2  55.0  38.2  44.8  82.6  39.7  0.25  16.5 123.1   5.1 299.8  0.09  0.07
       5  3  65.4  36.1  48.6  69.3  37.9  0.05  25.1 140.1   5.8 469.9  0.16  0.13
       5  4  56.8  36.9  47.7  41.4  24.7        35.7 374.8  15.6 647.3  0.27  0.19
       5  5  50.0  35.3  41.6  49.5  24.2        42.0 452.5  18.9 545.3  0.26  0.16
       5  6  57.6  35.3  45.0  35.7  19.0        44.9 395.6  16.5 715.0  0.33  0.22
       5  7  71.1  29.6  51.2  48.2  31.0        17.2 115.3   4.8 713.0  0.23  0.19
       5  8  76.7  35.9  58.4  48.3  36.1        23.8 185.9   7.7 670.6  0.26  0.21
       5  9  76.9  37.8  57.0  55.1  39.3        36.3 199.5   8.3 552.4  0.25  0.21
       5 10  52.3  31.0  42.0  58.6  28.0  0.28  36.6 313.9  13.1 424.3  0.20  0.14
       5 11  54.4  28.0  42.6  42.3  20.8        27.7 105.4   4.4 559.2  0.19  0.14
       5 12  64.1  25.1  46.8  54.7  29.9        17.8 137.4   5.7 676.2  0.22  0.17
       5 13  71.3  35.8  54.1  59.3  39.9        29.0 165.4   6.9 496.6  0.19  0.15
       5 14  64.7  46.7  53.9  61.0  40.2  0.06  33.5 179.3   7.5 537.1  0.20  0.16
       5 15  68.1  41.2  54.6  58.7  38.8        20.0 172.1   7.2 613.6  0.23  0.18
       5 16  57.7  39.1  46.1  67.3  35.3  0.39  24.0 187.5   7.8 276.7  0.15  0.12
       5 17  59.3  33.1  47.1  66.9  35.7        13.7  91.1   3.8 707.0  0.20  0.16
       5 18  73.8  34.6  54.2  60.4  39.0        16.5 107.9   4.5 704.0  0.24  0.19
       5 19  79.4  42.7  61.7  53.8  42.3        25.8 154.6   6.4 665.9  0.26  0.21
       5 20  66.7  50.4  55.5  72.5  46.7  0.16  30.6 166.0   6.9 417.5  0.18  0.14
       5 21  75.0  45.2  59.6  72.3  49.8        16.7  94.8   4.0 617.3  0.21  0.17
       5 22  77.0  46.5  61.0  67.2  49.4        31.0 165.8   6.9 561.5  0.23  0.18
       5 23  69.9  49.8  59.2  72.8  50.1        11.8  80.3   3.3 561.3  0.19  0.15
       5 24  69.3  45.6  58.4  73.3  49.4        15.4 130.3   5.4 429.4  0.17  0.13
       5 25  61.0  44.5  54.6  77.9  47.7        21.9 128.9   5.4 403.0  0.14  0.11
       5 26  72.7  38.9  55.7  67.8  44.5        18.2 107.6   4.5 613.8  0.22  0.17
       5 27  66.3  45.6  55.3  78.5  48.7  0.06  14.1  95.4   4.0 298.9  0.12  0.09
       5 28  74.1  39.1  57.0  73.2  47.8        15.0  95.7   4.0 645.2  0.22  0.17
       5 29  77.6  43.2  58.6  69.7  48.0        29.5 115.2   4.8 495.4  0.21  0.16
       5 30  71.2  46.7  60.2  67.2  48.9  0.05  23.9 126.2   5.3 483.6  0.18  0.14
       5 31  63.3  43.2  53.6  74.6  45.7  0.06  30.3 167.2   7.0 327.9  0.15  0.11
       6  1  72.1  38.2  56.9  57.9  41.7  0.01  16.8 123.8   5.2 657.7  0.24  0.19
       6  2  81.1  41.8  60.7  64.0  46.9        31.4 134.5   5.6 583.8  0.26  0.20
       6  3  79.7  44.6  61.5  55.3  44.0        17.5 105.2   4.4 657.1  0.26  0.20
       6  4  80.5  41.6  62.3  54.2  43.8        26.8 143.2   6.0 659.9  0.29  0.22
       6  5  63.5  40.6  51.9  66.5  40.8  0.04  36.1 209.3   8.7 483.9  0.22  0.16
       6  6  73.4  36.2  57.7  56.6  41.2        32.2 104.0   4.3 592.9  0.23  0.17
       6  7  81.9  40.3  63.6  51.3  42.1        19.1 139.7   5.8 740.0  0.31  0.23
       6  8  86.3  38.4  65.7  45.5  40.5        16.7 118.0   4.9 760.0  0.32  0.24
       6  9  72.9  51.3  60.4  62.2  47.1  0.23  27.0 187.2   7.8 527.4  0.25  0.19
       6 10  66.3  47.6  56.2  82.9  51.1  0.39  17.8 121.7   5.1 359.3  0.15  0.11
       6 11  72.1  38.8  55.4  75.7  47.4  0.30  21.7 105.9   4.4 699.0  0.24  0.18
       6 12  70.2  45.0  55.8  79.3  49.5        23.3 106.7   4.4 474.4  0.18  0.14
       6 13  65.7  43.2  55.3  78.4  48.6        19.3  98.5   4.1 457.8  0.16  0.12
       6 14  70.3  50.1  58.2  79.3  51.7  0.04  24.2 112.2   4.7 408.3  0.16  0.12
       6 15  63.7  44.6  53.5  87.0  49.8  0.18  11.8  72.4   3.0 243.1  0.10  0.07
       6 16  58.8  48.5  52.3  85.5  48.1  0.12  11.6 109.7   4.6 208.1  0.09  0.07
       6 17  71.1  47.9  57.3  84.6  52.7  0.27  22.4  87.2   3.6 518.7  0.18  0.13
       6 18  78.9  45.6  62.9  72.8  53.4        15.8  80.7   3.4 631.4  0.21  0.16
       6 19  82.9  50.9  65.8  67.8  54.1        23.2 117.1   4.9 606.3  0.25  0.18
       6 20  84.4  50.0  66.7  65.5  54.4        20.1  91.7   3.8 567.8  0.24  0.18
       6 21  82.8  50.2  64.2  69.0  53.3  0.13  41.7 116.9   4.9 476.9  0.24  0.18
       6 22  84.3  49.2  65.3  67.0  52.8  0.01  23.4  96.2   4.0 553.4  0.25  0.19
       6 23  85.6  49.8  67.2  65.8  54.0        14.5  93.2   3.9 727.0  0.29  0.22
       6 24  87.1  50.8  69.4  52.7  49.5        15.2  94.6   3.9 751.0  0.32  0.24
       6 25  89.8  53.8  69.8  64.5  56.6        17.2  82.9   3.5 629.4  0.28  0.21
       6 26  82.5  50.9  69.0  59.6  53.8        20.0 130.0   5.4 723.0  0.30  0.23
       6 27  80.1  58.3  67.2  70.9  57.1        18.4 126.2   5.3 544.2  0.25  0.19
       6 28  74.6  45.3  61.7  56.1  45.1        28.3 193.2   8.1 722.0  0.32  0.23
       6 29  86.1  44.2  66.8  50.9  44.5        27.9 167.2   7.0 553.4  0.32  0.24
       6 30  83.1  50.4  66.7  57.9  49.1        31.2 165.7   6.9 389.2  0.26  0.19
       7  1  84.7  46.2  64.6  66.7  52.3        18.3 128.4   5.3 638.1  0.29  0.22
       7  2  91.0  54.7  71.1  57.7  54.5        15.9  99.8   4.2 441.7  0.26  0.18
       7  3  96.6  54.9  75.6  47.7  50.4        20.1 128.4   5.3 699.7  0.37  0.27
       7  4  95.5  52.3  75.2  49.6  51.8        18.2 110.5   4.6 701.0  0.35  0.26
       7  5  84.2  55.5  71.1  54.5  53.3        25.6 175.5   7.3 713.0  0.34  0.26
       7  6  85.7  60.0  70.7  72.0  60.9        15.9 119.2   5.0 494.3  0.25  0.19
       7  7  93.6  56.0  75.2  59.2  57.5        18.2 125.1   5.2 696.9  0.34  0.26
       7  8  81.2  64.5  71.5  63.8  58.4        20.4 128.1   5.3 348.8  0.21  0.16
       7  9  77.5  55.8  67.2  57.9  51.1        22.2 125.0   5.2 713.0  0.30  0.23
       7 10  79.5  49.9  65.1  62.7  51.6        15.2 115.4   4.8 722.8  0.30  0.23
       7 11  81.6  50.8  66.3  63.2  52.7  0.04  26.5 100.6   4.2 603.5  0.26  0.20
       7 12  83.4  52.2  68.3  64.5  54.0        12.2  73.2   3.0 733.6  0.27  0.21
       7 13  90.5  51.3  71.9  59.0  54.4        11.6  83.6   3.5 679.5  0.29  0.22
       7 14  87.3  60.4  72.3  60.2  57.3        24.7 102.3   4.3 400.5  0.22  0.17
       7 15  86.4  57.0  71.2  60.6  55.2        18.0 100.3   4.2 412.9  0.23  0.17
       7 16  69.9  58.2  64.9  76.7  57.4  0.02  18.5 155.9   6.5 318.9  0.16  0.12
       7 17  84.3  61.4  69.8  79.5  62.2  0.11  19.4 117.3   4.9 551.5  0.24  0.19
       7 18  83.2  56.5  69.8  71.6  59.2         9.9  74.5   3.1 422.1  0.19  0.14
       7 19  84.3  59.8  69.0  73.7  59.1  0.10  19.8 105.0   4.4 520.9  0.24  0.18
       7 20  82.0  55.6  69.3  72.7  58.8        12.3  70.6   2.9 707.1  0.26  0.21
       7 21  86.8  54.4  72.1  61.6  56.5        13.6  81.5   3.4 710.0  0.28  0.22
       7 22  86.6  58.2  69.9  64.8  56.9  0.05  15.7 100.9   4.2 442.9  0.24  0.18
       7 23  93.6  56.2  73.5  50.8  51.8        14.5  95.7   4.0 714.0  0.33  0.25
       7 24  87.2  52.3  69.4  64.8  56.5        17.5  82.6   3.4 562.4  0.25  0.19
       7 25  83.9  55.1  70.6  67.8  58.4        24.5  71.8   3.0 515.1  0.21  0.17
       7 26  87.4  52.0  71.4  59.4  54.6        14.5  84.5   3.5 629.1  0.27  0.21
       7 27  87.8  56.7  73.3  64.2  59.5        12.5  64.2   2.7 596.8  0.24  0.19
       7 28  89.3  64.3  74.2  63.1  60.1        20.9  85.9   3.6 573.1  0.26  0.20
       7 29  84.9  57.0  69.9  71.0  59.4        15.1  66.1   2.8 384.9  0.19  0.15
       7 30  83.9  61.6  68.4  71.3  58.3  0.10  17.3  80.1   3.3 313.6  0.19  0.14
       7 31  75.7  57.6  63.1  87.0  59.0  0.20  15.0  48.0   2.0 239.8  0.12  0.10
       8  1  66.5  57.3  60.2  85.3  55.7        15.0 107.1   4.5 304.3  0.13  0.10
       8  2  72.0  55.5  61.2  83.8  56.0         8.5  64.0   2.7 432.7  0.16  0.13
       8  3  78.2  51.0  64.3  78.3  56.8         9.8  51.6   2.1 591.5  0.19  0.16
       8  4  69.0  55.0  61.1  90.0  58.2  0.29  17.6  70.9   3.0 184.3  0.07  0.06
       8  5  69.6  55.9  61.7  88.7  58.3  0.08  13.1  71.8   3.0 256.5  0.10  0.08
       8  6  80.1  53.4  67.6  77.3  59.6        11.3  48.3   2.0 524.1  0.17  0.14
       8  7  83.6  52.5  66.2  70.4  55.6        15.2  73.1   3.0 540.7  0.21  0.17
       8  8  83.4  50.8  67.0  71.3  56.6        13.8  51.7   2.2 601.3  0.21  0.17
       8  9  85.0  53.7  67.2  65.2  54.3  0.02  19.2  88.0   3.7 394.8  0.20  0.16
       8 10  80.7  55.4  66.3  77.8  58.9  0.36  30.0  64.0   2.7 477.3  0.18  0.15
       8 11  83.4  54.0  68.3  67.8  56.2        15.9  60.5   2.5 595.2  0.22  0.18
       8 12  81.2  49.2  66.7  53.9  48.2        19.1 103.2   4.3 564.2  0.24  0.19
       8 13  78.4  48.0  61.8  78.3  54.6        10.2  52.6   2.2 542.2  0.19  0.16
       8 14  83.4  48.8  67.8  65.2  54.3        19.3  73.8   3.1 495.8  0.19  0.16
       8 15  83.0  54.4  68.6  61.8  53.9        11.7  37.3   1.6 417.9  0.16  0.13
       8 16  87.4  52.8  69.8  53.7  50.5        13.0  82.2   3.4 605.5  0.25  0.20
       8 17  83.5  53.3  66.7  64.3  53.0  0.07  24.0  94.6   3.9 321.6  0.18  0.14
       8 18  84.4  48.0  66.6  58.6  50.1        13.7  87.7   3.7 638.5  0.25  0.21
       8 19  84.5  49.9  67.7  63.0  53.3        13.8  80.1   3.3 486.4  0.20  0.17
       8 20  86.1  53.7  66.0  70.6  55.2  0.04  22.1  79.8   3.3 376.8  0.19  0.15
       8 21  85.1  53.0  67.3  68.4  55.1  0.08  17.0  67.7   2.8 401.6  0.18  0.14
       8 22  87.7  53.9  69.7  61.8  52.9        20.7  90.7   3.8 594.4  0.25  0.20
       8 23  82.9  52.4  67.4  58.0  51.0        15.1  95.5   4.0 609.9  0.24  0.20
       8 24  90.2  50.9  70.1  59.7  53.4        11.8  69.1   2.9 593.1  0.24  0.19
       8 25  84.2  55.9  69.0  62.5  55.0        18.0  78.7   3.3 257.6  0.15  0.12
       8 26  89.2  55.9  71.8  59.0  54.6        12.4  73.0   3.0 572.1  0.23  0.19
       8 27  87.8  60.1  70.3  66.3  57.8  0.50  34.6  90.2   3.8 406.7  0.20  0.17
       8 28  73.2  57.2  65.4  85.5  60.8  0.06  14.8  53.9   2.2 284.0  0.11  0.10
       8 29  81.9  56.3  68.0  72.9  58.0        12.8  80.6   3.4 499.6  0.19  0.16
       8 30  86.8  51.0  69.0  63.0  54.0        12.1  69.5   2.9 520.4  0.20  0.17
       8 31  86.7  54.3  68.3  71.4  57.8  0.28  29.8  94.4   3.9 464.6  0.20  0.17
       9  1  75.2  53.6  63.6  83.4  58.3  0.36  23.2  77.8   3.2 391.0  0.15  0.13
       9  2  75.3  55.7  63.8  83.6  58.6  0.09  11.9  63.4   2.6 435.8  0.15  0.13
       9  3  72.5  51.5  60.6  77.6  53.2  0.01  24.9 105.4   4.4 350.6  0.15  0.12
       9  4  67.1  49.4  58.2  73.8  49.6  0.03  16.8  86.2   3.6 431.3  0.15  0.12
       9  5  72.9  44.2  58.0  74.1  49.2         9.9  59.1   2.5 560.7  0.17  0.15
       9  6  80.2  44.6  61.8  66.8  49.2        12.5  76.4   3.2 555.5  0.19  0.16
       9  7  76.4  45.0  61.6  59.2  46.8        18.3 110.0   4.6 554.5  0.20  0.16
       9  8  71.0  41.6  56.0  64.0  42.9        14.4  56.0   2.3 553.7  0.17  0.15
       9  9  74.2  39.5  57.3  64.1  44.4        10.5  67.7   2.8 552.1  0.18  0.15
       9 10  79.8  41.9  60.4  61.2  45.3        21.7  84.8   3.5 362.5  0.16  0.13
       9 11  74.1  47.3  58.3  66.6  47.1        24.4 118.8   5.0 385.8  0.16  0.13
       9 12  60.3  40.3  50.0  69.0  39.9        15.3  69.2   2.9 379.8  0.13  0.11
       9 13  63.0  35.3  48.7  64.9  36.8         9.6  60.5   2.5 518.8  0.15  0.13
       9 14  64.1  36.4  51.4  60.5  37.4        13.3  78.8   3.3 499.1  0.14  0.12
       9 15  70.7  35.0  52.8  65.5  40.4        12.1  73.2   3.0 494.6  0.14  0.12
       9 16  71.6  41.1  56.1  69.3  45.2        12.3  73.4   3.1 511.0  0.14  0.12
       9 17  77.2  37.4  55.9  61.5  40.7        12.3  71.5   3.0 492.0  0.16  0.14
       9 18  80.3  38.4  59.8  49.8  38.8        30.2  65.9   2.7 478.6  0.16  0.14
       9 19  59.2  41.4  46.0  81.6  40.6  0.21  30.2 123.3   5.1  64.7  0.08  0.07
       9 20  54.5  36.5  44.9  87.8  41.5  0.24   8.0  50.1   2.1 185.1  0.06  0.06
       9 21  70.9  31.7  50.6  66.5  37.8         9.3  67.1   2.8 512.9  0.15  0.12
       9 22  75.4  36.5  55.9  61.9  41.2         8.7  64.4   2.7 502.0  0.14  0.12
       9 23  79.2  45.4  60.5  52.6  41.4         9.3  68.8   2.9 438.7  0.14  0.12
       9 24  77.9  45.5  61.4  54.4  43.3        26.1 111.5   4.6 345.5  0.15  0.13
       9 25  82.0  40.3  61.7  56.3  43.7        23.3  85.7   3.6 479.1  0.17  0.15
       9 26  59.3  36.3  46.5  69.7  36.7  0.12  24.3 108.9   4.5 388.0  0.14  0.11
       9 27  51.5  36.4  40.7  82.9  35.7  0.09  16.0  90.4   3.8 184.5  0.09  0.07
       9 28  45.6  27.8  36.1  79.9  30.1  0.55  19.4 113.9   4.7 316.1  0.09  0.07
       9 29  64.2  25.6  42.1  68.7  31.5        10.8  65.3   2.7 472.6  0.12  0.10
       9 30  61.7  35.4  49.2  60.3  35.4        29.9 118.8   5.0 460.3  0.12  0.10
      10  1  61.5  29.0  41.2  73.5  33.0        24.4 116.0   4.8 359.9  0.12  0.10
      10  2  46.6  31.4  36.7  81.4  31.6        17.0  94.6   3.9 190.3  0.06  0.05
      10  3  48.0  29.1  37.6  76.9  30.8        15.3  60.6   2.5 252.2  0.06  0.06
      10  4  70.9  24.5  45.4  64.0  32.4        11.3  71.4   3.0 448.6  0.12  0.10
      10  5  71.2  29.5  49.6  55.1  32.6        14.9  73.3   3.1 437.7  0.11  0.10
      10  6  78.7  39.3  56.4  61.3  42.1  0.01  36.0  80.6   3.4 292.6  0.10  0.09
      10  7  63.2  37.2  51.4  71.7  42.4        14.3  75.2   3.1 223.4  0.07  0.06
      10  8  65.4  35.5  49.3  61.2  35.4        13.3 103.3   4.3 413.8  0.13  0.11
      10  9  79.2  31.8  53.5  58.8  36.6        10.9  75.7   3.2 423.3  0.14  0.13
      10 10  67.2  34.0  51.6  64.5  39.6        15.2  85.4   3.6 410.7  0.11  0.10
      10 11  82.2  32.5  54.6  56.3  35.3        12.7  86.1   3.6 409.5  0.15  0.14
      10 12  83.7  38.5  57.8  40.2  29.7        21.3  97.0   4.0 374.2  0.16  0.15
      10 13  72.4  35.2  51.9  59.0  37.1        22.9  80.4   3.4 392.9  0.13  0.11
      10 14  78.4  33.4  53.8  47.3  29.9        12.3  69.9   2.9 319.4  0.13  0.12
      10 15  55.6  32.0  43.8  63.1  31.4  0.22  31.0 158.2   6.6 131.2  0.10  0.08
      10 16  33.9  22.1  30.5  85.4  26.9  0.19  21.3 132.3   5.5  96.2  0.05  0.03
      10 17  50.2  16.0  32.2  66.4  21.5        13.1  71.1   3.0 393.3  0.09  0.08
      10 18  43.8  32.3  38.2  77.4  31.7        17.1 108.1   4.5  92.3  0.03  0.03
      10 19  52.7  24.7  37.6  70.1  27.7        10.3  54.0   2.3 360.4  0.06  0.05
      10 20  65.7  23.3  42.3  62.0  27.6        10.1  68.5   2.9 374.1  0.09  0.08
      10 21  72.7  26.8  47.8  52.6  27.1        12.6  78.4   3.3 373.1  0.10  0.10
      10 22  69.1  30.6  46.4  53.2  27.1         9.2  76.6   3.2 367.8  0.10  0.09
      10 23  68.5  30.5  46.1  56.3  29.3         9.4  79.2   3.3 365.8  0.11  0.10
      10 24  73.9  26.5  48.8  45.2  25.3        14.3  83.2   3.5 369.9  0.12  0.11
      10 25  68.2  31.5  47.9  41.3  23.4        11.3  93.8   3.9 349.3  0.11  0.11
      10 26  74.7  27.9  47.8  47.1  25.2         9.6  71.1   3.0 345.0  0.11  0.11
      10 27  74.6  27.2  47.1  49.7  25.8        31.7 158.5   6.6 339.9  0.18  0.16
      10 28  55.4  20.7  38.1  68.2  28.5        19.6  58.4   2.4 271.6  0.07  0.06
      10 29  54.8  28.7  46.1  44.3  25.1        38.9 267.5  11.1 273.4  0.12  0.10
      10 30  65.4  19.8  41.1  52.3  22.9        12.4  76.7   3.2 332.5  0.10  0.09
      10 31  70.1  23.7  44.8  52.9  26.5        11.4  79.3   3.3 332.1  0.09  0.09
      11  1  58.9  18.5  38.0  37.3  13.9        31.9 195.6   8.2 314.7            
      11  2  55.7   8.3  29.8  54.4  14.1         9.9  58.5   2.4 318.5            
      11  3  63.7  25.8  41.7  44.4  19.2        16.4  90.8   3.8 296.5            
      11  4  63.3  23.6  41.0  53.6  25.2        10.2  62.8   2.6 132.5            
      11  5  55.4  22.6  38.4  58.0  24.2        13.7  80.5   3.4 303.3            
      11  6  72.2  23.5  44.8  48.1  22.3        13.6  85.1   3.5 304.7            
      11  7  73.0  25.6  46.3  39.0  20.1         8.0  75.7   3.2 302.8            
      11  8  75.7  32.0  50.3  38.3  22.9        17.6  86.8   3.6 274.1            
      11  9  68.4  30.0  49.9  38.2  23.7        19.2 132.5   5.5 284.2            
      11 10  66.4  24.8  43.1  45.9  21.6         7.8  75.8   3.2 279.7            
      11 11  63.9  29.2  43.9  46.1  23.0        11.0  63.3   2.6 127.2            
      11 12  73.2  25.6  44.0  40.4  18.0         6.9  72.5   3.0 285.7            
      11 13  76.1  26.5  47.4  33.6  17.0         9.7  76.7   3.2 286.3            
      11 14  71.3  26.8  46.7  35.4  18.0         8.0  84.0   3.5 279.5            
      11 15  72.2  25.6  44.8  38.0  17.9         7.8  77.6   3.2 279.6            
      11 16  70.9  26.5  45.8  35.6  17.3        11.5  83.2   3.5 266.9            
      11 17  69.7  27.0  46.7  41.8  23.6        19.1  82.3   3.4 253.5            
      11 18  59.3  39.7  47.4  32.9  19.6        32.8 291.8  12.2 280.7            
      11 19  53.9  18.0  35.6  46.2  15.7        12.1  77.6   3.2 252.2            
      11 20  64.2  26.4  42.5  45.3  21.8        19.6 123.9   5.2 185.5            
      11 21  50.5  28.7  38.3  51.0  20.2        17.7 120.2   5.0 223.7            
      11 22  30.9   4.8  25.3  89.7  23.4  0.15  16.7 100.4   4.2 121.3            
      11 23  31.1   1.8  14.7  82.5  11.9  0.03   8.0  58.9   2.5 227.6            
      11 24  32.8  -5.1  11.2  63.8   2.1         8.3  67.7   2.8 255.8            
      11 25  47.4   4.4  23.6  72.8  17.2        19.5  56.4   2.4 168.2            
      11 26  65.7  31.8  51.0  43.9  29.2        26.4 140.3   5.8 250.9            
      11 27  52.6  28.6  39.5  72.6  30.8        17.6  80.0   3.3 241.2            
      11 28  53.4  26.2  37.7  73.0  29.6        11.1  73.5   3.1 225.7            
      11 29  36.6  21.8  28.5  90.2  26.4         6.8  42.6   1.8 126.0            
      11 30  44.0  23.8  33.5  84.3  29.9         9.8  51.3   2.1  58.1            
      12  1  58.3  30.1  43.0  52.2  26.1        28.2 100.5   4.2 153.6            
      12  2  50.0  24.6  39.5  57.1  25.1        30.2 182.7   7.6 219.4            
      12  3  38.4  27.7  33.3  69.4  24.4        33.8 319.2  13.3 104.0            
      12  4  38.9  13.3  28.5  55.0  13.5        21.4 158.2   6.6 206.4            
      12  5  45.9  10.5  25.3  61.3  13.3         9.0  60.5   2.5 228.8            
      12  6  51.6  22.1  35.7  46.7  15.6        12.1  80.3   3.3 195.5            
      12  7  50.0  22.2  32.6  52.4  16.4        23.9 120.9   5.0 176.7            
      12  8  31.7  14.8  25.0  77.9  19.4        11.0  75.8   3.2 110.4            
      12  9  38.9   7.1  21.8  62.1  10.7         7.5  63.9   2.7 213.4            
      12 10  46.5  14.8  29.4  58.6  15.7        12.2  73.0   3.0 203.5            
      12 11  39.7  16.4  28.0  65.0  17.5        13.5  74.2   3.1 209.0            
      12 12  45.2  16.8  29.6  52.1  12.8        16.1  92.8   3.9 219.1            
      12 13  46.4  17.8  30.3  59.5  17.4        38.8 128.4   5.3  79.7            
      12 14  35.5  22.5  28.3  31.6   1.1        40.4 374.5  15.6 219.0            
      12 15  42.4  19.7  31.2  34.5   5.8        21.8 114.8   4.8 154.6            
      12 16  57.3  23.3  39.9  41.1  16.9        25.4 142.0   5.9 212.0            
      12 17  46.5  14.4  34.1  52.7  18.6        25.9 159.1   6.6 187.0            
      12 18  51.6  13.7  31.4  56.4  16.1        28.6 159.0   6.6 167.9            
      12 19  38.6  11.5  24.7  55.1  10.1        30.8 196.0   8.2 162.1            
      12 20  36.2  13.8  23.4  59.3  10.0        27.2 108.5   4.5  93.8            
      12 21  37.0  14.1  26.1  62.0  14.8        25.1 140.1   5.8 100.8            
      12 22  41.6  15.3  30.5  53.5  14.3        33.7 183.0   7.6  84.5            
      12 23  55.1  25.5  40.9  40.7  18.2        23.9 155.8   6.5 212.5            
      12 24  59.4  19.6  38.3  46.8  18.7        19.7 122.8   5.1 205.1            
      12 25  59.6  19.4  36.3  43.8  14.8         9.8  88.0   3.7 212.2            
      12 26  52.4  15.4  31.4  45.2  11.2         7.1  70.4   2.9 216.2            
      12 27  57.6  20.5  40.1  39.2  16.3        24.9 141.5   5.9 204.4            
      12 28  63.7  20.4  38.2  44.1  16.3        13.3  80.4   3.4 217.8            
      12 29  59.0  16.6  36.7  38.9  12.1        10.2  78.6   3.3 217.1            
      12 30  55.5  16.0  32.0  45.1  11.5        10.8  92.5   3.9 217.5            
      12 31  53.2  13.4  30.3  49.1  12.2        12.1  82.3   3.4 191.0            

      Total                               14.06                         43.06 34.80
        Max  96.6  64.5  75.6  92.0  62.2        57.1 480.7  20.0 760.0
        Min  28.2  -5.1  11.2  27.3  -2.4         6.8  37.3   1.6  47.6
        Ave  63.5  33.0  47.7  60.0  32.7        21.5 132.3   5.5 380.9
