      2002                                                                03-JAN-03
      Weather Station near FT COLLINS EAST, CO  alfalfa hay site at CSU Horticultur
      -----------------------------------------------------------------------------
               Temperature      Rel   Dew             Wind        Solar StandrdASCE
            ----------------- Humid Point  Prec -----------------   Rad   ETr   ETo
       Date   Max   Min   Ave   Ave   Ave Total   Max Total   Ave Total Alflf Grass
      MoDay     F     F     F     %     F  inch   mph miles   mph Langl  inch  inch
      ----- ----- ----- ----- ----- ----- ----- ----- ----- ----- ----- ----- -----
       1  1  26.1  -9.4  15.0  77.5  10.6  0.07  12.1  55.7   2.3  97.3            
       1  2  26.0 -14.3   2.7  66.3  -3.3         9.3  91.3   3.8 213.3            
       1  3  48.4   0.9  23.2  62.0  13.4         8.3  77.4   3.2 220.2            
       1  4  40.9  19.8  32.9  61.1  21.0        28.8 216.8   9.0  75.9            
       1  5  37.6   7.6  24.9  63.5  14.6        11.9  64.8   2.7 164.1            
       1  6  43.4  12.7  28.7  59.6  16.0        12.6  72.8   3.0 203.7            
       1  7  62.5  16.5  39.5  52.0  22.2        24.0 110.6   4.6 207.9            
       1  8  63.2  35.4  52.4  31.2  22.3        24.5 119.9   5.0  79.8            
       1  9  54.3  26.5  38.3  64.1  26.4        21.0  99.8   4.2 172.7            
       1 10  39.3   9.8  23.8  83.4  20.4  0.18   7.3  27.1   1.1 206.9            
       1 11  51.9   7.7  29.8  64.1  18.4        19.3 117.5   4.9 185.1            
       1 12  51.8  14.3  29.9  61.9  17.7        30.2 106.4   4.4 193.3            
       1 13  43.8  19.5  35.9  38.9  12.5        38.4 334.9  14.0 227.8            
       1 14  33.1   9.0  21.7  57.7   9.0        16.9 108.2   4.5 192.7            
       1 15  25.2   8.3  16.2  73.4   9.4        10.7  65.4   2.7 181.5            
       1 16  26.7   4.9  15.4  70.7   7.8        13.7  88.2   3.7 227.5            
       1 17  29.5  -0.3  17.2  59.7   5.3        14.1  86.7   3.6 232.8            
       1 18  32.1   1.6  17.5  50.6   1.5        24.8 114.9   4.8 188.6            
       1 19  36.6  -1.9  16.4  46.2  -1.4        11.8  73.1   3.0 230.3            
       1 20  38.7  12.0  30.4  29.6   1.8        33.9 243.8  10.2 245.3            
       1 21  49.5  18.5  34.6  37.8  11.1        15.1 120.1   5.0 246.6            
       1 22  53.5  15.8  32.5  50.3  14.6        30.9 201.7   8.4 258.3            
       1 23  25.6  -6.5  15.9  73.7  10.4  0.03  21.8  99.2   4.1 247.4            
       1 24  33.5 -10.4  12.0  57.6   1.4  0.01  11.2  75.6   3.1 272.5            
       1 25  50.4  11.4  31.7  53.9  16.8        10.1  57.1   2.4 173.8            
       1 26  59.0  19.2  41.1  40.0  16.6        28.1 130.4   5.4 236.4            
       1 27  59.2  24.1  42.1  32.8  13.0        21.8 109.2   4.5 268.2            
       1 28  36.8  10.6  21.2  73.5  14.3        16.3  79.6   3.3 173.8            
       1 29  35.7  13.6  21.3  71.4  13.2        16.1 109.1   4.5 228.3            
       1 30  28.8   2.6  15.0  74.1   8.7  0.04  13.4  77.2   3.2 235.0            
       1 31  29.8  -2.4  14.8  49.5  -0.1        30.7 175.8   7.3 299.0            
       2  1  40.7  -2.6  18.0  58.1   5.6         7.6  58.6   2.4 299.2            
       2  2  41.4  13.4  25.3  58.8  12.3        10.2  84.0   3.5 258.0            
       2  3  43.2  10.9  24.8  60.0  12.4        11.1  95.2   4.0 303.1            
       2  4  46.2  10.2  25.8  49.9   8.5        34.0 200.8   8.4 285.1            
       2  5  41.7   9.0  22.9  53.2   6.8        14.6  90.0   3.8 311.4            
       2  6  52.5   7.5  27.8  45.2   6.1        29.7 119.6   5.0 316.0            
       2  7  47.9   9.3  29.4  40.6   7.1        10.1  78.1   3.3 200.3            
       2  8  51.1  15.6  31.6  38.1   8.9        41.3 259.4  10.8 180.7            
       2  9  33.6  23.5  29.4  45.7  11.1        43.3 479.6  20.0 182.5            
       2 10  46.7   9.2  27.0  33.7   0.1        17.4 113.7   4.7 334.1            
       2 11  60.5  17.8  39.0  31.6   7.8        27.8 143.6   6.0 204.8            
       2 12  33.9  10.6  22.2  58.4   9.7        11.0  61.0   2.5 191.4            
       2 13  49.7   4.1  25.0  47.3   5.2        12.6  94.9   4.0 334.7            
       2 14  46.2  12.0  30.9  44.2  10.7        37.3 204.1   8.5  98.4            
       2 15  51.6   4.8  25.5  44.2   3.9        12.3  85.1   3.5 355.5            
       2 16  55.5   6.4  30.1  33.0   2.8        10.5  89.7   3.7 349.7            
       2 17  63.3  21.5  41.2  30.4  10.5        23.6 109.1   4.5 341.5            
       2 18  55.0  29.2  39.2  51.9  22.6  0.02  28.7 114.5   4.8 253.8            
       2 19  51.1  22.3  36.8  47.0  16.3        24.7 118.8   5.0 350.3            
       2 20  52.0  17.2  36.2  45.5  15.8        30.3 184.7   7.7 305.0            
       2 21  49.3  13.6  31.8  46.4  11.5        27.3 184.7   7.7 384.8            
       2 22  66.3  18.7  46.1  29.6  12.1        30.0 160.7   6.7 256.6            
       2 23  71.6  28.1  51.5  24.4  15.0        28.1 115.9   4.8 276.8            
       2 24  49.5  20.9  33.4  62.9  21.6        26.3 194.4   8.1 307.2            
       2 25  21.6   2.8   9.0  66.4   0.5  0.01  27.4 223.0   9.3 336.0            
       2 26  22.3   1.2  11.8  50.9  -2.4        31.7 173.2   7.2 423.6            
       2 27  34.3   2.3  20.3  55.2   6.8        35.3 208.0   8.7 326.2            
       2 28  44.8   5.7  22.7  65.5  13.0        31.9 175.1   7.3 372.2            
       3  1  19.8 -11.2   9.3  74.5   3.6  0.06  19.4 175.9   7.3 304.0  0.03  0.02
       3  2  15.3 -18.0  -0.8  59.1 -10.5        22.8 115.8   4.8 422.2  0.04  0.03
       3  3  28.7 -15.4   8.7  51.6  -4.5        29.8 161.4   6.7 447.0  0.07  0.05
       3  4  47.4   3.0  24.7  56.4  11.6        11.4  63.1   2.6 443.9  0.08  0.07
       3  5  50.1  19.8  34.9  54.2  19.1        11.8  81.7   3.4 447.9  0.10  0.08
       3  6  45.4  26.8  34.4  67.5  24.6        14.6 101.7   4.2 407.3  0.09  0.07
       3  7  58.1  21.3  37.0  64.6  25.1        23.1 102.7   4.3 417.7  0.13  0.09
       3  8  34.9  11.8  22.1  73.3  16.3        38.5 267.2  11.1 137.7  0.06  0.04
       3  9  39.1   7.9  24.0  53.4   9.8        21.5 128.1   5.3 461.1  0.09  0.07
       3 10  54.0  15.9  34.9  54.2  19.2        17.3  77.3   3.2 378.7  0.11  0.08
       3 11  57.6  28.4  43.6  37.4  17.5        26.7 186.3   7.8 466.7  0.20  0.14
       3 12  66.5  27.4  48.7  37.2  21.6        22.1 148.3   6.2 344.3  0.20  0.14
       3 13  52.9  27.6  42.1  58.7  28.2        21.3 196.1   8.2 436.5  0.14  0.10
       3 14  28.1  17.8  23.0  81.5  18.4  0.17  19.4 182.1   7.6 398.7  0.05  0.04
       3 15  31.0  -1.8  17.2  71.0  10.4  0.01   9.3  67.1   2.8 460.7  0.05  0.05
       3 16  37.2  20.6  28.7  68.6  19.5        17.0 137.7   5.7 403.0  0.08  0.06
       3 17  43.5  14.6  29.2  63.9  17.9        26.5  88.7   3.7 385.2  0.08  0.07
       3 18  44.0  22.1  29.2  73.7  21.4        18.6  85.3   3.6 363.0  0.08  0.07
       3 19  49.1  19.6  32.1  64.5  20.4         9.6  58.2   2.4 494.9  0.10  0.08
       3 20  62.6  16.7  39.8  50.0  18.6        23.4 133.7   5.6 515.9  0.19  0.14
       3 21  25.5   9.2  17.2  62.7   6.6        16.1 118.7   4.9 358.6  0.06  0.05
       3 22  60.3  13.8  36.5  52.2  18.4        12.9  78.9   3.3 524.1  0.15  0.11
       3 23  69.7  24.5  44.4  49.0  22.8        23.9 106.9   4.5 370.8  0.20  0.14
       3 24  36.5  20.1  26.7  77.0  20.5        20.6 133.8   5.6 100.8  0.05  0.04
       3 25  31.5  16.5  22.7  83.7  18.8  0.02  11.6  94.1   3.9 195.9  0.04  0.03
       3 26  59.3  15.4  37.3  53.3  19.1        12.5  77.1   3.2 524.4  0.14  0.11
       3 27  65.3  25.6  46.7  41.3  21.2        41.4 210.2   8.8 552.4  0.26  0.18
       3 28  67.0  23.7  48.0  41.1  20.7        35.0 221.9   9.2 445.9  0.26  0.18
       3 29  54.1  27.9  39.3  56.1  23.8        32.2 136.0   5.7 508.7  0.16  0.12
       3 30  55.6  23.8  41.0  52.4  24.1        16.5  95.5   4.0 444.3  0.13  0.10
       3 31  66.4  26.0  44.5  52.1  25.5        19.9 106.7   4.4 497.5  0.19  0.14
       4  1  74.8  27.4  55.2  31.5  20.2        41.9 260.9  10.9 522.5  0.36  0.24
       4  2  27.6  21.4  23.9  55.4  10.3        29.1 171.5   7.1 150.9  0.07  0.05
       4  3  45.7  20.3  31.9  41.2  10.7        14.5 107.9   4.5 474.9  0.13  0.10
       4  4  58.9  16.3  37.9  38.6  13.7        15.3 101.1   4.2 574.0  0.18  0.13
       4  5  65.1  24.7  46.6  37.9  20.7        18.8 119.5   5.0 573.8  0.21  0.16
       4  6  73.8  30.2  54.8  38.2  26.1        34.9 113.0   4.7 400.1  0.22  0.16
       4  7  67.3  36.0  52.4  46.6  32.1        21.8 131.2   5.5 419.9  0.20  0.14
       4  8  54.1  41.7  46.3  67.7  36.2        22.2 211.3   8.8 294.6  0.14  0.10
       4  9  71.2  27.6  51.5  51.1  30.1        17.2 107.0   4.5 546.5  0.21  0.16
       4 10  69.5  41.4  55.7  41.6  32.0        27.2 144.9   6.0 261.6  0.21  0.14
       4 11  65.1  39.7  53.2  42.8  29.7        25.9 121.2   5.0 426.5  0.19  0.14
       4 12  69.6  30.5  52.2  44.8  29.0        16.4  80.5   3.4 542.8  0.19  0.15
       4 13  75.1  37.5  58.6  35.9  28.9        20.5 126.3   5.3 578.5  0.26  0.19
       4 14  73.9  46.6  63.9  27.5  29.0        15.0 100.2   4.2 226.2  0.19  0.14
       4 15  80.5  43.7  62.0  30.8  28.7        15.1  81.3   3.4 356.3  0.22  0.16
       4 16  61.1  35.8  50.9  35.5  23.5        30.3 181.0   7.5 422.8  0.22  0.16
       4 17  77.2  27.6  53.2  38.5  24.4        26.8 142.0   5.9 612.4  0.30  0.22
       4 18  64.1  31.4  45.8  49.6  27.0        39.3 237.1   9.9 475.5  0.25  0.17
       4 19  40.4  26.4  33.3  62.7  21.8        14.1 144.7   6.0 261.9  0.09  0.07
       4 20  38.3  30.9  33.5  81.9  28.6  0.06  25.7 202.4   8.4  65.7  0.05  0.04
       4 21  55.3  23.8  40.1  59.2  24.3        31.0 140.2   5.8 609.1  0.17  0.13
       4 22  68.7  22.7  48.6  37.8  19.1        31.4 197.5   8.2 664.5  0.30  0.21
       4 23  78.0  32.9  58.8  27.7  22.7        26.7 145.5   6.1 667.3  0.32  0.23
       4 24  60.1  30.1  44.0  43.5  21.9        35.0 214.6   8.9 665.1  0.25  0.18
       4 25  55.0  26.7  40.7  40.8  19.1        16.1 122.9   5.1 444.6  0.17  0.12
       4 26  65.4  33.1  46.6  57.6  32.3  0.03  26.1 119.2   5.0 405.4  0.18  0.13
       4 27  63.8  39.2  49.4  66.8  37.1  0.01  29.8 185.4   7.7 422.8  0.19  0.14
       4 28  68.9  29.8  51.0  55.4  32.8        28.6 160.2   6.7 659.9  0.24  0.19
       4 29  71.8  32.5  55.9  42.9  32.3        21.6 122.3   5.1 633.5  0.24  0.19
       4 30  70.7  36.0  54.5  54.1  38.0        21.1 141.1   5.9 640.1  0.24  0.18
       5  1  52.5  31.7  40.9  76.6  34.6  0.03  28.2 238.9  10.0 133.6  0.10  0.07
       5  2  57.9  31.4  42.4  68.5  31.6        14.8 102.9   4.3 595.6  0.16  0.13
       5  3  71.2  28.0  53.1  42.1  26.7        24.4 150.9   6.3 615.1  0.27  0.20
       5  4  68.5  35.0  52.3  53.1  34.7        26.4 165.5   6.9 622.9  0.24  0.19
       5  5  74.2  33.8  57.1  43.4  32.2        22.4 112.9   4.7 514.4  0.23  0.18
       5  6  79.2  36.9  61.9  35.3  31.2        24.7 112.0   4.7 549.3  0.27  0.20
       5  7  61.7  39.3  49.1  71.7  40.2        16.7  93.4   3.9 446.9  0.14  0.12
       5  8  62.2  35.4  48.6  48.9  27.4        36.9 212.4   8.8 503.0  0.24  0.17
       5  9  58.2  23.3  43.4  42.7  21.5        16.4 108.5   4.5 614.1  0.18  0.15
       5 10  61.7  28.7  50.2  47.5  31.0        14.5 118.2   4.9 412.6  0.16  0.13
       5 11  60.5  41.5  48.4  74.2  40.3  0.06  24.7 167.9   7.0 319.4  0.15  0.11
       5 12  57.0  35.6  46.9  67.2  35.9  0.05  18.4 116.3   4.8 307.0  0.12  0.10
       5 13  67.3  29.1  50.4  53.6  32.9        13.9  96.0   4.0 429.0  0.17  0.14
       5 14  74.7  33.5  53.2  51.9  34.7        27.4 103.0   4.3 226.0  0.18  0.13
       5 15  72.7  38.2  57.3  52.4  38.6        22.9 105.7   4.4 173.3  0.16  0.11
       5 16  49.5  37.2  45.2  83.5  40.5  0.27  25.3 123.7   5.2  97.5  0.05  0.04
       5 17  57.9  43.1  48.9  81.9  43.4  0.01  12.6  86.8   3.6 288.6  0.10  0.09
       5 18  70.7  36.9  54.9  71.3  45.2        16.4  86.8   3.6 539.3  0.17  0.15
       5 19  68.4  38.6  54.9  67.4  43.9        20.2  93.2   3.9 623.7  0.19  0.16
       5 20  60.3  45.1  50.9  77.5  44.1         8.4   4.8   0.2 238.8  0.07  0.07
       5 21  84.2  42.8  58.8  58.3  41.7         0.8   3.6   0.1 474.1  0.13  0.13
       5 22  65.5  37.5  55.7  24.9  19.6         0.1   3.6   0.1 686.2  0.16  0.15
       5 23  58.4  33.5  47.4  58.5  33.2  0.31   0.1   3.6   0.1 485.6  0.11  0.11
       5 24  50.3  31.3  40.0  84.5  35.9  0.23   0.1   3.5   0.1 374.8  0.08  0.08
       5 25  68.0  34.6  51.5  69.7  41.0  0.04   0.1   3.6   0.1 620.8  0.15  0.15
       5 26  76.6  38.9  60.0  52.2  39.9  0.04   0.1   3.6   0.1 654.0  0.17  0.17
       5 27  78.7  42.5  61.8  51.9  42.1  0.03   0.1   3.6   0.1 574.5  0.15  0.15
       5 28  80.4  43.0  63.9  49.2  42.3  0.04  29.1  50.5   2.1 549.0  0.20  0.17
       5 29  81.0  45.4  65.8  49.8  44.5        22.6 135.2   5.6 488.4  0.26  0.20
       5 30  86.3  47.9  68.4  53.3  48.9        19.8 115.3   4.8 640.0  0.30  0.23
       5 31  88.6  52.0  71.4  47.2  48.3        19.6 117.6   4.9 511.1  0.29  0.22
       6  1  86.4  50.2  66.7  57.2  49.8        64.2 106.6   4.4 350.6  0.24  0.18
       6  2  89.1  49.5  71.8  40.8  43.7        27.3 168.5   7.0 624.2  0.38  0.28
       6  3  73.4  49.9  60.8  66.7  48.9  0.31  25.2 203.5   8.5 446.4  0.23  0.17
       6  4  63.4  45.9  54.2  80.0  47.9  0.20  21.1  87.7   3.7 423.9  0.13  0.12
       6  5  73.0  41.4  58.7  68.6  47.1        15.9 103.6   4.3 673.9  0.22  0.19
       6  6  82.3  45.7  65.5  58.2  48.1        18.6  89.0   3.7 567.5  0.24  0.20
       6  7  86.5  48.0  67.5  53.6  48.1        32.4 143.0   6.0 345.1  0.27  0.19
       6  8  92.3  46.9  68.3  59.5  52.0        16.9 102.3   4.3 454.7  0.27  0.21
       6  9  92.7  49.9  72.3  46.1  47.0        19.9 108.5   4.5 476.7  0.30  0.23
       6 10  78.6  52.9  64.9  34.8  35.5        28.3 241.6  10.1 506.3  0.39  0.27
       6 11  78.5  47.0  63.1  42.5  38.3        22.6 138.4   5.8 529.0  0.29  0.22
       6 12  82.1  47.6  66.1  36.8  36.6        24.0 166.2   6.9 544.5  0.34  0.25
       6 13  74.8  42.8  60.1  49.5  40.8        19.6 120.9   5.0 462.8  0.23  0.17
       6 14  79.3  40.3  61.5  49.1  40.8        16.4 119.1   5.0 478.0  0.25  0.19
       6 15  82.2  49.0  65.2  56.5  47.2  0.19  28.9 179.8   7.5 376.5  0.28  0.20
       6 16  83.0  48.1  66.1  59.5  49.0        29.2 107.2   4.5 577.6  0.26  0.21
       6 17  93.4  46.5  72.1  41.9  42.6        18.3 112.5   4.7 644.9  0.35  0.27
       6 18  92.2  53.7  76.7  28.0  39.1        21.0 132.1   5.5 576.9  0.36  0.27
       6 19  85.2  58.4  70.0  50.1  49.2  0.20  22.1 161.1   6.7 427.3  0.31  0.23
       6 20  79.8  55.8  66.9  70.9  56.3  0.01  29.1 166.4   6.9 475.3  0.24  0.19
       6 21  87.9  55.3  72.3  54.6  53.0  0.03  19.6 128.4   5.3 517.8  0.29  0.22
       6 22  88.6  54.8  71.2  58.1  53.5        20.2 130.8   5.5 561.7  0.30  0.23
       6 23  88.9  50.8  73.8  39.0  45.0        28.7 119.6   5.0 644.5  0.33  0.25
       6 24  92.2  55.0  76.3  36.8  45.5        33.3 123.2   5.1 671.8  0.36  0.28
       6 25  87.9  55.0  72.1  50.1  51.3        21.3 122.7   5.1 520.6  0.29  0.22
       6 26  88.2  50.5  71.7  51.5  50.6        22.3 120.9   5.0 679.7  0.32  0.25
       6 27  91.6  52.0  73.4  46.9  49.7        19.6 126.8   5.3 608.9  0.33  0.26
       6 28  90.2  50.1  72.7  46.8  48.8        32.4 129.3   5.4 614.5  0.33  0.25
       6 29  91.6  52.6  73.5  47.4  50.4        15.9 113.9   4.7 610.7  0.32  0.25
       6 30  88.1  50.5  72.3  41.6  47.1        17.2 116.4   4.8 617.2  0.31  0.24
       7  1  96.4  54.9  76.6  41.4  49.2        16.1 120.2   5.0 621.0  0.36  0.28
       7  2  89.9  58.1  73.9  42.5  48.6        18.1 148.8   6.2 521.1  0.35  0.25
       7  3  86.0  56.9  69.2  61.7  55.5  0.73  31.7 160.3   6.7 413.3  0.28  0.20
       7  4  82.9  54.0  70.4  67.7  58.4        19.6 128.5   5.4 658.5  0.26  0.22
       7  5  83.3  55.0  69.8  68.0  58.0        20.8 115.9   4.8 618.5  0.25  0.21
       7  6  79.5  60.4  69.4  74.0  60.6        25.7 122.7   5.1 508.3  0.21  0.18
       7  7  86.2  57.5  72.8  68.6  61.0        15.3 111.6   4.7 638.3  0.26  0.22
       7  8  85.5  57.7  73.5  61.4  58.5        21.6 116.4   4.8 546.0  0.25  0.21
       7  9  89.3  54.5  72.4  55.6  54.5        28.7 136.7   5.7 625.0  0.32  0.25
       7 10  81.0  58.2  71.0  69.4  60.6        21.3 107.8   4.5 515.2  0.21  0.18
       7 11  81.6  53.1  68.7  62.0  54.5        13.4 105.0   4.4 706.6  0.26  0.23
       7 12  89.5  50.0  70.9  54.2  51.6        14.4  92.8   3.9 726.1  0.30  0.25
       7 13  90.6  49.4  71.3  51.7  51.1        22.1 114.5   4.8 681.0  0.32  0.26
       7 14  91.6  51.7  72.9  48.3  50.0        15.6 120.1   5.0 712.2  0.35  0.27
       7 15  92.9  53.1  74.4  50.9  52.5        17.2 131.4   5.5 708.2  0.36  0.28
       7 16  93.8  53.9  74.6  47.3  50.1        18.8 123.9   5.2 705.6  0.36  0.28
       7 17  92.8  52.0  73.8  44.7  49.0        17.5 125.3   5.2 682.3  0.36  0.27
       7 18  92.6  54.8  75.4  42.2  48.9        18.3 123.2   5.1 654.9  0.35  0.27
       7 19  92.1  56.6  76.9  42.7  51.4        20.2 150.0   6.3 642.3  0.36  0.28
       7 20  92.2  58.1  76.6  44.6  52.3        31.3 188.3   7.8 550.6  0.38  0.28
       7 21  83.0  57.6  71.3  59.4  55.8        23.7 109.8   4.6 544.8  0.24  0.20
       7 22  78.6  52.5  66.3  66.7  53.9        17.2 131.0   5.5 479.4  0.22  0.17
       7 23  82.7  55.6  71.1  57.9  54.8        20.7 125.8   5.2 394.4  0.22  0.17
       7 24  94.0  50.9  75.9  46.7  51.0        27.5 126.8   5.3 624.7  0.34  0.26
       7 25  89.4  57.8  69.7  56.1  52.0        29.9 153.5   6.4 359.9  0.31  0.22
       7 26  86.5  51.5  68.7  60.3  52.1        37.3 127.7   5.3 573.4  0.29  0.22
       7 27  88.2  52.0  71.9  43.7  46.4        23.4 120.6   5.0 568.6  0.31  0.23
       7 28  83.5  52.5  69.7  49.5  49.4        27.2 105.4   4.4 527.1  0.25  0.20
       7 29  87.5  49.4  70.1  43.4  45.1        14.8 111.7   4.7 681.2  0.32  0.25
       7 30  92.1  54.1  74.4  41.2  46.9        15.6 126.7   5.3 675.7  0.36  0.27
       7 31  93.6  54.0  76.6  35.0  44.9        28.6 127.2   5.3 570.0  0.35  0.26
       8  1  71.0  53.6  63.3  46.0  41.9        39.6 204.7   8.5 493.2  0.27  0.20
       8  2  81.9  49.5  66.2  52.0  47.5        21.2  94.8   4.0 449.2  0.22  0.17
       8  3  84.0  59.4  69.0  65.8  56.3        27.3 109.6   4.6 366.3  0.22  0.17
       8  4  84.0  53.9  70.5  62.6  56.0        23.8 127.0   5.3 580.4  0.25  0.21
       8  5  82.0  56.9  68.8  71.6  58.7  0.01  23.1 111.6   4.7 462.1  0.21  0.17
       8  6  87.0  51.3  67.6  70.9  56.7  0.19  34.1 116.8   4.9 536.7  0.25  0.20
       8  7  86.0  52.8  67.9  69.2  56.2  0.09  21.0 135.4   5.6 598.0  0.28  0.22
       8  8  83.5  50.9  66.8  67.3  54.1        32.6  96.1   4.0 562.0  0.23  0.19
       8  9  78.4  52.9  65.6  62.7  51.8        26.5 136.9   5.7 648.0  0.26  0.21
       8 10  86.3  46.5  65.7  58.2  50.5        13.2 101.5   4.2 638.4  0.27  0.22
       8 11  90.5  42.2  69.3  44.2  43.7        24.0  97.4   4.1 657.9  0.30  0.24
       8 12  68.2  49.5  58.7  63.5  46.1  0.01  39.5 177.6   7.4 255.1  0.17  0.12
       8 13  72.7  39.5  58.0  64.6  44.5        14.9  78.8   3.3 595.3  0.19  0.16
       8 14  87.6  41.7  67.5  48.0  43.4        15.1 105.4   4.4 645.5  0.29  0.23
       8 15  76.2  51.5  63.2  60.4  49.1        39.5 164.6   6.9 596.0  0.26  0.20
       8 16  94.0  45.1  68.6  52.3  46.7        37.3 158.5   6.6 595.7  0.39  0.28
       8 17  70.2  43.4  58.0  47.3  37.8        31.0 169.2   7.0 552.3  0.25  0.19
       8 18  77.5  39.7  58.7  55.8  41.9        22.4 103.6   4.3 246.3  0.18  0.13
       8 19  78.9  40.9  61.5  63.0  48.9        22.7 128.4   5.3 503.3  0.22  0.17
       8 20  81.9  54.3  67.1  67.4  54.8        27.3 119.5   5.0 373.8  0.20  0.16
       8 21  85.1  55.2  67.0  54.5  49.4        36.8 134.2   5.6 358.9  0.26  0.19
       8 22  82.9  47.8  65.0  59.7  49.3        28.7 135.4   5.6 558.7  0.27  0.20
       8 23  85.4  47.7  67.3  52.9  47.4        24.2 118.3   4.9 432.4  0.25  0.19
       8 24  78.4  54.0  65.2  67.7  53.9        27.0 144.2   6.0 476.8  0.22  0.17
       8 25  85.5  56.1  68.3  60.9  53.0        14.0 101.2   4.2 554.6  0.25  0.20
       8 26  89.7  46.9  69.6  48.8  44.8  0.43  31.2 148.7   6.2 599.9  0.34  0.25
       8 27  78.0  56.0  65.1  71.8  55.1  0.40  25.0 194.9   8.1 476.0  0.24  0.18
       8 28  74.7  55.9  63.8  76.1  56.1        21.6 122.4   5.1 309.5  0.15  0.12
       8 29  72.7  48.7  60.9  77.0  53.2        20.6 121.5   5.1 323.7  0.14  0.11
       8 30  82.1  44.0  63.3  66.4  50.1        14.3 102.0   4.3 522.0  0.22  0.17
       8 31  87.8  50.8  68.6  56.6  49.6        12.7  92.7   3.9 519.1  0.25  0.19
       9  1  85.0  49.8  66.8  50.6  45.0        17.5 110.7   4.6 427.3  0.25  0.18
       9  2  78.5  48.7  64.2  49.4  44.7        22.4 187.9   7.8 579.2  0.29  0.21
       9  3  84.7  43.6  65.0  57.5  48.2        13.4  90.6   3.8 499.0  0.22  0.17
       9  4  87.5  48.0  68.2  51.3  47.2        34.7 100.7   4.2 464.9  0.25  0.18
       9  5  89.5  45.3  68.5  47.5  45.3        19.6 103.5   4.3 523.2  0.27  0.20
       9  6  88.2  49.2  69.2  47.1  46.7        17.5 122.4   5.1 450.1  0.27  0.20
       9  7  89.2  49.6  68.6  55.7  51.1        25.5 105.2   4.4 439.7  0.25  0.18
       9  8  81.5  50.9  66.6  64.5  53.7  0.19  15.6  96.5   4.0 318.1  0.17  0.13
       9  9  71.9  54.9  62.2  77.7  54.8  0.35  19.6 137.2   5.7 227.7  0.13  0.10
       9 10  64.6  55.2  58.8  84.3  53.9  0.08  16.6 137.3   5.7 294.7  0.11  0.09
       9 11  71.9  45.5  58.1  81.1  52.1  0.12  18.8 103.1   4.3 423.4  0.14  0.12
       9 12  70.4  52.6  60.4  79.3  53.7  0.14  21.5 101.0   4.2 312.2  0.12  0.10
       9 13  66.6  51.7  57.8  82.7  52.3  0.02  13.5  81.7   3.4 262.2  0.10  0.08
       9 14  75.7  46.8  59.7  63.3  46.0  0.01  15.9 113.6   4.7 520.4  0.21  0.16
       9 15  81.0  40.0  59.2  63.4  44.3        12.7  85.0   3.5 534.2  0.21  0.16
       9 16  80.6  41.8  60.5  59.9  44.8        12.6  95.5   4.0 506.4  0.21  0.16
       9 17  72.5  44.6  57.9  60.3  43.0        27.6 115.9   4.8 235.1  0.16  0.11
       9 18  66.0  41.6  56.0  56.8  40.5        33.8 260.3  10.8 383.6  0.20  0.14
       9 19  68.1  36.0  53.2  59.6  38.2        24.5 165.1   6.9 488.4  0.19  0.14
       9 20  77.7  34.5  57.1  56.5  39.5        19.7 100.9   4.2 506.4  0.20  0.15
       9 21  60.3  38.6  47.9  66.4  36.8        29.2 134.4   5.6 412.7  0.14  0.11
       9 22  66.0  40.2  50.6  64.4  38.3        15.2  83.4   3.5 480.2  0.15  0.12
       9 23  64.2  32.5  49.9  55.7  33.9        18.1 140.8   5.9 485.8  0.17  0.13
       9 24  78.2  33.0  55.1  56.1  37.2        13.4  91.3   3.8 455.9  0.20  0.14
       9 25  58.0  42.1  49.6  69.5  39.9  0.03  21.5 142.7   5.9 322.1  0.12  0.09
       9 26  60.8  39.9  48.3  81.6  42.8        14.1  94.3   3.9 357.6  0.10  0.08
       9 27  71.2  31.4  51.7  68.0  40.5        30.0 107.4   4.5 315.3  0.14  0.11
       9 28  64.5  44.1  52.3  71.7  43.3        19.9 118.6   4.9 319.5  0.13  0.10
       9 29  73.4  36.9  54.4  62.8  40.3        23.8 121.1   5.0 379.6  0.18  0.13
       9 30  73.7  41.0  57.2  43.8  34.6        16.3 137.9   5.7 442.0  0.22  0.16
      10  1  56.1  40.0  49.6  64.9  38.3  0.08  24.1 198.1   8.3 197.9  0.11  0.08
      10  2  41.3  35.3  37.7  86.7  34.2  0.06  14.0 157.2   6.5  94.7  0.04  0.03
      10  3  48.8  36.1  40.5  86.4  36.7  0.23  25.5 128.4   5.3 145.5  0.06  0.05
      10  4  58.9  32.8  46.7  68.9  36.7        23.1 139.6   5.8 387.1  0.12  0.09
      10  5  67.2  31.0  50.0  59.5  34.9        27.9 140.5   5.9 395.9  0.17  0.12
      10  6  55.7  36.1  45.8  69.6  36.4        17.4 138.7   5.8 335.7  0.11  0.08
      10  7  72.7  27.7  48.9  64.8  36.1        14.9  83.6   3.5 424.0  0.15  0.11
      10  8  67.2  37.1  51.4  60.2  37.4        28.4 200.7   8.4 411.6  0.19  0.13
      10  9  69.2  39.1  51.2  68.1  40.3        11.3  83.9   3.5 375.8  0.13  0.10
      10 10  78.1  32.7  53.7  46.3  30.7        15.5 117.6   4.9 383.6  0.22  0.15
      10 11  79.1  35.8  56.2  43.1  31.2        28.1 196.9   8.2 402.7  0.31  0.20
      10 12  49.7  27.3  37.7  66.5  27.0        19.9 144.4   6.0 380.3  0.10  0.08
      10 13  64.6  22.5  41.7  54.8  24.7        14.3 105.7   4.4 401.9  0.15  0.11
      10 14  62.1  26.6  43.8  43.3  20.2        30.5 161.9   6.7 400.6  0.19  0.13
      10 15  58.9  21.9  38.5  49.8  19.7        13.1  99.7   4.2 387.0  0.13  0.09
      10 16  60.5  24.4  42.4  46.6  22.4        22.6 131.6   5.5 303.8  0.15  0.10
      10 17  63.8  21.1  39.8  51.3  21.5        14.0 123.0   5.1 375.8  0.17  0.11
      10 18  70.5  24.9  47.0  37.9  19.3        20.7 141.5   5.9 380.6  0.22  0.14
      10 19  62.9  22.1  40.9  52.0  23.3        12.9 101.8   4.2 371.1  0.14  0.10
      10 20  70.6  25.6  45.4  37.4  18.0        15.8 116.1   4.8 335.8  0.20  0.13
      10 21  56.6  24.8  41.0  52.8  25.3        16.2 117.5   4.9 343.4  0.12  0.08
      10 22  41.1  22.7  30.4  76.1  23.7        37.7 219.3   9.1 167.2  0.07  0.05
      10 23  27.5  23.2  25.3  88.5  22.3        16.4 158.2   6.6  75.0  0.02  0.02
      10 24  30.6  22.6  26.8  87.5  23.7  0.02   8.7  74.8   3.1  90.8  0.02  0.02
      10 25  55.2  27.5  37.6  72.6  28.7        14.9  83.9   3.5 310.3  0.09  0.06
      10 26  59.0  22.8  40.0  63.4  28.0        11.0  83.1   3.5 295.0  0.10  0.07
      10 27  50.1  26.7  40.6  82.8  35.9  0.01  14.7 113.5   4.7 174.3  0.05  0.04
      10 28  57.5  19.9  39.4  66.4  27.9  0.02  23.8 150.1   6.3 257.5  0.11  0.08
      10 29  33.7  18.7  25.5  82.1  21.5  0.01  28.6 331.6  13.8 135.8  0.05  0.03
      10 30  18.7  13.4  16.2  75.3   9.7        11.9 135.5   5.6 161.2  0.03  0.02
      10 31  20.8  10.3  15.4  82.9  11.2  0.01  11.0  94.2   3.9 170.8  0.02  0.02
      11  1  24.7  10.4  16.7  83.1  12.6  0.14   8.6  72.9   3.0  76.9            
      11  2  32.2  14.4  23.1  81.5  18.5  0.09  19.4  70.7   2.9 156.9            
      11  3  36.2  -0.9  19.3  65.2   9.9  0.02  13.3 116.3   4.8 320.7            
      11  4  35.5   5.9  23.8  67.6  14.7        22.7 110.1   4.6 150.8            
      11  5  47.0  21.5  33.9  58.0  20.2        20.4 130.5   5.4 309.9            
      11  6  52.7  21.4  35.2  67.5  24.6        15.0  95.1   4.0 301.2            
      11  7  52.2  21.5  36.3  67.5  26.5        11.9  86.0   3.6 124.3            
      11  8  64.7  31.4  48.5  48.0  29.3        28.2 129.6   5.4 194.0            
      11  9  56.3  29.7  42.0  57.2  27.5        31.0 247.5  10.3 179.4            
      11 10  52.0  29.0  41.2  38.8  17.3        34.5 206.6   8.6 210.4            
      11 11  44.1  19.8  33.0  55.5  18.5        25.8 169.8   7.1 141.4            
      11 12  49.0  15.1  31.1  57.4  16.3        14.5  99.2   4.1 281.7            
      11 13  58.7  26.7  41.9  56.8  26.9  0.01  27.0 145.5   6.1 163.5            
      11 14  47.5  24.8  38.2  64.2  26.9        19.6 138.5   5.8 183.1            
      11 15  45.8  18.3  33.7  61.8  21.7        25.2 164.1   6.8 179.9            
      11 16  56.5  14.7  33.4  57.3  17.9        18.3  94.8   4.0 252.3            
      11 17  59.4  21.0  42.0  41.0  17.5        27.0 146.1   6.1 230.8            
      11 18  51.4  27.1  38.8  45.3  19.0        25.4 154.0   6.4 234.9            
      11 19  58.2  31.4  44.9  33.8  17.2        20.3 156.3   6.5 253.5            
      11 20  61.7  24.2  40.8  53.2  23.9        12.1  93.8   3.9 251.6            
      11 21  64.6  26.6  43.9  58.4  29.2        21.0 125.8   5.2 248.8            
      11 22  73.6  22.7  45.6  47.9  23.7        21.0 147.9   6.2 250.7            
      11 23  48.5  27.9  37.1  62.8  25.7        19.1 145.0   6.0 188.1            
      11 24  28.6  19.4  22.5  83.3  18.2  0.02  22.1 141.7   5.9  96.0            
      11 25  31.1   3.4  19.4  75.3  13.0  0.09  33.3 147.1   6.1 231.6            
      11 26  26.8   0.8  13.9  72.8   6.8        18.9  91.4   3.8 245.7            
      11 27  45.5   7.2  28.2  65.2  18.3        26.3 127.1   5.3 190.5            
      11 28  51.6  16.3  32.1  70.6  23.5        11.5  88.5   3.7 232.1            
      11 29  55.6  23.9  37.6  66.0  27.0        20.8 107.4   4.5 230.3            
      11 30  42.3  18.2  29.3  68.6  19.4        15.8  94.1   3.9 198.1            
      12  1  52.7  23.2  39.8  60.5  26.1        12.7  71.4   3.0 179.2            
      12  2  55.3  21.2  39.2  59.6  25.1        15.3  94.8   4.0 230.1            
      12  3  31.3  20.8  28.1  84.2  24.1        12.1 107.9   4.5  46.1            
      12  4  30.7  27.4  28.9  86.3  25.3         9.7  97.2   4.0  41.4            
      12  5  46.0  18.2  29.8  75.5  22.9        12.1  88.8   3.7 216.8            
      12  6  48.6  11.7  27.5  62.7  15.7        14.5 105.6   4.4 224.1            
      12  7  47.3  18.5  28.6  64.8  17.9         9.6 105.0   4.4 170.9            
      12  8  41.7  16.1  26.3  66.7  16.4        15.6 112.5   4.7 203.8            
      12  9  51.8  11.7  27.3  60.7  14.4        10.6 103.7   4.3 219.0            
      12 10  55.9   9.5  29.6  45.2   8.6        12.7 101.9   4.2 221.2            
      12 11  47.8  18.5  35.9  39.6  13.2        24.2 147.4   6.1 185.0            
      12 12  39.9  16.2  29.2  48.8  12.0        27.2 152.3   6.3 201.2            
      12 13  56.6  14.2  34.1  48.3  15.5        15.9  95.4   4.0 211.8            
      12 14  57.1  15.8  33.3  52.1  16.3        11.5 109.6   4.6 224.3            
      12 15  59.5  21.4  37.6  52.7  20.2        40.2 147.4   6.1 103.1            
      12 16  50.9  17.0  32.2  53.4  16.0        16.2 105.9   4.4 192.8            
      12 17  48.2  26.1  36.5  56.3  22.2  0.02  24.0  98.6   4.1 104.6            
      12 18  36.6  17.1  29.0  68.4  19.7        26.7 186.9   7.8 114.2            
      12 19  34.8  12.4  25.9  41.8   4.7        34.3 253.6  10.6 207.3            
      12 20  39.7   4.6  22.5  48.4   5.3        12.3  90.0   3.8 183.5            
      12 21  41.6  12.4  28.5  49.3  10.7        20.8 135.0   5.6 159.7            
      12 22  39.8   9.3  24.8  57.5  11.3        11.3 107.0   4.5 195.0            
      12 23  29.6  10.9  21.5  64.5  11.2        18.2 103.0   4.3 133.3            
      12 24  32.6   4.2  16.2  70.8   8.8        10.3  78.1   3.3 180.8            
      12 25  34.3   2.9  15.6  61.9   5.0        10.7  88.1   3.7 202.7            
      12 26  36.4   2.3  16.7  49.5   0.6        14.3 110.0   4.6 214.0            
      12 27  56.9  13.9  32.4  41.9  11.2        26.2  93.9   3.9 201.4            
      12 28  46.3  24.1  33.2  55.3  19.2        13.2  90.7   3.8  66.8            
      12 29  61.3  24.1  40.4  39.6  14.2        27.9 214.4   8.9 172.6            
      12 30  45.4  14.2  32.7  34.6   7.2        39.1 193.7   8.1 218.5            
      12 31  52.8  12.1  30.0  46.0  11.0        15.3  96.8   4.0 163.9            

      Total                                6.40                         50.01 38.18
        Max  96.4  60.4  76.9  88.5  61.0        64.2 479.6  20.0 726.1
        Min  15.3 -18.0  -0.8  24.4 -10.5         0.1   3.5   0.1  41.4
        Ave  62.1  30.4  46.4  56.6  29.9        21.2 126.5   5.3 379.6
