                                                                    07-JUN-99
      Cellular-linked Weather Station near FT COLLINS (East), Colo       1997
      -----------------------------------------------------------------------
               Temperature      Rel   Dew             Wind        Solar Alflf
            ----------------- Humid Point  Prec -----------------   Rad   ETR
       Date   Max   Min   Ave   Ave   Ave Total   Max Total   Ave Total Total
      MoDay     F     F     F     %     F  inch   mph miles   mph Langl  inch
      ----- ----- ----- ----- ----- ----- ----- ----- ----- ----- ----- -----
       1  1  48.9  22.8  35.0  64.5  24.4        11.5  86.5   3.6  94.0      
       1  2  62.8  31.0  46.4  53.2  29.9        16.2  93.1   3.9 125.3      
       1  3  51.7  28.5  42.7  61.0  30.2        30.0 195.5   8.1  65.5      
       1  4  40.7  15.5  31.7  36.0   7.5  0.01  50.1 371.6  15.5 211.6      
       1  5  29.7   7.8  19.8  56.8   6.5        14.2  91.1   3.8 216.6      
       1  6  29.6   1.8  16.8  55.4   3.4        12.0  85.3   3.6 234.0      
       1  7  38.5   1.2  21.4  51.0   6.1        21.1 116.0   4.8 209.0      
       1  8  40.4  11.3  28.0  54.1  12.2        25.1 164.8   6.9 207.9      
       1  9  40.0  10.1  24.6  58.6  12.0  0.01  23.8 169.2   7.0  78.3      
       1 10  10.4   4.9   7.0  77.4   1.5  0.20  13.0  93.0   3.9  51.2      
       1 11   5.5  -7.2  -0.4  73.0  -6.4  0.24  15.4 137.8   5.7 101.9      
       1 12  -5.3 -18.4  -9.0  67.4 -16.6  0.10  12.7 152.4   6.3 171.8      
       1 13   3.0 -13.1  -6.5  68.6 -13.6         9.6  82.5   3.4 166.8      
       1 14  27.5  -6.2   4.5  71.0  -1.7  0.03  20.5  73.3   3.1 286.0      
       1 15  35.7  12.1  28.0  54.4  13.5  0.02  31.6 224.4   9.3 237.3      
       1 16  18.7 -13.9   4.1  68.7  -2.7        24.7 139.6   5.8 259.0      
       1 17  32.1 -12.7   6.2  64.4  -0.8        12.4  95.1   4.0 249.3      
       1 18  45.6  14.0  29.5  64.1  19.9        15.6  74.7   3.1 178.1      
       1 19  50.7  17.0  29.8  70.3  21.5        14.7  80.4   3.4 263.1      
       1 20  45.5  18.3  30.5  71.5  22.7         9.4  84.0   3.5 182.0      
       1 21  48.3  22.2  37.3  43.1  16.8        30.5 241.5  10.1 268.8      
       1 22  40.3  17.0  29.5  54.1  14.8        19.1 148.1   6.2 246.3      
       1 23  37.3  12.1  24.0  75.4  17.7  0.01  25.3 113.5   4.7 152.2      
       1 24  35.5   9.1  25.4  48.0   6.9        33.5 232.8   9.7 285.2      
       1 25  21.1   6.1  14.8  67.5   6.2        14.4  82.9   3.5 237.9      
       1 26  42.6   7.9  26.3  66.9  18.0        14.4  96.4   4.0 177.0      
       1 27  39.2  12.1  19.3  78.4  13.8  0.05  25.1 121.4   5.1 195.6      
       1 28  35.4  -2.9  18.3  73.1  12.7        11.8  66.0   2.8 147.6      
       1 29  38.6  14.9  29.4  74.7  22.6  0.02  19.5 127.1   5.3 293.5      
       1 30  54.3  13.9  35.8  58.3  21.2        19.1  85.8   3.6 248.3      
       1 31  63.2  36.7  51.4  42.3  28.7  0.02  35.6 184.5   7.7 225.5      
       2  1  58.0  29.1  45.3  48.1  26.0        30.1 143.1   6.0 281.3      
       2  2  46.1  25.6  34.4  72.4  26.2        11.2  88.0   3.7 233.5      
       2  3  41.9  25.4  34.2  44.0  13.8  0.01  42.6 392.6  16.4 319.0      
       2  4  34.9  20.7  27.1  53.7  12.2        18.9 177.2   7.4 193.5      
       2  5  30.3  17.5  23.7  71.2  15.7        16.9 134.8   5.6 224.2      
       2  6  27.0  20.4  22.9  77.3  16.8  0.04  17.8 185.9   7.7 175.9      
       2  7  31.4  12.0  21.2  69.5  12.7  0.01  13.6  97.5   4.1 321.5      
       2  8  38.9   8.9  22.4  64.2  11.9        13.1  87.1   3.6 331.5      
       2  9  41.8  11.9  25.6  55.2  10.7        11.5  87.8   3.7 317.1      
       2 10  36.5   9.4  23.9  64.4  13.4        17.5 108.7   4.5 293.3      
       2 11  34.6  17.6  25.8  78.6  20.1  0.11  16.0 106.0   4.4 143.0      
       2 12  30.5  21.6  25.5  85.1  21.7  0.01  12.4 103.3   4.3 151.7      
       2 13  40.3  20.9  29.4  63.6  17.9  0.03  22.2 140.4   5.8 336.3      
       2 14  47.4  17.4  32.9  52.1  16.0  0.01  22.0 129.1   5.4 326.1      
       2 15  53.9  23.2  39.7  51.0  21.3  0.02  37.8 238.8   9.9 341.3      
       2 16  55.3  19.0  35.8  62.8  23.2        15.3 115.7   4.8 359.1      
       2 17  64.9  25.2  40.7  51.6  21.1        28.0 118.8   5.0 292.2      
       2 18  52.3  23.5  33.4  70.0  24.6        31.1 152.1   6.3 159.1      
       2 19  49.8  15.3  30.9  71.1  22.6        15.5  85.6   3.6 368.4      
       2 20  40.9  26.9  33.8  57.2  19.9        26.6 220.1   9.2 130.3      
       2 21  40.7  15.9  28.8  46.4   9.6        24.5 229.6   9.6 317.3      
       2 22  40.2   7.6  25.6  48.7   7.2        19.3 130.7   5.4 376.0      
       2 23  22.5  12.8  16.9  78.1  11.3  0.04  15.9 104.5   4.4 242.7      
       2 24  27.7  12.3  20.2  64.6  10.0  0.01  14.9  86.6   3.6 398.9      
       2 25  46.5  10.6  27.0  56.8  12.9  0.03  24.0 117.6   4.9 403.5      
       2 26  33.5  24.5  28.6  76.5  22.0  0.05  22.9 113.4   4.7 202.8      
       2 27  39.7  18.8  28.0  74.1  20.5  0.01  12.1  78.5   3.3 327.2      
       2 28  33.1  13.2  22.8  75.4  16.2  0.04  23.6 186.8   7.8 130.4      
       3  1  39.8   7.2  23.6  66.3  13.8        18.0  97.9   4.1 415.1  0.07
       3  2  51.5  20.2  33.4  56.2  17.5        16.4  98.2   4.1 370.1  0.07
       3  3  45.8  25.0  36.2  34.0   9.5  0.02  35.9 263.4  11.0 434.1  0.12
       3  4  27.1   4.6  21.7  82.5  17.7  0.15  17.0 120.6   5.0 262.9  0.04
       3  5  37.5   1.6  20.0  67.1  10.8         9.7  68.0   2.8 430.3  0.07
       3  6  55.7  16.3  33.8  59.4  20.7  0.01  18.7 117.5   4.9 451.8  0.09
       3  7  57.4  24.6  42.1  36.2  15.0  0.03  26.7 143.9   6.0 454.4  0.10
       3  8  63.1  20.3  41.1  48.0  19.8        33.8 197.1   8.2 446.8  0.14
       3  9  55.0  22.6  37.1  53.3  20.2        27.3 198.5   8.3 459.4  0.14
       3 10  68.6  27.6  49.2  28.1  13.9        30.6 196.9   8.2 466.5  0.17
       3 11  69.4  22.3  45.0  36.9  17.7        14.9 118.8   5.0 475.4  0.15
       3 12  68.4  27.6  46.9  36.9  19.5        19.8 124.7   5.2 227.3  0.11
       3 13  35.0  14.7  26.1  72.7  18.6  0.13  24.5 205.5   8.6 126.3  0.07
       3 14  17.4   8.1  13.2  81.5   8.8  0.04  13.5 116.2   4.8 324.4  0.06
       3 15  31.7   8.4  18.2  77.6  12.7  0.05  16.9 135.5   5.6 458.2  0.07
       3 16  61.8  13.8  36.3  66.1  27.7        11.5  99.4   4.1 426.0  0.08
       3 17  65.6  31.1  47.1  51.3  27.9  0.04  32.8 181.3   7.6 309.5  0.09
       3 18  62.5  32.3  46.8  42.4  23.4  0.01  35.2 178.3   7.4 510.6  0.14
       3 19  75.2  27.2  51.1  42.3  24.5        25.9 146.1   6.1 498.1  0.17
       3 20  79.6  32.0  54.9  38.1  25.2        16.1 101.5   4.2 463.8  0.16
       3 21  59.5  27.0  48.8  42.2  25.9        31.6 185.2   7.7 461.5  0.15
       3 22  71.3  24.2  44.2  48.7  22.3        25.0 123.1   5.1 464.6  0.18
       3 23  60.6  22.7  44.2  43.6  22.5        25.7 119.4   5.0 462.2  0.14
       3 24  52.1  18.0  36.0  59.0  23.2        42.8 416.0  17.3 148.9  0.14
       3 25  52.6  11.7  34.1  47.4  13.5        18.6 114.8   4.8 533.1  0.13
       3 26  68.8  22.6  45.7  41.1  19.9        18.0 122.1   5.1 546.0  0.16
       3 27  70.7  29.7  47.5  39.4  21.9        52.7 354.3  14.8 490.9  0.27
       3 28  59.7  33.0  45.4  36.3  19.1        37.0 269.7  11.2 532.0  0.20
       3 29  51.9  24.8  41.8  29.0  10.4        33.9 332.6  13.9 504.6  0.21
       3 30  66.6  17.3  40.6  33.4  10.8        22.0 120.8   5.0 563.8  0.18
       3 31  72.5  23.1  50.3  29.0  15.2        30.0 144.5   6.0 516.8  0.18
       4  1  53.0  30.9  41.4  46.0  21.3  0.01  33.1 316.5  13.2 348.1  0.17
       4  2  34.2  27.8  31.4  81.5  26.4  0.14  15.6 138.1   5.8 145.2  0.05
       4  3  64.6  25.1  42.1  68.5  31.8  0.01  13.0  82.1   3.4 536.1  0.14
       4  4  56.9  30.6  39.7  79.1  33.6  0.36  34.8 296.1  12.3 284.7  0.13
       4  5  36.5  24.8  30.0  52.0  14.4        44.6 606.2  25.3 452.1  0.19
       4  6  47.4  23.8  33.9  43.0  12.8        25.1 184.7   7.7 518.5  0.15
       4  7  53.8  15.1  34.6  54.0  17.0        27.5 145.6   6.1 503.8  0.14
       4  8  30.5  17.5  23.8  68.4  14.8        19.0 178.1   7.4 190.8  0.06
       4  9  32.1  16.5  24.7  75.6  18.2  0.08  20.6 213.5   8.9 127.1  0.05
       4 10  21.3  14.4  16.6  72.5   9.3  0.09  16.3 178.8   7.5 363.4  0.07
       4 11  21.9  10.0  15.4  65.4   5.9  0.04  25.3 200.0   8.3 538.5  0.08
       4 12  33.4   8.3  20.8  52.1   5.1        16.5 113.1   4.7 571.3  0.09
       4 13  50.9  12.2  30.9  47.3  10.4        16.1  80.3   3.3 636.8  0.12
       4 14  61.0  18.4  41.2  46.3  19.5        29.4 165.8   6.9 364.1  0.12
       4 15  66.1  30.9  47.2  51.9  27.7        29.2 187.5   7.8 532.2  0.17
       4 16  65.7  37.9  48.4  60.3  32.9  0.01  14.2  68.8   2.9 609.7  0.15
       4 17  74.3  30.8  52.4  44.6  26.5  0.01  17.9 127.4   5.3 645.1  0.22
       4 18  72.9  33.5  56.2  40.7  31.8  0.05  35.4 134.0   5.6 442.5  0.17
       4 19  77.6  37.5  59.3  40.5  31.1        31.0 197.7   8.2 501.8  0.23
       4 20  71.3  38.9  58.4  41.7  33.7        36.3 188.5   7.9 459.8  0.20
       4 21  60.9  37.6  51.8  35.2  23.9  0.02  40.0 364.6  15.2 312.9  0.24
       4 22  60.9  26.5  44.5  53.1  25.4        32.5 219.5   9.1 561.1  0.22
       4 23  59.0  30.3  46.4  57.4  30.6  0.02  33.9 190.8   8.0 530.0  0.18
       4 24  43.5  31.4  36.0  85.5  32.1  0.97  30.1 258.9  10.8 147.0  0.08
       4 25  46.8  31.5  39.1  74.1  31.3  0.02  20.2 180.7   7.5 319.7  0.10
       4 26  55.7  29.6  42.5  65.4  30.4  0.09  22.6 151.9   6.3 493.1  0.14
       4 27  66.3  29.6  47.1  60.3  32.8        17.1 140.7   5.9 675.0  0.20
       4 28  64.2  42.3  54.8  52.6  36.9        24.7 156.3   6.5 356.1  0.13
       4 29  62.4  43.0  52.0  57.5  36.4  0.01  30.7 227.5   9.5 369.7  0.17
       4 30  59.9  33.3  46.5  52.2  28.6        31.6 193.7   8.1 573.2  0.21
       5  1  59.2  35.6  46.6  50.1  27.7        37.9 278.3  11.6 432.0  0.22
       5  2  52.5  33.3  42.0  51.8  24.7  0.01  38.2 344.5  14.4 582.7  0.24
       5  3  63.0  25.9  46.4  56.0  29.5        17.2 109.4   4.6 620.3  0.18
       5  4  77.1  30.2  55.8  44.6  30.6  0.01  29.4 157.5   6.6 606.1  0.24
       5  5  71.9  41.0  56.9  48.3  36.2        28.6 193.8   8.1 680.0  0.25
       5  6  79.7  38.4  60.2  46.0  36.3        20.6 129.6   5.4 564.2  0.23
       5  7  75.4  45.0  61.4  36.9  33.2        25.1 188.2   7.8 563.7  0.26
       5  8  61.3  36.5  48.6  47.0  28.9        21.1 122.6   5.1 604.8  0.22
       5  9  69.6  26.5  49.1  49.5  29.1        12.1  92.3   3.8 676.0  0.24
       5 10  78.3  34.0  59.3  39.6  30.7        22.4 106.8   4.5 626.6  0.24
       5 11  56.6  40.3  49.0  55.1  33.4        21.0 162.8   6.8 340.9  0.15
       5 12  70.7  29.3  51.5  48.7  28.8        26.2 161.6   6.7 623.9  0.25
       5 13  75.1  31.5  56.1  44.4  32.3        34.4 218.5   9.1 550.2  0.27
       5 14  65.7  34.8  51.1  65.8  40.0  0.05  17.8  98.6   4.1 347.5  0.14
       5 15  73.3  37.3  55.4  67.3  43.5  0.03  28.6 124.2   5.2 630.0  0.22
       5 16  79.1  42.1  62.2  55.0  44.5  0.04  33.2 123.6   5.2 535.2  0.21
       5 17  82.5  42.4  63.7  51.3  43.1  0.02  32.2 153.8   6.4 562.1  0.25
       5 18  77.9  40.5  58.1  55.1  41.0  0.06  38.9 248.6  10.4 668.2  0.33
       5 19  64.2  40.7  50.8  66.9  39.8  0.06  21.5 124.9   5.2 624.9  0.22
       5 20  76.6  34.8  57.6  61.5  43.1        29.7 169.1   7.0 639.6  0.26
       5 21  75.8  47.7  59.3  70.8  48.9  0.26  26.4 134.4   5.6 583.1  0.22
       5 22  57.8  51.6  54.8  86.9  50.9  0.24  20.7 123.9   5.2 170.2  0.07
       5 23  67.6  47.9  57.6  69.8  47.4        16.5 146.7   6.1 617.4  0.21
       5 24  68.4  44.5  56.4  78.6  49.5        13.7  99.1   4.1 430.0  0.15
       5 25  65.4  45.1  54.5  71.8  45.1  0.04  16.4 110.8   4.6 478.8  0.18
       5 26  59.3  44.3  50.6  63.0  37.9  0.05  35.2 221.6   9.2 248.9  0.16
       5 27  65.0  35.9  50.7  69.9  40.3        29.0 147.5   6.1 453.6  0.18
       5 28  64.3  42.8  51.5  79.8  45.3        22.7 103.4   4.3 503.0  0.17
       5 29  65.4  48.1  53.4  86.6  49.5  0.23  25.8  81.1   3.4 268.0  0.10
       5 30  68.7  45.4  57.8  77.9  50.7  0.01  14.8  91.2   3.8 538.5  0.16
       5 31  80.7  47.0  64.6  67.1  52.0        14.5  86.9   3.6 666.7  0.23
       6  1  83.0  54.9  69.4  59.0  53.7  0.01  30.0 176.8   7.4 495.5  0.24
       6  2  73.3  52.6  60.4  83.1  55.4  0.45  20.8 151.7   6.3 324.5  0.16
       6  3  72.6  46.6  61.0  69.0  50.3        19.4 132.7   5.5 592.4  0.23
       6  4  74.4  49.0  61.5  72.9  52.1        17.4 146.4   6.1 671.2  0.25
       6  5  80.2  48.6  64.5  72.1  54.5        16.2 118.5   4.9 538.9  0.22
       6  6  75.8  54.2  61.6  79.1  54.7  0.13  25.3 151.3   6.3 355.8  0.18
       6  7  75.8  51.1  62.6  72.1  53.1        16.1 122.7   5.1 506.7  0.21
       6  8  72.4  51.0  60.3  78.1  53.0  0.06  24.3 139.6   5.8 298.5  0.16
       6  9  59.6  50.9  55.0  86.9  51.2  0.05  18.7 163.9   6.8 190.0  0.09
       6 10  72.8  51.4  58.5  78.6  51.3  0.22  27.5 132.7   5.5 434.5  0.20
       6 11  81.6  46.0  63.6  59.4  46.1        28.4 141.9   5.9 635.9  0.28
       6 12  77.4  48.6  59.6  71.0  48.9  0.21  27.8 114.4   4.8 407.6  0.21
       6 13  65.3  46.0  56.1  84.1  51.4  0.01  27.2 134.7   5.6 294.3  0.12
       6 14  76.6  51.3  61.4  77.6  54.1  0.12  36.7 138.3   5.8 499.9  0.21
       6 15  74.8  44.0  57.4  74.6  48.7        15.6  88.4   3.7 423.1  0.19
       6 16  74.1  46.2  58.9  71.9  49.1  0.12  28.1 118.0   4.9 553.7  0.22
       6 17  75.7  51.3  63.5  67.4  51.9        17.0 129.3   5.4 583.5  0.23
       6 18  83.6  49.9  65.3  67.2  52.9  0.01  22.2 108.8   4.5 515.7  0.24
       6 19  88.9  55.3  71.1  56.9  52.8        34.0 120.8   5.0 512.8  0.27
       6 20  89.3  49.6  69.7  53.2  49.2        45.7 139.9   5.8 419.1  0.28
       6 21  84.1  55.8  70.5  51.5  51.0  0.01  27.1 193.0   8.0 592.7  0.32
       6 22  90.8  52.9  72.4  54.2  51.8        26.5 131.3   5.5 715.0  0.35
       6 23  83.8  52.9  69.2  59.2  53.4        26.7 129.7   5.4 613.8  0.29
       6 24  79.5  52.3  66.4  53.4  47.3        26.5 177.4   7.4 464.1  0.29
       6 25  81.3  46.6  64.1  66.7  51.4        29.0 134.9   5.6 671.8  0.30
       6 26  83.4  47.5  64.6  66.7  51.3        12.9  77.4   3.2 671.7  0.28
       6 27  88.8  49.1  70.3  47.1  45.8        36.8 114.2   4.8 560.9  0.29
       6 28  88.3  46.9  69.6  46.7  45.8        22.1 113.4   4.7 616.1  0.31
       6 29  85.0  48.1  68.0  54.8  49.0        18.2 116.7   4.9 717.0  0.32
       6 30  87.5  47.8  70.0  52.3  48.7        17.7 134.0   5.6 720.0  0.34
       7  1  80.1  47.7  68.0  30.7  32.3        41.8 288.7  12.0 738.0  0.44
       7  2  80.6  43.2  61.2  51.2  43.0        20.6 175.6   7.3 693.0  0.35
       7  3  72.9  51.6  60.3  57.6  45.1        23.1 156.6   6.5 666.1  0.30
       7  4  77.1  48.1  62.1  60.4  47.2        39.3  82.2   3.4 639.4  0.25
       7  5  77.8  47.6  61.6  63.9  48.6  0.10  27.0 141.7   5.9 457.9  0.24
       7  6  79.8  43.6  64.2  62.5  50.1        15.4  97.0   4.0 504.3  0.22
       7  7  86.0  49.7  69.9  53.0  49.4        18.5 157.2   6.5 650.2  0.31
       7  8  82.5  51.9  68.1  59.0  52.4        17.9 105.8   4.4 543.1  0.24
       7  9  86.6  49.6  68.6  57.8  51.7        15.1 115.9   4.8 655.8  0.30
       7 10  89.2  50.3  69.2  56.2  51.3        21.5  88.3   3.7 638.9  0.30
       7 11  82.7  54.6  65.6  64.5  52.8  0.01  21.1  98.4   4.1 333.0  0.21
       7 12  84.0  47.6  66.9  59.8  51.1        30.0 152.6   6.4 592.2  0.29
       7 13  80.1  52.0  68.1  43.4  44.5        29.2 152.2   6.3 698.8  0.32
       7 14  87.0  46.4  67.7  53.0  47.5        13.6  91.6   3.8 704.0  0.31
       7 15  92.8  49.0  71.6  44.4  44.6        21.9 120.6   5.0 694.0  0.35
       7 16  94.1  47.0  70.4  48.8  47.9        48.3 111.7   4.7 438.4  0.30
       7 17  94.5  48.6  72.5  49.2  49.3        25.6 118.0   4.9 493.0  0.31
       7 18  93.0  54.1  73.5  46.4  50.5        19.3 128.3   5.3 612.9  0.33
       7 19  78.9  53.4  65.6  69.3  54.9  0.01  23.2 140.5   5.9 294.5  0.19
       7 20  81.7  50.0  66.3  69.9  55.2        13.4 103.4   4.3 580.0  0.25
       7 21  86.4  52.8  71.6  59.3  54.7  0.01  21.5 150.8   6.3 668.6  0.30
       7 22  89.2  55.7  72.6  61.8  56.7        15.1 115.7   4.8 641.4  0.29
       7 23  89.8  56.7  72.8  58.8  55.4  0.04  29.0 135.2   5.6 555.8  0.29
       7 24  87.1  58.1  72.7  62.6  57.8        15.3 102.3   4.3 570.3  0.26
       7 25  87.8  59.0  72.7  56.4  54.9        21.4 135.0   5.6 595.8  0.30
       7 26  88.1  55.7  72.7  55.5  54.2        20.8 151.9   6.3 570.3  0.30
       7 27  84.2  59.0  68.2  68.9  56.6  0.11  18.8 106.7   4.4 332.9  0.21
       7 28  69.1  59.9  64.1  88.6  60.6  1.23  20.8 170.6   7.1 201.2  0.11
       7 29  79.6  60.4  67.2  81.5  61.0  0.17  15.9 104.7   4.4 438.2  0.19
       7 30  76.7  60.6  67.6  83.0  62.1  0.01  13.3  77.6   3.2 389.2  0.15
       7 31  80.7  56.3  66.7  77.9  59.1        24.9  93.3   3.9 399.8  0.18
       8  1  83.4  55.5  69.2  68.8  57.6        23.1 111.7   4.7 565.0  0.24
       8  2  84.2  56.0  69.6  71.7  59.4        16.6 111.3   4.6 529.1  0.22
       8  3  88.4  55.8  69.9  69.0  58.2        25.1  95.8   4.0 531.1  0.24
       8  4  80.2  58.6  67.9  74.1  59.0        21.5 130.5   5.4 490.3  0.22
       8  5  68.7  57.7  63.3  88.2  59.7  0.80  16.4 119.5   5.0 247.3  0.11
       8  6  74.1  56.6  61.1  81.2  55.1  0.22  19.3 122.4   5.1 330.2  0.17
       8  7  74.0  51.0  63.4  75.8  55.1        13.2  81.5   3.4 615.9  0.20
       8  8  86.9  49.3  67.5  70.5  56.6        11.2  73.2   3.0 571.6  0.22
       8  9  67.5  54.9  60.1  75.7  52.3  0.48  29.4 150.5   6.3 316.4  0.15
       8 10  59.2  54.7  56.7  92.7  54.6  0.62  16.7 109.9   4.6  73.8  0.05
       8 11  71.5  50.5  59.9  86.0  55.6  0.08  24.6  73.4   3.1 325.8  0.12
       8 12  72.4  48.2  59.7  82.2  54.4        15.8  87.9   3.7 493.3  0.16
       8 13  79.6  46.5  62.7  72.4  53.2  0.03  29.1  98.8   4.1 509.7  0.19
       8 14  78.1  49.4  65.9  54.9  48.1        30.2 142.6   5.9 480.2  0.21
       8 15  85.3  47.5  66.8  64.3  53.2        18.3  96.3   4.0 627.1  0.24
       8 16  71.7  49.4  61.6  80.6  55.8  0.18  20.4 101.4   4.2 295.4  0.12
       8 17  71.3  54.3  60.7  86.4  56.7        21.2 119.2   5.0 289.8  0.13
       8 18  74.8  54.1  62.6  80.9  56.5  0.03  14.5  83.2   3.5 405.3  0.15
       8 19  72.6  48.5  61.5  79.5  55.1  0.09  22.3 105.0   4.4 332.2  0.13
       8 20  77.6  50.8  64.8  77.4  57.3        10.9  84.3   3.5 582.3  0.19
       8 21  86.5  55.3  65.6  74.4  56.3  0.03  22.6  91.4   3.8 368.2  0.19
       8 22  80.3  49.9  65.0  72.2  55.4        15.0  83.9   3.5 515.4  0.19
       8 23  84.0  49.8  66.9  71.4  56.6        12.5  84.5   3.5 600.2  0.22
       8 24  86.5  51.0  68.2  70.9  57.8  0.01   8.9  72.6   3.0 462.9  0.18
       8 25  84.6  55.8  70.6  68.1  59.3  0.34  22.1 104.8   4.4 524.9  0.21
       8 26  83.2  57.9  69.1  74.9  60.3  0.01  16.4  66.3   2.8 444.2  0.17
       8 27  85.8  53.6  69.1  72.0  58.9        12.6  79.3   3.3 520.8  0.20
       8 28  86.7  53.7  67.6  67.3  55.4        21.3 101.1   4.2 494.2  0.23
       8 29  87.7  53.1  66.6  70.7  55.8        19.4  79.8   3.3 497.8  0.22
       8 30  80.5  50.9  66.0  70.2  55.6        13.9  97.3   4.1 536.8  0.20
       8 31  83.5  50.9  66.9  67.9  54.8        17.8 113.3   4.7 509.4  0.21
       9  1  80.2  53.8  65.5  71.4  55.8        22.0 106.4   4.4 266.2  0.14
       9  2  65.3  58.9  62.1  81.6  56.4        11.7  98.3   4.1 132.8  0.07
       9  3  78.6  60.3  66.6  78.5  59.4        12.6  94.6   3.9 417.2  0.16
       9  4  85.5  53.8  66.3  73.0  56.2  0.01  23.1 115.3   4.8 446.0  0.20
       9  5  82.8  48.9  65.2  71.8  54.5  0.01  18.3  96.9   4.0 495.0  0.19
       9  6  81.0  51.3  64.0  70.3  53.2        23.8  85.9   3.6 341.0  0.16
       9  7  81.1  46.5  63.0  62.3  48.9  0.01  25.7  94.7   3.9 332.9  0.17
       9  8  86.4  46.6  66.1  56.1  47.3        19.6 108.6   4.5 486.2  0.22
       9  9  74.8  49.9  61.5  67.2  50.3        18.0  90.1   3.8 485.5  0.18
       9 10  84.4  46.3  64.6  63.9  50.5        15.4  93.1   3.9 494.0  0.20
       9 11  81.8  53.8  64.1  66.4  51.7  0.01  22.8 106.5   4.4 382.9  0.18
       9 12  83.3  51.0  66.1  58.5  49.1        14.7  91.8   3.8 448.0  0.18
       9 13  82.0  46.6  65.2  56.6  47.7  0.01  29.5 118.0   4.9 495.5  0.21
       9 14  82.8  51.4  65.0  62.3  50.2        13.1 112.1   4.7 469.1  0.20
       9 15  83.9  45.2  65.3  55.4  47.2        33.3 111.7   4.7 431.9  0.20
       9 16  71.4  49.3  61.9  53.8  44.8        32.9 149.7   6.2 276.0  0.16
       9 17  79.3  38.9  59.5  56.0  42.1        18.3 117.6   4.9 486.1  0.21
       9 18  77.4  51.0  61.5  67.8  50.8  0.15  30.1 127.2   5.3 223.3  0.14
       9 19  60.3  43.5  50.1  84.1  45.5  1.08  24.3 154.3   6.4  79.5  0.08
       9 20  49.5  43.3  46.1  88.1  42.8  0.28  26.2 163.2   6.8  75.8  0.06
       9 21  53.3  44.2  48.3  85.2  44.1  0.16  13.6  82.4   3.4 114.4  0.05
       9 22  58.8  47.6  51.5  84.7  46.9  0.24  12.0  82.7   3.4 162.0  0.05
       9 23  53.5  46.7  49.1  86.8  45.3  0.06  10.0  62.4   2.6 106.9  0.04
       9 24  68.3  44.5  53.4  78.4  46.3        11.7  58.7   2.4 463.1  0.12
       9 25  74.5  41.6  56.9  71.5  46.9        12.4  88.9   3.7 467.9  0.14
       9 26  76.5  48.6  60.7  75.8  52.6        15.8  64.4   2.7 270.8  0.09
       9 27  77.2  43.5  58.1  67.2  45.6        28.5 143.4   6.0 444.3  0.18
       9 28  71.6  34.2  50.7  68.2  39.4        16.1  86.7   3.6 462.4  0.16
       9 29  75.7  35.7  54.8  61.2  39.8        11.3  86.2   3.6 460.7  0.16
       9 30  78.7  41.3  57.6  61.2  42.3         9.7  93.9   3.9 451.3  0.16
      10  1  82.4  44.2  60.9  57.4  44.1        11.4 106.1   4.4 446.7  0.17
      10  2  83.0  46.3  63.4  55.2  45.0        21.9  94.9   4.0 411.4  0.16
      10  3  74.5  44.0  61.5  51.5  42.7        29.5 183.3   7.6 429.4  0.19
      10  4  80.9  37.4  56.9  54.4  38.2        15.1  94.9   4.0 437.3  0.18
      10  5  81.0  38.6  58.5  51.7  39.5        17.8  97.9   4.1 434.4  0.17
      10  6  65.0  40.0  54.3  48.8  34.9        23.5 154.9   6.5 422.7  0.16
      10  7  77.4  35.2  55.7  57.2  39.5        20.7 126.1   5.3 356.9  0.16
      10  8  58.8  32.2  49.9  54.2  33.5  0.01  40.0 273.7  11.4 280.5  0.15
      10  9  65.1  26.2  43.1  58.4  28.0        12.2  84.5   3.5 397.5  0.13
      10 10  74.3  31.1  50.2  60.5  36.0        13.1  79.0   3.3 330.7  0.12
      10 11  79.1  40.0  57.4  55.3  39.1        37.9 255.9  10.7 384.2  0.24
      10 12  52.2  33.0  40.6  59.0  27.0  0.23  43.7 431.3  18.0 270.4  0.21
      10 13  57.7  23.8  39.5  52.6  22.1        28.3 178.6   7.4 399.5  0.16
      10 14  65.3  24.7  43.0  59.2  28.0        12.6  90.7   3.8 396.9  0.12
      10 15  64.4  29.3  46.5  55.0  29.6        16.1  93.6   3.9 389.3  0.10
      10 16  66.9  30.1  46.0  59.8  30.9        14.0  91.5   3.8 388.5  0.11
      10 17  75.0  31.5  51.1  51.3  31.4        14.0 100.8   4.2 385.2  0.13
      10 18  74.9  35.2  55.0  41.2  28.7        32.7 184.8   7.7 383.2  0.18
      10 19  47.1  37.1  43.0  74.9  35.5        19.0 105.1   4.4  69.2  0.05
      10 20  49.5  32.4  43.4  74.8  36.0        18.6  93.4   3.9 120.7  0.05
      10 21  51.9  29.4  41.5  79.0  35.4        10.8  75.8   3.2 206.8  0.06
      10 22  62.3  26.4  43.2  62.4  29.8        13.3  93.4   3.9 350.8  0.09
      10 23  58.1  39.1  48.6  46.5  28.4  0.17  31.6 137.7   5.7 162.7  0.08
      10 24  41.3  20.4  30.5  87.9  28.0  0.09  30.9 274.1  11.4  45.0  0.05
      10 25  30.2  12.3  22.2  76.8  16.0        34.6 377.2  15.7 175.1  0.08
      10 26  39.8  -2.6  16.7  73.8  11.1  0.06   7.5  59.5   2.5 326.8  0.06
      10 27  54.0   8.4  28.7  72.0  21.6  0.01  12.7  70.2   2.9 342.5  0.06
      10 28  48.7  25.8  36.8  67.8  26.8        18.0  98.3   4.1 340.8  0.04
      10 29  60.9  23.1  39.1  66.7  28.1        19.7  81.9   3.4 286.5  0.06
      10 30  64.8  37.4  52.0  43.9  30.3        25.3 185.7   7.7 242.3  0.09
      10 31  62.5  32.7  51.5  45.1  30.1        49.3 376.7  15.7 283.3  0.17
      11  1  50.6  28.5  40.1  48.7  21.2        35.6 286.9  12.0 319.8      
      11  2  49.5  26.0  39.2  41.4  17.0        35.2 331.4  13.8 272.8      
      11  3  53.7  19.6  37.5  58.7  23.9        15.0  75.5   3.1 275.8      
      11  4  62.8  31.1  47.1  43.7  24.6        38.0 256.4  10.7 263.1      
      11  5  54.8  24.9  37.1  66.2  26.0        14.5 107.7   4.5 306.7      
      11  6  63.9  24.3  41.2  62.7  27.8        14.0 111.5   4.6 306.1      
      11  7  70.2  26.8  44.7  53.5  26.0        13.0 103.8   4.3 298.2      
      11  8  51.6  30.5  39.0  65.9  28.3        23.8 171.3   7.1 167.9      
      11  9  32.0  20.8  27.3  88.1  24.5  0.17  17.0 117.3   4.9 163.8      
      11 10  26.0  19.3  23.1  80.1  17.8  0.03  12.8  71.0   3.0 104.0      
      11 11  26.6  20.4  23.1  78.9  17.5        18.8 180.5   7.5  98.2      
      11 12  35.1  19.0  25.1  81.5  20.2  0.02  11.3  80.0   3.3 213.7      
      11 13  39.5  15.3  25.4  73.0  18.9        31.9 210.1   8.8 273.8      
      11 14  22.6   6.0  15.1  50.7  -0.1        31.7 337.9  14.1 279.7      
      11 15  28.6   2.6  14.1  60.9   2.6        11.8  85.9   3.6 280.3      
      11 16  40.0   4.2  19.0  59.2   5.9         9.4  82.6   3.4 282.0      
      11 17  46.8  11.1  28.3  56.9  13.4        15.5  92.2   3.8 261.6      
      11 18  49.2  18.0  32.1  52.8  14.6        25.3 146.7   6.1 270.5      
      11 19  54.7  15.4  35.3  55.7  19.9        18.5  97.5   4.1 280.1      
      11 20  50.2  19.0  37.9  52.1  21.6        24.4 156.3   6.5 210.5      
      11 21  39.2  15.3  28.9  62.1  17.3        22.2  94.5   3.9 102.7      
      11 22  42.7  13.4  25.6  67.4  15.8        12.9  91.9   3.8 182.2      
      11 23  37.2  12.2  23.1  71.4  15.4        11.6  82.8   3.5  56.1      
      11 24  59.3  17.8  34.2  60.9  20.6        11.5 108.1   4.5 256.8      
      11 25  62.5  20.5  40.7  46.1  19.0        37.9 212.1   8.8 211.6      
      11 26  42.9  19.9  31.3  59.4  18.1        27.6 112.6   4.7 102.3      
      11 27  48.5  18.2  34.2  71.8  26.2  0.02  28.6 101.6   4.2  58.9      
      11 28  53.9  26.1  39.5  56.8  24.7        21.2 218.7   9.1 204.5      
      11 29  54.4  20.3  36.1  58.2  21.4        22.6 175.2   7.3 241.8      
      11 30  45.1  16.2  27.5  69.1  18.4        12.4  92.8   3.9 209.1      
      12  1  44.2  20.3  32.4  68.3  22.7        21.2 119.1   5.0 123.8      
      12  2  30.0  24.3  27.6  86.2  24.0        18.6 124.4   5.2  67.4      
      12  3  29.4   0.8  16.3  78.7  12.2  0.05   9.9  85.4   3.6 229.2      
      12  4  31.0   4.8  17.7  74.6  11.5        18.7 110.1   4.6 238.7      
      12  5  26.3   4.5  14.8  75.6   9.1         9.7  89.2   3.7 216.4      
      12  6  36.6   8.1  19.5  75.9  13.4  0.01   7.8  59.6   2.5 125.6      
      12  7  30.6   9.8  22.0  80.1  17.3         9.3  64.9   2.7 112.9      
      12  8  46.4  13.8  29.3  75.8  23.1  0.01  12.4  80.5   3.4 140.4      
      12  9  38.0  27.4  32.4  65.6  22.1        30.0 235.1   9.8  95.7      
      12 10  30.0  24.1  27.2  56.3  13.7        35.0 375.4  15.6  70.6      
      12 11  35.9  17.0  25.5  41.3   4.6        33.1 347.1  14.5 227.5      
      12 12  52.2  16.8  32.5  32.0   4.5        31.4 208.4   8.7 226.3      
      12 13  51.6  16.6  33.1  41.8  11.4        13.7 110.9   4.6 223.7      
      12 14  61.2  14.7  32.1  50.7  13.4        13.4  84.4   3.5 227.2      
      12 15  60.2  19.4  36.3  47.3  16.3        31.3 180.9   7.5 213.4      
      12 16  48.0  14.4  32.4  50.4  14.9        13.5 106.8   4.5 214.6      
      12 17  48.0  22.6  31.0  59.2  18.0        11.4  84.5   3.5  90.2      
      12 18  53.4  18.7  31.3  60.0  18.0        13.7 100.5   4.2 159.7      
      12 19  30.8  18.7  25.9  73.5  18.6        17.3 141.5   5.9  36.3      
      12 20  35.7  12.0  24.4  76.1  17.9         9.6  67.7   2.8 197.2      
      12 21  35.9   8.3  21.0  78.4  15.5        13.7  69.7   2.9 142.2      
      12 22  37.2  17.0  28.6  59.0  16.0        14.2  87.9   3.7 138.6      
      12 23  39.6   8.6  20.9  64.9  10.9        11.3  87.8   3.7 214.7      
      12 24  29.4  17.8  23.7  64.5  13.5        19.8 220.1   9.2  78.0      
      12 25  33.5  12.5  23.0  62.6  11.7  0.02  22.5 125.9   5.2 205.0      
      12 26  42.0  10.2  27.2  54.1  12.2        24.3 193.8   8.1 210.9      
      12 27  47.4   8.4  26.0  48.4   7.6        51.6 387.5  16.1 127.7      
      12 28  40.5  19.4  30.4  34.7   5.4        41.1 331.0  13.8 199.1      
      12 29  57.1  24.7  46.5  36.0  20.8        39.9 306.7  12.8 209.6      
      12 30  53.3  15.4  36.9  55.4  21.7        37.1 247.1  10.3 179.6      
      12 31  52.6  15.6  30.5  65.2  19.9        13.5  81.9   3.4 221.1      

      Total                               13.58                         44.46
        Max  94.5  60.6  73.5  92.7  62.1        52.7 606.2  25.3 738.0
        Min  -5.3 -18.4  -9.0  28.1 -16.6         7.5  58.7   2.4  36.3
        Ave  60.4  31.8  45.7  62.1  32.0        22.3 142.5   5.9 371.2
