                                                                    07-JUN-99
      Cellular-linked Weather Station near FT COLLINS (East), Colo       1996
      -----------------------------------------------------------------------
               Temperature      Rel   Dew             Wind        Solar Alflf
            ----------------- Humid Point  Prec -----------------   Rad   ETR
       Date   Max   Min   Ave   Ave   Ave Total   Max Total   Ave Total Total
      MoDay     F     F     F     %     F  inch   mph miles   mph Langl  inch
      ----- ----- ----- ----- ----- ----- ----- ----- ----- ----- ----- -----
       1  1  32.0  15.2  24.2  66.0  14.6  0.01  31.9 207.5   8.6  93.7      
       1  2  23.8  13.4  18.6  56.6   6.0        24.8 207.0   8.6 202.9      
       1  3  53.5  14.0  34.3  52.6  16.5        50.6 285.4  11.9 198.9      
       1  4  41.1   7.8  21.0  69.9  12.7  0.08  21.8 156.1   6.5  76.8      
       1  5  13.2 -11.4   3.9  72.4  -1.9  0.01   9.9  70.9   3.0 193.8      
       1  6  22.3 -15.2   2.0  67.8  -3.6  0.01   7.8  70.9   3.0 226.6      
       1  7  40.3   3.9  20.7  66.6  11.6        12.4  59.7   2.5 232.9      
       1  8  60.8  14.4  35.6  52.4  18.8  0.02  21.1 119.8   5.0 222.2      
       1  9  49.1  19.7  32.6  64.6  21.3         9.8  75.6   3.1 198.1      
       1 10  51.1  22.5  35.6  59.0  21.6  0.03  46.6 253.1  10.5 175.3      
       1 11  47.3  15.3  29.9  64.8  18.6        12.6 101.0   4.2 195.9      
       1 12  62.5  14.8  33.8  56.2  18.6        10.3 100.9   4.2 247.2      
       1 13  72.9  21.7  41.8  38.1  14.8        21.0 122.0   5.1 254.8      
       1 14  58.5  15.8  33.6  45.8  12.7        15.0 101.6   4.2 251.2      
       1 15  62.4  16.3  36.7  43.8  13.2        19.1 108.6   4.5 218.3      
       1 16  58.4  27.5  46.1  33.5  18.3        29.5 228.2   9.5 237.6      
       1 17  38.0   7.8  21.5  45.3   6.9  0.01  47.5 447.4  18.6 116.3      
       1 18  21.1   1.8  10.7  43.9  -7.0        34.9 189.4   7.9 259.4      
       1 19  44.5   1.2  24.2  41.9   2.8        33.3 188.9   7.9 259.5      
       1 20  41.8  15.0  30.2  32.4   3.0        38.1 229.4   9.6 260.0      
       1 21  54.2  12.1  33.1  35.0   6.5        23.8 125.7   5.2 273.5      
       1 22  33.6   4.6  17.6  70.2   9.5  0.02  21.0 142.0   5.9  69.9      
       1 23  32.3  -5.3  14.9  54.6   0.5  0.03  29.1 168.4   7.0 237.7      
       1 24  44.7   3.7  25.2  47.4   8.0  0.01  30.0 156.0   6.5 279.6      
       1 25  30.3 -10.2  14.2  66.6   5.4  0.10  18.8 154.1   6.4 116.2      
       1 26  24.6 -18.9   0.0  59.5  -8.6  0.05  22.1  97.7   4.1 233.4      
       1 27  31.0 -12.9  10.5  59.1   0.1        15.5  85.8   3.6 279.8      
       1 28  41.9   9.4  29.0  42.6   9.4        41.1 258.8  10.8 260.9      
       1 29  32.7   5.3  15.2  61.9   5.1        16.8 136.7   5.7 188.4      
       1 30   5.6  -2.8   1.2  69.8  -6.1  0.23  12.9 106.4   4.4 144.6      
       1 31  15.0 -20.9   3.3  72.4  -2.2  0.15  11.1  59.5   2.5  40.6      
       2  1  15.6 -24.0  -7.5  61.2 -14.3  0.02  22.3 114.7   4.8 204.2      
       2  2  -1.3 -28.6 -15.3  58.3 -24.2         9.4  86.5   3.6 226.3      
       2  3  10.0 -32.8 -14.8  56.5 -21.8        10.5 121.6   5.1 324.0      
       2  4  37.9 -18.1  10.5  53.3   1.8        20.5 116.1   4.8 283.9      
       2  5  45.7  11.9  30.3  67.6  21.1        19.0  88.6   3.7 313.4      
       2  6  53.0  21.3  37.5  55.2  22.4        20.6 115.1   4.8 251.9      
       2  7  57.3  31.1  42.1  55.8  27.5        20.1 110.6   4.6 255.1      
       2  8  57.0  30.4  42.3  62.8  30.4        19.7 106.0   4.4 273.7      
       2  9  65.6  27.5  46.2  48.8  25.2        19.0 111.3   4.6 216.8      
       2 10  50.1  17.4  32.2  59.8  19.5  0.03  30.9 181.0   7.5 221.3      
       2 11  49.9  13.0  27.8  59.8  14.4        14.1  99.9   4.2 334.4      
       2 12  56.8  15.0  33.2  43.8  10.7        13.6 109.9   4.6 357.4      
       2 13  60.5  17.9  38.2  41.3  13.5        14.6  97.5   4.1 326.1      
       2 14  56.0  26.6  39.8  49.6  20.9        30.5 208.0   8.7 135.6      
       2 15  50.2  18.1  29.2  61.1  17.2        26.2 159.6   6.7 357.4      
       2 16  58.0  11.6  34.9  45.3  13.2        19.6 108.4   4.5 367.2      
       2 17  58.1  18.2  40.2  44.1  19.0        18.0 116.8   4.9 319.2      
       2 18  58.8  35.5  49.2  36.9  23.5        31.8 260.0  10.8 287.5      
       2 19  61.8  29.1  46.3  37.6  20.0        44.5 245.9  10.2 369.7      
       2 20  53.1  28.8  41.8  57.7  28.1  0.06  33.6 144.0   6.0 188.9      
       2 21  59.9  31.8  43.8  70.6  34.0  0.01  14.3  98.1   4.1 280.2      
       2 22  63.2  30.3  40.9  54.4  24.6  0.05  43.0 265.0  11.0 283.1      
       2 23  51.6  20.2  37.3  23.2   1.4        35.3 273.7  11.4 404.5      
       2 24  63.5  15.9  38.8  28.9   5.6        24.1 157.6   6.6 399.2      
       2 25  53.9  15.8  31.6  45.4  11.0        21.5 162.0   6.8 406.9      
       2 26  20.9  15.3  17.8  77.6  12.0        16.4 178.3   7.4 175.7      
       2 27  17.5   5.5  11.7  68.5   3.7  0.01  14.9 141.6   5.9 166.1      
       2 28  15.0   3.1   8.3  63.4  -1.4        11.8  83.1   3.5 254.3      
       2 29  38.0   1.1  19.1  49.3   2.1  0.03  29.7 141.6   5.9 384.7      
       3  1  44.5  24.1  35.3  28.8   5.9  0.02  42.9 382.1  15.9 379.4  0.13
       3  2  51.9  17.9  38.7  31.3   9.5        32.1 276.9  11.5 320.2  0.11
       3  3  57.8  12.4  35.0  39.9   9.2        16.0 121.2   5.0 389.1  0.10
       3  4  58.3  24.7  38.5  41.5  16.5        20.3  94.5   3.9 129.4  0.07
       3  5  49.6  13.7  26.3  63.2  15.2        32.7 160.4   6.7 264.3  0.10
       3  6  22.6   5.6  13.0  57.5   0.7        18.0 140.9   5.9 362.1  0.07
       3  7  29.0   3.0  16.7  59.7   4.9        20.9 128.9   5.4 369.5  0.06
       3  8  37.3   9.9  24.4  63.8  13.9        12.9 101.3   4.2 338.8  0.05
       3  9  61.2  12.3  35.5  53.7  17.4        13.7  93.1   3.9 457.7  0.08
       3 10  68.8  21.0  44.1  41.6  19.2         9.6  95.7   4.0 281.6  0.08
       3 11  68.1  28.7  48.7  34.8  19.6  0.01  44.6 146.5   6.1 291.8  0.11
       3 12  59.7  24.7  43.2  51.1  25.1  0.01  25.9 114.4   4.8 239.4  0.09
       3 13  58.1  22.3  37.7  70.8  28.2  0.67  29.2 185.2   7.7 324.7  0.12
       3 14  38.9  27.1  33.2  85.4  29.3  0.72  13.1  97.8   4.1 281.0  0.07
       3 15  51.5  26.2  38.5  69.4  29.1  0.03  23.6 123.5   5.1 494.3  0.10
       3 16  51.2  30.0  39.0  63.4  26.6  0.01  35.7 205.8   8.6 375.8  0.11
       3 17  43.2  27.4  34.5  68.2  24.6  0.01  32.6 242.7  10.1 335.3  0.10
       3 18  40.5  27.9  32.2  58.8  18.9        40.8 343.6  14.3 428.6  0.14
       3 19  45.6  20.8  32.8  47.3  13.7        35.8 301.6  12.6 522.7  0.16
       3 20  55.5  13.9  34.0  54.3  18.0        14.1 103.7   4.3 517.0  0.12
       3 21  55.1  25.9  40.7  56.0  25.6        29.7 198.9   8.3 465.0  0.12
       3 22  56.1  21.6  38.4  59.1  24.6        11.5  96.1   4.0 373.1  0.09
       3 23  56.0  18.1  34.4  68.6  24.6  0.15  38.7 319.5  13.3 411.2  0.16
       3 24  18.4   3.3  12.7  63.5   3.2  0.01  37.0 497.7  20.7 466.7  0.10
       3 25  21.4  -1.6  10.6  57.4  -1.3        14.8 108.7   4.5 554.0  0.08
       3 26  46.0   2.4  23.5  55.3  10.1        11.4  88.4   3.7 564.4  0.09
       3 27  56.5  19.7  36.4  55.2  20.2        13.9  89.3   3.7 376.0  0.07
       3 28  61.6  28.3  42.0  58.8  27.2        15.1 122.3   5.1 520.3  0.11
       3 29  52.8  28.1  37.2  78.2  30.7        25.3 122.7   5.1 277.4  0.08
       3 30  53.7  26.6  40.5  59.5  25.9        16.6 119.4   5.0 489.2  0.12
       3 31  62.4  22.6  43.1  48.8  23.2        14.3 109.5   4.6 514.7  0.14
       4  1  72.6  25.1  45.3  50.9  24.4        21.4 108.6   4.5 378.9  0.15
       4  2  74.7  27.7  53.5  38.1  23.1        28.1 208.2   8.7 441.0  0.20
       4  3  55.6  33.8  45.8  48.8  26.7  0.02  34.4 325.2  13.6 515.6  0.20
       4  4  40.1  30.0  33.7  81.7  28.6  0.10  16.6 173.7   7.2 172.4  0.07
       4  5  54.3  26.9  36.0  72.0  26.3  0.06  13.7 101.6   4.2 526.8  0.14
       4  6  67.6  24.1  47.8  47.4  24.9  0.03  27.2 168.7   7.0 558.8  0.18
       4  7  66.6  42.2  53.4  52.3  35.7  0.05  32.3 159.5   6.6 329.1  0.12
       4  8  74.6  36.0  54.6  55.5  35.8  0.06  27.5 157.3   6.6 437.2  0.17
       4  9  76.2  32.4  54.7  50.3  32.9        17.8 106.3   4.4 593.9  0.20
       4 10  80.2  34.3  56.9  46.0  32.8        25.2 137.0   5.7 503.5  0.21
       4 11  55.7  36.4  45.0  72.6  36.4  0.26  34.7 241.4  10.1 180.2  0.11
       4 12  58.8  31.9  45.3  65.7  33.2  0.01  18.3 147.9   6.2 469.5  0.15
       4 13  43.8  30.9  35.3  79.6  29.9  0.36  32.7 277.2  11.6 118.3  0.09
       4 14  48.5  27.7  38.3  57.5  24.0        37.3 360.7  15.0 614.7  0.20
       4 15  61.0  23.9  44.0  47.6  22.0        22.5 135.3   5.6 639.2  0.18
       4 16  73.1  29.6  52.3  44.4  26.7        14.7 111.5   4.6 574.9  0.18
       4 17  66.6  36.8  53.2  37.3  25.5        34.5 292.3  12.2 611.0  0.25
       4 18  63.7  33.8  48.3  36.2  21.9        29.7 238.4   9.9 432.6  0.22
       4 19  51.0  31.2  42.5  32.8  15.4  0.02  51.1 409.1  17.0 442.5  0.25
       4 20  54.0  20.6  39.1  45.8  18.4        24.5 146.3   6.1 382.5  0.15
       4 21  51.9  31.4  40.6  47.1  21.0  0.01  30.5 279.5  11.6 416.8  0.19
       4 22  56.5  20.6  40.5  58.6  24.8        19.4  84.1   3.5 528.1  0.14
       4 23  71.9  27.6  51.8  45.1  29.1        20.0 102.0   4.3 534.6  0.17
       4 24  82.3  41.3  64.7  33.0  32.0        45.2 243.6  10.2 491.5  0.25
       4 25  62.7  43.8  52.1  28.1  18.7        46.7 476.7  19.9 659.3  0.39
       4 26  69.9  31.5  54.7  30.9  22.9        44.8 292.0  12.2 639.2  0.30
       4 27  61.7  30.6  46.5  51.5  29.1  0.01  36.8 272.2  11.3 452.1  0.23
       4 28  47.0  29.0  37.1  54.0  21.3        34.9 360.7  15.0 393.2  0.20
       4 29  57.5  20.8  42.3  43.7  18.6        29.7 178.2   7.4 520.2  0.19
       4 30  54.3  37.1  44.0  65.6  33.0        34.3 163.1   6.8 243.6  0.10
       5  1  63.2  36.9  49.1  59.4  34.3        31.8 129.6   5.4 473.2  0.16
       5  2  70.9  42.2  55.7  43.8  32.7        30.0 203.3   8.5 543.6  0.23
       5  3  69.6  34.4  55.0  48.3  33.5        26.4 184.1   7.7 509.3  0.21
       5  4  73.2  34.3  54.5  49.7  35.1        25.5 144.9   6.0 607.6  0.23
       5  5  65.4  38.8  50.5  53.2  34.1        22.7 172.7   7.2 589.4  0.23
       5  6  70.4  38.3  55.8  64.3  42.5        17.4 147.6   6.2 556.1  0.20
       5  7  61.9  43.6  50.9  83.2  45.9        12.2 101.7   4.2 222.3  0.09
       5  8  75.3  36.9  57.4  56.4  40.0        30.1 171.3   7.1 559.8  0.23
       5  9  57.9  42.0  49.4  82.0  44.4  0.15  27.0 174.3   7.3 148.0  0.08
       5 10  59.9  36.8  46.1  81.6  41.0        14.3 125.7   5.2 255.1  0.11
       5 11  77.9  45.2  57.2  64.9  43.6        15.2 129.8   5.4 487.6  0.22
       5 12  70.3  40.3  56.1  66.7  44.4        21.2 162.4   6.8 517.1  0.19
       5 13  77.3  43.0  59.6  64.1  46.1        19.6 116.7   4.9 530.1  0.20
       5 14  84.7  43.3  66.9  45.8  41.2        17.1 139.1   5.8 460.2  0.23
       5 15  84.2  47.2  67.1  46.5  44.0  0.01  22.4 147.6   6.2 511.1  0.25
       5 16  87.8  50.3  69.6  50.4  47.3        21.8 145.0   6.0 550.8  0.27
       5 17  78.5  47.2  67.2  36.4  38.3  0.01  30.3 209.1   8.7 517.9  0.28
       5 18  86.6  43.8  63.7  46.2  39.5  0.01  38.9 204.0   8.5 519.5  0.34
       5 19  70.5  40.2  55.2  57.6  40.0  0.03  25.3 194.0   8.1 463.2  0.25
       5 20  66.1  45.3  54.4  55.2  37.7  0.04  28.6 179.3   7.5 496.2  0.24
       5 21  72.7  36.6  55.9  63.6  43.2        14.2  89.6   3.7 609.5  0.22
       5 22  78.4  45.9  62.4  57.2  46.1        24.3 128.6   5.4 494.7  0.22
       5 23  63.8  47.4  53.9  81.9  48.5  1.15  20.4 146.4   6.1 225.0  0.11
       5 24  52.0  47.0  49.9  89.0  46.8  0.27  16.0 151.3   6.3  91.6  0.05
       5 25  49.5  44.3  46.5  89.4  43.6  0.50  12.0 108.2   4.5 124.6  0.06
       5 26  49.5  42.6  45.1  85.4  41.0  0.89  20.1 172.0   7.2 198.8  0.08
       5 27  53.4  41.7  47.2  72.5  38.8  0.04  33.3 304.7  12.7 215.0  0.12
       5 28  47.0  37.8  41.7  86.3  38.0        13.6 121.4   5.1 169.8  0.07
       5 29  69.6  42.2  52.4  80.4  46.7  0.01  22.2  96.8   4.0 540.8  0.17
       5 30  73.4  45.5  59.3  74.0  50.7        20.8 131.0   5.5 552.0  0.18
       5 31  71.9  42.0  57.1  61.4  43.0  0.01  25.8 102.1   4.3 516.1  0.20
       6  1  71.6  40.7  57.8  56.9  40.8        19.4 102.8   4.3 647.8  0.23
       6  2  72.7  41.2  58.0  53.8  40.2        15.5 104.2   4.3 708.0  0.26
       6  3  77.0  42.1  60.6  59.3  44.9  0.01  28.2  92.4   3.9 699.0  0.25
       6  4  81.8  46.6  64.7  57.2  47.4        23.5 127.2   5.3 592.8  0.26
       6  5  82.2  46.1  63.8  59.6  48.1        19.1 144.3   6.0 529.2  0.26
       6  6  71.9  46.1  59.4  53.2  41.1  0.02  35.8 247.9  10.3 684.1  0.32
       6  7  74.2  38.5  57.7  61.8  43.7        15.3  94.4   3.9 736.0  0.27
       6  8  82.1  40.3  62.3  56.5  45.6        26.2  99.4   4.1 554.4  0.25
       6  9  83.3  49.3  67.6  52.5  48.7  0.09  33.0 118.6   4.9 482.0  0.24
       6 10  83.7  47.9  65.5  62.3  51.2  0.26  45.5 108.9   4.5 488.4  0.24
       6 11  84.4  51.4  66.2  60.7  50.8        21.5  98.4   4.1 522.0  0.26
       6 12  78.0  50.0  64.4  62.3  50.6        17.7 151.3   6.3 582.0  0.26
       6 13  82.1  49.8  65.4  65.8  52.9        16.4  88.0   3.7 614.0  0.25
       6 14  82.7  50.2  64.9  66.8  52.5        26.7 101.2   4.2 612.3  0.26
       6 15  68.1  53.9  59.4  83.3  54.3  0.30  18.3 141.6   5.9 133.4  0.10
       6 16  76.4  50.9  63.3  70.3  52.7  0.01  21.5  81.6   3.4 592.0  0.22
       6 17  84.3  46.9  66.0  64.3  52.4        16.4  94.8   4.0 620.7  0.26
       6 18  89.6  53.8  70.5  54.8  50.7        14.4 104.1   4.3 715.0  0.32
       6 19  87.7  51.0  70.7  41.3  43.6  0.02  21.0 162.9   6.8 696.2  0.36
       6 20  81.3  50.7  65.6  69.1  54.9  0.11  29.4 110.0   4.6 450.3  0.22
       6 21  76.8  55.1  63.0  72.7  53.6  0.51  26.4 136.6   5.7 330.9  0.20
       6 22  77.0  54.7  63.5  73.9  54.4  0.03  30.8 153.5   6.4 390.4  0.21
       6 23  80.8  46.7  65.4  57.6  49.4        18.3 122.2   5.1 709.0  0.29
       6 24  85.6  52.5  68.5  67.7  56.6  0.17  24.3 154.2   6.4 575.6  0.27
       6 25  86.8  50.5  68.8  59.2  52.5  0.01  25.7 136.2   5.7 658.7  0.31
       6 26  89.7  51.5  69.8  60.0  53.4  0.06  36.0 120.6   5.0 689.0  0.32
       6 27  82.0  58.2  69.4  67.0  57.1        19.4 116.8   4.9 433.3  0.22
       6 28  82.1  56.3  65.0  74.0  55.6  0.21  23.1  84.1   3.5 368.2  0.21
       6 29  80.0  50.2  66.6  59.7  51.1        17.2 105.5   4.4 701.0  0.28
       6 30  84.2  50.8  68.3  60.3  53.2        19.7 116.3   4.8 698.8  0.29
       7  1  92.2  54.3  73.3  53.6  52.2        13.6  80.7   3.4 700.0  0.31
       7  2  92.4  54.7  74.0  52.2  53.4        11.9 108.4   4.5 700.0  0.33
       7  3  95.3  54.5  73.3  55.5  54.3  0.01  22.7  98.0   4.1 584.5  0.32
       7  4  92.5  54.9  74.3  53.0  55.1        21.9 107.6   4.5 594.6  0.31
       7  5  91.0  59.6  74.1  58.0  57.0  0.03  39.2 142.5   5.9 567.6  0.32
       7  6  81.8  54.7  68.5  68.7  57.5        19.6 129.0   5.4 638.9  0.28
       7  7  85.7  52.5  70.3  67.8  58.3        18.9 107.9   4.5 710.0  0.29
       7  8  70.2  58.8  63.7  63.3  51.2        19.8 145.4   6.1 368.7  0.21
       7  9  68.1  56.7  61.3  88.6  57.9  0.27  20.0 132.2   5.5 127.2  0.09
       7 10  81.5  56.0  65.6  77.5  57.7        15.9 113.9   4.7 620.5  0.25
       7 11  83.7  53.1  69.9  66.1  56.3  0.08  24.3 168.7   7.0 710.0  0.29
       7 12  75.1  57.5  65.8  79.5  59.1  0.02  15.4 107.8   4.5 508.4  0.19
       7 13  78.2  53.1  64.9  80.4  58.5  0.17  34.6 118.9   5.0 526.7  0.21
       7 14  75.2  47.3  63.8  69.7  52.9        18.6  95.9   4.0 720.0  0.25
       7 15  88.6  48.9  67.3  65.6  54.4        20.4  89.6   3.7 541.1  0.25
       7 16  82.2  58.2  70.3  67.3  57.9        28.9 129.4   5.4 542.8  0.23
       7 17  84.1  58.3  70.0  65.7  57.5        25.9 125.7   5.2 517.3  0.24
       7 18  78.8  53.8  66.6  73.1  57.4        19.7  89.2   3.7 349.2  0.17
       7 19  86.4  55.6  69.9  69.7  58.7        25.9 111.4   4.6 654.8  0.28
       7 20  88.8  56.8  73.0  57.4  54.7        15.9  83.5   3.5 653.3  0.28
       7 21  87.3  53.8  71.3  49.8  49.8        17.9 132.9   5.5 719.0  0.33
       7 22  80.3  45.6  67.2  62.3  53.7        22.8 158.4   6.6 697.2  0.29
       7 23  81.1  51.6  64.7  74.6  55.6  0.09  23.3 127.4   5.3 549.4  0.25
       7 24  74.0  51.5  63.5  71.2  53.6        14.2 113.0   4.7 656.1  0.24
       7 25  78.6  53.3  65.4  76.1  57.5  0.02  25.9  87.9   3.7 396.3  0.17
       7 26  81.3  49.4  64.7  69.1  53.6        24.0 121.1   5.0 576.7  0.24
       7 27  85.3  49.8  67.7  62.2  52.9        18.0 102.4   4.3 606.9  0.26
       7 28  84.4  54.3  67.2  70.4  56.4  0.65  47.9 125.8   5.2 505.2  0.24
       7 29  72.5  59.8  63.8  81.1  57.6  0.31  16.7 106.2   4.4 327.0  0.15
       7 30  80.2  58.1  68.7  72.5  58.6  0.01  24.5  84.4   3.5 569.9  0.21
       7 31  82.1  55.6  69.1  71.3  58.9  0.03  30.8 134.4   5.6 643.5  0.25
       8  1  86.8  53.7  69.8  67.5  57.3        18.1  98.3   4.1 667.4  0.27
       8  2  88.5  57.3  72.1  65.0  58.1  0.03  40.6 141.2   5.9 579.3  0.28
       8  3  82.0  56.1  69.0  65.0  56.0        27.3 125.5   5.2 455.9  0.22
       8  4  84.6  53.4  68.7  54.3  50.3  0.01  29.2 144.3   6.0 495.4  0.27
       8  5  85.3  47.2  66.9  52.5  46.6        16.6 126.9   5.3 671.2  0.31
       8  6  87.9  49.4  66.6  54.4  47.6        30.1 182.4   7.6 604.4  0.35
       8  7  76.7  44.2  62.0  61.0  47.4        15.5  92.5   3.9 649.1  0.25
       8  8  82.0  48.5  65.9  67.6  54.2  0.01  19.6 142.3   5.9 607.6  0.25
       8  9  83.9  54.9  67.6  65.6  54.4        24.0 119.9   5.0 486.2  0.23
       8 10  85.9  53.8  67.3  63.6  52.7  0.01  19.3 111.9   4.7 561.0  0.26
       8 11  84.6  48.8  67.4  58.9  51.2        12.6  99.7   4.2 650.8  0.26
       8 12  93.1  48.5  69.4  55.4  50.3        13.3  93.0   3.9 572.5  0.28
       8 13  89.5  52.1  70.7  47.9  49.2  0.01  23.2 126.2   5.3 498.2  0.27
       8 14  84.5  55.7  67.7  66.0  55.9  0.02  24.3 107.2   4.5 436.4  0.22
       8 15  79.1  50.3  64.3  75.3  56.2  0.08  28.3 102.2   4.3 357.4  0.17
       8 16  83.1  52.5  67.5  61.4  51.1        15.6 108.3   4.5 632.8  0.26
       8 17  82.0  48.3  66.2  63.8  52.1        14.0 102.2   4.3 622.3  0.24
       8 18  84.9  51.1  65.6  70.1  54.8  0.01  30.9 112.3   4.7 413.9  0.21
       8 19  72.2  50.8  61.8  71.8  52.2        22.9 101.1   4.2 432.9  0.17
       8 20  82.0  47.0  63.5  70.7  52.9        18.4  82.5   3.4 476.7  0.19
       8 21  83.8  51.5  65.2  71.3  54.7        20.6  96.3   4.0 314.0  0.16
       8 22  72.8  53.1  63.7  73.7  55.2        18.6 132.7   5.5 393.5  0.16
       8 23  78.0  52.4  64.4  75.7  56.1        22.6  98.7   4.1 538.4  0.19
       8 24  80.5  47.2  64.4  71.5  54.2        11.3  83.0   3.5 594.0  0.21
       8 25  83.5  53.9  66.7  65.4  53.4  0.08  32.3 116.3   4.8 537.7  0.23
       8 26  77.3  51.0  65.2  66.3  52.9        14.2 117.6   4.9 584.3  0.22
       8 27  75.2  49.9  62.4  76.0  54.4  0.01  19.0  90.2   3.8 357.8  0.15
       8 28  74.3  49.9  61.3  80.2  55.1        14.2  84.7   3.5 253.5  0.11
       8 29  78.0  48.1  60.7  81.6  55.1  0.06  28.6 113.0   4.7 373.1  0.16
       8 30  71.1  46.4  58.3  81.5  52.6        14.8  83.2   3.5 532.8  0.17
       8 31  78.0  47.5  61.9  73.6  52.8        15.2  94.9   4.0 561.1  0.19
       9  1  82.9  45.2  65.3  59.5  49.1  0.01  22.5 122.9   5.1 499.7  0.21
       9  2  80.6  46.1  63.7  61.4  49.4        14.8 109.6   4.6 494.7  0.20
       9  3  88.9  44.6  65.7  54.6  46.0        20.2 117.3   4.9 559.4  0.26
       9  4  85.6  45.4  63.9  61.5  49.5        19.5  89.1   3.7 496.0  0.21
       9  5  85.1  45.8  64.4  66.0  51.8        21.4 113.7   4.7 500.0  0.22
       9  6  64.0  51.6  57.2  80.2  51.0  0.04  17.7 105.9   4.4 189.0  0.10
       9  7  73.4  45.3  58.5  72.8  48.6  0.01  13.9  78.7   3.3 514.4  0.17
       9  8  81.2  39.3  59.3  60.4  43.2  0.02  20.4  66.5   2.8 433.6  0.17
       9  9  81.7  43.6  62.3  58.3  45.6        14.9  99.8   4.2 537.1  0.20
       9 10  86.3  42.3  66.6  45.4  43.5  0.02  31.3 111.0   4.6 560.0  0.22
       9 11  68.8  49.1  59.2  78.0  52.5        14.8 107.3   4.5 290.4  0.11
       9 12  68.0  53.8  58.1  81.9  52.5        14.2 106.2   4.4 209.8  0.10
       9 13  71.2  48.2  59.1  78.6  52.2  0.03  18.9  89.4   3.7 382.5  0.13
       9 14  65.4  47.4  57.2  85.1  52.7  0.23  23.8  74.4   3.1 286.5  0.09
       9 15  69.3  49.2  58.1  81.2  52.0  0.03  13.1  81.6   3.4 433.4  0.13
       9 16  71.4  50.5  58.7  80.0  52.3  0.03  25.0 125.4   5.2 449.2  0.15
       9 17  63.7  45.4  53.5  71.5  44.3  0.07  25.0 116.6   4.9 228.4  0.11
       9 18  59.9  40.7  47.9  77.2  40.6  0.61  28.2 151.6   6.3 390.9  0.15
       9 19  61.0  43.1  51.0  49.3  32.1  0.01  33.3 231.0   9.6 441.2  0.21
       9 20  64.7  36.7  49.4  62.8  36.1  0.01  26.7 111.9   4.7 325.0  0.13
       9 21  74.5  33.2  54.0  59.6  38.1        25.4 112.2   4.7 430.0  0.16
       9 22  74.2  37.0  55.6  64.1  43.0        32.4 122.8   5.1 368.8  0.14
       9 23  59.3  42.7  51.2  66.1  40.1        22.9 143.2   6.0 383.2  0.13
       9 24  66.7  40.8  51.9  82.7  47.0  0.05  28.0  90.8   3.8 300.6  0.10
       9 25  59.3  36.7  47.4  73.1  39.9  0.07  29.8 206.6   8.6  91.6  0.09
       9 26  46.9  31.4  37.3  73.1  29.1        19.5 112.1   4.7 239.7  0.09
       9 27  55.7  24.6  42.2  59.8  28.0  0.15  24.1 138.3   5.8 448.5  0.13
       9 28  71.3  38.6  56.3  53.6  38.8  0.01  23.8 111.3   4.6 464.7  0.13
       9 29  76.6  35.4  54.7  63.0  40.6        15.5  81.9   3.4 460.6  0.13
       9 30  80.8  39.7  59.4  51.0  39.0  0.01  33.6  91.8   3.8 357.4  0.14
      10  1  84.1  39.3  60.5  47.5  36.1        29.4 144.7   6.0 465.9  0.22
      10  2  58.0  39.3  47.9  66.9  37.3  0.01  20.4 151.7   6.3 212.8  0.11
      10  3  68.5  41.4  52.4  69.1  42.4  0.01  18.0 105.6   4.4 336.8  0.13
      10  4  75.5  41.8  57.6  66.9  45.0        14.7  80.1   3.3 422.4  0.13
      10  5  80.2  41.5  58.5  59.0  41.4        12.5  93.0   3.9 416.0  0.15
      10  6  69.9  39.7  56.6  55.2  40.1        17.1 114.5   4.8 403.2  0.14
      10  7  68.5  40.1  52.3  69.0  41.6        17.0 103.0   4.3 401.5  0.14
      10  8  78.5  34.0  54.1  55.7  34.2  0.01  19.1 113.4   4.7 411.7  0.18
      10  9  70.8  34.8  52.2  55.1  34.6        14.6  94.4   3.9 398.9  0.14
      10 10  74.7  33.7  51.4  62.5  37.9        14.3  87.2   3.6 394.7  0.14
      10 11  84.8  40.0  60.3  44.6  34.3        15.9 112.2   4.7 398.7  0.17
      10 12  82.1  39.0  59.3  43.8  34.6        15.8 104.6   4.4 395.1  0.16
      10 13  80.1  42.3  59.4  42.0  34.0        14.8 105.8   4.4 390.6  0.16
      10 14  73.7  40.1  57.2  40.1  31.4  0.02  27.8 170.0   7.1 254.4  0.17
      10 15  71.1  34.3  50.4  47.0  29.5        12.3  96.9   4.0 332.6  0.14
      10 16  60.7  34.2  44.1  56.6  28.7  0.07  31.3 203.9   8.5 229.3  0.16
      10 17  47.8  24.6  37.5  37.0  12.7  0.01  37.6 305.8  12.7 326.6  0.18
      10 18  66.2  17.4  39.4  53.0  21.5        13.3  96.1   4.0 380.9  0.13
      10 19  72.8  31.5  50.6  46.3  28.8        34.6 234.4   9.8 315.7  0.19
      10 20  46.7  29.3  38.8  39.5  15.7  0.12  35.7 348.1  14.5 237.3  0.17
      10 21  44.0  21.0  32.2  41.4  10.5        28.4 236.9   9.9 382.1  0.14
      10 22  61.0  16.8  39.1  39.6  16.0        31.4 136.8   5.7 325.1  0.12
      10 23  54.9  30.3  41.8  46.8  21.9        23.6  93.3   3.9 152.7  0.06
      10 24  56.0  21.9  39.6  53.5  23.9         9.4  79.2   3.3 191.3  0.06
      10 25  56.3  34.1  43.7  56.0  28.5        29.7 148.8   6.2 185.3  0.08
      10 26  44.3  32.0  37.4  65.4  26.9  0.12  47.1 380.8  15.9 197.0  0.12
      10 27  47.4  23.5  33.7  68.9  24.3        16.6 115.0   4.8 306.1  0.08
      10 28  58.7  20.2  39.9  64.1  28.2        16.9  93.9   3.9 329.2  0.08
      10 29  58.2  33.6  47.3  42.9  25.3        59.8 432.9  18.0 310.6  0.20
      10 30  36.9  21.1  32.2  75.0  25.2        14.3 108.0   4.5  94.7  0.03
      10 31  31.4  26.8  28.6  85.5  24.8        12.6 114.7   4.8  43.8  0.03
      11  1  51.8  25.5  35.4  71.9  26.5        13.1  73.1   3.0 289.6      
      11  2  59.6  20.3  37.2  60.4  23.4        11.3  99.9   4.2 323.7      
      11  3  59.2  22.6  43.8  51.8  26.3        28.6 116.3   4.8 215.7      
      11  4  61.8  27.8  47.3  44.6  25.7        25.1 192.8   8.0 282.4      
      11  5  58.8  21.3  36.7  56.3  22.1        32.8 249.2  10.4 234.5      
      11  6  43.8  24.7  33.9  37.5  10.7  0.01  32.3 225.1   9.4 189.3      
      11  7  48.7  24.5  37.0  38.0  12.5  0.01  44.8 382.1  15.9 273.2      
      11  8  51.3  16.9  33.4  53.6  17.4        15.9 104.1   4.3 272.8      
      11  9  60.7  24.5  41.0  50.7  22.9        14.8  95.5   4.0 276.3      
      11 10  71.4  19.3  42.2  46.0  18.8        20.8 119.1   5.0 276.5      
      11 11  52.4  19.7  33.3  53.3  18.3        12.0 101.3   4.2 289.4      
      11 12  61.8  14.0  34.9  56.1  19.9        13.7  80.6   3.4 279.4      
      11 13  43.8  25.8  34.4  65.4  23.7        12.9 105.4   4.4 147.6      
      11 14  32.2  24.7  28.0  85.5  24.3        10.5  65.2   2.7  50.6      
      11 15  32.5  26.2  30.4  89.7  27.8  0.34  17.5  88.4   3.7  65.1      
      11 16  26.3  -7.6  12.9  75.1   8.7  0.05  18.1 172.1   7.2 184.2      
      11 17  30.0  -6.6  11.8  72.8   6.9        13.0  93.8   3.9 229.2      
      11 18  41.3  13.6  28.2  77.3  22.5        18.1  69.8   2.9 171.3      
      11 19  69.0  28.5  46.2  59.7  31.4  0.07  31.4 148.0   6.2 241.8      
      11 20  63.1  28.3  50.6  47.6  29.2        39.5 292.2  12.2 264.2      
      11 21  40.2  25.7  29.6  85.8  25.9         7.3  51.6   2.1 100.6      
      11 22  50.6  28.4  36.4  79.3  30.5        14.0  88.1   3.7 205.2      
      11 23  31.3  20.3  25.6  86.0  22.2        17.5 104.9   4.4  59.2      
      11 24  38.6  20.4  26.5  82.6  21.9        12.9  77.6   3.2 173.6      
      11 25  53.0  24.7  36.3  61.9  23.0        16.3 104.8   4.4 248.2      
      11 26  36.0  24.5  30.6  73.2  23.0        26.8 131.8   5.5 109.0      
      11 27  38.3  17.6  25.1  79.6  19.5        12.7  78.7   3.3 207.7      
      11 28  53.2  17.3  29.5  64.6  18.1        11.4  96.0   4.0 247.8      
      11 29  41.0  20.4  30.6  64.3  20.2  0.02  25.4 257.8  10.7 160.0      
      11 30  37.3  17.2  28.0  54.5  13.6        22.9 168.6   7.0 208.0      
      12  1  49.9  13.0  32.3  50.8  15.4        18.6 103.2   4.3 208.9      
      12  2  40.2  15.7  30.7  31.5   3.8  0.03  52.4 330.4  13.8 236.2      
      12  3  39.9   6.8  22.2  48.9   4.6        14.0 103.2   4.3 228.5      
      12  4  33.5  11.4  25.1  33.5  -1.0        37.1 259.9  10.8 239.3      
      12  5  53.3  14.9  35.6  42.5  16.4        34.0 210.1   8.8 128.2      
      12  6  44.0  20.2  32.5  44.2  12.7        20.1 145.9   6.1 150.6      
      12  7  45.3  19.1  33.7  33.4   6.7  0.01  30.1 260.8  10.9 224.4      
      12  8  56.2  17.9  35.0  49.6  18.3        13.1  85.0   3.5 158.1      
      12  9  59.5  27.9  40.7  48.8  22.3        14.6  83.5   3.5 145.1      
      12 10  58.4  29.3  44.9  44.0  23.6        34.0 195.1   8.1 125.6      
      12 11  54.3  24.2  37.9  51.5  20.9  0.01  49.4 202.0   8.4 178.7      
      12 12  59.3  17.8  35.3  56.3  19.9        15.8  83.3   3.5 217.5      
      12 13  49.3  18.9  33.3  69.5  24.6        15.0 106.7   4.4 193.0      
      12 14  38.0  19.2  31.7  40.7  10.1        45.3 427.5  17.8 221.7      
      12 15  39.9  14.7  27.8  35.0   1.9        21.3 127.4   5.3 216.6      
      12 16  37.4   8.4  22.5  46.7   5.9        37.7 311.7  13.0  52.5      
      12 17  16.7   2.5  10.6  28.7 -15.7  0.01  46.9 483.2  20.1 155.7      
      12 18  21.2  -1.5  10.7  33.5 -13.6        42.1 375.1  15.6 228.1      
      12 19  32.6   2.2  14.2  50.2  -0.6        13.4  74.0   3.1 129.2      
      12 20  50.3   3.6  28.3  47.0   8.7        24.4 116.8   4.9 151.7      
      12 21  43.8  21.4  32.5  46.8  14.1        25.9 113.2   4.7  86.2      
      12 22  44.3  13.6  24.6  70.9  15.9        20.1  98.3   4.1 164.1      
      12 23  31.9   9.6  17.7  66.0   7.9        32.2 136.2   5.7 145.0      
      12 24  44.8  14.8  32.1  38.7   8.7        31.6 193.0   8.0 220.2      
      12 25  51.5   4.8  23.5  56.1   9.5        26.8 161.6   6.7 205.5      
      12 26  27.7   3.0  13.4  55.0   0.5        10.7  90.0   3.8 168.7      
      12 27  59.8  23.1  42.5  38.2  18.2        33.5 143.9   6.0 210.8      
      12 28  53.9  20.5  37.5  39.5  14.1        24.0 131.1   5.5 159.8      
      12 29  60.4  18.7  35.8  46.6  16.5        17.4  91.3   3.8 164.4      
      12 30  54.1  23.1  39.0  52.9  23.0        24.4  85.9   3.6  67.9      
      12 31  53.9  19.9  37.0  58.4  23.0        12.0  86.4   3.6 134.9      

      Total                               12.89                         45.38
        Max  95.3  59.8  74.3  89.7  59.1        59.8 497.7  20.7 736.0
        Min  -1.3 -32.8 -15.3  23.2 -24.2         7.3  51.6   2.1  40.6
        Ave  61.6  31.3  46.0  59.1  31.0        23.5 147.1   6.1 375.7
