                                                                    07-JUN-99
      Telephone-linked Weather Station nr  LOVELAND, Colorado            1997
      -----------------------------------------------------------------------
               Temperature      Rel   Dew             Wind        Solar Alflf
            ----------------- Humid Point  Prec -----------------   Rad   ETR
       Date   Max   Min   Ave   Ave   Ave Total   Max Total   Ave Total Total
      MoDay     F     F     F     %     F  inch   mph miles   mph Langl  inch
      ----- ----- ----- ----- ----- ----- ----- ----- ----- ----- ----- -----
       1  1  53.9  29.3  41.5  61.3  28.8        15.7  77.2   3.2 106.6      
       1  2  66.6  36.4  51.1  51.2  34.0        16.5  99.1   4.1 138.1      
       1  3  52.9  34.4  43.9  67.1  33.5        36.2 128.6   5.4  81.3      
       1  4  43.2  17.3  33.9  49.4  17.3  0.01  38.1 263.2  11.0 253.0      
       1  5  30.7  10.9  21.5  64.8  11.0        16.7 122.9   5.1 225.5      
       1  6  29.8   7.9  20.2  61.3   8.8        13.7  93.1   3.9 250.0      
       1  7  40.8   6.0  24.3  63.0  13.4        13.7  54.6   2.3 231.1      
       1  8  39.5  16.5  29.8  66.7  19.2  0.02  21.3  91.0   3.8 209.1      
       1  9  41.1  13.5  26.3  64.7  15.7  0.01  24.5 129.2   5.4  99.2      
       1 10  13.5   6.2   8.6  82.0   4.4  0.21  12.6 112.2   4.7  45.9      
       1 11   7.7  -5.9   1.1  78.5  -3.5  0.35  14.5 108.8   4.5  37.1      
       1 12   0.1 -10.0  -5.9  74.1 -12.1  0.12  11.4 102.0   4.3  42.9      
       1 13   2.0 -11.4  -4.3  72.8 -10.7  0.01  13.5  99.2   4.1  39.3      
       1 14  15.0  -3.8   5.9  72.0  -1.0        10.2  64.5   2.7 150.5      
       1 15  38.0   8.4  24.7  67.0  14.7  0.14  18.3 109.8   4.6 255.5      
       1 16  21.8  -4.1   8.6  75.3   2.3  0.02  14.7  97.7   4.1 268.5      
       1 17  35.5  -4.7  13.3  71.9   6.6        19.4  46.6   1.9 273.6      
       1 18  45.5  17.6  32.4  66.5  22.9        13.8  82.5   3.4 133.8      
       1 19  55.2  23.1  36.3  69.1  26.2         7.6  39.7   1.7 280.1      
       1 20  51.0  25.3  37.8  66.7  27.0        18.9  69.8   2.9 184.8      
       1 21  49.0  27.2  39.7  48.1  22.1        21.9 115.9   4.8 266.0      
       1 22  47.0  22.2  34.6  51.5  18.7        34.6 153.1   6.4 284.9      
       1 23  35.6  18.4  27.2  77.8  21.2  0.01  24.5  95.0   4.0 173.4      
       1 24  41.4  17.2  27.5  63.7  16.0  0.01  27.9 116.5   4.9 292.7      
       1 25  21.6  13.3  18.3  65.9   8.8        18.8 114.2   4.8 252.3      
       1 26  42.9  13.0  28.0  69.3  19.4        20.2 112.4   4.7 127.5      
       1 27  36.1   7.8  19.4  83.1  15.1  0.16  21.2 101.8   4.2 135.7      
       1 28  36.3   2.0  20.2  76.5  14.8        10.7  50.4   2.1 121.1      
       1 29  42.2  23.0  33.3  74.3  25.6        18.1  90.4   3.8 304.0      
       1 30  61.5  21.0  40.7  60.9  26.8        16.5  83.6   3.5 267.0      
       1 31  66.8  37.7  54.9  44.4  33.5        43.1 199.6   8.3 238.4      
       2  1  57.4  34.4  46.5  51.4  29.4  0.01  29.4 128.1   5.3 215.4      
       2  2  46.8  26.5  36.5  69.4  27.0        11.6  61.6   2.6 205.4      
       2  3  44.7  24.1  35.1  58.7  21.6  0.01  35.1 223.3   9.3 321.3      
       2  4  34.9  17.9  27.6  58.2  14.8        13.7 111.9   4.7 169.5      
       2  5  32.2  19.8  25.3  74.1  17.9        15.8 139.8   5.8 283.0      
       2  6  28.6  20.4  23.7  86.7  20.2  0.09  16.7 125.4   5.2 170.7      
       2  7  34.2  11.3  21.7  77.0  15.1  0.01  14.4  91.5   3.8 304.9      
       2  8  42.4  12.2  25.9  73.7  17.9        12.0  64.7   2.7 345.2      
       2  9  45.0  14.7  27.9  68.6  18.2         9.5  65.3   2.7 338.5      
       2 10  39.4  15.0  27.3  67.0  17.3        14.4  95.4   4.0 323.8      
       2 11  37.1  20.7  28.2  80.9  22.7  0.16  18.3 104.2   4.3 146.3      
       2 12  31.7  23.1  26.6  88.6  23.7  0.03  15.6 112.0   4.7 122.7      
       2 13  42.7  21.9  30.6  69.6  21.0  0.01  17.3 103.3   4.3 336.3      
       2 14  49.8  19.1  33.0  59.0  19.8        14.5  81.5   3.4 319.4      
       2 15  58.0  28.4  41.2  56.8  26.6  0.01  32.8 196.0   8.2 327.0      
       2 16  58.5  24.1  40.3  64.4  28.2        14.5  78.7   3.3 373.5      
       2 17  65.3  29.9  46.8  52.2  29.2        34.0 146.5   6.1 288.0      
       2 18  53.0  30.7  39.7  65.2  28.5  0.03  31.9 146.6   6.1 176.5      
       2 19  51.0  22.2  35.2  72.6  26.7        14.2  76.2   3.2 386.2      
       2 20  42.2  29.7  34.6  70.3  25.9  0.06  32.5 148.7   6.2  70.1      
       2 21  40.7  20.8  30.5  54.8  16.1        23.9 142.1   5.9 283.6      
       2 22  41.0  15.7  28.9  54.8  14.7        18.4 114.4   4.8 378.1      
       2 23  24.7  13.6  17.9  80.7  13.0  0.17  16.4 105.8   4.4 186.9      
       2 24  28.0  12.8  20.3  71.6  12.2  0.01  11.7 102.6   4.3 419.2      
       2 25  47.2  10.3  29.2  62.3  17.5        23.5 110.2   4.6 424.1      
       2 26  34.5  23.6  28.9  81.1  23.5  0.14  20.9  98.6   4.1 240.4      
       2 27  42.3  18.1  29.0  77.6  22.3        10.2  64.0   2.7 347.7      
       2 28  32.5  13.2  24.5  84.8  20.6  0.04  18.6 116.0   4.8 141.0      
       3  1  42.2   8.3  25.6  69.0  16.7        12.4  92.7   3.9 429.8  0.06
       3  2  52.2  22.6  36.7  61.9  24.1        14.0  73.5   3.1 373.3  0.05
       3  3  45.6  28.4  38.3  49.2  21.0  0.01  30.6 261.0  10.9 304.1  0.07
       3  4  30.8  11.9  24.3  87.7  21.3  0.33  11.7  91.2   3.8 185.6  0.04
       3  5  38.5   5.9  22.8  67.2  12.9  0.01  19.7  66.0   2.8 466.4  0.07
       3  6  60.4  18.1  37.3  55.2  22.2        22.9 119.5   5.0 461.8  0.09
       3  7  59.0  29.0  44.2  43.5  23.6        19.4 120.2   5.0 475.5  0.09
       3  8  62.2  25.9  44.6  49.7  26.8  0.01  37.3 191.1   8.0 477.8  0.12
       3  9  58.0  27.0  41.9  57.6  27.0        29.1 165.3   6.9 479.3  0.12
       3 10  69.8  38.1  55.1  37.1  29.1        29.7 151.1   6.3 506.7  0.13
       3 11  72.8  32.5  52.9  37.7  27.9        17.2 118.9   5.0 497.2  0.14
       3 12  71.4  35.5  51.1  44.0  29.6        23.5 133.4   5.6 271.4  0.11
       3 13  36.9  16.6  28.2  79.7  23.1  0.11  20.9 128.3   5.3  76.4  0.05
       3 14  20.9  11.1  16.0  77.9  10.4  0.07  12.4 102.2   4.3 281.3  0.06
       3 15  37.8  12.0  23.2  73.0  16.0  0.04  16.5 106.9   4.5 468.1  0.08
       3 16  66.1  23.8  44.2  60.5  30.3        15.3  93.5   3.9 465.1  0.08
       3 17  67.2  36.1  50.7  50.5  32.5        26.3 124.5   5.2 329.4  0.07
       3 18  62.2  31.3  47.1  52.3  29.8        20.6 119.6   5.0 522.3  0.12
       3 19  76.6  30.8  53.1  49.0  33.0        12.6  78.4   3.3 514.8  0.14
       3 20  79.2  39.7  59.3  41.4  34.8        20.6  86.7   3.6 487.6  0.13
       3 21  59.8  33.6  50.6  48.2  31.6        19.8  99.3   4.1 461.8  0.12
       3 22  69.8  28.1  48.9  52.2  30.9        21.6 100.7   4.2 457.2  0.14
       3 23  63.1  30.5  45.6  52.3  29.2        18.0  96.4   4.0 461.2  0.13
       3 24  51.6  23.5  36.7  70.4  27.9  0.07  41.9 204.6   8.5 121.2  0.08
       3 25  53.5  17.8  36.5  56.4  21.6        17.0 116.2   4.8 543.4  0.13
       3 26  69.8  28.9  50.5  48.0  29.6        16.7  94.6   3.9 559.7  0.13
       3 27  71.1  32.9  49.2  46.5  28.7  0.02  47.6 242.5  10.1 450.6  0.17
       3 28  61.4  28.6  46.1  46.7  26.7        22.2 165.8   6.9 553.0  0.15
       3 29  54.0  30.6  43.6  45.8  24.2        28.6 160.1   6.7 456.4  0.13
       3 30  66.8  22.6  45.2  41.1  23.5        16.5  83.8   3.5 613.5  0.16
       3 31  73.4  30.0  52.8  40.1  28.6        24.0 111.9   4.7 492.6  0.14
       4  1  54.8  32.1  42.8  56.3  27.9        30.5 238.9  10.0 321.1  0.13
       4  2  36.4  29.5  32.4  83.6  27.9  0.15  18.8 143.8   6.0 178.3  0.06
       4  3  66.4  25.8  45.3  66.2  33.6        12.4  89.0   3.7 575.2  0.14
       4  4  56.8  34.1  42.9  79.3  36.6  0.16  29.2 248.6  10.4 262.4  0.09
       4  5  40.3  30.5  34.6  50.8  18.3  0.01  43.0 421.1  17.5 313.3  0.13
       4  6  50.6  24.5  35.7  49.7  19.0        31.0 142.2   5.9 507.7  0.13
       4  7  55.5  19.2  37.1  59.5  23.2        26.2 124.5   5.2 521.1  0.13
       4  8  31.3  19.1  25.0  73.1  17.5        14.6 123.0   5.1 160.8  0.05
       4  9  35.9  18.0  26.5  75.1  19.7  0.14  20.2 171.4   7.1 172.4  0.05
       4 10  20.9  15.4  17.4  77.9  11.7  0.13  16.3 159.1   6.6 281.2  0.06
       4 11  23.8  12.2  17.0  64.7   6.8  0.02  18.7 141.4   5.9 543.3  0.08
       4 12  35.2   9.2  22.7  57.3   9.7        13.4  85.3   3.6 613.5  0.09
       4 13  51.2  14.1  32.8  57.8  18.9        12.7  82.2   3.4 643.1  0.11
       4 14  62.6  22.8  43.5  50.8  26.4        18.6  95.7   4.0 289.4  0.07
       4 15  61.7  35.0  49.3  53.5  32.2        25.1 120.2   5.0 412.3  0.10
       4 16  65.2  38.5  49.6  62.8  35.9        16.5  90.4   3.8 632.4  0.16
       4 17  76.0  34.1  56.6  43.9  33.0        16.4 104.8   4.4 648.9  0.19
       4 18  73.7  37.9  58.4  40.6  34.2        33.8 101.3   4.2 437.0  0.15
       4 19  78.9  43.2  61.9  41.0  36.4        29.1 148.8   6.2 470.5  0.18
       4 20  75.4  42.4  60.2  44.9  38.2        28.3 170.1   7.1 467.9  0.19
       4 21  59.3  39.1  54.2  45.9  33.6  0.01  35.7 214.9   9.0 239.1  0.13
       4 22  58.5  30.4  45.8  62.1  32.0  0.03  22.4 120.8   5.0 426.4  0.15
       4 23  59.5  30.4  46.5  68.3  35.3  0.16  23.5 125.5   5.2 497.6  0.15
       4 24  41.1  32.1  34.4  95.4  33.2  2.34  22.5  72.8   3.0 121.5  0.05
       4 25  48.0  33.9  39.4  73.5  30.9  0.01  14.1 113.1   4.7 649.8  0.15
       4 26  54.5  33.4  42.9  69.4  32.8  0.07  18.5 155.5   6.5 558.0  0.14
       4 27  66.4  30.3  48.6  59.7  34.2  0.01  15.2 105.1   4.4 664.0  0.17
       4 28  64.4  47.2  55.8  52.8  38.4        24.8  95.0   4.0 362.8  0.11
       4 29  62.5  44.3  53.7  56.9  38.1  0.02  40.2 170.2   7.1 377.3  0.14
       4 30  60.8  36.2  47.6  59.2  33.1        35.4 146.1   6.1 612.6  0.19
       5  1  61.5  39.2  48.0  53.0  31.4  0.01  38.6 240.1  10.0 447.2  0.19
       5  2  53.2  35.2  43.5  53.5  27.5        34.3 235.0   9.8 533.1  0.18
       5  3  65.5  29.4  48.4  57.9  32.8        14.9  98.4   4.1 644.5  0.18
       5  4  80.0  35.5  60.3  43.1  35.5        24.5 125.4   5.2 573.3  0.20
       5  5  74.7  41.2  59.2  49.8  39.1        18.5 120.8   5.0 678.6  0.22
       5  6  82.8  44.2  64.6  41.7  39.4        21.6  88.9   3.7 528.2  0.20
       5  7  76.7  51.4  63.6  39.9  38.1        31.6 124.9   5.2 583.5  0.23
       5  8  61.1  43.3  51.5  46.8  31.9        19.4 111.9   4.7 609.5  0.21
       5  9  71.9  32.3  53.8  46.4  33.0        10.9  76.5   3.2 714.0  0.24
       5 10  79.9  41.3  63.4  40.5  36.7        31.6 100.3   4.2 665.8  0.23
       5 11  63.2  46.0  52.6  50.7  34.5        25.4 156.3   6.5 311.8  0.16
       5 12  71.8  33.6  53.8  53.8  35.2        16.1 101.6   4.2 670.3  0.23
       5 13  77.8  40.2  60.5  42.5  36.7        31.5 168.8   7.0 472.9  0.22
       5 14  65.6  39.5  52.3  69.9  42.9  0.19  20.8  94.4   3.9 353.7  0.13
       5 15  75.1  42.5  58.6  66.6  45.6        15.9  97.0   4.0 603.3  0.20
       5 16  83.0  46.0  64.0  54.2  45.6  0.22  51.4  96.4   4.0 501.5  0.20
       5 17  87.3  47.7  67.5  48.8  45.3  0.02  31.9 134.7   5.6 549.7  0.24
       5 18  80.8  41.9  60.1  56.0  42.8  0.08  39.5 147.8   6.2 604.8  0.26
       5 19  65.3  41.4  51.5  71.2  41.8  0.07  15.0 108.7   4.5 618.6  0.22
       5 20  78.9  42.2  60.3  60.7  45.0        28.9 127.5   5.3 606.2  0.24
       5 21  77.8  49.8  59.7  73.0  49.7  1.13  13.7 119.0   5.0 592.6  0.22
       5 22  58.5  52.9  55.2  93.9  53.5  0.25  17.5  94.1   3.9 147.9  0.05
       5 23  69.6  46.6  57.9  73.4  48.8  0.07  12.7  85.4   3.6 596.1  0.19
       5 24  72.0  47.2  58.5  73.6  49.4        19.5  87.2   3.6 415.6  0.16
       5 25  67.7  50.1  57.1  69.8  46.6  0.01  33.3 116.2   4.8 459.0  0.17
       5 26  61.2  46.2  52.5  65.2  40.6  0.02  31.0 118.7   4.9 317.1  0.14
       5 27  65.8  39.4  51.4  74.3  42.7  0.31  30.5  92.1   3.8 472.5  0.17
       5 28  67.6  44.0  53.6  79.2  46.5  0.01  17.8  76.7   3.2 505.8  0.17
       5 29  66.0  50.3  54.5  90.5  51.5  0.14  23.2  70.8   3.0 232.2  0.09
       5 30  70.0  49.8  59.7  77.4  51.9  0.02  14.2  78.1   3.3 490.5  0.15
       5 31  83.0  49.0  66.5  66.0  52.4  0.01  12.1  64.2   2.7 721.0  0.24
       6  1  87.2  57.2  73.7  52.2  53.6  0.01  33.0 166.1   6.9 604.3  0.25
       6  2  77.8  54.3  63.3  79.7  56.6  0.14  22.9 144.4   6.0 441.5  0.20
       6  3  73.3  49.7  63.0  65.3  50.4  0.01  14.8  80.9   3.4 605.0  0.22
       6  4  78.0  51.3  65.6  64.3  52.3        20.3 138.9   5.8 728.0  0.27
       6  5  81.9  53.6  67.2  69.4  55.9        19.9 123.0   5.1 579.8  0.23
       6  6  75.0  55.2  62.2  83.3  56.7  1.18  26.5 187.3   7.8 322.8  0.17
       6  7  73.8  51.7  62.5  74.6  53.9        16.6  93.9   3.9 527.8  0.19
       6  8  72.9  55.3  60.9  84.5  55.7  0.07  19.5 111.3   4.6 335.4  0.15
       6  9  60.9  53.6  55.9  91.5  53.4  0.03  20.8 122.0   5.1 232.4  0.10
       6 10  73.4  51.9  59.5  81.3  53.0  0.02  17.9  89.5   3.7 476.8  0.18
       6 11  84.4  50.1  66.3  56.0  47.9  0.01  19.3  92.7   3.9 676.8  0.26
       6 12  74.5  51.0  60.1  71.8  50.2  0.40  18.2  92.0   3.8 455.5  0.19
       6 13  64.3  48.1  56.1  91.1  53.4  0.32  15.6  78.1   3.3 321.8  0.11
       6 14  75.9  53.8  62.8  79.1  55.6  0.17  24.5 106.2   4.4 489.6  0.19
       6 15  74.3  48.9  60.4  70.9  50.3        20.3 113.5   4.7 451.6  0.19
       6 16  73.7  48.8  60.8  72.0  50.9  0.01  17.6  91.1   3.8 556.8  0.20
       6 17  75.9  52.0  63.4  70.4  53.0  0.01  12.6  73.1   3.0 508.6  0.19
       6 18  83.1  52.0  67.2  67.5  54.6  0.02  34.0  94.6   3.9 510.0  0.21
       6 19  89.3  54.1  72.6  52.0  52.9        24.8 123.3   5.1 493.9  0.25
       6 20  91.5  54.3  72.1  50.7  50.9        30.0 113.6   4.7 543.6  0.28
       6 21  86.4  58.6  71.4  56.5  54.4        31.4 145.4   6.1 617.2  0.29
       6 22  92.7  60.4  75.1  53.2  55.0        21.2 109.4   4.6 749.0  0.33
       6 23  82.9  55.3  70.1  62.3  56.0  0.04  21.3  87.1   3.6 627.2  0.26
       6 24  80.5  56.8  67.8  58.1  50.9  0.15  30.4 130.4   5.4 526.4  0.26
       6 25  81.8  51.5  65.3  68.9  53.2  0.01  22.0 111.5   4.6 689.3  0.28
       6 26  87.1  51.7  67.3  65.3  52.4         9.9  74.9   3.1 718.0  0.29
       6 27  89.6  54.4  72.1  50.3  49.6        25.0 100.4   4.2 614.3  0.28
       6 28  89.9  52.5  72.7  35.5  39.9        17.8  86.5   3.6 595.8  0.29
       6 29  89.6  54.2  71.5  40.8  43.3        13.9  80.1   3.3 751.0  0.33
       6 30  93.2  56.7  74.2  40.9  44.7        18.6 117.5   4.9 758.0  0.36
       7  1  85.4  54.2  73.2  18.4  23.3  0.01  35.4 241.7  10.1 779.0  0.43
       7  2  80.2  49.3  65.0  35.8  36.1        25.1 150.9   6.3 743.0  0.35
       7  3  73.9  53.4  62.5  49.1  42.4        32.7 139.4   5.8 691.3  0.30
       7  4  80.5  51.5  66.0  45.3  41.9        28.7 100.0   4.2 728.0  0.30
       7  5  77.5  51.1  64.6  57.5  47.6        20.6 102.9   4.3 421.9  0.20
       7  6  85.4  49.6  66.9  53.3  45.1        21.3  80.1   3.3 546.1  0.25
       7  7  90.0  52.5  74.4  35.5  40.9  0.04  30.9 118.6   4.9 684.9  0.31
       7  8  86.9  55.7  70.7  46.9  46.6        14.8  87.5   3.6 467.9  0.25
       7  9  91.4  57.2  73.8  34.9  40.6        13.4 111.8   4.7 682.6  0.33
       7 10  90.9  55.9  74.5  32.7  40.2        18.0  82.1   3.4 630.7  0.30
       7 11  84.1  62.4  70.5  46.5  48.1        23.7  80.7   3.4 308.9  0.21
       7 12  89.9  53.4  71.8  41.8  43.4        26.7  95.5   4.0 620.6  0.30
       7 13  85.1  62.0  72.9  27.3  35.8        36.9 127.3   5.3 718.0  0.34
       7 14  88.9  54.1  72.2  32.9  37.1        11.7  66.2   2.8 730.0  0.31
       7 15  95.4  55.2  76.4  28.3  35.3        15.5  77.2   3.2 721.0  0.32
       7 16  93.6  56.2  76.4  25.2  33.9        40.6  87.2   3.6 430.4  0.27
       7 17  96.8  57.3  77.4  31.7  39.0        21.0  96.8   4.0 639.8  0.33
       7 18  96.5  60.4  78.3  29.6  39.7        18.8  84.2   3.5 620.6  0.31
       7 19  82.7  59.0  70.6  55.8  52.9        25.4 153.1   6.4 450.6  0.26
       7 20  82.6  54.7  68.6  64.0  53.6        14.7  80.4   3.4 585.2  0.25
       7 21  89.7  56.2  73.7  47.6  49.0        23.1  84.7   3.5 680.2  0.29
       7 22  92.4  59.6  75.4  48.6  50.4        16.7  88.9   3.7 645.7  0.29
       7 23  92.8  60.2  75.5  41.7  47.3  0.01  25.0  97.1   4.0 530.4  0.27
       7 24  89.8  59.8  74.9  51.9  54.3  0.01  14.8  69.0   2.9 572.7  0.25
       7 25  88.7  63.5  75.8  42.2  49.0        19.4  81.4   3.4 475.7  0.25
       7 26  91.4  58.2  74.1  50.7  51.3        18.5  82.0   3.4 592.9  0.28
       7 27  84.2  59.5  69.8  60.8  54.2  1.13  29.4  93.3   3.9 327.7  0.20
       7 28  71.3  61.1  64.9  90.7  61.9  0.72  15.6 100.6   4.2 163.3  0.09
       7 29  80.2  61.1  68.0  77.4  59.8  0.02  21.3 105.4   4.4 412.2  0.19
       7 30  79.0  62.5  69.3  77.0  61.3  0.02  16.9  72.9   3.0 389.5  0.16
       7 31  82.2  58.0  69.0  70.4  57.9  0.02  24.4  86.4   3.6 415.0  0.18
       8  1  85.4  60.6  72.6  54.8  53.5        22.2  83.9   3.5 619.1  0.24
       8  2  87.3  58.2  71.5  68.7  58.7        22.4  79.5   3.3 504.0  0.21
       8  3  86.6  58.3  73.0  56.9  54.3        22.7  81.7   3.4 538.9  0.23
       8  4  83.8  61.6  69.4  68.2  56.9  0.16  30.9 121.3   5.1 498.6  0.24
       8  5  69.6  58.6  64.2  91.4  61.2  0.95  20.5 104.1   4.3 215.9  0.10
       8  6  71.9  57.2  62.5  73.0  53.1  0.19  22.1 132.3   5.5 233.7  0.14
       8  7  77.5  51.8  65.3  65.1  51.5        14.6  71.3   3.0 613.3  0.21
       8  8  92.3  53.0  72.2  49.6  45.9        18.2  75.1   3.1 598.9  0.24
       8  9  73.5  56.5  63.1  65.8  50.6  0.47  26.2 121.8   5.1 384.6  0.18
       8 10  63.2  55.8  58.5  96.6  57.2  0.52  12.7  84.9   3.5 146.1  0.07
       8 11  71.0  54.2  61.7  80.5  54.9        18.3  83.5   3.5 324.0  0.13
       8 12  74.9  52.4  62.8  73.6  53.6  0.01  16.0  90.0   3.8 465.2  0.17
       8 13  85.1  51.7  66.7  61.4  50.4  0.02  31.9 111.1   4.6 530.2  0.22
       8 14  81.3  53.0  68.3  46.5  44.5        31.4 115.6   4.8 466.6  0.20
       8 15  90.9  53.3  73.4  34.2  37.4        23.8 111.2   4.6 650.9  0.27
       8 16  76.4  54.4  64.6  69.7  54.1  0.45  23.5 119.2   5.0 444.9  0.19
       8 17  74.8  56.5  63.6  80.7  56.9  0.05  17.2  90.7   3.8 373.9  0.15
       8 18  80.1  58.4  66.4  70.1  55.1  0.07  26.9 110.6   4.6 450.8  0.20
       8 19  75.4  54.4  64.9  68.9  54.0  0.02  20.8 104.1   4.3 343.4  0.14
       8 20  81.6  53.6  68.3  62.0  53.5        12.0  59.2   2.5 538.1  0.18
       8 21  88.7  57.9  68.4  69.4  55.3  0.06  26.0  76.1   3.2 388.7  0.18
       8 22  83.5  54.8  68.4  57.0  50.7  0.02  18.6  81.5   3.4 447.9  0.18
       8 23  89.1  52.8  70.5  55.1  49.0         9.4  45.8   1.9 577.3  0.21
       8 24  91.0  54.9  72.0  50.5  49.2        20.8  58.2   2.4 527.9  0.21
       8 25  89.2  57.8  72.9  59.6  55.0        23.0  61.4   2.6 552.8  0.21
       8 26  85.2  62.0  71.2  62.9  56.6  0.10  25.1  99.6   4.2 495.4  0.21
       8 27  87.9  58.0  72.4  55.9  53.0  0.01  14.4  80.7   3.4 504.0  0.21
       8 28  89.6  59.3  72.2  53.3  50.6  0.01  24.6 104.4   4.3 537.8  0.24
       8 29  88.8  58.1  71.4  46.9  46.7        24.4  95.4   4.0 506.1  0.23
       8 30  84.5  55.8  69.7  56.3  51.6        13.9  80.4   3.4 507.1  0.20
       8 31  84.1  57.1  69.7  57.7  52.6        16.1  99.1   4.1 503.3  0.21
       9  1  78.2  54.2  66.1  71.3  56.0  0.02  14.3 101.5   4.2 303.6  0.14
       9  2  65.4  58.6  62.1  86.4  58.0        11.3  77.9   3.2 142.6  0.07
       9  3  78.9  59.9  67.7  76.1  59.2        12.9  71.0   3.0 374.0  0.14
       9  4  85.2  58.1  68.8  65.9  54.7  0.34  25.1  78.7   3.3 468.1  0.18
       9  5  84.6  53.7  68.7  61.7  51.3  0.01  14.5  77.3   3.2 571.4  0.20
       9  6  83.5  55.9  67.3  59.7  50.5        30.4  56.9   2.4 330.6  0.14
       9  7  83.8  50.9  65.6  51.5  45.4  0.04  30.5  97.4   4.1 365.8  0.18
       9  8  88.4  51.1  68.9  47.2  43.4        21.6  94.7   3.9 538.6  0.22
       9  9  76.3  48.6  62.9  58.0  47.0        13.3  90.5   3.8 530.9  0.19
       9 10  86.5  48.4  67.6  52.4  44.7        12.4  76.1   3.2 527.6  0.19
       9 11  85.1  57.0  66.5  61.4  50.5        28.6  85.4   3.6 416.7  0.18
       9 12  83.5  56.3  68.8  46.7  43.1        18.6  81.6   3.4 445.7  0.17
       9 13  86.0  52.1  68.8  41.3  40.3        26.5  81.0   3.4 503.9  0.19
       9 14  85.5  55.1  68.8  46.5  44.4        13.9  88.2   3.7 476.9  0.19
       9 15  88.9  53.7  68.8  44.4  42.3  0.01  32.6 114.4   4.8 481.2  0.22
       9 16  76.2  54.6  65.4  43.6  41.9        24.8 113.8   4.7 296.8  0.15
       9 17  82.4  47.0  64.9  41.4  36.5        18.0  99.3   4.1 504.6  0.20
       9 18  75.3  57.2  65.8  60.4  51.0  0.09  33.1 107.4   4.5 199.4  0.11
       9 19  62.5  45.3  52.2  80.5  46.1  0.71  17.3 110.9   4.6  62.8  0.07
       9 20  52.2  44.4  47.8  88.9  44.6  0.13  23.2 108.4   4.5  70.9  0.05
       9 21  54.7  46.0  49.4  84.3  44.7  0.29  12.1  86.5   3.6 123.0  0.05
       9 22  57.3  47.9  51.6  87.2  47.7  0.40  10.1  73.5   3.1 108.6  0.03
       9 23  55.2  47.1  49.8  86.5  45.8  0.14  12.1  62.7   2.6 125.8  0.04
       9 24  69.9  42.3  55.1  70.7  44.1  0.01  11.0  74.9   3.1 498.0  0.13
       9 25  79.6  45.1  60.4  61.5  43.3        11.4  64.0   2.7 492.2  0.14
       9 26  80.6  52.4  63.1  62.9  49.0        15.6  61.8   2.6 274.4  0.09
       9 27  81.6  44.1  61.2  58.1  42.4  0.02  31.6 118.9   5.0 476.8  0.18
       9 28  74.0  38.4  54.6  57.5  36.2        14.3  78.3   3.3 487.3  0.16
       9 29  78.8  41.5  57.4  56.9  37.9         8.7  56.0   2.3 481.3  0.15
       9 30  81.7  43.9  62.0  45.1  35.4        11.1  60.0   2.5 471.7  0.14
      10  1  84.4  48.6  64.9  44.3  37.4         9.2  56.9   2.4 468.1  0.14
      10  2  85.2  48.8  66.6  47.6  40.5        28.2  92.6   3.9 414.1  0.15
      10  3  79.0  49.8  64.5  38.7  36.5        32.4 101.6   4.2 452.5  0.16
      10  4  85.5  42.4  64.8  33.3  26.3        29.4 137.0   5.7 458.4  0.20
      10  5  87.8  47.8  66.1  29.3  29.8        17.1  79.6   3.3 458.0  0.17
      10  6  68.3  42.8  55.3  45.5  32.8        12.7  60.5   2.5 443.8  0.14
      10  7  79.9  39.1  58.3  47.4  33.9        24.0  83.5   3.5 365.4  0.14
      10  8  61.6  39.8  53.2  48.8  33.8  0.01  34.8 190.9   8.0 275.1  0.13
      10  9  64.9  30.7  47.0  48.0  26.1         9.9  63.6   2.6 439.0  0.12
      10 10  74.9  36.6  53.1  53.0  33.0         9.0  37.0   1.5 359.5  0.10
      10 11  80.9  45.4  60.3  46.4  35.3        46.3 221.9   9.2 402.7  0.20
      10 12  51.7  33.2  43.3  53.0  27.1  0.08  37.8 299.7  12.5 283.1  0.14
      10 13  59.3  25.4  41.2  48.3  21.4        20.7  89.0   3.7 422.6  0.12
      10 14  68.2  29.6  47.8  47.5  25.3         8.8  44.7   1.9 418.3  0.10
      10 15  66.4  35.0  50.1  43.9  26.6        10.4  46.5   1.9 409.2  0.08
      10 16  70.3  30.7  49.9  48.9  26.3        13.6  43.6   1.8 409.1  0.09
      10 17  78.3  39.4  55.2  42.7  27.4        10.8  45.9   1.9 406.3  0.10
      10 18  76.4  40.4  57.2  33.9  24.1        26.5  56.2   2.3 413.5  0.10
      10 19  50.6  41.4  44.7  71.0  35.8        24.6  91.8   3.8  79.8  0.05
      10 20  51.5  37.7  44.8  73.4  36.5        15.7 101.6   4.2 109.4  0.05
      10 21  50.1  35.3  42.5  80.0  36.4  0.01  12.7  61.2   2.5 146.7  0.05
      10 22  65.4  30.6  46.5  59.0  29.5  0.01  11.0  45.9   1.9 371.9  0.07
      10 23  59.9  34.7  48.6  46.1  27.4  0.08  19.7  79.4   3.3 172.9  0.06
      10 24  41.5  22.1  31.9  92.7  30.5  0.27  30.0 228.3   9.5  55.0  0.04
      10 25  30.7  14.6  24.4  83.0  19.8  0.17  29.4 220.3   9.2 163.7  0.05
      10 26  46.2   6.6  22.8  76.0  16.0  0.62   8.1  30.6   1.3 375.3  0.06
      10 27  63.3  16.7  34.9  69.6  24.0         8.8  22.0   0.9 366.0  0.05
      10 28  50.0  30.6  39.0  63.0  26.3        14.0  48.1   2.0 346.6  0.04
      10 29  60.4  27.8  41.7  59.3  26.8  0.01  11.3  41.5   1.7 283.9  0.04
      10 30  63.0  39.2  51.8  42.7  29.0        25.9 102.4   4.3 304.4  0.06
      10 31  62.6  42.5  54.0  38.1  28.2  0.02  42.2 360.7  15.0 317.9  0.15
      11  1  51.8  35.4  43.8  43.5  22.6  0.01  47.4 289.3  12.1 319.4      
      11  2  52.5  27.4  41.6  40.3  18.6        39.2 264.8  11.0 347.0      
      11  3  55.8  23.0  39.9  52.1  22.9        12.8  62.9   2.6 298.4      
      11  4  65.0  33.2  49.0  39.7  23.7        37.0 167.3   7.0 271.0      
      11  5  56.5  29.7  41.0  62.4  27.5        13.6  71.9   3.0 322.1      
      11  6  65.1  28.7  44.9  56.3  27.1        11.0  41.5   1.7 322.4      
      11  7  69.7  31.3  48.7  45.6  24.9        12.9  40.9   1.7 311.0      
      11  8  50.6  32.6  40.4  63.6  28.4        19.4  89.0   3.7 175.5      
      11  9  33.1  22.1  29.0  82.4  24.4  0.20  17.3 126.8   5.3 133.5      
      11 10  28.6  20.6  24.4  75.8  17.7  0.10   9.0  49.5   2.1 123.9      
      11 11  27.3  21.4  24.2  79.1  18.6  0.02  18.1 142.4   5.9 111.7      
      11 12  37.0  21.6  26.7  79.1  20.5  0.09   8.6  60.4   2.5 274.2      
      11 13  40.1  15.4  27.7  73.4  20.1  0.01  18.4 111.1   4.6 219.8      
      11 14  24.2   4.3  15.6  63.5   4.9  0.01  26.8 149.4   6.2 296.9      
      11 15  28.5   4.8  15.6  64.6   5.4  0.02  10.8 102.7   4.3 300.2      
      11 16  39.6   8.8  22.2  65.3  11.6         7.7  32.7   1.4 298.6      
      11 17  45.9  16.5  30.2  60.0  17.1        11.3  47.5   2.0 287.4      
      11 18  50.2  23.7  35.0  50.3  17.0        24.0  71.8   3.0 285.9      
      11 19  59.9  22.6  38.4  51.6  21.6        23.8  85.6   3.6 230.6      
      11 20  50.3  24.7  39.4  56.3  24.8  0.01  29.2 111.6   4.7 229.8      
      11 21  40.5  23.0  31.3  59.0  18.4        12.3  36.6   1.5 105.0      
      11 22  43.1  20.4  29.5  66.7  19.0        11.0  43.8   1.8 226.5      
      11 23  42.8  16.8  26.8  72.6  19.0        11.5  32.9   1.4  63.8      
      11 24  60.4  23.2  39.0  55.8  22.5         9.6  38.3   1.6 271.4      
      11 25  64.5  27.3  45.8  39.5  19.6  0.01  35.4 181.7   7.6 253.5      
      11 26  44.7  26.5  34.2  56.1  19.7        14.3  56.0   2.3 127.4      
      11 27  48.7  23.5  36.9  66.8  26.8        22.0  88.0   3.7  68.2      
      11 28  53.9  28.3  42.4  53.8  26.2        20.7 125.1   5.2 211.3      
      11 29  55.1  23.3  37.0  57.0  21.3        23.9 105.4   4.4 254.3      
      11 30  46.5  19.6  31.5  69.2  21.6         9.1  35.2   1.5 215.4      
      12  1  45.0  25.5  34.6  70.1  25.0        19.1  69.1   2.9 131.3      
      12  2  31.7  25.2  28.9  87.6  25.8  0.02  20.7 109.4   4.6  71.2      
      12  3  33.0  11.3  23.9  72.2  15.8  0.16  14.5  93.7   3.9 253.9      
      12  4  34.5  16.0  24.0  67.5  14.4  0.01  18.6 103.1   4.3 244.7      
      12  5  29.6  10.0  18.8  76.7  12.2        10.6  50.6   2.1 224.8      
      12  6  39.9  12.7  24.0  76.5  17.1         6.9  22.0   0.9 192.3      
      12  7  33.8  20.1  26.3  81.7  21.2         8.6  31.8   1.3 100.5      
      12  8  40.4  18.8  30.6  72.1  22.2        18.2  31.9   1.3  96.1      
      12  9  37.9  27.9  32.3  78.4  26.3        22.6 111.2   4.6 108.8      
      12 10  33.3  23.0  28.7  57.8  15.6  0.01  35.7 269.2  11.2  96.1      
      12 11  38.7  20.0  29.8  41.8   9.4        30.4 237.9   9.9 246.7      
      12 12  49.1  15.1  29.3  43.9   9.7        13.6  56.6   2.4 241.2      
      12 13  53.2  20.4  34.7  46.6  15.3        12.3  61.0   2.5 241.5      
      12 14  61.0  20.9  37.5  47.6  17.1         7.3  18.4   0.8 244.0      
      12 15  61.4  24.9  38.7  45.3  17.3        36.1 105.3   4.4 235.6      
      12 16  50.0  21.4  34.2  55.2  18.9        11.3  53.6   2.2 232.7      
      12 17  49.0  24.9  34.0  58.4  20.5        13.1  35.2   1.5  91.8      
      12 18  50.9  24.6  35.8  56.9  21.2        14.2  47.6   2.0 160.5      
      12 19  32.0  23.2  27.9  74.7  20.7        15.0  76.5   3.2  31.0      
      12 20  37.5  17.1  27.1  76.7  20.2         8.8  40.6   1.7 197.5      
      12 21  39.7  10.8  23.1  78.5  17.2         8.0  26.7   1.1 191.6      
      12 22  39.0  20.6  30.4  60.4  18.0        13.2  51.6   2.1 197.2      
      12 23  42.0  14.3  26.2  65.6  15.6        17.0  38.7   1.6 231.6      
      12 24  29.9  16.9  24.8  67.4  15.4        18.6 145.2   6.0  95.5      
      12 25  34.0  11.6  22.2  73.0  14.1  0.07   8.9  51.2   2.1 224.1      
      12 26  37.6  18.7  28.3  58.5  15.1        17.8 108.6   4.5 229.7      
      12 27  49.3  12.9  30.0  49.6  11.9  0.03  45.7 292.2  12.2 129.8      
      12 28  38.4  25.8  31.3  40.0   9.7        41.0 214.6   8.9 169.5      
      12 29  59.0  24.8  40.8  45.1  20.6        27.2 127.2   5.3 185.3      
      12 30  51.8  22.5  36.7  62.7  24.2        21.9 118.5   4.9 163.0      
      12 31  55.6  18.2  34.3  67.3  23.6        21.5  46.0   1.9 233.4      

      Total                               20.30                         41.71
        Max  96.8  63.5  78.3  96.6  61.9        51.4 421.1  17.5 779.0
        Min   0.1 -11.4  -5.9  18.4 -12.1         6.9  18.4   0.8  31.0
        Ave  62.2  35.6  48.4  60.4  33.1        20.9 106.4   4.4 378.7
