      2002                                                                03-JAN-03
      Weather Station near LOVELAND, CO  turf grass site at NCWCD Hdqrtrs          
      -----------------------------------------------------------------------------
               Temperature      Rel   Dew             Wind        Solar StandrdASCE
            ----------------- Humid Point  Prec -----------------   Rad   ETr   ETo
       Date   Max   Min   Ave   Ave   Ave Total   Max Total   Ave Total Alflf Grass
      MoDay     F     F     F     %     F  inch   mph miles   mph Langl  inch  inch
      ----- ----- ----- ----- ----- ----- ----- ----- ----- ----- ----- ----- -----
       1  1  27.2   5.9  19.9  85.1  16.4  0.03  11.3  58.6   2.4 117.0            
       1  2  33.7  -2.8  13.8  74.8   7.6  0.03   7.8  50.9   2.1 232.8            
       1  3  48.4   8.9  27.7  59.1  14.1  0.02   8.2  49.6   2.1 224.3            
       1  4  41.8  20.4  32.7  69.3  23.4        20.5  79.7   3.3  75.3            
       1  5  43.6  14.3  27.9  67.1  17.7  0.01  11.3  71.4   3.0 170.4            
       1  6  46.4  18.8  31.2  56.3  16.8  0.01  12.6  92.5   3.9 209.4            
       1  7  63.9  21.9  41.0  53.1  23.1        18.0  76.5   3.2 210.1            
       1  8  65.4  34.6  48.3  39.3  23.2        34.5 154.0   6.4  78.5            
       1  9  53.5  31.5  41.9  60.2  27.7  0.06  24.3 102.0   4.3 183.6            
       1 10  42.4  17.5  29.5  88.2  26.5  0.58  15.5  38.9   1.6 207.2            
       1 11  49.0  16.5  32.2  64.8  20.2        14.7  68.7   2.9 176.7            
       1 12  53.9  18.6  34.2  57.5  18.8        33.0 126.1   5.3 191.8            
       1 13  48.3  22.9  37.5  33.9  10.9        37.9 293.6  12.2 239.0            
       1 14  34.9  15.8  24.2  64.6  13.6        14.8  86.4   3.6 201.3            
       1 15  23.9  14.7  19.6  78.4  14.0        11.4  72.1   3.0 178.9            
       1 16  28.3  15.4  21.8  71.6  13.8        15.6 107.5   4.5 214.1            
       1 17  30.4   9.3  20.7  63.4   9.5        14.8  86.2   3.6 249.4            
       1 18  34.7  12.2  21.2  49.9   4.4        27.6 131.2   5.5 210.8            
       1 19  38.8   4.5  21.0  47.0   2.2        12.3  71.4   3.0 276.7            
       1 20  41.6  16.9  29.2  32.5   1.8        32.1 143.9   6.0 263.5            
       1 21  53.2  24.1  41.1  30.1  11.6        46.2 226.9   9.5 256.1            
       1 22  54.4  23.3  37.2  48.9  17.3  0.02  35.1 183.1   7.6 253.0            
       1 23  28.4   6.8  19.9  81.0  15.7  0.18  15.6 105.2   4.4 197.3            
       1 24  38.0   1.1  19.4  59.6   7.2  0.01  10.1  64.5   2.7 278.7            
       1 25  56.6  21.3  40.4  36.2  12.5  0.01  30.7 182.6   7.6 193.2            
       1 26  59.8  29.6  42.5  32.6  14.1        12.9  80.9   3.4 194.3            
       1 27  59.2  26.4  39.3  39.6  15.5        12.7  75.5   3.1 242.8            
       1 28  36.7  15.4  23.5  79.4  18.1        19.4  81.4   3.4 194.3            
       1 29  34.8  13.7  22.7  75.7  15.7  0.16  18.1 122.8   5.1 251.3            
       1 30  28.8   9.9  17.8  86.1  14.7  0.09  10.7  68.6   2.9 220.5            
       1 31  31.2  -0.4  15.0  59.9   2.2  0.01  18.3 110.3   4.6 306.8            
       2  1  39.1   4.9  20.5  57.2   6.6         7.5  53.7   2.2 305.3            
       2  2  43.5  16.8  27.3  54.5  12.2        11.9  75.2   3.1 248.9            
       2  3  46.6  12.9  28.0  56.9  13.7        10.7  73.6   3.1 311.6            
       2  4  46.1  12.5  29.2  49.6  10.6  0.01  31.1 122.4   5.1 297.9            
       2  5  40.1  15.2  26.9  48.7   8.9        12.1  95.2   4.0 317.4            
       2  6  53.0  15.6  32.6  43.7   9.7        27.9  98.1   4.1 323.6            
       2  7  51.1  18.0  35.5  38.8  10.7        12.0  70.6   2.9 227.9            
       2  8  52.5  26.5  36.0  33.5   9.5  0.01  46.8 260.2  10.8 145.9            
       2  9  36.1  27.4  32.0  33.6   6.5  0.01  55.5 463.3  19.3 152.0            
       2 10  48.1  11.5  29.8  34.4   1.8        17.7 115.6   4.8 338.9            
       2 11  64.6  24.7  42.4  30.4   9.0        21.2 112.0   4.7 249.8            
       2 12  33.1  18.1  25.7  63.3  14.8        11.3  61.8   2.6 157.3            
       2 13  54.1  13.5  31.9  46.9   9.4        42.2 100.2   4.2 347.0            
       2 14  50.6  16.9  33.8  48.8  13.7        43.5 160.3   6.7 121.9            
       2 15  53.4  14.2  32.5  45.5  10.8        12.8  90.4   3.8 363.2            
       2 16  53.8  18.2  35.5  34.5   7.7        11.1  70.0   2.9 341.2            
       2 17  64.9  27.3  43.7  32.5  12.6        19.6  96.2   4.0 328.1            
       2 18  56.5  30.9  41.6  47.7  22.6        24.0 132.5   5.5 268.7            
       2 19  52.2  26.3  39.2  43.5  16.7        23.8 108.2   4.5 343.8            
       2 20  51.2  27.3  38.9  39.7  15.3        37.9 183.6   7.7 335.9            
       2 21  50.0  22.6  36.5  35.9   9.5        25.9 142.8   6.0 388.6            
       2 22  69.6  25.5  48.5  26.5  11.2        24.5 111.8   4.7 280.2            
       2 23  71.9  37.3  54.9  19.9  13.0        33.0 154.5   6.4 323.8            
       2 24  51.7  23.4  35.5  63.2  23.2        17.9 157.7   6.6 277.6            
       2 25  23.8   4.8  10.6  76.2   5.0  0.26  23.9 161.7   6.7 337.7            
       2 26  23.5  -0.8  12.1  61.1   0.7  0.06  15.7 112.2   4.7 397.6            
       2 27  35.2   8.9  22.2  57.8   9.3  0.01  16.5  96.7   4.0 287.3            
       2 28  47.7  11.5  26.5  65.6  15.0  0.37  26.1 152.3   6.3 399.5            
       3  1  20.9   1.7  11.2  90.9   9.5  0.37  21.8 140.9   5.9 267.1  0.02  0.02
       3  2  15.6  -8.4   4.3  80.5   0.3  0.02  13.0 105.6   4.4 385.2  0.03  0.02
       3  3  26.7  -5.3  13.1  54.2  -1.0  0.01  26.6 142.9   6.0 448.5  0.06  0.04
       3  4  45.3   8.8  27.8  52.7  11.8  0.01  10.4  70.3   2.9 445.6  0.08  0.06
       3  5  52.7  27.6  39.4  39.6  15.7  0.01  16.4  86.8   3.6 429.7  0.11  0.09
       3  6  47.4  28.6  37.6  57.4  23.4        15.4  95.1   4.0 427.0  0.09  0.08
       3  7  59.5  23.8  39.5  60.6  24.6        28.2 122.9   5.1 449.4  0.14  0.10
       3  8  36.3   6.2  20.9  88.9  19.8  0.15  33.8 149.6   6.2 121.3  0.03  0.03
       3  9  41.8   6.6  25.1  56.7  11.6  0.01  18.7  85.8   3.6 469.3  0.08  0.06
       3 10  53.9  20.8  36.5  56.1  20.7        17.1  86.5   3.6 397.0  0.11  0.08
       3 11  58.0  34.8  46.3  34.7  18.6        24.9 135.7   5.7 471.7  0.17  0.12
       3 12  69.1  34.6  51.7  29.7  19.0  0.01  37.5 176.3   7.3 358.2  0.23  0.15
       3 13  52.6  33.8  43.6  56.5  28.6        19.3 135.8   5.7 447.8  0.12  0.10
       3 14  34.0  18.6  25.3  85.6  21.7  0.60  25.6 168.9   7.0 265.4  0.05  0.04
       3 15  34.1   6.7  21.9  74.0  14.7  0.02  13.2  83.2   3.5 449.2  0.06  0.05
       3 16  37.9  23.0  30.4  67.2  20.5        15.6 101.0   4.2 400.7  0.07  0.06
       3 17  46.5  18.6  31.4  60.5  18.1  0.01  18.5 107.8   4.5 396.8  0.10  0.08
       3 18  42.5  25.7  31.2  72.9  22.9        24.2  92.1   3.8 381.4  0.08  0.07
       3 19  50.6  21.8  34.5  62.1  21.5        10.4  80.9   3.4 496.1  0.11  0.09
       3 20  64.4  20.6  42.7  44.9  17.5        26.2 105.1   4.4 515.7  0.17  0.13
       3 21  27.0  10.9  18.5  69.9  10.2        15.7 113.2   4.7 350.9  0.05  0.04
       3 22  62.4  15.0  38.7  51.5  18.2  0.01  14.9  68.7   2.9 521.9  0.14  0.11
       3 23  68.9  28.8  47.7  42.4  21.9        24.6 107.4   4.5 392.2  0.18  0.13
       3 24  38.3  21.3  28.2  81.2  23.1  0.03  12.8  83.1   3.5  92.8  0.04  0.03
       3 25  36.1  18.1  25.3  86.4  21.8  0.03  12.3  83.5   3.5 239.7  0.05  0.04
       3 26  60.4  21.0  40.7  54.4  20.9  0.01  15.3  76.1   3.2 510.8  0.14  0.11
       3 27  66.5  31.9  49.8  35.7  20.9  0.01  47.3 200.7   8.4 545.7  0.25  0.17
       3 28  71.0  28.9  51.3  36.7  19.5        39.1 219.2   9.1 517.1  0.28  0.19
       3 29  56.0  30.2  41.1  55.5  25.0        18.1 130.3   5.4 512.0  0.15  0.12
       3 30  54.9  29.9  42.3  51.1  24.6        16.7 103.5   4.3 397.5  0.13  0.10
       3 31  64.7  27.8  44.9  54.1  27.1        14.8  94.3   3.9 513.2  0.16  0.13
       4  1  76.8  29.9  58.6  26.1  17.7        39.8 196.8   8.2 520.5  0.30  0.21
       4  2  30.0  22.8  25.1  59.1  12.9        23.4 126.2   5.3 150.8  0.06  0.04
       4  3  44.5  21.5  33.3  41.8  12.2        28.1 115.7   4.8 474.6  0.12  0.09
       4  4  59.8  25.1  41.7  35.0  14.8        22.4 131.0   5.5 574.8  0.19  0.14
       4  5  65.7  30.4  49.0  36.9  21.4        15.8  89.7   3.7 562.7  0.18  0.14
       4  6  76.0  37.0  57.2  33.0  24.3        28.6 112.4   4.7 363.9  0.21  0.15
       4  7  66.7  40.6  54.2  41.2  30.6        17.6 102.0   4.3 404.1  0.17  0.13
       4  8  53.3  40.5  46.9  68.0  36.7        18.1 135.4   5.6 218.1  0.10  0.08
       4  9  73.7  31.6  53.9  50.4  30.3        15.7  88.9   3.7 520.7  0.19  0.15
       4 10  71.6  48.3  58.9  35.8  30.6        31.1 126.2   5.3 290.3  0.20  0.14
       4 11  64.2  39.3  52.6  52.7  33.8        22.6 105.9   4.4 414.6  0.16  0.12
       4 12  71.0  35.7  53.8  42.3  28.7        15.6  87.5   3.6 509.7  0.19  0.15
       4 13  76.5  39.7  59.9  33.1  27.5        18.9  99.6   4.2 600.2  0.23  0.18
       4 14  79.3  52.3  66.9  20.1  23.7        28.3 144.8   6.0 239.4  0.26  0.17
       4 15  82.0  51.0  66.0  24.8  26.1        20.5  82.7   3.4 347.4  0.21  0.15
       4 16  62.4  43.2  54.1  27.5  20.2  0.02  42.6 220.3   9.2 488.7  0.26  0.18
       4 17  78.7  35.8  55.6  34.0  22.9        36.8 177.3   7.4 627.6  0.33  0.23
       4 18  67.3  32.7  47.5  50.7  27.7        34.0 207.3   8.6 502.8  0.25  0.18
       4 19  39.9  27.2  34.1  63.9  23.1        13.4 101.3   4.2 232.0  0.07  0.06
       4 20  39.8  31.5  34.5  85.8  30.6  0.05  23.5 114.4   4.8  57.3  0.04  0.03
       4 21  57.9  29.1  42.9  54.8  23.2  0.03  31.3 148.1   6.2 630.3  0.19  0.15
       4 22  70.6  29.8  52.8  29.4  16.3        30.4 186.7   7.8 613.4  0.29  0.21
       4 23  79.2  44.1  63.4  18.5  17.4        37.0 239.0  10.0 642.3  0.40  0.27
       4 24  64.6  31.1  47.1  39.6  21.3        26.0 192.4   8.0 644.9  0.25  0.19
       4 25  56.3  31.7  44.0  33.9  17.3        19.9 166.4   6.9 417.7  0.19  0.14
       4 26  66.7  36.9  48.8  54.1  32.2        19.5 120.3   5.0 451.8  0.19  0.14
       4 27  66.8  41.7  50.6  64.3  36.7  0.14  36.0 211.4   8.8 453.8  0.22  0.16
       4 28  70.9  34.9  53.6  50.2  31.4        37.1 170.7   7.1 669.6  0.26  0.20
       4 29  74.9  41.0  58.8  36.1  29.4        19.4 128.1   5.3 619.8  0.26  0.20
       4 30  73.1  40.9  57.3  46.4  35.9        16.7 110.7   4.6 632.7  0.23  0.19
       5  1  53.3  32.3  42.5  78.2  36.6  0.08  24.6 172.6   7.2 156.8  0.08  0.06
       5  2  58.9  32.4  43.8  67.8  32.3  0.03  16.1 115.9   4.8 549.3  0.16  0.13
       5  3  73.4  33.9  55.7  35.4  23.7  0.01  21.9 123.6   5.2 633.9  0.26  0.20
       5  4  70.9  37.8  53.3  49.5  33.2  0.01  24.6 152.8   6.4 628.3  0.25  0.19
       5  5  77.7  42.0  60.2  34.9  28.5  0.01  36.1 116.5   4.9 541.0  0.26  0.19
       5  6  79.6  42.5  63.2  29.3  26.7        26.5 107.5   4.5 532.0  0.25  0.19
       5  7  65.3  43.0  52.6  63.9  40.3        18.4 112.9   4.7 574.5  0.18  0.15
       5  8  68.1  36.8  50.9  53.8  32.1  0.01  38.7 203.1   8.5 482.1  0.24  0.18
       5  9  58.9  26.7  44.8  38.5  18.8        15.2 108.0   4.5 617.0  0.19  0.15
       5 10  61.1  38.8  52.0  38.8  27.3        16.4 121.6   5.1 387.0  0.17  0.13
       5 11  59.9  40.5  48.9  76.7  41.4  0.38  23.5 121.4   5.1 257.0  0.11  0.09
       5 12  57.5  40.1  46.6  69.4  36.3  0.15  20.0 124.0   5.2 400.6  0.14  0.11
       5 13  69.7  34.7  53.8  46.4  31.1        15.7  84.7   3.5 705.4  0.22  0.18
       5 14  78.1  40.9  56.5  45.1  33.5        28.3  95.0   4.0 316.3  0.20  0.15
       5 15  74.3  48.5  61.4  40.6  35.8  0.01  31.1 135.6   5.7 435.0  0.24  0.18
       5 16  53.4  44.4  47.1  82.2  41.9  0.18  25.5 109.7   4.6 117.7  0.07  0.05
       5 17  59.3  43.6  50.3  80.4  44.0  0.04  12.1  73.3   3.1 277.7  0.10  0.08
       5 18  70.4  44.4  56.8  65.6  44.4        18.1 126.3   5.3 520.9  0.19  0.16
       5 19  69.1  44.7  56.6  62.1  43.1        19.2 137.7   5.7 607.8  0.21  0.18
       5 20  61.8  45.9  52.1  75.1  44.2        10.1  72.7   3.0 255.7  0.10  0.09
       5 21  86.4  46.9  60.9  50.9  38.2  0.02  42.8 206.9   8.6 516.0  0.39  0.27
       5 22  68.4  49.0  58.2  17.2  13.3        39.6 329.1  13.7 745.8  0.42  0.29
       5 23  61.2  33.3  48.2  54.3  31.2  1.06  29.1 152.1   6.3 512.4  0.18  0.15
       5 24  52.4  31.9  40.9  84.9  36.6  0.64  12.7  71.3   3.0 411.0  0.10  0.09
       5 25  70.4  37.4  54.5  56.1  37.4  0.01  14.5  78.2   3.3 590.0  0.19  0.16
       5 26  78.1  44.0  62.9  39.2  34.9        23.5  96.4   4.0 666.4  0.26  0.21
       5 27  81.7  46.6  64.6  40.0  37.5  0.01  45.5 125.4   5.2 577.8  0.28  0.22
       5 28  82.5  48.8  66.6  37.2  37.4        21.9  95.5   4.0 591.4  0.26  0.21
       5 29  83.8  51.3  69.2  37.0  39.4        17.2  91.7   3.8 509.2  0.24  0.19
       5 30  89.5  53.0  73.1  38.8  43.9        15.2 100.8   4.2 734.1  0.31  0.26
       5 31  89.2  57.0  73.6  38.0  44.7        51.8 104.4   4.3 511.5  0.28  0.21
       6  1  85.0  54.6  69.8  47.1  47.1        26.5  79.1   3.3 384.6  0.20  0.16
       6  2  91.2  53.6  74.6  34.5  40.5        24.1 117.5   4.9 706.0  0.34  0.27
       6  3  73.8  50.2  62.8  62.6  48.7  0.26  23.7 177.5   7.4 432.4  0.21  0.16
       6  4  65.9  48.1  55.6  77.6  48.2  0.12  16.2  80.4   3.4 353.2  0.13  0.11
       6  5  77.1  43.6  61.3  61.8  45.7  0.01  14.6  99.3   4.1 737.4  0.25  0.21
       6  6  87.0  49.0  69.3  44.8  43.9        18.6 102.2   4.3 704.4  0.30  0.24
       6  7  92.2  51.3  72.5  39.0  43.0  0.01  35.2 130.9   5.5 614.1  0.34  0.26
       6  8  92.0  49.0  69.9  52.0  49.7        14.3  85.2   3.5 716.2  0.30  0.25
       6  9  94.4  54.7  75.9  34.0  42.5        26.2 104.1   4.3 716.0  0.34  0.27
       6 10  84.2  54.8  66.8  34.8  36.7        27.0 185.6   7.7 697.5  0.39  0.29
       6 11  79.1  48.4  64.9  44.0  40.7        16.1  84.1   3.5 710.8  0.26  0.22
       6 12  82.5  51.7  68.0  34.3  37.1        19.9 110.0   4.6 736.6  0.31  0.25
       6 13  76.3  49.0  63.6  43.3  40.8        15.0  92.2   3.8 642.2  0.24  0.20
       6 14  81.1  43.4  64.2  43.7  40.1        26.2  73.3   3.1 641.7  0.24  0.20
       6 15  82.9  56.7  67.8  47.6  45.6        34.5 129.6   5.4 470.8  0.27  0.20
       6 16  85.2  51.7  68.3  51.9  47.0  0.01  27.1  90.7   3.8 608.0  0.26  0.21
       6 17  95.8  51.9  75.7  29.9  37.0        20.5 109.8   4.6 642.9  0.34  0.26
       6 18  97.9  61.6  80.8  19.6  33.7        26.7 115.4   4.8 704.7  0.38  0.29
       6 19  88.1  58.9  72.4  44.0  47.5  0.07  27.1 125.0   5.2 579.1  0.30  0.24
       6 20  81.1  57.5  69.3  62.8  55.1  0.02  23.0 123.9   5.2 476.8  0.22  0.18
       6 21  89.9  61.5  75.8  41.2  48.9  0.01  26.6 127.9   5.3 483.7  0.29  0.22
       6 22  91.6  58.5  74.0  49.3  51.4  0.03  20.0  88.6   3.7 563.1  0.27  0.22
       6 23  93.3  60.5  78.7  26.3  39.9  0.01  15.6 111.6   4.7 725.5  0.35  0.28
       6 24  96.6  55.8  78.3  30.5  41.2  0.01  19.9  80.1   3.3 703.9  0.31  0.26
       6 25  93.4  58.6  75.8  36.8  46.1  0.01  23.8  94.0   3.9 575.5  0.29  0.23
       6 26  92.5  56.0  75.3  41.1  47.2        17.0  94.0   3.9 687.5  0.31  0.25
       6 27  95.0  58.2  77.2  35.7  45.3  0.01  19.6 100.9   4.2 612.7  0.32  0.25
       6 28  93.1  55.1  76.8  34.1  43.5        38.9 114.3   4.8 596.0  0.32  0.25
       6 29  98.3  58.8  78.7  32.0  43.8        14.3  82.0   3.4 572.6  0.30  0.24
       6 30  93.6  57.4  76.6  29.3  41.1        15.6  84.9   3.5 630.0  0.30  0.24
       7  1 100.9  61.1  83.6  24.3  40.7        27.3  95.1   4.0 632.4  0.33  0.26
       7  2  95.1  66.9  79.7  27.8  42.1        14.8  90.8   3.8 528.6  0.30  0.23
       7  3  89.2  61.3  74.0  43.9  50.6  0.01  29.1  94.4   3.9 422.2  0.24  0.19
       7  4  88.3  56.6  74.1  48.6  51.1        16.7  61.1   2.5 662.7  0.25  0.22
       7  5  88.1  60.7  74.1  51.7  53.3        15.5  92.0   3.8 669.1  0.28  0.24
       7  6  84.5  63.4  72.6  54.5  54.5  0.01  22.7  74.5   3.1 466.0  0.21  0.18
       7  7  90.8  61.2  76.9  49.1  54.4        14.3  46.9   2.0 664.0  0.25  0.22
       7  8  90.8  65.1  78.2  43.7  52.7  0.01  16.7  96.7   4.0 542.7  0.27  0.22
       7  9  93.1  60.0  78.5  36.9  48.6        21.9  88.7   3.7 629.8  0.29  0.24
       7 10  84.1  64.5  75.2  55.3  58.3        14.6  89.8   3.7 447.8  0.21  0.17
       7 11  86.6  59.7  73.6  46.7  50.9  0.01  17.1 104.9   4.4 708.3  0.30  0.25
       7 12  93.7  54.9  75.3  44.5  48.5        16.1  79.1   3.3 724.5  0.30  0.25
       7 13  94.4  60.4  77.6  32.9  44.4        13.1  95.8   4.0 650.2  0.32  0.25
       7 14  94.5  57.3  77.8  33.2  44.2        15.9  94.8   4.0 708.9  0.32  0.26
       7 15  95.5  58.8  78.6  34.1  46.5        14.8 105.3   4.4 705.3  0.34  0.27
       7 16  96.0  58.4  79.0  32.8  44.8        18.1 111.4   4.6 701.3  0.35  0.27
       7 17  95.5  59.1  77.9  31.2  43.2        15.7  91.7   3.8 688.6  0.32  0.26
       7 18  95.3  61.0  78.6  31.2  43.9        17.6  90.2   3.8 637.8  0.31  0.25
       7 19  95.3  60.0  80.3  31.7  45.9        24.3 100.2   4.2 681.2  0.32  0.26
       7 20  94.9  65.9  80.9  33.7  49.0        28.4 142.6   5.9 569.7  0.35  0.26
       7 21  85.6  62.5  73.1  54.6  55.1  0.04  29.2  93.4   3.9 537.7  0.24  0.20
       7 22  80.2  58.0  68.7  65.6  55.8  0.01  13.4  73.8   3.1 350.6  0.16  0.13
       7 23  87.3  61.3  72.5  51.8  53.1  0.01  18.6 123.7   5.2 405.0  0.25  0.19
       7 24  98.4  55.9  79.4  37.5  47.0  0.01  27.9 103.8   4.3 650.6  0.33  0.26
       7 25  91.7  62.5  75.4  40.7  48.2        26.3 127.3   5.3 350.6  0.28  0.20
       7 26  94.2  56.5  74.1  46.2  48.5  0.01  29.1 119.3   5.0 602.1  0.32  0.25
       7 27  93.4  57.2  76.7  31.2  42.0        20.9 100.6   4.2 562.0  0.30  0.23
       7 28  88.3  63.5  74.6  34.6  44.6        17.7  92.1   3.8 538.9  0.27  0.21
       7 29  92.7  54.2  75.9  27.9  38.6        16.1  99.9   4.2 678.4  0.31  0.25
       7 30  96.2  59.1  81.1  25.3  40.3        14.5  90.4   3.8 671.2  0.31  0.25
       7 31  98.9  61.6  81.5  25.7  40.4        15.5  86.6   3.6 551.9  0.30  0.23
       8  1  79.1  59.9  67.5  35.2  38.7        32.4 154.5   6.4 450.4  0.29  0.21
       8  2  81.7  56.3  70.0  37.3  42.4        15.2 106.0   4.4 423.1  0.23  0.18
       8  3  87.5  62.8  72.1  54.3  53.6        26.2  87.9   3.7 345.6  0.21  0.16
       8  4  87.5  58.9  73.5  52.5  53.9        24.9 106.2   4.4 540.9  0.25  0.20
       8  5  85.5  60.1  71.6  64.5  58.0  0.10  29.1  99.0   4.1 466.0  0.21  0.18
       8  6  89.9  57.4  71.3  59.5  54.8  0.03  29.1  97.3   4.1 504.2  0.25  0.20
       8  7  89.6  56.8  71.5  57.3  53.6        20.2  96.4   4.0 541.2  0.25  0.20
       8  8  91.6  54.2  71.5  52.3  50.0  0.01  29.0  96.4   4.0 574.4  0.27  0.22
       8  9  82.1  53.5  69.2  49.6  48.2        26.0 108.3   4.5 628.0  0.25  0.21
       8 10  89.3  52.1  72.4  34.5  42.7        18.3  92.3   3.8 635.6  0.28  0.22
       8 11  94.6  56.5  77.3  21.3  32.3        12.9  93.4   3.9 664.8  0.31  0.24
       8 12  73.7  55.5  62.4  52.8  44.7  0.01  40.2 171.3   7.1 225.0  0.20  0.14
       8 13  76.1  43.3  61.4  51.4  41.1        13.1  87.1   3.6 580.0  0.21  0.17
       8 14  94.9  48.2  72.1  32.4  36.6        19.4  93.6   3.9 643.1  0.31  0.24
       8 15  81.3  55.5  67.6  47.4  46.3        29.8 128.8   5.4 561.5  0.26  0.20
       8 16 102.6  51.0  77.3  35.3  40.6        32.5 142.7   5.9 609.4  0.40  0.29
       8 17  77.9  48.4  64.4  31.6  32.9  0.01  34.0 141.0   5.9 568.3  0.27  0.21
       8 18  87.8  46.7  66.6  37.4  36.8        19.4  81.8   3.4 347.8  0.21  0.16
       8 19  86.3  48.2  67.2  44.4  44.7        15.7  74.7   3.1 531.3  0.22  0.18
       8 20  87.4  57.8  72.4  51.4  51.7        21.0 104.4   4.3 431.5  0.23  0.18
       8 21  86.5  59.1  68.9  50.3  48.8        35.2 102.4   4.3 333.6  0.22  0.16
       8 22  83.3  50.9  67.1  51.4  47.3        27.6 101.8   4.2 491.2  0.22  0.18
       8 23  88.6  53.6  71.2  42.4  44.4        17.4  96.1   4.0 490.1  0.25  0.19
       8 24  80.1  57.8  68.1  58.5  52.6        27.7 132.8   5.5 432.9  0.21  0.17
       8 25  87.7  60.5  71.0  51.5  50.4        12.3  81.0   3.4 543.0  0.24  0.19
       8 26  92.3  51.7  72.3  40.7  43.5  0.13  19.8  82.6   3.4 581.5  0.26  0.20
       8 27  77.6  57.9  67.3  67.0  55.0  0.06  25.4 134.1   5.6 409.8  0.19  0.15
       8 28  78.2  61.0  67.5  65.3  55.2        27.8 140.4   5.8 432.6  0.21  0.16
       8 29  72.5  54.5  63.4  71.9  53.8  0.02  25.9 101.9   4.2 275.5  0.13  0.10
       8 30  86.7  48.7  67.2  55.8  47.3  0.02  16.1  82.4   3.4 502.1  0.22  0.17
       8 31  90.9  55.0  72.8  35.9  41.1        13.6  80.7   3.4 489.3  0.24  0.18
       9  1  89.0  57.5  72.9  30.3  37.6        15.6  90.4   3.8 385.3  0.23  0.17
       9  2  83.0  53.0  69.7  34.3  40.5        17.5 101.0   4.2 560.0  0.24  0.19
       9  3  88.8  48.9  69.5  44.4  44.5        19.8  91.3   3.8 460.9  0.23  0.18
       9  4  90.5  58.5  74.2  33.9  42.4        15.4 106.1   4.4 448.3  0.26  0.19
       9  5  93.0  52.6  73.5  33.4  39.7        14.0  67.5   2.8 511.7  0.23  0.18
       9  6  93.2  52.8  73.9  34.8  42.4  0.02  17.8  77.2   3.2 440.5  0.22  0.17
       9  7  91.5  55.4  73.0  42.9  47.4  0.01  13.2  68.8   2.9 441.8  0.21  0.16
       9  8  83.5  56.3  70.5  52.7  51.4  0.62  17.6  95.5   4.0 323.0  0.18  0.14
       9  9  70.9  56.3  62.9  79.0  55.8  0.38  17.0  87.3   3.6 214.5  0.10  0.08
       9 10  68.6  55.9  60.4  81.4  54.3  0.22  15.6 107.2   4.5 287.7  0.11  0.09
       9 11  73.7  50.9  59.9  78.1  52.6  0.19  20.7 103.4   4.3 407.5  0.15  0.12
       9 12  73.9  55.1  61.9  83.8  56.3  0.44  29.0  82.2   3.4 360.1  0.13  0.11
       9 13  70.3  54.5  60.6  78.5  53.3  0.09  15.8  76.1   3.2 293.8  0.11  0.09
       9 14  76.7  51.1  65.1  48.0  43.1        17.7 101.0   4.2 514.3  0.20  0.16
       9 15  84.1  43.9  62.9  53.8  41.8  0.01  12.9  67.7   2.8 524.9  0.19  0.15
       9 16  85.0  45.3  64.3  48.5  41.6        12.2  53.5   2.2 487.7  0.17  0.14
       9 17  78.2  48.3  63.6  44.8  40.0        32.2 117.3   4.9 278.2  0.19  0.13
       9 18  69.6  50.1  59.4  48.7  39.5        32.6 177.1   7.4 246.7  0.19  0.13
       9 19  69.7  40.6  56.5  51.6  37.2        13.8 102.5   4.3 494.8  0.17  0.13
       9 20  80.8  41.8  60.7  48.9  37.9        16.1  88.0   3.7 498.5  0.20  0.15
       9 21  61.8  43.7  51.2  60.2  37.3        32.3 109.1   4.5 421.6  0.14  0.11
       9 22  68.4  45.0  53.6  56.1  37.4        13.2  87.6   3.6 474.6  0.16  0.13
       9 23  68.5  40.7  55.0  43.8  32.5        26.7 108.2   4.5 479.2  0.17  0.13
       9 24  82.7  36.9  59.8  45.5  34.8        39.6  96.7   4.0 419.4  0.20  0.15
       9 25  59.7  45.1  52.3  61.5  39.0  0.07  14.3  85.0   3.5 347.1  0.11  0.09
       9 26  62.4  44.9  49.9  82.8  44.6        13.3  78.6   3.3 241.1  0.09  0.07
       9 27  74.3  38.2  54.2  66.1  41.1        27.3  89.7   3.7 295.6  0.14  0.10
       9 28  67.2  45.6  54.2  69.9  44.4        13.6  84.1   3.5 329.0  0.12  0.09
       9 29  75.4  41.7  57.9  58.0  40.6        35.2  96.7   4.0 335.0  0.15  0.12
       9 30  77.3  49.2  63.6  29.8  30.3        32.2 148.8   6.2 453.5  0.24  0.17
      10  1  60.3  42.0  53.0  58.9  38.6  0.18  19.4 141.5   5.9 218.3  0.11  0.08
      10  2  42.6  36.2  38.7  94.5  37.3  0.17  11.9  87.8   3.7  63.9  0.03  0.03
      10  3  52.0  37.4  41.9  88.4  38.6  0.44  30.6  98.0   4.1 142.8  0.06  0.05
      10  4  62.9  33.1  47.6  70.8  37.3  0.02  12.9  82.7   3.4 385.0  0.11  0.09
      10  5  68.5  37.6  52.7  56.2  35.5        28.4 131.3   5.5 374.6  0.16  0.11
      10  6  59.4  38.1  48.1  67.1  37.2        15.6  93.2   3.9 386.9  0.11  0.08
      10  7  74.9  33.5  52.1  63.8  37.5         9.7  59.0   2.5 420.3  0.13  0.10
      10  8  71.3  41.7  55.7  52.2  37.0        19.0 104.9   4.4 404.0  0.16  0.11
      10  9  70.6  44.8  53.6  65.4  41.4        10.7  58.9   2.5 394.8  0.12  0.09
      10 10  78.4  39.4  58.9  40.4  30.9        22.8 117.1   4.9 391.7  0.20  0.14
      10 11  80.7  44.5  60.3  37.9  31.4  0.01  35.3 158.7   6.6 414.0  0.26  0.17
      10 12  51.7  32.6  40.5  69.3  30.6        18.7 119.1   5.0 284.3  0.09  0.07
      10 13  65.7  27.1  45.2  58.6  29.5        10.7  68.1   2.8 399.8  0.11  0.09
      10 14  63.1  31.9  46.3  46.2  23.8        14.2  74.3   3.1 390.6  0.12  0.09
      10 15  60.3  26.0  42.3  51.2  23.6        14.4  78.5   3.3 387.9  0.11  0.08
      10 16  60.1  31.5  46.5  43.2  24.3        26.1 118.1   4.9 361.7  0.13  0.09
      10 17  66.5  25.9  44.0  53.4  25.7        11.5  64.2   2.7 378.1  0.11  0.08
      10 18  71.9  34.7  51.6  34.8  21.6        15.7  81.9   3.4 379.2  0.15  0.10
      10 19  65.2  27.5  44.6  52.6  26.3        10.3  57.1   2.4 372.5  0.10  0.08
      10 20  70.2  32.8  48.6  37.6  21.3        17.8  70.7   2.9 314.1  0.13  0.09
      10 21  59.6  29.1  45.4  50.4  27.6        18.9  75.4   3.1 351.7  0.09  0.07
      10 22  43.7  25.9  32.8  82.1  27.8        21.9 105.8   4.4 120.0  0.05  0.04
      10 23  29.1  24.4  26.7  95.9  25.7  0.08  13.2  88.8   3.7  71.2  0.02  0.02
      10 24  33.2  23.9  28.4  93.0  26.7  0.02   7.6  56.2   2.3  86.5  0.02  0.02
      10 25  53.3  28.2  38.0  80.5  31.6  0.02  14.5  62.6   2.6 253.8  0.06  0.05
      10 26  58.9  28.4  43.2  65.4  31.1        17.8  79.2   3.3 311.0  0.08  0.06
      10 27  51.9  33.3  42.7  84.4  38.2        15.6 108.2   4.5 160.6  0.05  0.04
      10 28  60.2  26.9  42.7  68.9  31.1  0.03  23.5 102.9   4.3 288.6  0.09  0.07
      10 29  35.3  19.2  27.0  94.1  26.0  0.25  22.7 199.4   8.3 110.9  0.02  0.02
      10 30  19.7  14.5  17.4  86.0  13.9  0.07  10.6  97.1   4.0 116.9  0.02  0.02
      10 31  21.9  14.2  17.4  90.6  15.1  0.25   9.0  70.8   3.0 113.9  0.02  0.02
      11  1  27.7  14.9  19.3  87.2  16.0  0.06   8.6  61.1   2.5 187.1            
      11  2  36.5  16.7  25.3  84.7  21.4  0.10   9.5  60.5   2.5 229.7            
      11  3  40.5  15.3  27.5  76.8  20.3  0.02  11.0  77.5   3.2 294.1            
      11  4  40.3  18.3  27.9  77.9  21.5        14.9  50.4   2.1 164.2            
      11  5  51.2  20.2  34.9  62.4  21.9        12.2  77.4   3.2 310.3            
      11  6  56.9  25.2  38.9  63.4  25.7         9.7  66.3   2.8 303.9            
      11  7  67.6  24.7  43.5  48.2  22.1  0.01  22.4  82.7   3.4 131.8            
      11  8  66.1  40.0  53.7  35.2  26.7  0.01  38.6 195.0   8.1 250.9            
      11  9  59.1  37.2  46.5  49.1  28.4        27.3 155.8   6.5 190.9            
      11 10  53.3  25.2  40.4  42.3  17.7        30.4 127.7   5.3 251.1            
      11 11  44.8  22.0  31.8  64.8  20.9        14.1  88.3   3.7 140.8            
      11 12  52.5  17.8  34.0  55.4  17.5        10.7  59.8   2.5 283.3            
      11 13  57.8  30.5  43.0  56.6  27.9  0.01  16.5  92.1   3.8 125.2            
      11 14  47.8  28.9  37.2  80.1  31.1  0.01  13.7  77.9   3.2 169.5            
      11 15  47.4  23.3  35.7  69.9  26.1  0.01  20.0 101.7   4.2 155.1            
      11 16  57.7  19.3  36.1  56.9  19.5  0.01   9.6  61.8   2.6 254.8            
      11 17  59.6  28.8  43.8  38.4  17.7        21.2  95.5   4.0 167.9            
      11 18  54.4  26.7  41.2  43.7  19.8        17.2  96.0   4.0 242.6            
      11 19  59.7  29.7  43.4  38.6  18.2        12.2  83.6   3.5 256.5            
      11 20  63.1  28.6  43.4  52.4  25.3        10.3  73.5   3.1 255.1            
      11 21  65.6  32.4  45.6  56.7  29.7        10.9  87.5   3.6 248.4            
      11 22  68.5  28.8  46.1  51.1  26.3        11.1  55.0   2.3 173.5            
      11 23  48.1  30.2  38.1  63.9  27.0        22.6 133.7   5.6 215.8            
      11 24  30.8  20.6  23.9  93.3  22.1  0.31  20.2  98.1   4.1  76.8            
      11 25  34.2  14.4  21.3  90.9  19.2  0.11  12.1  78.7   3.3 197.8            
      11 26  30.5   4.4  16.7  80.8  11.7  0.01  13.0  85.6   3.6 234.2            
      11 27  44.4  11.7  26.3  67.4  16.1        10.7  65.3   2.7 151.9            
      11 28  58.5  17.7  35.4  66.2  24.4         9.8  52.8   2.2 237.8            
      11 29  56.3  27.0  40.0  62.9  27.6        12.6  95.7   4.0 235.3            
      11 30  45.1  22.2  32.9  69.1  22.6  0.01  15.8  84.9   3.5 209.9            
      12  1  53.8  25.9  39.2  67.0  28.2        10.0  52.0   2.2 177.8            
      12  2  55.2  26.6  39.4  64.0  27.3        16.4  66.1   2.8 225.2            
      12  3  34.8  26.3  30.1  88.0  27.0        12.6  87.2   3.6  47.3            
      12  4  31.6  23.7  29.5  94.0  28.0         9.7  74.4   3.1  30.0            
      12  5  49.2  24.0  33.8  78.9  27.2  0.03  13.7  92.7   3.9 221.4            
      12  6  50.8  19.3  32.3  62.7  19.3        11.8  74.7   3.1 226.5            
      12  7  47.6  21.5  32.1  63.4  20.0         8.6  42.5   1.8 168.5            
      12  8  45.1  21.9  30.9  66.5  20.2        10.7  68.7   2.9 203.6            
      12  9  54.6  18.1  32.4  57.9  17.0         9.1  53.3   2.2 222.4            
      12 10  57.4  20.4  35.3  42.1  12.5         9.5  52.2   2.2 219.8            
      12 11  48.1  23.5  34.7  47.6  15.8        23.8  76.4   3.2 184.4            
      12 12  42.8  17.4  31.1  51.6  14.4        30.8 123.7   5.2 202.6            
      12 13  58.7  20.1  35.9  52.9  18.7         9.4  55.3   2.3 211.7            
      12 14  58.2  20.8  36.7  53.6  19.6         9.9  55.7   2.3 196.6            
      12 15  64.7  28.4  44.3  41.9  20.2  0.01  37.3 157.4   6.6 108.6            
      12 16  49.8  26.2  37.8  45.9  17.6        22.8 111.0   4.6 201.5            
      12 17  49.6  30.0  38.7  57.4  24.2        18.5  93.5   3.9 145.0            
      12 18  42.7  22.7  31.8  72.1  23.4        15.8  80.7   3.4 150.6            
      12 19  39.9  12.3  26.4  58.1  12.6        28.8 103.2   4.3 214.0            
      12 20  41.4  10.8  25.5  48.5   7.7        11.5  97.9   4.1 208.9            
      12 21  43.0  18.4  30.5  53.7  14.6        11.3  86.5   3.6 188.3            
      12 22  40.9  15.0  26.5  61.9  14.3        11.2  55.8   2.3 193.3            
      12 23  31.3  15.0  22.7  74.2  15.4        16.5  70.9   3.0 123.0            
      12 24  31.3  11.5  20.5  77.7  14.3         9.6  65.2   2.7 159.1            
      12 25  38.2  10.0  20.1  69.7  10.8         9.6  50.3   2.1 196.4            
      12 26  41.0   5.4  21.1  55.5   5.6        11.5  61.0   2.5 214.0            
      12 27  57.5  17.1  36.2  41.8  13.8        26.5 114.5   4.8 169.5            
      12 28  56.7  27.6  38.5  50.4  21.0        21.2  66.7   2.8  70.7            
      12 29  62.5  25.2  44.0  34.1  13.4  0.01  40.7 211.3   8.8 175.9            
      12 30  48.3  22.2  34.7  36.3   9.6        18.9  93.9   3.9 204.4            
      12 31  54.7  19.9  33.9  46.8  14.3        23.5  82.2   3.4 189.9            

      Total                               11.56                         49.57 38.48
        Max 102.6  66.9  83.6  95.9  58.3        55.5 463.3  19.3 745.8
        Min  15.6  -8.4   4.3  17.2  -1.0         7.5  38.9   1.6  30.0
        Ave  64.5  35.4  49.5  52.7  29.7        20.8 106.7   4.4 386.9
