                                                                    15-JUN-00
      Telephone-linked Weather Station nr  LOVELAND, Colorado            1999
      -----------------------------------------------------------------------------
               Temperature      Rel   Dew             Wind        Solar StandrdASCE
            ----------------- Humid Point  Prec -----------------   Rad   ETr   ETo
       Date   Max   Min   Ave   Ave   Ave Total   Max Total   Ave Total Alflf Grass
      MoDay     F     F     F     %     F  inch   mph miles   mph Langl  inch  inch
      ----- ----- ----- ----- ----- ----- ----- ----- ----- ----- ----- ----- -----
       1  1  45.9  19.6  32.8  73.5  25.1  0.03  31.2 202.9   8.5 125.1            
       1  2  27.2   7.0  18.6  77.2  12.6  0.03  12.5  98.2   4.1 125.6            
       1  3  21.8   5.1  14.8  69.7   6.7        13.1 110.1   4.6 163.8            
       1  4  30.0  11.6  21.5  69.7  13.1        13.8  74.6   3.1 138.5            
       1  5  53.5  24.6  37.6  53.0  21.1        29.1 138.5   5.8 197.4            
       1  6  55.2  22.4  33.5  68.4  23.1        22.0  98.7   4.1 191.3            
       1  7  41.3  23.1  29.5  80.9  23.8        14.9  87.0   3.6 142.6            
       1  8  32.8  21.7  28.1  82.8  23.5  0.02  15.4  94.9   4.0  68.8            
       1  9  39.4  17.0  28.5  75.6  21.2         9.3  64.4   2.7 234.1            
       1 10  55.5  25.5  38.9  55.0  23.0        31.2  96.2   4.0 251.1            
       1 11  61.2  33.0  50.3  38.8  25.3        32.9 141.7   5.9 162.2            
       1 12  54.8  25.5  43.8  46.2  22.5        22.6 161.5   6.7 157.5            
       1 13  44.4  22.6  32.5  77.0  25.5        18.1  90.1   3.8 127.1            
       1 14  61.2  19.8  39.9  53.0  18.0  0.02  31.1 144.6   6.0 117.5            
       1 15  60.0  33.0  51.5  17.4   7.6  0.01  50.0 283.1  11.8 141.6            
       1 16  46.2  20.5  34.6  62.7  22.5  0.01  42.8 125.3   5.2 142.7            
       1 17  42.7  25.4  35.3  42.5  14.8        37.0 251.6  10.5 283.1            
       1 18  61.2  23.8  40.9  45.1  21.8        41.4 191.6   8.0 258.1            
       1 19  54.6  33.7  41.9  61.9  29.1        16.5 111.1   4.6 244.9            
       1 20  52.3  28.7  40.2  59.1  25.9        14.1  73.6   3.1 194.5            
       1 21  41.5  26.0  32.4  79.4  26.7  0.05  21.9 151.0   6.3  62.8            
       1 22  42.7  19.2  31.0  64.9  19.7  0.05  22.9  79.8   3.3 292.4            
       1 23  56.5  18.5  37.7  52.6  20.0        37.2 121.4   5.1 285.9            
       1 24  49.8  23.1  28.1  79.1  22.1  0.19  17.2 105.0   4.4  54.5            
       1 25  33.4  16.8  24.4  82.1  19.4  0.01   7.6  47.7   2.0 142.7            
       1 26  48.3  16.2  31.6  64.1  19.0  0.03  37.0 136.4   5.7 230.0            
       1 27  41.0  22.0  31.9  58.8  19.0        15.0  90.4   3.8 294.2            
       1 28  41.4  17.8  28.3  70.3  19.2        10.3  70.9   3.0 300.7            
       1 29  46.0  18.2  29.2  62.4  17.3         9.4  59.9   2.5 283.2            
       1 30  44.4  21.6  32.4  64.4  21.0         9.6  61.3   2.6 155.4            
       1 31  42.7  24.0  33.1  76.7  26.4        10.9  60.8   2.5 249.6            
       2  1  47.4  24.6  35.0  57.7  20.6        33.7 137.0   5.7 132.0            
       2  2  54.7  18.7  37.7  45.9  16.8        47.0 235.9   9.8 271.3            
       2  3  54.8  28.1  43.9  33.6  16.5  0.01  49.3 297.9  12.4 314.0            
       2  4  57.0  22.3  37.6  51.2  20.5        13.7  81.9   3.4 308.0            
       2  5  51.9  28.1  39.3  60.3  26.1        14.8  83.9   3.5 296.8            
       2  6  53.2  25.0  38.9  62.0  25.6        39.3  98.8   4.1 316.0            
       2  7  65.1  31.6  51.6  38.5  26.6        38.6 229.7   9.6 224.9            
       2  8  64.9  30.7  50.6  35.8  24.0        42.2 226.7   9.4 324.8            
       2  9  60.7  23.5  39.5  49.3  21.0        11.4  64.3   2.7 336.2            
       2 10  69.2  25.1  38.7  51.0  20.7  0.06  37.3 237.5   9.9 274.8            
       2 11  32.9  13.6  24.5  44.6   6.1        33.3 269.4  11.2 359.4            
       2 12  49.7  12.3  29.6  44.4  10.7        11.8  71.3   3.0 334.0            
       2 13  66.6  22.9  40.7  39.3  15.4        10.9  66.5   2.8 351.3            
       2 14  66.1  25.0  45.8  31.6  15.3        40.8 154.9   6.5 257.6            
       2 15  47.3  30.1  37.6  54.3  21.6        19.6 132.7   5.5 204.5            
       2 16  45.2  17.7  30.2  69.7  20.5        12.9  80.8   3.4 266.0            
       2 17  54.1  21.4  35.8  50.0  18.4  0.01  45.2 176.4   7.3 247.6            
       2 18  46.5  29.7  37.5  37.7  13.9        31.1 192.4   8.0 349.4            
       2 19  51.4  22.5  36.9  41.4  15.3        35.2 208.1   8.7 380.7            
       2 20  46.5  18.8  32.5  45.4  13.7        21.0  99.8   4.2 367.0            
       2 21  45.1  16.8  30.0  56.4  15.8        13.4  73.5   3.1 323.2            
       2 22  43.8  24.5  35.3  41.9  14.6        58.2 304.8  12.7 245.3            
       2 23  58.7  22.4  39.6  38.0  15.4        23.2 100.1   4.2 354.6            
       2 24  61.3  35.3  47.9  35.2  21.0        34.4 148.7   6.2 225.7            
       2 25  67.5  29.6  48.7  34.6  19.5        28.4 116.9   4.9 385.7            
       2 26  58.5  32.4  45.2  30.8  16.0        40.3 296.7  12.4 398.5            
       2 27  52.5  20.0  36.3  32.8   9.5        29.8  98.0   4.1 427.8            
       2 28  66.6  26.4  44.9  35.5  18.1        23.2  87.2   3.6 366.8            
       3  1  68.0  35.7  51.5  33.7  22.3        37.3 197.4   8.2 369.3  0.12  0.14
       3  2  46.8  25.1  35.3  53.2  19.3        23.3 109.0   4.5 368.6  0.09  0.08
       3  3  67.6  17.5  41.3  37.7  15.7        30.0 105.5   4.4 403.5  0.12  0.12
       3  4  51.0  28.5  38.4  60.9  25.1  0.17  22.9 106.3   4.4 364.2  0.08  0.08
       3  5  42.5  22.8  34.0  58.5  20.4  0.09  42.5 185.5   7.7 432.6  0.09  0.08
       3  6  40.8  21.2  29.0  61.7  17.0        16.1 135.6   5.7 407.3  0.08  0.07
       3  7  49.3  21.7  35.0  62.2  22.7        26.9 170.3   7.1 418.0  0.09  0.08
       3  8  52.6  32.0  41.4  47.9  21.8        34.6 242.6  10.1 456.1  0.11  0.11
       3  9  57.3  21.4  41.0  45.3  20.6        23.1 111.3   4.6 450.1  0.09  0.09
       3 10  56.9  32.3  44.5  40.2  20.5        30.0 173.1   7.2 436.0  0.11  0.11
       3 11  42.8  24.8  31.3  69.4  22.2        25.1 176.1   7.3 264.9  0.08  0.07
       3 12  29.9  25.6  27.6  86.0  24.0  0.40  12.7  95.6   4.0 178.3  0.04  0.04
       3 13  52.6  13.1  32.3  64.7  20.6  0.01  11.4  83.6   3.5 478.3  0.09  0.08
       3 14  68.7  27.4  46.8  51.1  26.3        17.2  78.9   3.3 479.6  0.09  0.09
       3 15  62.2  36.0  47.0  49.9  28.7        14.0  78.5   3.3 193.9  0.05  0.05
       3 16  68.5  34.1  54.0  30.8  21.0  0.02  30.6 132.8   5.5 347.8  0.10  0.11
       3 17  56.8  29.1  40.2  45.8  20.4        23.6 172.1   7.2 480.6  0.14  0.14
       3 18  57.4  26.0  40.5  45.8  20.7        23.8 133.9   5.6 495.5  0.13  0.12
       3 19  58.3  28.5  42.1  58.3  27.7        11.3  87.4   3.6 500.9  0.12  0.11
       3 20  67.0  28.9  48.9  47.9  25.6        16.6  74.8   3.1 500.1  0.11  0.11
       3 21  67.6  33.6  48.3  45.9  26.7        24.6 157.2   6.5 491.0  0.15  0.15
       3 22  62.2  28.5  44.4  59.9  29.2        24.0 113.3   4.7 370.9  0.11  0.10
       3 23  63.0  25.8  46.2  54.2  27.1        14.7  71.6   3.0 487.6  0.12  0.11
       3 24  64.7  31.7  49.1  52.1  30.3        17.0 108.7   4.5 489.5  0.13  0.12
       3 25  66.0  33.6  48.1  54.8  30.8        21.5 127.6   5.3 507.6  0.14  0.13
       3 26  72.6  31.1  53.1  47.3  29.6        21.2 120.8   5.0 427.8  0.13  0.13
       3 27  68.2  37.1  51.3  42.9  29.5  0.01  43.2 227.9   9.5 419.9  0.17  0.17
       3 28  58.6  27.5  42.5  39.4  19.0        33.0 136.4   5.7 381.6  0.13  0.12
       3 29  68.7  24.4  45.9  42.2  20.9        18.9 105.3   4.4 542.3  0.16  0.15
       3 30  76.7  33.0  55.4  26.1  16.1        30.7 146.8   6.1 561.9  0.18  0.18
       3 31  69.7  35.6  53.7  24.1  16.3        29.4 133.6   5.6 497.7  0.15  0.15
       4  1  46.4  25.3  35.1  73.8  27.4  0.07  20.4 173.0   7.2  72.7  0.07  0.06
       4  2  31.5  23.1  26.1  79.7  20.4  0.22  12.6 105.3   4.4 199.8  0.07  0.06
       4  3  41.7  22.4  30.8  70.5  21.8  0.02  16.7 100.7   4.2 395.2  0.09  0.08
       4  4  50.9  25.0  37.9  61.5  24.4        22.8 105.7   4.4 478.2  0.10  0.08
       4  5  58.7  33.2  44.9  48.3  24.8  0.01  22.6 179.0   7.5 502.2  0.13  0.12
       4  6  64.9  28.4  47.2  45.4  25.0        20.0 109.0   4.5 590.5  0.14  0.13
       4  7  72.0  33.6  53.5  35.3  24.7  0.01  37.3 197.7   8.2 563.5  0.19  0.18
       4  8  64.8  36.8  52.9  36.9  26.2  0.02  49.2 283.5  11.8 551.4  0.20  0.18
       4  9  60.0  31.5  44.7  54.2  27.6  0.01  35.9 161.9   6.7 395.0  0.15  0.13
       4 10  53.9  34.5  43.9  32.3  16.1        37.3 274.0  11.4 455.3  0.18  0.16
       4 11  57.7  22.5  42.7  41.3  20.5        18.0 111.8   4.7 550.7  0.15  0.13
       4 12  68.5  31.0  52.2  37.8  25.4        16.7 131.4   5.5 549.8  0.16  0.15
       4 13  69.9  39.3  55.2  43.8  31.6        25.5 114.4   4.8 545.6  0.16  0.14
       4 14  53.3  29.8  40.0  70.3  31.1  0.46  31.1 305.0  12.7 280.5  0.13  0.10
       4 15  39.4  25.9  31.8  56.2  17.5  0.11  33.9 305.1  12.7 625.0  0.17  0.12
       4 16  44.7  23.9  32.4  50.9  16.3  0.01  39.3 251.1  10.5 348.0  0.13  0.10
       4 17  57.6  16.3  38.2  48.9  19.0        15.2 128.6   5.4 637.6  0.16  0.13
       4 18  72.3  34.8  56.5  33.8  25.3        27.0 199.0   8.3 515.0  0.16  0.16
       4 19  76.8  37.3  57.8  37.6  28.5        19.6  95.1   4.0 440.5  0.14  0.13
       4 20  70.6  43.3  57.6  40.4  32.6        24.6  98.6   4.1 376.0  0.14  0.12
       4 21  64.0  41.2  51.9  55.0  34.4  0.28  23.7 125.3   5.2 427.2  0.16  0.14
       4 22  42.2  32.5  37.2  93.9  35.6  1.71  19.2 124.5   5.2 133.2  0.06  0.05
       4 23  37.7  31.7  33.9  86.2  30.0  0.45  15.6  82.1   3.4 137.8  0.06  0.05
       4 24  49.9  33.7  40.5  77.7  33.6  0.01  17.7  92.3   3.8 384.8  0.10  0.08
       4 25  50.4  32.5  40.1  86.5  36.2  0.67  14.8  99.1   4.1 299.9  0.07  0.06
       4 26  57.4  35.1  45.8  74.7  37.3        15.1  99.5   4.1 454.7  0.11  0.09
       4 27  69.7  39.6  53.4  62.3  39.5        29.2 115.6   4.8 489.7  0.14  0.12
       4 28  58.5  42.5  50.5  80.7  44.5  0.28  30.8 110.5   4.6 220.2  0.07  0.06
       4 29  48.3  44.1  46.0  97.1  45.3  1.44  25.4 155.2   6.5  48.8  0.02  0.02
       4 30  45.2  40.4  42.9  96.2  42.0  1.72  18.0 131.3   5.5  48.5  0.03  0.02
       5  1  53.4  37.1  42.8  87.6  39.0  0.38  27.4  88.4   3.7 249.1  0.08  0.07
       5  2  60.8  35.9  47.7  75.4  39.2  0.06  23.9  99.1   4.1 461.9  0.13  0.11
       5  3  66.9  39.3  52.5  60.2  36.6        24.5 110.4   4.6 446.3  0.14  0.12
       5  4  59.9  37.9  49.3  39.6  24.8  0.02  32.0 168.7   7.0 652.4  0.21  0.17
       5  5  55.1  36.9  43.9  44.3  23.5  0.01  38.4 306.1  12.8 514.0  0.22  0.17
       5  6  60.2  37.0  47.4  36.8  21.8        28.2 194.4   8.1 711.0  0.24  0.19
       5  7  73.7  33.5  53.7  40.9  28.0        18.7 123.6   5.2 693.5  0.23  0.19
       5  8  79.6  42.0  62.5  35.4  31.3        22.7 138.3   5.8 669.5  0.23  0.20
       5  9  79.9  44.0  61.5  38.4  33.0        31.8 164.1   6.8 561.7  0.24  0.21
       5 10  53.8  32.6  43.3  59.4  29.1  0.72  28.9 176.3   7.3 529.9  0.19  0.14
       5 11  54.1  29.1  43.3  45.8  22.7        16.7 101.5   4.2 574.6  0.18  0.14
       5 12  66.1  31.1  50.0  44.8  27.8        14.8  96.0   4.0 654.9  0.20  0.16
       5 13  72.7  41.8  55.7  54.3  38.7  0.01  30.2 154.9   6.5 526.1  0.19  0.16
       5 14  64.9  48.2  55.9  55.3  39.4  0.09  38.4 164.2   6.8 531.9  0.18  0.15
       5 15  70.2  47.6  57.9  49.2  37.1        21.9 120.2   5.0 542.7  0.20  0.16
       5 16  57.6  38.2  47.2  68.7  36.6  0.23  22.7 137.7   5.7 258.2  0.12  0.10
       5 17  61.3  34.3  48.1  66.6  35.7  0.01  17.7  98.6   4.1 698.8  0.20  0.16
       5 18  77.3  37.0  57.6  49.8  34.9  0.01  14.9  85.0   3.5 677.3  0.23  0.18
       5 19  83.2  46.4  64.6  41.2  37.2  0.01  34.1 119.8   5.0 558.9  0.23  0.18
       5 20  66.0  52.1  58.2  63.7  45.7  0.02  29.7 142.5   5.9 437.4  0.17  0.14
       5 21  78.3  48.5  62.2  65.3  48.4  0.01  23.9 104.2   4.3 614.5  0.23  0.18
       5 22  79.9  48.3  64.0  55.7  46.4  0.01  29.2 115.3   4.8 571.4  0.23  0.18
       5 23  71.2  51.3  60.8  66.4  49.1        11.8  91.5   3.8 483.9  0.18  0.15
       5 24  68.7  49.6  59.3  71.3  49.3  0.14  17.0 107.9   4.5 331.6  0.14  0.11
       5 25  62.5  47.0  55.4  77.9  48.2        23.6 112.4   4.7 381.5  0.14  0.11
       5 26  73.2  41.9  58.2  63.5  43.9        13.8  69.4   2.9 619.2  0.21  0.16
       5 27  64.8  50.5  56.6  74.7  48.4  0.07  15.5  81.6   3.4 316.2  0.12  0.09
       5 28  77.2  45.7  60.9  62.6  45.0  0.01  14.3  82.4   3.4 706.0  0.24  0.19
       5 29  79.7  47.1  61.9  59.5  46.0  0.01  26.6 107.3   4.5 528.0  0.22  0.17
       5 30  75.1  51.3  63.5  57.4  47.3        16.5 103.1   4.3 551.4  0.21  0.16
       5 31  65.8  45.9  56.4  67.2  45.4  0.02  32.2 134.6   5.6 371.5  0.16  0.12
       6  1  76.0  39.1  59.3  49.6  38.3  0.01  14.0  95.2   4.0 668.5  0.25  0.19
       6  2  80.5  45.5  63.0  55.6  44.6  0.01  41.7 125.6   5.2 581.1  0.25  0.19
       6  3  81.9  46.7  66.1  40.5  38.3        15.0  96.8   4.0 675.6  0.27  0.20
       6  4  84.0  50.5  67.3  35.9  37.2        24.2 106.0   4.4 626.7  0.28  0.20
       6  5  66.3  47.5  54.9  59.5  40.6  0.10  32.9 173.4   7.2 394.3  0.21  0.16
       6  6  73.7  49.9  61.9  40.7  37.0  0.01  32.9 170.1   7.1 480.5  0.25  0.19
       6  7  85.7  45.4  67.8  39.1  37.2        19.4 106.0   4.4 722.0  0.30  0.22
       6  8  91.0  47.4  71.5  28.3  31.4        14.7  87.9   3.7 732.0  0.31  0.22
       6  9  74.0  51.1  62.9  53.2  44.6  0.42  21.9 123.9   5.2 569.6  0.24  0.19
       6 10  67.0  48.3  58.0  76.7  50.3  0.70  23.6 103.4   4.3 327.6  0.15  0.11
       6 11  74.3  42.8  58.5  65.5  45.6  0.01  18.9 100.7   4.2 669.0  0.25  0.19
       6 12  71.5  48.8  57.6  74.8  48.9  0.25  27.8  97.1   4.0 444.5  0.18  0.14
       6 13  68.8  48.1  57.7  68.8  46.9        14.8  91.4   3.8 463.2  0.18  0.13
       6 14  68.8  52.5  60.2  74.6  51.7  0.06  27.5 120.1   5.0 385.5  0.15  0.11
       6 15  64.0  49.0  55.2  86.9  51.1  0.26  12.6  81.8   3.4 260.9  0.10  0.08
       6 16  57.7  49.5  53.5  81.9  48.0  0.04  10.5  79.8   3.3 136.7  0.07  0.05
       6 17  75.2  49.0  59.1  79.4  52.1  0.23  27.0  96.6   4.0 545.3  0.20  0.15
       6 18  80.6  49.2  64.5  64.3  49.5        14.6  68.2   2.8 558.5  0.21  0.15
       6 19  85.6  52.7  68.4  58.5  51.3        27.2  76.7   3.2 478.7  0.21  0.15
       6 20  83.1  51.4  69.6  53.0  50.2        16.1  89.1   3.7 538.3  0.22  0.16
       6 21  87.0  55.9  67.7  55.6  50.0  0.15  43.7 120.1   5.0 467.3  0.27  0.19
       6 22  86.3  52.9  70.0  49.9  46.9  0.01  31.0 127.4   5.3 560.7  0.28  0.21
       6 23  86.1  53.1  69.8  54.8  50.2        13.9  82.3   3.4 713.0  0.29  0.22
       6 24  89.2  55.3  72.8  39.0  43.1        13.4  81.9   3.4 695.8  0.30  0.22
       6 25  91.5  59.0  73.8  46.2  49.5        17.8  97.5   4.1 616.7  0.30  0.22
       6 26  84.7  57.0  73.0  43.2  48.3        16.4  95.4   4.0 717.0  0.30  0.22
       6 27  83.0  61.3  69.3  64.2  56.1        25.9 120.9   5.0 524.1  0.26  0.20
       6 28  75.0  50.4  64.6  47.9  43.5        29.7 169.8   7.1 706.0  0.31  0.23
       6 29  86.9  49.2  70.5  40.4  41.5        31.1 161.1   6.7 755.0  0.35  0.26
       6 30  84.1  54.8  68.2  51.3  47.8        29.1 109.5   4.6 369.4  0.23  0.16
       7  1  86.7  51.0  66.8  58.7  50.7        22.6 113.8   4.7 624.1  0.29  0.21
       7  2  93.9  61.5  75.4  42.3  48.1        19.1  91.2   3.8 491.3  0.28  0.19
       7  3  95.9  62.4  80.1  32.5  42.9        20.6 102.4   4.3 646.7  0.31  0.22
       7  4  96.5  62.3  79.3  33.4  43.7        18.1  90.6   3.8 717.0  0.34  0.24
       7  5  83.4  60.9  73.5  50.1  53.3        17.4  98.3   4.1 707.0  0.30  0.23
       7  6  83.7  64.4  71.7  69.4  60.9        11.8  81.8   3.4 448.8  0.22  0.17
       7  7  94.8  59.6  75.8  55.2  55.5        14.6  89.2   3.7 702.0  0.32  0.24
       7  8  82.7  63.6  73.1  55.5  55.8        26.8 110.2   4.6 347.9  0.20  0.15
       7  9  78.6  57.9  68.9  48.6  47.8        25.1 123.2   5.1 717.0  0.30  0.23
       7 10  81.7  54.0  66.3  54.6  48.9        16.4 118.8   5.0 702.0  0.31  0.23
       7 11  82.9  55.5  68.3  50.5  47.8        24.7 132.2   5.5 533.6  0.27  0.20
       7 12  85.7  52.7  70.6  47.8  46.3        11.8  88.6   3.7 715.0  0.29  0.22
       7 13  94.8  53.4  75.3  38.9  42.9        18.0  89.3   3.7 672.4  0.31  0.22
       7 14  87.6  66.7  76.3  42.5  50.9        25.6  99.5   4.1 320.1  0.21  0.14
       7 15  86.1  60.1  72.1  51.6  52.1        23.8  93.6   3.9 320.9  0.21  0.15
       7 16  71.9  60.4  65.8  70.3  55.8  0.37  27.0 133.7   5.6 397.7  0.19  0.15
       7 17  83.8  61.6  69.3  77.6  61.0  0.58  30.1  93.8   3.9 442.4  0.21  0.16
       7 18  83.9  56.9  69.6  68.8  57.5        12.8  67.5   2.8 318.7  0.16  0.12
       7 19  84.1  61.8  69.1  69.3  57.5  0.08  20.5  89.9   3.7 466.0  0.22  0.16
       7 20  85.4  55.6  70.2  64.3  55.1  0.01  12.4  68.8   2.9 666.5  0.26  0.20
       7 21  90.8  56.9  75.1  49.4  50.9        15.0  83.5   3.5 678.0  0.28  0.21
       7 22  88.2  60.5  73.4  52.3  53.3  0.01  22.4 120.1   5.0 448.9  0.25  0.19
       7 23  93.9  59.4  78.4  37.1  44.4        19.1  81.4   3.4 704.0  0.30  0.22
       7 24  90.0  56.3  72.5  51.8  51.8  0.02  17.3  80.7   3.4 520.8  0.26  0.19
       7 25  88.5  58.4  71.1  68.9  58.3  0.16  33.5  96.8   4.0 446.3  0.23  0.18
       7 26  89.7  56.0  74.3  45.9  47.4        18.2  80.1   3.3 590.4  0.27  0.20
       7 27  92.0  62.3  75.2  54.0  55.7        17.3  88.6   3.7 510.8  0.25  0.19
       7 28  91.5  65.2  77.6  48.5  54.4  0.01  30.2 109.2   4.5 525.0  0.26  0.20
       7 29  88.0  60.1  72.4  60.0  56.3        16.2  84.1   3.5 383.6  0.21  0.16
       7 30  85.7  60.5  69.0  69.9  57.3  0.23  21.9 100.3   4.2 391.4  0.22  0.17
       7 31  75.0  59.4  64.1  85.1  59.2  0.25  16.9  80.6   3.4 185.3  0.12  0.09
       8  1  68.0  58.5  61.8  84.1  56.7        15.3 125.8   5.2 270.8  0.13  0.10
       8  2  76.2  56.4  63.2  81.2  56.5  0.05  10.5  76.2   3.2 463.0  0.18  0.14
       8  3  80.9  54.3  67.0  67.5  54.3  0.01   9.4  76.3   3.2 590.2  0.21  0.17
       8  4  72.9  59.5  63.3  89.5  60.0  1.16  18.8 105.8   4.4 209.4  0.10  0.08
       8  5  72.0  57.2  63.9  85.4  59.1  0.04  12.6  85.2   3.5 370.1  0.13  0.11
       8  6  81.9  59.2  70.5  69.7  58.8  0.01  13.1  89.3   3.7 530.7  0.19  0.16
       8  7  83.2  56.5  69.0  60.2  53.0  0.01  15.7  95.1   4.0 553.8  0.22  0.17
       8  8  88.2  54.2  71.0  57.6  51.8        16.4  80.3   3.3 620.9  0.24  0.19
       8  9  88.9  59.2  70.8  55.2  51.6  0.09  27.9 121.8   5.1 372.0  0.23  0.18
       8 10  83.9  61.5  69.1  64.3  56.0        20.7  97.7   4.1 434.5  0.21  0.17
       8 11  89.2  58.5  72.8  52.7  49.9  0.01  35.4 168.1   7.0 627.7  0.31  0.25
       8 12  86.4  55.2  72.2  35.4  40.0        25.1 123.4   5.1 571.7  0.27  0.21
       8 13  83.1  54.2  65.6  66.9  52.8        12.2  71.6   3.0 567.9  0.23  0.19
       8 14  89.0  54.7  71.4  49.7  48.5  0.01  40.0 115.1   4.8 490.4  0.24  0.19
       8 15  85.0  63.8  73.6  43.4  48.6        22.2 111.8   4.7 401.8  0.21  0.17
       8 16  89.5  57.2  74.7  36.9  42.8        19.7  99.9   4.2 608.6  0.26  0.21
       8 17  88.2  57.4  69.9  57.0  51.9  0.09  29.5  96.5   4.0 317.2  0.19  0.15
       8 18  85.3  51.0  68.6  52.0  46.7        13.6  84.7   3.5 627.6  0.25  0.21
       8 19  86.1  51.7  68.0  54.5  49.0  0.01  25.6 107.9   4.5 465.8  0.22  0.18
       8 20  83.4  56.6  69.1  60.9  53.7        25.1 114.0   4.8 340.5  0.17  0.14
       8 21  85.6  57.2  70.5  55.5  52.2        25.7  77.9   3.2 396.5  0.18  0.14
       8 22  86.9  58.3  71.1  53.5  49.2        26.1 112.3   4.7 589.0  0.25  0.21
       8 23  83.8  55.4  69.5  52.5  49.5        17.6  86.0   3.6 602.2  0.23  0.19
       8 24  92.8  53.5  73.6  46.2  47.3        14.9  89.1   3.7 590.2  0.24  0.20
       8 25  85.9  61.2  72.6  51.9  52.3        24.5 103.0   4.3 330.9  0.18  0.15
       8 26  91.5  58.3  74.7  47.3  49.8        12.5  77.8   3.2 546.9  0.22  0.19
       8 27  92.0  61.3  74.5  53.9  54.2  0.05  23.9 107.3   4.5 466.9  0.23  0.19
       8 28  77.6  59.4  67.3  78.5  59.6  0.01  15.9  78.6   3.3 280.9  0.13  0.11
       8 29  84.4  53.2  67.9  66.1  53.7        13.0  90.6   3.8 444.8  0.19  0.16
       8 30  90.6  53.5  73.5  43.8  45.9        16.9  97.2   4.0 584.5  0.24  0.20
       8 31  90.6  58.3  71.7  57.0  53.3  0.31  25.2 115.4   4.8 387.8  0.20  0.17
       9  1  78.3  55.0  65.5  81.7  58.8  0.12  16.8  87.4   3.6 374.0  0.15  0.13
       9  2  78.0  58.7  65.5  80.4  58.5  0.11  13.1  78.4   3.3 407.2  0.16  0.14
       9  3  75.0  53.9  63.3  76.6  54.7  0.07  22.1 102.9   4.3 438.3  0.16  0.14
       9  4  69.8  54.4  60.8  68.3  49.8        12.6 100.8   4.2 377.0  0.15  0.13
       9  5  76.6  51.3  62.3  61.2  47.6        11.3  84.1   3.5 549.2  0.19  0.16
       9  6  84.1  47.3  66.7  47.9  41.4        14.1  87.1   3.6 562.4  0.20  0.17
       9  7  80.4  53.0  66.9  42.6  43.0        20.4 116.3   4.8 540.3  0.20  0.17
       9  8  74.4  46.1  58.9  49.4  38.4        15.1  67.9   2.8 543.9  0.19  0.16
       9  9  78.5  44.3  60.8  53.3  41.1        13.5  69.8   2.9 541.0  0.19  0.16
       9 10  85.5  47.8  64.5  50.2  41.9        27.1 100.3   4.2 429.7  0.19  0.16
       9 11  77.1  50.6  60.8  60.3  46.6  0.20  38.4 132.8   5.5 294.7  0.15  0.13
       9 12  61.5  44.5  51.6  63.7  39.4        17.2  94.4   3.9 337.7  0.13  0.11
       9 13  66.6  41.8  52.7  54.3  35.7        13.0  83.1   3.5 509.6  0.16  0.14
       9 14  67.5  41.6  55.2  53.0  37.0        15.3  95.4   4.0 491.5  0.15  0.13
       9 15  72.1  39.6  56.5  52.8  37.2        15.1  94.8   4.0 470.9  0.15  0.13
       9 16  75.6  38.8  57.0  62.9  41.9        16.3  83.0   3.5 510.1  0.16  0.13
       9 17  81.4  41.8  60.8  48.1  35.7  0.01  15.3  82.3   3.4 506.5  0.17  0.15
       9 18  83.0  44.6  64.5  37.3  33.5        14.7  75.6   3.1 430.6  0.15  0.13
       9 19  60.3  42.5  47.8  82.0  42.1  0.30  32.9 118.5   4.9  44.8  0.07  0.06
       9 20  53.4  40.7  46.0  91.3  43.4  0.13   6.9  55.5   2.3 134.3  0.06  0.05
       9 21  73.2  38.8  55.6  51.3  33.6  0.01  12.3 106.2   4.4 510.7  0.16  0.14
       9 22  79.2  42.0  61.2  47.0  36.2        12.3  66.1   2.8 484.7  0.13  0.11
       9 23  81.7  49.0  62.8  41.6  35.9        10.7  59.5   2.5 442.8  0.13  0.11
       9 24  79.8  50.9  64.7  43.1  39.1        30.0  92.7   3.9 344.9  0.14  0.12
       9 25  86.4  46.5  66.8  42.4  37.9        27.6 111.3   4.6 472.6  0.18  0.17
       9 26  60.0  39.3  49.2  61.8  36.0        26.1 127.4   5.3 393.3  0.15  0.12
       9 27  54.0  36.7  42.2  82.9  36.8  0.18  17.9 124.1   5.2 232.2  0.10  0.09
       9 28  47.7  30.9  37.7  83.5  32.5  0.46  21.5 154.0   6.4 210.8  0.09  0.07
       9 29  67.5  27.3  45.3  67.1  32.5        10.7  58.1   2.4 471.7  0.11  0.10
       9 30  65.6  40.0  52.1  55.5  35.2        17.9 107.9   4.5 452.9  0.11  0.10
      10  1  64.6  35.7  44.5  70.5  34.8        22.6 103.5   4.3 309.4  0.11  0.09
      10  2  51.2  32.5  39.1  79.0  32.8        24.0  99.2   4.1 167.6  0.07  0.06
      10  3  51.8  32.9  40.3  74.2  32.2  0.01  29.4  85.0   3.5 239.9  0.07  0.06
      10  4  74.8  27.9  49.1  59.7  31.1         9.9  63.8   2.7 446.8  0.11  0.10
      10  5  76.2  36.1  54.8  42.1  29.5        12.6  70.1   2.9 434.6  0.11  0.09
      10  6  82.2  43.5  60.5  49.3  37.9        24.5  91.1   3.8 313.6  0.11  0.10
      10  7  64.0  42.5  54.2  68.0  43.4  0.01  20.1  82.0   3.4 199.0  0.07  0.06
      10  8  68.2  36.3  51.9  58.6  35.4        16.7  95.1   4.0 412.1  0.13  0.11
      10  9  81.7  38.0  58.1  49.2  34.2        11.0  74.1   3.1 421.4  0.13  0.12
      10 10  69.5  37.7  54.5  59.3  39.8        18.2  82.1   3.4 409.9  0.11  0.10
      10 11  84.5  37.3  59.5  48.1  32.9        18.7  84.6   3.5 411.4  0.14  0.13
      10 12  84.7  46.9  63.7  27.0  25.1        15.5  88.3   3.7 330.4  0.13  0.12
      10 13  72.7  38.4  53.9  48.4  33.7        14.5  71.0   3.0 390.9  0.12  0.11
      10 14  81.1  39.8  58.8  37.6  28.4        23.2  99.8   4.2 320.5  0.14  0.13
      10 15  54.4  34.7  44.9  63.6  32.7  0.21  24.0  87.9   3.7 100.1  0.07  0.06
      10 16  35.8  21.3  30.9  93.3  29.4  0.51  22.0 128.7   5.4  80.9  0.04  0.03
      10 17  51.5  15.9  33.5  68.6  23.0  0.15  13.2  87.5   3.6 393.1  0.09  0.08
      10 18  42.1  33.9  38.4  83.5  33.8  0.11  13.5 101.8   4.2  87.1  0.02  0.02
      10 19  54.7  29.2  40.9  69.9  30.3        12.6  94.7   3.9 362.5  0.06  0.06
      10 20  66.4  28.6  46.1  58.8  29.2  0.01  10.7  77.7   3.2 376.1  0.08  0.07
      10 21  72.7  32.4  51.3  45.0  26.9        10.5  78.9   3.3 379.7  0.09  0.08
      10 22  70.1  34.4  51.5  44.6  27.6        11.0  66.2   2.8 367.3  0.08  0.08
      10 23  70.8  32.5  49.5  55.2  30.4         9.2  57.2   2.4 365.8  0.09  0.08
      10 24  76.4  33.2  52.4  41.8  26.5         9.2  59.7   2.5 352.6  0.10  0.09
      10 25  71.7  37.5  52.8  37.3  25.6        13.0  81.8   3.4 352.0  0.10  0.09
      10 26  77.3  36.5  54.2  39.7  26.8        11.3  71.6   3.0 343.7  0.10  0.09
      10 27  76.3  34.6  51.2  44.8  27.6  0.01  30.3 103.4   4.3 336.4  0.12  0.12
      10 28  57.3  28.0  42.2  69.1  31.9         9.1  60.2   2.5 273.5  0.07  0.07
      10 29  55.7  34.6  48.3  44.9  27.6  0.03  43.6 226.6   9.4 251.1  0.10  0.09
      10 30  63.6  26.7  43.9  50.3  24.5        11.0  81.2   3.4 331.2  0.09  0.08
      10 31  73.2  29.4  49.4  50.1  28.4        11.3  59.4   2.5 332.2  0.08  0.07
      11  1  49.7  24.1  39.7  44.5  20.1        21.7 109.7   4.6 305.9            
      11  2  58.2  16.9  35.0  54.0  18.9        13.4  67.4   2.8 309.1            
      11  3  66.1  29.6  45.4  40.4  21.4        14.1  94.4   3.9 295.8            
      11  4  70.1  29.9  48.9  39.6  24.0        23.9  92.5   3.9 144.7            
      11  5  58.4  29.2  43.5  51.8  26.3        12.4  79.1   3.3 303.4            
      11  6  75.2  29.8  50.1  41.4  23.7        15.1  76.1   3.2 304.4            
      11  7  75.6  31.5  50.7  37.6  23.5         8.8  58.3   2.4 296.4            
      11  8  77.4  38.2  55.4  34.8  25.6        24.4  90.0   3.8 273.1            
      11  9  68.4  36.5  53.2  37.1  26.4        14.3  82.3   3.4 283.8            
      11 10  68.4  33.1  47.3  43.2  24.9         9.6  51.7   2.2 258.5            
      11 11  69.8  39.7  50.2  40.6  25.9        12.6  77.0   3.2 194.5            
      11 12  74.4  31.1  49.3  37.2  21.6         9.8  57.5   2.4 286.9            
      11 13  76.2  31.0  51.7  31.8  20.5        11.0  72.7   3.0 288.1            
      11 14  73.5  33.0  51.3  32.4  20.9         9.3  65.1   2.7 280.6            
      11 15  75.7  29.4  50.0  36.2  21.8        10.0  59.7   2.5 281.4            
      11 16  72.5  33.1  49.8  36.0  22.5         9.4  63.8   2.7 250.9            
      11 17  74.4  31.4  51.6  41.7  27.7        32.6  73.2   3.0 252.0            
      11 18  58.1  30.5  47.8  37.8  23.5        43.2 253.9  10.6 268.7            
      11 19  56.8  25.1  38.4  49.5  20.5         9.8  62.2   2.6 249.6            
      11 20  65.0  32.3  46.4  43.8  25.0        34.5 159.3   6.6 198.3            
      11 21  49.6  26.0  39.3  57.1  24.3  0.20  20.1 105.4   4.4 187.3            
      11 22  32.1   6.3  28.0  93.5  26.6  0.51  15.3  93.0   3.9  18.7            
      11 23  36.2   9.0  20.8  75.7  13.7        11.3  75.4   3.1 209.9            
      11 24  37.4   9.0  19.0  70.7  10.3  0.01   9.4  52.0   2.2 260.2            
      11 25  50.6  14.0  28.0  67.0  18.2        32.4  85.7   3.6 175.6            
      11 26  63.7  39.1  53.7  40.8  29.9  0.01  38.9 248.4  10.3 173.2            
      11 27  58.9  32.0  43.0  67.3  31.5        39.8 120.8   5.0 226.1            
      11 28  57.1  29.6  41.4  72.6  32.5        10.3  69.0   2.9 239.8            
      11 29  44.5  25.9  32.6  91.8  30.3         7.6  54.1   2.3 191.0            
      11 30  52.4  27.9  37.5  80.3  31.5        17.5  53.3   2.2  61.5            
      12  1  54.6  32.0  44.0  49.8  26.2        31.6 116.5   4.9 160.2            
      12  2  51.3  29.1  41.9  58.2  27.5        33.3 148.6   6.2 222.7            
      12  3  38.5  31.1  35.4  68.0  25.7  0.08  36.6 270.3  11.3  99.7            
      12  4  40.7  18.8  30.6  58.7  17.2        17.9 101.9   4.2 212.6            
      12  5  49.7  15.7  30.2  62.5  17.9         8.6  58.8   2.5 235.3            
      12  6  53.7  29.1  41.5  42.6  19.5        19.3 121.8   5.1 223.5            
      12  7  53.7  24.4  37.8  48.2  19.6        26.7 111.6   4.7 217.9            
      12  8  35.7  17.1  27.1  76.3  20.4  0.05  11.3  91.1   3.8 141.2            
      12  9  40.0  10.9  25.3  66.5  14.9         9.4  58.5   2.4 201.9            
      12 10  47.7  18.1  30.6  61.8  17.7        10.4  47.8   2.0 205.3            
      12 11  40.6  21.2  29.3  68.2  19.5        16.4  83.0   3.5 211.9            
      12 12  47.7  21.1  33.0  51.9  16.5        16.4 116.2   4.8 224.4            
      12 13  51.9  22.4  33.8  59.8  20.7  0.03  39.5 163.6   6.8  86.9            
      12 14  37.4  24.1  30.5  41.9  10.0        45.2 308.4  12.8 224.5            
      12 15  47.4  16.1  31.0  44.1  12.0         8.7  64.7   2.7 179.5            
      12 16  60.4  24.8  40.7  43.6  19.5        18.8 106.7   4.4 215.8            
      12 17  48.3  23.1  37.3  55.6  22.4        26.5 132.9   5.5 129.3            
      12 18  53.1  18.9  33.4  61.5  20.6        37.9 149.4   6.2 151.8            
      12 19  38.2  14.6  26.7  57.0  13.1        31.5 138.9   5.8 126.1            
      12 20  37.4  14.9  24.8  64.0  13.6        30.5 101.3   4.2  92.5            
      12 21  37.8  19.5  28.8  61.5  17.0        20.5 123.9   5.2  89.0            
      12 22  46.8  15.5  31.1  58.7  17.2        37.4 128.3   5.3 115.5            
      12 23  58.5  29.4  41.1  42.8  19.6        14.6  94.3   3.9 216.6            
      12 24  59.4  24.3  39.3  48.2  20.3         9.1  69.9   2.9 210.5            
      12 25  60.0  25.9  39.4  44.9  19.0         8.6  58.9   2.5 219.3            
      12 26  55.0  22.9  36.0  48.2  17.7        12.5  98.0   4.1 220.9            
      12 27  53.6  24.4  37.1  49.8  19.9        16.2  98.8   4.1 209.9            
      12 28  65.3  26.5  42.9  43.9  20.9        15.7  87.1   3.6 222.8            
      12 29  62.1  26.0  39.8  42.9  18.4        10.9  68.6   2.9 222.9            
      12 30  57.8  22.0  36.3  48.0  17.7        11.6  73.8   3.1 222.1            
      12 31  52.4  20.1  34.1  52.8  18.1         8.3  56.5   2.4 171.8            

      Total                               19.94                         41.89 34.13
        Max  96.5  66.7  80.1  97.1  61.0        58.2 308.4  12.8 755.0
        Min  21.8   5.1  14.8  17.4   6.1         6.9  47.7   2.0  18.7
        Ave  65.5  37.1  50.6  55.6  32.8        21.8 113.9   4.7 379.0
