                                                                    17-JAN-02
      Telephone-linked Weather Station nr  LOVELAND, Colorado            2001
      -----------------------------------------------------------------------------
               Temperature      Rel   Dew             Wind        Solar StandrdASCE
            ----------------- Humid Point  Prec -----------------   Rad   ETr   ETo
       Date   Max   Min   Ave   Ave   Ave Total   Max Total   Ave Total Alflf Grass
      MoDay     F     F     F     %     F  inch   mph miles   mph Langl  inch  inch
      ----- ----- ----- ----- ----- ----- ----- ----- ----- ----- ----- ----- -----
       1  1  29.1   5.4  17.1  93.5  16.4        10.4  49.9   2.1  99.6            
       1  2  44.0  11.4  25.6  75.1  18.0        11.9  62.1   2.6 230.1            
       1  3  56.2  16.4  34.2  56.4  17.5         9.8  60.2   2.5 226.5            
       1  4  66.2  24.3  39.7  55.4  22.6        15.9  72.0   3.0 221.3            
       1  5  63.8  21.8  40.5  52.0  21.7        11.5  63.6   2.6 229.9            
       1  6  56.7  27.8  43.3  42.1  20.4        23.3 104.8   4.4 194.4            
       1  7  44.5  19.3  31.2  62.6  18.8        15.6  81.4   3.4 235.3            
       1  8  54.2  15.3  30.1  50.8  11.0         9.4  54.5   2.3 241.4            
       1  9  45.9  13.2  27.1  50.8   9.5         7.3  46.7   1.9 207.7            
       1 10  58.0  21.4  37.9  37.6  13.2        22.0  94.7   3.9 217.8            
       1 11  52.7  21.1  33.0  52.8  16.0        16.4  75.2   3.1 240.9            
       1 12  51.5  17.1  34.0  46.4  13.2        14.9  80.0   3.3 230.1            
       1 13  46.6  24.1  39.4  38.6  16.2        34.5 237.2   9.9 133.7            
       1 14  39.6  17.0  26.4  55.7  12.1        11.4  68.6   2.9 141.7            
       1 15  35.8  11.4  24.5  59.4  11.7  0.02  15.5  86.8   3.6 224.1            
       1 16  25.0  15.2  20.1  95.0  19.0  0.15  10.7  78.9   3.3  36.7            
       1 17  29.0  -1.1  15.3  83.0  10.8  0.01   7.8  51.8   2.2 223.4            
       1 18  41.7  16.4  26.5  71.8  17.7        21.6  90.1   3.8 245.0            
       1 19  37.6   9.0  22.0  77.1  15.4         9.7  58.2   2.4 259.0            
       1 20  47.3  18.0  29.6  64.5  18.0        28.5  99.4   4.1 170.1            
       1 21  46.9  13.6  28.4  60.5  14.9        10.4  75.1   3.1 265.0            
       1 22  40.8  17.5  28.4  60.9  16.1         8.2  44.3   1.8  73.4            
       1 23  41.5  20.9  29.9  75.5  22.8        14.0 108.9   4.5 214.9            
       1 24  42.2  18.3  29.0  72.7  20.9        13.4  80.9   3.4 253.4            
       1 25  44.1  20.3  31.9  64.7  19.3        28.3 127.4   5.3 101.9            
       1 26  38.7  22.5  31.5  54.7  17.0        18.6 130.2   5.4 220.0            
       1 27  32.0  20.1  26.2  81.7  21.5  0.09  15.5 101.8   4.2 101.8            
       1 28  27.4  21.5  23.3  96.1  22.3  0.11  13.3  91.6   3.8  39.7            
       1 29  45.8  21.6  32.2  65.4  19.6  0.07  28.6 110.2   4.6 130.0            
       1 30  41.2  14.9  32.3  43.3  11.2        34.4 176.9   7.4 194.3            
       1 31  37.1   8.8  20.9  54.5   5.6        14.9  81.7   3.4 284.5            
       2  1  41.6   9.2  23.8  59.9  11.5        12.9  78.2   3.3 258.1            
       2  2  54.0  16.4  32.1  62.2  19.7        14.8  80.0   3.3 254.8            
       2  3  50.9  28.3  37.9  62.7  25.5        22.1 130.8   5.5 163.9            
       2  4  43.0  20.4  31.6  66.8  21.3        14.7  98.0   4.1 301.3            
       2  5  59.3  23.3  38.9  63.2  25.2        30.0 167.1   7.0 271.9            
       2  6  38.7  23.8  30.5  88.2  27.3        14.1  70.1   2.9 154.4            
       2  7  29.1  14.3  23.3  96.6  22.7        16.0 111.6   4.7  49.9            
       2  8  15.0   8.0  11.1  90.8   9.0  0.10   9.9  80.0   3.3  54.8            
       2  9  23.1  -6.3   9.0  73.2   1.8  0.01  14.2  78.8   3.3 248.6            
       2 10  37.1   0.5  18.6  71.3  11.3        14.9  90.3   3.8 329.8            
       2 11  48.5   9.2  29.5  60.2  14.3        24.5 132.3   5.5 333.1            
       2 12  43.6  22.1  31.6  61.7  19.4        12.3  93.8   3.9 334.3            
       2 13  48.1  18.9  31.3  69.9  21.5        20.5  90.5   3.8 332.4            
       2 14  19.3   7.2  13.0  87.3   9.9  0.01  11.1  76.1   3.2 135.6            
       2 15  40.9   5.4  22.7  76.6  16.8        13.9  53.9   2.2 345.3            
       2 16  27.8  16.4  21.8  92.3  19.9        13.2  69.0   2.9  71.5            
       2 17  41.1  20.7  27.6  87.3  24.1        10.3  61.7   2.6 290.1            
       2 18  50.8  24.0  35.4  66.8  24.2        28.2  86.3   3.6 131.1            
       2 19  51.3  29.9  38.6  64.9  27.3        16.7 101.1   4.2 243.5            
       2 20  45.8  26.7  32.7  88.0  29.4        14.8  98.4   4.1 289.7            
       2 21  47.8  26.3  34.0  87.4  30.2        13.4  78.6   3.3 261.4            
       2 22  50.9  24.7  38.6  65.4  27.0        15.9  88.0   3.7 292.1            
       2 23  37.7  28.9  34.0  88.8  31.0        14.1 132.1   5.5  91.5            
       2 24  43.5  25.6  34.3  82.9  29.4        13.8  92.9   3.9 231.8            
       2 25  52.5  20.7  36.7  53.4  18.7  0.01  34.5 108.4   4.5 338.1            
       2 26  35.9  23.0  29.2  79.0  23.4        16.2 100.7   4.2 195.7            
       2 27  23.5  15.4  19.9  89.0  17.2  0.09  12.5  95.7   4.0 111.3            
       2 28  42.8  16.3  26.9  77.1  20.5         8.1  57.3   2.4 313.6            
       3  1  56.0  21.6  37.3  57.4  19.8        21.0  95.2   4.0 308.1  0.11  0.08
       3  2  51.7  21.1  35.5  57.2  20.1        11.5  77.7   3.2 409.0  0.09  0.07
       3  3  50.6  22.7  36.3  56.9  21.1        20.0  93.4   3.9 358.4  0.09  0.07
       3  4  52.8  20.7  36.5  60.0  22.1        14.9  97.0   4.0 417.9  0.10  0.08
       3  5  61.5  24.0  42.8  49.3  22.6        12.4  71.6   3.0 320.7  0.11  0.08
       3  6  60.8  36.7  48.0  44.2  26.2        14.2  86.6   3.6 254.9  0.12  0.08
       3  7  57.6  33.7  45.3  59.0  31.1        16.3 121.4   5.1 375.0  0.12  0.09
       3  8  59.9  28.1  44.4  58.5  28.8        14.2  93.1   3.9 427.2  0.12  0.09
       3  9  64.4  31.3  47.2  47.2  25.7        18.2  93.5   3.9 359.6  0.14  0.10
       3 10  45.5  27.6  34.2  88.8  31.0  0.20  20.8 131.2   5.5  71.6  0.05  0.04
       3 11  29.0  19.8  25.6  97.2  24.9  0.19  14.8 102.1   4.3 167.4  0.02  0.02
       3 12  54.1  18.8  36.3  62.1  22.2  0.02  18.7 113.2   4.7 430.5  0.12  0.09
       3 13  58.0  27.2  41.4  59.0  26.7        14.0  78.1   3.3 416.2  0.11  0.09
       3 14  53.8  28.1  38.1  50.3  19.5  0.04  42.7 249.9  10.4 282.9  0.17  0.12
       3 15  46.4  27.0  34.7  50.2  16.5        42.2 217.6   9.1 350.7  0.14  0.10
       3 16  44.3  20.4  32.5  68.1  21.5        12.8  79.2   3.3 317.8  0.07  0.06
       3 17  34.8  25.7  30.3  89.3  27.6  0.02  12.1 114.2   4.8 138.3  0.03  0.03
       3 18  52.6  21.1  34.2  74.2  25.6  0.03  28.7 129.2   5.4 357.3  0.11  0.08
       3 19  64.1  21.0  43.0  50.5  21.8        11.0  71.7   3.0 491.1  0.14  0.11
       3 20  70.2  33.0  50.5  50.9  31.3        21.9  90.9   3.8 305.1  0.15  0.11
       3 21  62.8  38.4  50.5  63.9  37.9        15.2  86.5   3.6 281.7  0.11  0.09
       3 22  66.2  34.4  49.6  65.4  36.4  0.01  25.6 116.1   4.8 488.9  0.16  0.12
       3 23  63.2  31.2  43.8  62.0  30.1  0.01  22.6 128.4   5.3 349.5  0.15  0.11
       3 24  34.9  28.9  31.2  96.0  30.2  0.01  11.6  97.1   4.0  98.4  0.03  0.03
       3 25  35.4  29.1  31.1  96.0  30.0  0.36   9.6  45.8   1.9  80.2  0.03  0.02
       3 26  42.2  27.9  34.0  91.9  31.7  0.04  10.1  43.8   1.8 213.1  0.05  0.04
       3 27  56.8  32.4  40.5  75.8  32.1  0.01  25.9  92.4   3.9 368.6  0.11  0.09
       3 28  50.9  26.2  38.8  70.1  29.2        13.7  69.6   2.9 238.4  0.07  0.06
       3 29  45.7  29.0  36.7  88.9  33.6  0.23  16.0  85.2   3.5 158.6  0.05  0.04
       3 30  57.7  29.0  40.3  71.1  29.1  0.05  33.7 171.3   7.1 476.2  0.16  0.12
       3 31  49.2  26.5  36.7  74.9  28.6  0.05  13.9 102.1   4.3 526.7  0.11  0.09
       4  1  72.0  29.0  50.9  51.3  28.0  0.02  30.5 170.9   7.1 519.3  0.24  0.17
       4  2  69.7  41.2  54.0  48.8  33.2        30.6 129.3   5.4 445.5  0.20  0.15
       4  3  69.3  38.0  52.4  65.1  39.9        24.5 138.0   5.8 447.5  0.18  0.14
       4  4  61.5  43.8  50.3  80.2  43.9        15.6 101.7   4.2 315.6  0.11  0.09
       4  5  59.4  44.0  50.5  77.3  43.3         9.3  60.7   2.5 244.7  0.08  0.07
       4  6  54.6  42.9  48.0  76.8  41.0        22.3 103.6   4.3 155.9  0.07  0.06
       4  7  63.9  44.4  54.1  28.4  21.6  0.01  34.2 169.2   7.0 432.6  0.23  0.16
       4  8  60.8  36.1  47.6  53.6  30.1        32.5 147.0   6.1 457.3  0.17  0.13
       4  9  64.0  35.8  48.0  47.3  27.1  0.01  33.6 175.2   7.3 576.4  0.22  0.16
       4 10  42.0  32.4  37.6  84.0  33.0  0.34  17.8 128.0   5.3 109.9  0.04  0.04
       4 11  47.0  32.2  39.1  72.3  30.0  0.99  38.8 333.6  13.9 407.3  0.12  0.09
       4 12  49.2  33.6  40.0  69.6  30.6        19.7 118.5   4.9 398.2  0.11  0.09
       4 13  58.1  30.2  44.1  52.8  25.8        25.4 144.2   6.0 571.0  0.18  0.14
       4 14  64.1  29.5  46.3  52.5  27.7        35.4 153.9   6.4 558.6  0.20  0.15
       4 15  60.9  31.5  45.4  54.8  28.7        21.3 154.5   6.4 584.1  0.19  0.15
       4 16  45.5  31.0  37.7  65.9  27.2        28.9 158.2   6.6 229.0  0.09  0.07
       4 17  61.7  35.9  46.3  64.8  34.0        10.4  77.5   3.2 548.9  0.15  0.13
       4 18  83.6  35.2  58.5  45.0  30.8        26.1 118.4   4.9 518.2  0.27  0.20
       4 19  77.9  49.1  64.0  21.9  21.7        41.5 220.1   9.2 615.3  0.37  0.26
       4 20  57.4  37.2  49.9  54.3  33.6        18.9 146.3   6.1 248.0  0.12  0.09
       4 21  49.7  32.1  40.6  85.9  36.5  0.79  22.9 136.6   5.7 171.2  0.06  0.05
       4 22  41.6  31.2  34.8  85.7  30.6  0.54  27.9 271.0  11.3 174.5  0.07  0.05
       4 23  56.5  28.1  42.8  66.0  30.7        16.0 106.6   4.4 553.6  0.14  0.12
       4 24  65.8  34.0  50.6  55.4  33.0        14.8  90.3   3.8 577.6  0.18  0.15
       4 25  71.6  35.4  55.0  52.9  35.3        11.4  77.0   3.2 649.9  0.20  0.17
       4 26  77.0  42.9  60.8  42.3  34.9        14.6  85.5   3.6 651.3  0.23  0.19
       4 27  80.3  42.5  61.6  46.8  38.6        17.5  78.8   3.3 582.6  0.22  0.18
       4 28  78.4  43.1  61.6  49.9  40.6        13.7  91.4   3.8 527.4  0.21  0.17
       4 29  81.0  44.8  63.9  38.0  34.8        36.2 143.2   6.0 581.0  0.29  0.22
       4 30  76.0  45.4  60.7  41.2  34.6        16.0  98.2   4.1 504.2  0.22  0.17
       5  1  84.0  49.4  68.8  29.0  33.1        32.4 169.7   7.1 522.7  0.32  0.23
       5  2  49.4  32.2  34.9  92.6  32.7  1.08  27.2 153.5   6.4 106.5  0.07  0.05
       5  3  37.7  32.2  34.6  96.3  33.6  0.70   8.8  66.1   2.8 197.1  0.04  0.04
       5  4  41.6  33.8  38.3  94.7  37.0  0.43  14.3 134.6   5.6  95.4  0.03  0.03
       5  5  55.6  38.8  45.9  84.0  41.2  0.44  25.8 187.6   7.8 188.0  0.09  0.07
       5  6  59.0  40.4  52.0  59.6  38.1  0.04  21.7 131.7   5.5 509.1  0.16  0.13
       5  7  63.3  35.4  50.7  61.5  37.1        15.6 100.7   4.2 685.0  0.19  0.16
       5  8  75.1  36.4  57.6  49.8  36.0        18.5 107.2   4.5 697.7  0.24  0.20
       5  9  76.7  43.3  59.4  46.4  37.1        31.5  90.4   3.8 295.3  0.18  0.13
       5 10  81.2  49.0  63.5  47.3  41.5        15.0 103.3   4.3 501.9  0.24  0.19
       5 11  69.5  49.3  57.3  66.4  45.6        29.5 144.1   6.0 567.6  0.21  0.17
       5 12  82.5  40.4  62.8  54.4  41.5        13.0  73.2   3.0 709.0  0.25  0.21
       5 13  86.9  46.7  66.9  44.2  40.3        15.5  74.7   3.1 687.2  0.27  0.22
       5 14  81.8  49.7  66.1  50.5  46.6  0.01  17.0  88.4   3.7 468.5  0.21  0.17
       5 15  82.2  50.0  67.9  43.0  42.1  0.02  34.5 141.2   5.9 433.4  0.26  0.19
       5 16  76.2  58.5  67.1  42.3  43.0  0.01  30.0 143.5   6.0 298.4  0.22  0.16
       5 17  63.1  48.4  54.7  75.2  46.4  0.20  22.2 130.2   5.4 220.7  0.11  0.09
       5 18  76.7  45.5  59.2  67.9  46.5  0.03  21.8 113.0   4.7 572.2  0.22  0.18
       5 19  67.0  50.0  58.9  70.7  49.1        13.6  99.0   4.1 352.6  0.13  0.12
       5 20  71.6  33.6  49.3  67.6  38.2  0.11  47.9 197.2   8.2 476.3  0.23  0.17
       5 21  59.9  31.0  47.9  34.5  19.9        34.0 189.3   7.9 650.1  0.24  0.18
       5 22  76.4  37.9  59.6  35.7  28.5        31.9 196.9   8.2 665.3  0.33  0.24
       5 23  81.9  39.0  63.4  38.9  32.8        34.9 217.0   9.0 721.0  0.37  0.27
       5 24  78.3  38.5  61.0  41.7  31.9        35.1 212.6   8.9 743.0  0.35  0.26
       5 25  72.8  35.5  55.6  59.7  40.4        12.6  80.5   3.4 572.5  0.19  0.16
       5 26  75.9  43.9  60.6  60.0  45.2        22.9 103.9   4.3 423.2  0.19  0.15
       5 27  72.7  51.1  61.3  70.7  50.8        18.9 103.8   4.3 475.0  0.18  0.15
       5 28  71.8  48.6  60.1  76.3  52.0        19.3  94.2   3.9 364.9  0.14  0.12
       5 29  75.4  52.8  62.5  68.8  50.8  0.04  33.0 100.5   4.2 406.6  0.18  0.15
       5 30  67.0  49.5  58.0  76.6  50.3  0.05  21.5 106.7   4.4 332.4  0.13  0.11
       5 31  76.2  42.6  60.3  68.1  47.8  0.04  22.4  69.1   2.9 564.8  0.19  0.17
       6  1  83.4  46.0  66.1  51.7  44.3  0.02  14.6  76.1   3.2 731.0  0.26  0.22
       6  2  81.4  46.4  64.7  58.3  48.0        28.6 100.9   4.2 568.9  0.23  0.19
       6  3  65.7  53.2  57.5  85.7  53.2        18.8 107.6   4.5 132.6  0.08  0.07
       6  4  62.2  48.1  53.6  91.6  51.1  0.26  18.5  90.3   3.8 243.3  0.08  0.08
       6  5  73.8  45.2  59.5  67.4  47.0        17.3  99.0   4.1 690.6  0.22  0.20
       6  6  81.8  46.3  65.2  56.8  46.1        16.7  98.7   4.1 736.0  0.27  0.23
       6  7  81.5  52.7  68.3  63.5  54.5        17.9 110.1   4.6 711.0  0.26  0.22
       6  8  85.2  52.7  69.7  58.0  52.1        17.4  84.5   3.5 688.6  0.26  0.23
       6  9  89.2  50.7  69.6  53.6  48.7        24.6  95.7   4.0 461.4  0.24  0.19
       6 10  93.2  55.2  74.5  37.3  43.0        17.5  92.9   3.9 593.3  0.30  0.24
       6 11  96.1  55.9  75.6  33.6  41.9        39.1 148.0   6.2 671.4  0.40  0.30
       6 12  86.6  57.9  71.0  53.2  50.7        28.6 114.3   4.8 499.0  0.26  0.21
       6 13  67.7  43.7  52.9  64.3  39.3  0.18  28.9 134.5   5.6 224.7  0.16  0.11
       6 14  69.8  39.7  55.7  50.6  34.2  0.02  26.2 157.3   6.6 681.7  0.26  0.20
       6 15  85.1  42.1  64.6  34.7  30.6  0.01  25.0 133.1   5.5 642.3  0.33  0.25
       6 16  79.8  44.4  63.9  53.1  45.6        17.0  92.0   3.8 593.8  0.23  0.19
       6 17  95.0  46.0  73.1  38.9  38.0        24.5 131.7   5.5 724.0  0.38  0.29
       6 18  94.1  50.8  71.7  33.8  38.8        22.9 127.6   5.3 546.2  0.34  0.25
       6 19  69.5  54.1  59.6  56.3  43.9  0.01  14.5  97.3   4.1 254.2  0.15  0.12
       6 20  75.8  52.9  61.7  70.1  51.4  0.41  17.7 123.9   5.2 599.1  0.23  0.19
       6 21  78.8  54.4  64.7  69.7  53.3  0.02  13.6  77.4   3.2 625.6  0.22  0.19
       6 22  87.3  49.6  67.9  54.0  47.5  0.01  35.0 104.0   4.3 543.1  0.26  0.21
       6 23  94.1  49.2  73.0  44.1  44.7        23.5  97.4   4.1 658.3  0.31  0.25
       6 24  91.8  54.7  74.7  39.9  46.5        31.0 126.8   5.3 540.4  0.31  0.24
       6 25  93.5  59.6  74.7  46.6  50.6        21.8 102.7   4.3 539.7  0.29  0.23
       6 26  89.5  58.0  73.2  51.2  52.5        26.3  95.3   4.0 582.2  0.27  0.22
       6 27  88.1  61.0  74.0  47.0  50.9        12.1  84.1   3.5 608.5  0.27  0.22
       6 28  93.0  55.8  75.7  41.6  47.9        16.6  82.3   3.4 690.3  0.30  0.25
       6 29  93.7  57.0  78.4  39.2  48.3        39.5  86.6   3.6 631.0  0.29  0.24
       6 30  97.8  57.9  77.7  43.9  51.5  0.03  24.6  97.0   4.0 641.5  0.32  0.26
       7  1  97.0  59.8  77.2  42.8  51.3  0.02  16.1  85.9   3.6 595.7  0.30  0.24
       7  2  93.2  60.5  77.1  44.6  50.3  0.01  31.9 119.0   5.0 443.9  0.28  0.22
       7  3  87.1  54.8  73.3  53.5  54.8        22.6 101.7   4.2 527.9  0.24  0.20
       7  4  90.2  58.5  75.8  51.5  54.4  0.01  44.6  97.3   4.1 534.8  0.26  0.21
       7  5  93.2  63.2  77.1  49.5  55.4        29.1 132.4   5.5 455.1  0.29  0.22
       7  6  96.7  64.7  80.6  38.6  51.8        25.6 124.3   5.2 592.3  0.34  0.26
       7  7  91.6  63.0  77.1  52.5  56.5  0.29  22.3 104.7   4.4 518.7  0.27  0.22
       7  8  90.3  64.0  75.4  59.9  59.3  0.08  33.9 145.0   6.0 455.2  0.27  0.21
       7  9  87.6  60.9  74.4  58.1  58.3        17.5 116.6   4.9 626.9  0.27  0.23
       7 10  84.9  63.7  72.9  60.3  57.8        27.0 145.1   6.0 600.5  0.28  0.23
       7 11  86.1  62.0  72.9  61.4  57.9  0.02  20.5 121.2   5.0 591.6  0.27  0.22
       7 12  85.0  61.0  68.6  75.6  59.8  0.65  27.5 105.7   4.4 410.8  0.20  0.17
       7 13  82.3  57.4  69.2  69.5  58.0  0.05  26.4  99.7   4.2 425.9  0.19  0.16
       7 14  82.0  56.7  69.0  69.5  57.8  0.01  14.5  84.3   3.5 474.7  0.19  0.17
       7 15  85.5  56.8  72.8  53.9  53.0        23.2  98.3   4.1 638.0  0.26  0.22
       7 16  93.6  58.3  76.5  35.9  43.5  0.01  24.1 142.5   5.9 719.0  0.38  0.29
       7 17  89.3  53.4  74.3  33.2  41.5        19.8  94.4   3.9 508.7  0.26  0.21
       7 18  91.7  56.9  76.2  35.9  44.9        24.6 116.0   4.8 697.6  0.33  0.26
       7 19  92.5  57.4  75.7  41.2  48.2        24.8 107.5   4.5 539.7  0.29  0.23
       7 20  93.3  59.3  77.3  42.3  49.5        17.4  95.9   4.0 676.6  0.31  0.25
       7 21  93.9  59.7  78.4  41.8  50.9        17.8  70.4   2.9 481.8  0.24  0.19
       7 22  95.1  60.2  79.0  39.2  49.2        15.6  80.3   3.3 616.3  0.28  0.23
       7 23  80.4  59.2  69.9  66.4  58.5        23.8 108.6   4.5 321.0  0.16  0.13
       7 24  84.7  57.8  70.4  67.3  57.7        20.0  86.9   3.6 432.7  0.19  0.16
       7 25  88.9  56.9  72.7  54.3  53.2        23.6 112.9   4.7 569.8  0.27  0.22
       7 26  82.0  57.5  68.8  63.5  55.2        20.7 126.7   5.3 390.6  0.21  0.16
       7 27  88.3  57.3  73.0  52.2  51.8        17.0  95.2   4.0 658.6  0.28  0.23
       7 28  93.1  53.7  74.6  45.6  47.8        27.2  97.0   4.0 640.9  0.30  0.24
       7 29 101.4  54.2  77.2  39.2  45.5        24.0  87.9   3.7 586.6  0.31  0.24
       7 30  96.8  57.6  79.1  32.5  45.0  0.01  19.4  98.8   4.1 600.3  0.31  0.24
       7 31  91.6  63.7  76.4  49.5  54.4  0.11  23.6 108.9   4.5 499.0  0.27  0.21
       8  1  84.3  58.9  70.7  61.6  55.2  0.02  23.5  89.0   3.7 301.4  0.17  0.14
       8  2  89.6  61.3  73.0  65.6  59.3  0.01  21.3 101.2   4.2 583.1  0.26  0.21
       8  3  91.7  60.3  76.6  53.3  56.3        13.9  81.8   3.4 653.7  0.27  0.23
       8  4  92.1  61.0  76.7  54.9  57.2        12.2  72.1   3.0 518.5  0.23  0.19
       8  5  94.9  61.0  78.6  46.6  54.2        20.5 108.8   4.5 569.0  0.29  0.23
       8  6  92.3  61.5  74.7  57.8  57.1  0.20  26.0 121.8   5.1 498.5  0.28  0.21
       8  7  91.9  60.8  75.4  60.3  58.6  0.04  20.0  86.9   3.6 639.5  0.27  0.23
       8  8  92.7  60.4  73.3  54.5  54.8  0.11  30.0 147.8   6.2 451.3  0.30  0.22
       8  9  69.4  57.7  63.3  76.9  55.7  0.22  21.7 130.1   5.4 243.4  0.12  0.10
       8 10  77.1  56.4  63.9  75.0  55.5  0.17  14.9  98.6   4.1 376.7  0.16  0.14
       8 11  82.2  53.8  67.7  67.0  54.5  0.03  17.5  87.8   3.7 454.7  0.19  0.16
       8 12  86.8  53.7  70.3  59.9  53.9        20.3  76.7   3.2 575.4  0.23  0.19
       8 13  84.1  57.7  70.1  64.5  56.7        26.0  91.2   3.8 524.9  0.21  0.18
       8 14  80.5  61.9  69.1  67.3  57.2  0.20  24.8 106.8   4.5 328.5  0.17  0.14
       8 15  80.7  59.5  70.4  48.8  49.5  0.12  27.9 184.9   7.7 408.7  0.26  0.19
       8 16  78.4  52.3  63.9  66.2  51.8  0.17  21.1  98.8   4.1 330.2  0.16  0.13
       8 17  85.7  49.3  68.1  53.6  46.9  0.02  21.8  99.6   4.2 596.3  0.25  0.20
       8 18  90.2  51.6  71.3  45.1  45.1        14.4  87.2   3.6 578.3  0.26  0.21
       8 19  90.6  53.3  71.5  45.8  47.8  0.01  27.5  79.6   3.3 372.5  0.21  0.16
       8 20  87.8  60.0  71.8  47.2  49.4        26.7 105.0   4.4 325.8  0.22  0.17
       8 21  89.8  59.2  71.9  51.0  51.2        14.3  88.7   3.7 456.0  0.23  0.18
       8 22  86.5  57.2  71.0  47.9  48.7  0.01  22.1 105.3   4.4 462.3  0.24  0.19
       8 23  84.5  59.0  69.5  57.5  52.8        13.7  87.0   3.6 519.0  0.22  0.18
       8 24  92.9  49.9  73.3  46.0  44.8        16.4  86.6   3.6 536.7  0.25  0.20
       8 25  85.6  58.7  72.4  42.0  47.2        24.6 148.4   6.2 540.8  0.29  0.22
       8 26  93.4  49.1  70.0  50.0  45.8        14.1  68.4   2.9 586.7  0.24  0.20
       8 27  94.5  52.9  73.8  37.8  43.8        21.9  94.2   3.9 577.1  0.28  0.22
       8 28  87.2  54.7  70.9  39.1  43.2  0.01  37.6 108.4   4.5 371.4  0.24  0.17
       8 29  89.1  54.4  71.0  40.7  43.5        18.6  89.4   3.7 389.0  0.22  0.17
       8 30  78.1  51.1  66.3  52.2  47.8        22.3 110.0   4.6 372.8  0.18  0.14
       8 31  82.9  55.3  67.1  55.3  49.8        22.3 103.9   4.3 344.6  0.19  0.15
       9  1  89.1  51.2  67.7  53.9  47.5        30.6 101.6   4.2 435.2  0.24  0.18
       9  2  91.1  54.0  72.5  38.6  41.9        27.3 108.8   4.5 409.9  0.26  0.19
       9  3  92.4  53.6  72.7  36.9  42.5        14.2  83.3   3.5 551.2  0.25  0.20
       9  4  89.5  50.2  70.7  42.7  43.6        14.5  67.6   2.8 547.6  0.22  0.18
       9  5  88.7  50.7  69.4  41.7  44.1        38.7 120.7   5.0 495.3  0.27  0.20
       9  6  89.8  57.7  69.7  43.6  44.5        26.2 141.5   5.9 411.4  0.30  0.21
       9  7  69.5  45.0  57.3  52.7  38.3  0.13  32.1 142.7   5.9 492.8  0.20  0.15
       9  8  52.4  38.4  45.1  78.2  38.5  0.25  20.3 141.8   5.9 238.6  0.08  0.07
       9  9  71.8  32.7  51.7  61.7  36.5        10.2  67.6   2.8 555.4  0.16  0.14
       9 10  82.5  38.9  60.8  52.4  39.0  0.01  11.7  68.7   2.9 555.9  0.20  0.16
       9 11  88.8  50.0  69.3  31.2  34.6        11.2  87.1   3.6 465.3  0.23  0.17
       9 12  84.7  46.4  65.8  41.9  39.7        15.4  81.6   3.4 522.1  0.21  0.17
       9 13  83.0  46.9  65.2  55.0  46.5        18.3  98.6   4.1 352.9  0.18  0.14
       9 14  78.8  51.0  63.0  72.2  52.7  0.01  25.9 106.8   4.5 369.4  0.16  0.13
       9 15  67.0  52.4  58.4  84.3  53.5  0.02  21.2  82.9   3.5 275.4  0.09  0.08
       9 16  79.2  52.8  62.1  67.3  49.8  0.02  25.0  85.6   3.6 312.0  0.15  0.12
       9 17  68.0  51.4  57.6  75.8  49.6        18.6  96.6   4.0 214.9  0.10  0.08
       9 18  69.8  46.4  57.6  76.9  49.5  0.01  11.0  71.0   3.0 268.9  0.10  0.08
       9 19  82.5  40.8  61.7  54.3  40.8  0.01  14.3  80.2   3.3 474.7  0.19  0.15
       9 20  79.3  49.1  63.3  49.8  42.8        14.0  73.6   3.1 490.1  0.18  0.14
       9 21  83.9  44.7  64.8  48.0  42.0        13.3  77.7   3.2 381.9  0.18  0.13
       9 22  82.5  48.1  64.8  37.7  36.0        18.8  86.2   3.6 440.5  0.20  0.15
       9 23  72.2  39.9  55.6  58.9  40.1        11.7  65.7   2.7 480.7  0.14  0.12
       9 24  80.4  38.3  59.4  58.7  42.4        12.2  77.2   3.2 477.8  0.17  0.14
       9 25  84.1  43.6  62.5  52.5  40.9  0.01  11.8  71.3   3.0 469.2  0.18  0.14
       9 26  89.8  42.5  65.0  47.1  39.4        12.6  61.3   2.6 378.3  0.18  0.13
       9 27  90.4  49.3  70.1  32.6  36.4        12.7  77.3   3.2 463.4  0.21  0.15
       9 28  82.2  44.8  63.3  54.4  44.9        12.1  58.1   2.4 418.3  0.15  0.12
       9 29  82.4  55.3  65.5  50.3  45.2        22.2 107.9   4.5 303.1  0.19  0.14
       9 30  75.2  46.3  59.6  64.6  46.5        18.2  74.2   3.1 414.6  0.14  0.11
      10  1  82.3  46.8  63.0  55.3  43.2  0.01  11.1  68.7   2.9 443.2  0.16  0.13
      10  2  83.6  49.3  66.5  36.3  34.9        23.2 102.9   4.3 375.6  0.21  0.15
      10  3  78.9  38.9  58.7  45.3  35.2        27.5  95.2   4.0 396.2  0.18  0.13
      10  4  58.2  33.3  46.7  70.1  37.0  0.08  26.7 166.5   6.9 105.5  0.09  0.06
      10  5  44.4  29.8  36.8  81.7  31.6  0.04  19.6 107.3   4.5 158.1  0.05  0.04
      10  6  70.8  26.9  47.1  61.7  31.3  0.02  11.6  67.6   2.8 416.4  0.13  0.10
      10  7  71.8  38.3  54.5  57.5  38.4        17.3  86.6   3.6 139.3  0.11  0.08
      10  8  76.4  42.0  61.0  46.3  37.8  0.01  23.6  94.0   3.9 333.0  0.15  0.11
      10  9  64.8  41.8  51.4  63.6  39.1  0.01  28.5 125.7   5.2 253.8  0.12  0.09
      10 10  56.3  32.2  43.1  62.4  29.8  0.01  15.1  90.8   3.8 352.1  0.10  0.08
      10 11  61.7  26.7  43.9  57.4  27.9        34.9  98.3   4.1 184.1  0.11  0.07
      10 12  55.8  38.2  46.7  34.7  19.7        30.9 230.9   9.6 339.6  0.19  0.13
      10 13  65.1  38.6  51.9  40.6  27.6  0.01  41.9 218.1   9.1 300.2  0.20  0.13
      10 14  61.3  34.5  47.0  61.5  33.3        20.0 105.7   4.4 361.5  0.11  0.09
      10 15  51.6  31.1  39.3  71.0  30.2  0.08  37.0 149.4   6.2 354.3  0.10  0.07
      10 16  67.7  25.7  44.3  61.6  29.1  0.01   9.4  44.5   1.9 364.9  0.09  0.07
      10 17  73.7  37.8  54.9  41.4  29.9  0.01  12.4  68.8   2.9 227.6  0.12  0.09
      10 18  64.4  37.7  47.2  53.0  30.2        16.4 111.4   4.6 359.9  0.14  0.10
      10 19  70.0  32.7  50.1  49.4  28.1        17.2  88.1   3.7 340.2  0.14  0.10
      10 20  55.5  36.6  45.8  54.4  30.1        15.0  89.9   3.7 147.2  0.08  0.06
      10 21  58.4  30.6  46.0  63.7  33.5        14.5  76.2   3.2 201.2  0.07  0.06
      10 22  70.2  39.3  53.6  49.7  32.8        32.0 106.7   4.4 221.0  0.14  0.09
      10 23  70.3  41.4  55.0  36.6  27.7  0.01  39.8 296.2  12.3 303.7  0.28  0.18
      10 24  55.1  34.5  44.5  24.0   8.7        36.9 282.1  11.8 358.2  0.22  0.14
      10 25  57.9  23.0  41.0  34.4  13.0        28.1  94.9   4.0 323.1  0.11  0.08
      10 26  59.0  24.8  40.7  39.3  16.2        15.0  93.4   3.9 339.2  0.12  0.08
      10 27  72.6  28.7  48.1  41.3  22.9        11.7  61.5   2.6 227.9  0.11  0.08
      10 28  75.5  44.7  55.9  44.8  34.1        21.6  90.2   3.8 182.3  0.14  0.10
      10 29  56.5  35.4  45.7  59.6  32.0        16.5  63.4   2.6 235.0  0.07  0.05
      10 30  58.0  35.8  45.1  68.6  35.2        10.9  54.8   2.3  69.5  0.05  0.04
      10 31  70.7  39.8  56.8  35.1  28.0  0.01  35.2 200.7   8.4 232.4  0.21  0.13
      11  1  62.4  40.1  51.3  38.4  25.9        21.0 101.1   4.2 302.9            
      11  2  62.3  32.2  46.5  46.5  25.9        11.0  64.2   2.7 307.2            
      11  3  66.4  35.7  48.9  46.3  27.5        15.4  81.8   3.4 292.5            
      11  4  69.6  29.9  46.7  50.5  26.8         9.4  55.9   2.3 312.3            
      11  5  75.3  35.0  54.5  35.2  25.0        14.4  88.4   3.7 288.7            
      11  6  72.0  40.2  54.5  44.1  31.4        17.7  85.8   3.6 280.2            
      11  7  70.5  32.3  46.0  65.2  32.8  0.07  27.3 143.7   6.0 196.7            
      11  8  48.8  27.1  36.5  82.3  31.2  0.26  12.8 105.8   4.4 306.5            
      11  9  66.6  20.5  40.1  56.2  21.8  0.01   8.6  56.7   2.4 310.8            
      11 10  61.5  26.4  41.5  47.5  19.8         9.3  53.0   2.2 301.6            
      11 11  63.0  28.8  43.2  54.9  26.3         9.6  55.1   2.3 224.5            
      11 12  67.0  34.3  48.1  55.4  31.1        13.4  66.6   2.8 270.2            
      11 13  65.7  36.6  46.7  57.7  31.0         8.7  60.4   2.5 218.9            
      11 14  66.4  36.8  49.0  47.3  28.0        16.5  93.0   3.9 266.8            
      11 15  64.7  30.7  44.8  58.9  29.6        11.7  58.5   2.4 269.4            
      11 16  63.2  27.5  43.7  67.6  32.6         8.9  49.7   2.1 262.1            
      11 17  64.3  27.6  43.3  64.3  30.9         9.0  56.4   2.4 259.2            
      11 18  50.7  26.7  34.9  78.1  28.5  0.06  25.3 131.1   5.5 114.1            
      11 19  49.1  18.5  31.0  86.1  27.3  0.06   7.8  55.7   2.3 251.2            
      11 20  63.1  20.7  37.4  58.6  21.0  0.02  11.0  54.9   2.3 272.3            
      11 21  58.2  25.1  39.2  41.7  16.8  0.01  16.0  65.8   2.7 176.3            
      11 22  55.6  31.7  42.0  52.8  25.6        18.0  83.8   3.5 176.7            
      11 23  46.4  36.7  41.7  62.8  29.7  0.01  32.9 223.9   9.3 106.8            
      11 24  51.2  27.3  38.6  44.3  17.3        20.0 120.8   5.0 249.6            
      11 25  33.8  25.4  29.4  82.8  24.7        18.8 176.3   7.3  78.6            
      11 26  31.5  15.9  23.9  86.8  20.7  0.05  24.8 193.1   8.0 199.2            
      11 27  26.4   8.4  16.9  78.8  11.1  0.08  11.3 103.2   4.3 232.3            
      11 28  29.3   3.2  14.6  75.6   8.0  0.03  12.5  85.9   3.6 241.2            
      11 29  35.5   9.0  23.8  76.5  17.5  0.11  10.7  53.1   2.2 140.0            
      11 30  46.9  22.9  34.0  54.7  18.2  0.03  24.8 106.9   4.5 212.4            
      12  1  47.2  17.9  33.3  57.5  19.3  0.02  43.5 129.0   5.4 209.3            
      12  2  59.0  34.2  46.2  44.4  24.9        41.9 151.4   6.3 225.0            
      12  3  66.3  27.9  44.5  43.9  21.3        30.6 119.4   5.0 225.3            
      12  4  45.7  27.5  35.0  59.7  22.1        12.6  85.0   3.5 172.5            
      12  5  48.0  27.3  39.0  29.8   9.1        43.2 288.7  12.0 230.4            
      12  6  55.8  31.1  45.5  32.5  16.9        36.6 266.5  11.1 227.0            
      12  7  43.7  17.3  35.3  40.8  13.7        27.5 172.1   7.2 151.7            
      12  8  48.9  14.5  28.0  48.5   9.1        10.7  73.1   3.0 225.3            
      12  9  51.5  19.6  33.0  53.2  16.9         8.2  49.2   2.0 140.5            
      12 10  39.7  17.3  28.9  62.5  17.1         8.8  61.1   2.5 163.3            
      12 11  47.9  14.6  31.4  51.8  11.5        26.8 146.6   6.1 222.9            
      12 12  30.6  13.8  22.4  76.7  16.2         9.5  66.6   2.8 119.0            
      12 13  38.5   7.6  22.0  71.1  13.7        10.0  49.9   2.1 169.7            
      12 14  45.8  16.7  29.3  65.6  18.6        13.4  65.6   2.7 120.8            
      12 15  47.6  19.5  30.3  68.7  20.2        22.1  91.6   3.8 140.6            
      12 16  38.5  10.1  23.1  86.4  19.8  0.26  11.4  56.4   2.4 204.0            
      12 17  56.3  15.4  32.8  65.8  21.6  0.02  15.8  73.8   3.1 212.3            
      12 18  42.4  16.5  29.6  69.1  20.2        14.8  83.0   3.5 211.9            
      12 19  50.6  13.6  29.8  65.8  18.2        19.6  90.7   3.8 216.7            
      12 20  42.3  20.9  30.5  63.6  19.2  0.01  12.4  66.8   2.8 190.1            
      12 21  48.8  15.2  32.6  60.4  18.6        30.8 114.1   4.8 177.0            
      12 22  40.4  20.6  29.5  63.3  18.1        15.1 101.6   4.2 182.3            
      12 23  45.6  10.9  25.9  65.8  14.6        10.7  87.2   3.6 216.6            
      12 24  41.6  11.9  25.3  60.7  12.1        10.0  58.8   2.5 213.4            
      12 25  43.8  13.3  26.5  51.5   9.5        14.9  84.3   3.5 175.9            
      12 26  51.9  18.7  32.4  48.5  13.2        13.1  77.3   3.2 217.8            
      12 27  47.1  17.2  29.4  52.0  12.4        11.5  76.2   3.2 212.3            
      12 28  53.8  17.4  31.2  58.5  17.0        32.7 147.1   6.1 177.7            
      12 29  32.4  20.6  24.6  69.4  16.0        12.4  80.0   3.3 131.1            
      12 30  25.0  16.2  21.7  75.3  15.1         9.1  80.1   3.3  92.4            
      12 31  35.9   8.9  22.6  73.0  14.9        17.2  73.4   3.1 191.4            

      Total                               13.31                         47.24 37.07
        Max 101.4  64.7  80.6  97.2  59.8        47.9 333.6  13.9 743.0
        Min  15.0  -6.3   9.0  21.9   1.8         7.3  43.8   1.8  36.7
        Ave  65.1  36.5  50.1  58.8  33.6        20.2 105.4   4.4 363.3
