                                                                    07-JUN-00
      Telephone-linked Weather Station nr  LOVELAND, Colorado            1998
      -----------------------------------------------------------------------------
               Temperature      Rel   Dew             Wind        Solar StandrdASCE
            ----------------- Humid Point  Prec -----------------   Rad   ETr   ETo
       Date   Max   Min   Ave   Ave   Ave Total   Max Total   Ave Total Alflf Grass
      MoDay     F     F     F     %     F  inch   mph miles   mph Langl  inch  inch
      ----- ----- ----- ----- ----- ----- ----- ----- ----- ----- ----- ----- -----
       1  1  65.4  33.9  49.9  33.9  20.7        27.1 115.6   4.8 240.9            
       1  2  64.6  35.2  51.8  34.3  22.5        44.3 224.7   9.4 223.3            
       1  3  56.3  21.0  31.3  69.6  21.0        31.6 109.7   4.6  79.2            
       1  4  49.0  18.6  28.9  75.4  21.1         8.3  33.2   1.4 226.8            
       1  5  47.6  20.9  32.8  73.4  24.2        27.5  96.2   4.0 184.7            
       1  6  41.0  17.5  27.4  73.3  19.3  0.10  20.0  76.0   3.2 255.4            
       1  7  40.4  10.5  23.6  66.5  13.2         9.7  53.9   2.2 249.6            
       1  8  46.0  15.0  30.1  55.6  15.2        34.8 138.3   5.8 254.6            
       1  9  40.8  10.2  15.7  73.1   8.5        31.9 110.3   4.6  94.0            
       1 10  21.1   6.0  14.7  75.8   8.5         9.2  22.2   0.9  72.6            
       1 11  52.5  16.5  29.9  63.1  17.8        38.1 149.1   6.2 186.5            
       1 12  19.5  11.1  15.9  88.1  13.2        20.5  85.3   3.6  92.7            
       1 13  40.5  17.3  25.0  80.6  19.5        20.2  62.1   2.6  85.8            
       1 14  48.5  16.8  32.9  44.4  12.9        24.2  67.5   2.8 264.6            
       1 15  53.8  15.9  34.4  46.8  15.7        24.6 116.8   4.9 202.3            
       1 16  42.6  28.5  35.3  43.9  15.4        26.5 178.4   7.4 226.4            
       1 17  51.6  26.1  37.3  48.7  19.9  0.02  41.6 164.6   6.9 118.6            
       1 18  52.0  25.0  39.5  42.5  17.7        26.2 166.3   6.9 270.9            
       1 19  47.4  19.4  31.4  61.2  18.8        14.2  53.6   2.2 199.1            
       1 20  45.2  20.8  33.2  47.4  14.6        17.0  81.9   3.4 180.4            
       1 21  37.7  14.2  25.4  63.8  14.1        13.1  53.1   2.2 202.8            
       1 22  35.0  10.5  23.7  50.8   8.3        10.2  61.2   2.5 122.3            
       1 23  43.2  20.8  31.4  45.4  12.5        29.4 127.4   5.3 287.0            
       1 24  58.2  19.1  37.6  45.8  17.1        33.5 138.1   5.8 115.8            
       1 25  50.9  21.9  38.3  42.0  16.8        29.3 139.9   5.8 201.5            
       1 26  53.4  17.2  32.6  49.3  15.0        10.7  42.6   1.8 264.6            
       1 27  55.4  24.0  40.1  40.5  16.4        28.1  92.4   3.9 250.7            
       1 28  55.0  24.2  36.3  49.9  18.6        21.2  83.8   3.5 220.3            
       1 29  56.1  20.3  35.1  56.8  19.1        13.0  54.8   2.3 306.8            
       1 30  56.9  21.5  37.9  47.3  17.0        14.2  70.8   3.0 246.9            
       1 31  43.9  23.3  32.8  69.4  23.8        15.9  83.6   3.5 199.4            
       2  1  46.7  18.5  30.6  62.3  17.7         9.8  61.0   2.5 263.1            
       2  2  48.3  23.4  33.2  54.0  17.3        18.0  61.4   2.6 224.9            
       2  3  41.9  22.4  30.2  69.9  21.1         7.8  57.3   2.4 213.4            
       2  4  33.8  19.4  27.8  86.7  24.4        12.2 115.7   4.8  80.4            
       2  5  38.4  28.4  32.7  82.4  27.7         8.5  71.2   3.0 119.7            
       2  6  48.4  23.1  33.4  76.7  26.2        12.4  45.8   1.9 270.3            
       2  7  44.6  19.9  31.8  72.2  23.0         8.8  25.2   1.1 130.9            
       2  8  52.7  20.8  36.2  59.0  21.3        11.5  42.0   1.8 271.5            
       2  9  47.2  34.6  40.5  51.1  23.8        24.2 123.4   5.1 127.5            
       2 10  48.7  19.9  35.9  40.9  13.7        15.3  88.6   3.7 313.2            
       2 11  47.2  14.5  29.8  49.6  11.6        13.3  71.6   3.0 325.2            
       2 12  47.1  16.3  30.5  49.1  12.7        15.4  83.2   3.5 346.4            
       2 13  53.7  18.9  36.2  45.4  15.7        16.1  89.6   3.7 324.2            
       2 14  54.3  26.1  39.1  47.3  19.9        19.3 101.5   4.2 336.4            
       2 15  42.7  24.3  33.2  71.2  24.7  0.04  11.1  68.1   2.8 211.0            
       2 16  34.8  32.2  33.5  94.7  32.1  0.19  14.2 105.0   4.4 100.8            
       2 17  46.9  25.9  37.1  69.5  27.1  0.01  11.6  58.0   2.4 321.3            
       2 18  46.4  27.0  36.2  62.2  23.6        20.0  99.9   4.2 243.3            
       2 19  47.9  23.2  33.9  51.3  16.5  0.01  12.3  82.4   3.4 390.0            
       2 20  46.9  18.2  32.0  50.7  14.4        12.9  48.8   2.0 391.4            
       2 21  53.6  20.5  36.3  47.5  17.1        13.3  62.7   2.6 374.1            
       2 22  58.9  28.2  42.6  45.2  21.3        28.5 116.0   4.8 297.5            
       2 23  56.5  26.5  41.0  62.7  27.6        20.0  92.5   3.9 338.9            
       2 24  55.3  29.4  42.4  50.1  24.9        12.9  73.3   3.1 322.2            
       2 25  46.5  33.2  40.4  39.1  17.9  0.03  40.0 252.5  10.5  87.9            
       2 26  41.4  21.9  31.6  36.3   7.8        31.4 202.5   8.4 371.5            
       2 27  37.0  23.9  29.2  36.8   6.1        33.8 306.8  12.8 305.6            
       2 28  38.2  20.5  29.7  34.9   5.3  0.01  39.3 316.7  13.2 440.9            
       3  1  42.6  13.5  29.5  38.4   7.1        35.2 202.7   8.4 398.3  0.09  0.08
       3  2  44.3  13.4  29.7  52.2  13.5        13.7  73.6   3.1 388.2  0.06  0.06
       3  3  53.8  19.2  37.5  45.4  16.9        18.0  74.7   3.1 402.8  0.07  0.06
       3  4  43.1  26.6  32.8  62.6  21.2  0.02  18.8 133.6   5.6 356.0  0.07  0.06
       3  5  43.3  24.4  31.7  61.6  19.2  0.04  15.7 112.0   4.7 448.0  0.08  0.07
       3  6  33.7  22.0  27.2  74.7  20.4  0.25  18.6 168.0   7.0 191.3  0.05  0.04
       3  7  24.4   9.4  18.8  68.5  10.1  0.05  24.2 203.0   8.5 372.9  0.06  0.04
       3  8  31.0   1.6  19.0  63.6   8.4        13.7  95.2   4.0 446.7  0.06  0.05
       3  9  30.1  12.6  20.2  67.8  10.9        12.7  80.6   3.4 349.1  0.05  0.04
       3 10  49.7  12.4  27.6  60.5  14.8  0.01  27.3 138.3   5.8 410.5  0.07  0.07
       3 11  27.9   6.2  16.3  68.2   7.8        13.4 101.2   4.2 301.5  0.05  0.04
       3 12  55.9  16.8  36.4  54.6  18.6        14.6  68.2   2.8 492.8  0.07  0.07
       3 13  62.2  23.9  42.4  46.8  19.8        11.5  46.5   1.9 498.6  0.08  0.07
       3 14  58.9  26.3  39.0  63.8  26.0        12.4  83.5   3.5 416.5  0.08  0.08
       3 15  61.5  29.5  45.4  48.0  24.4        15.6  93.1   3.9 492.2  0.11  0.10
       3 16  50.0  27.0  38.5  72.8  30.1        11.8  74.2   3.1 325.3  0.07  0.07
       3 17  54.3  34.8  42.0  73.6  33.4  0.06  19.1 112.4   4.7 308.4  0.08  0.07
       3 18  36.6  27.7  32.2  93.3  30.7  1.34  21.9 148.7   6.2  76.3  0.03  0.02
       3 19  34.8  13.4  27.4  78.8  21.6  0.02  11.9  59.0   2.5 457.9  0.08  0.07
       3 20  44.4  16.9  31.6  69.1  21.8        11.1  81.5   3.4 539.5  0.09  0.08
       3 21  54.9  24.4  39.9  51.3  21.8        12.1  88.7   3.7 538.5  0.10  0.09
       3 22  69.1  33.2  54.3  37.2  26.5  0.01  36.6 146.0   6.1 430.5  0.10  0.11
       3 23  69.2  39.0  54.3  46.9  32.6        14.0  71.2   3.0 337.9  0.08  0.08
       3 24  77.6  39.5  58.2  38.8  29.1        21.5 133.5   5.6 532.3  0.16  0.17
       3 25  76.2  41.9  58.7  34.0  26.6        28.9 138.0   5.8 540.8  0.18  0.18
       3 26  68.5  47.8  57.1  37.0  29.7        34.5 151.2   6.3 361.9  0.15  0.15
       3 27  68.7  43.2  53.8  48.2  32.4        31.9 107.3   4.5 477.1  0.16  0.15
       3 28  61.5  39.0  48.9  62.8  35.5  0.02  23.5 126.3   5.3 384.1  0.13  0.12
       3 29  50.8  29.7  39.4  76.8  32.6  0.03  30.3 185.7   7.7 270.8  0.10  0.08
       3 30  42.0  26.2  31.0  73.1  23.1  0.12  20.8  95.3   4.0 323.9  0.09  0.08
       3 31  52.4  17.5  34.8  62.0  21.6  0.09  22.7 116.2   4.8 573.0  0.13  0.11
       4  1  62.6  25.9  45.5  41.5  20.5        21.2 105.3   4.4 543.4  0.12  0.12
       4  2  43.7  33.0  37.3  76.1  29.9  0.51  21.3 185.8   7.7  65.1  0.04  0.04
       4  3  54.0  31.6  43.3  68.8  32.8  0.01  13.8  72.4   3.0 428.3  0.09  0.08
       4  4  63.2  30.7  46.8  59.3  31.4  0.01  13.7  77.7   3.2 552.4  0.13  0.12
       4  5  63.6  32.9  48.9  45.6  25.2  0.01  30.5 152.0   6.3 604.1  0.17  0.15
       4  6  49.8  35.4  43.1  62.6  30.7        17.9  95.4   4.0 199.1  0.07  0.06
       4  7  51.0  28.7  39.1  77.3  31.6  0.11  31.7  99.4   4.1 382.5  0.10  0.09
       4  8  53.8  30.6  41.0  70.5  30.9  0.02  23.8 119.8   5.0 354.6  0.10  0.09
       4  9  56.0  30.5  43.5  58.5  27.9  0.01  25.2  85.7   3.6 506.7  0.12  0.10
       4 10  63.4  31.1  47.7  43.8  24.1        21.4 114.9   4.8 577.1  0.15  0.14
       4 11  80.1  31.3  55.1  36.3  22.7  0.02  33.5 104.3   4.3 589.1  0.18  0.17
       4 12  65.9  47.1  56.5  24.5  20.0  0.01  47.6 282.1  11.8 475.9  0.21  0.20
       4 13  58.1  35.6  44.6  59.8  30.2  0.34  22.9  98.8   4.1 371.7  0.13  0.11
       4 14  44.1  33.5  38.0  87.7  34.5  0.33  14.1  68.3   2.8 158.2  0.06  0.05
       4 15  40.9  33.6  36.9  81.2  31.5  0.16  20.0  97.9   4.1 125.2  0.05  0.04
       4 16  42.8  29.9  34.0  73.1  26.0        13.7 104.4   4.3 232.9  0.07  0.06
       4 17  51.0  25.1  37.8  70.0  27.8        23.5 100.9   4.2 426.4  0.10  0.09
       4 18  51.0  30.8  39.4  62.2  26.1  0.04  23.1 161.5   6.7 565.6  0.14  0.11
       4 19  57.8  28.3  42.8  54.7  25.4  0.12  22.2 115.9   4.8 523.8  0.13  0.11
       4 20  52.1  33.0  41.4  74.2  33.1  0.04  15.0 118.7   4.9 439.0  0.11  0.09
       4 21  61.3  32.2  47.3  56.9  29.5  0.01  16.4  95.5   4.0 637.0  0.16  0.14
       4 22  69.2  32.5  50.9  45.4  26.8        13.2  84.3   3.5 649.3  0.18  0.15
       4 23  78.9  37.4  58.4  37.9  27.1        15.1  88.3   3.7 640.2  0.19  0.17
       4 24  76.4  43.3  60.4  32.9  27.3  0.02  42.5 201.6   8.4 560.5  0.23  0.21
       4 25  62.7  43.4  53.8  46.0  32.5  0.13  27.1 158.3   6.6 522.7  0.18  0.16
       4 26  58.6  41.1  48.0  49.6  29.2  0.07  24.4 178.1   7.4 460.3  0.19  0.16
       4 27  61.0  32.1  47.7  51.6  29.1        20.2 124.4   5.2 619.6  0.19  0.16
       4 28  62.8  37.5  49.9  47.6  28.3        16.3  87.3   3.6 667.4  0.19  0.16
       4 29  70.3  29.6  51.9  41.4  27.0        15.4  83.4   3.5 665.8  0.20  0.16
       4 30  75.7  39.0  59.3  31.2  25.2  0.01  37.8 175.5   7.3 545.1  0.22  0.19
       5  1  67.6  41.5  56.0  48.5  36.1  0.03  31.5 125.0   5.2 389.0  0.15  0.13
       5  2  65.3  36.9  53.6  49.8  34.2        15.8  80.4   3.4 573.8  0.18  0.15
       5  3  77.9  41.6  57.2  43.0  32.9        27.5 137.8   5.7 559.3  0.23  0.20
       5  4  74.4  41.9  57.6  48.3  35.4  0.07  27.2 146.3   6.1 551.0  0.21  0.18
       5  5  66.5  44.9  54.0  68.9  42.9  0.06  20.9 103.9   4.3 443.4  0.16  0.13
       5  6  64.5  40.1  50.1  69.4  39.6  0.48  34.0 149.6   6.2 328.2  0.15  0.12
       5  7  65.4  39.2  50.4  67.7  39.3  0.01  27.6 129.3   5.4 469.6  0.17  0.14
       5  8  56.8  43.2  47.7  77.0  40.4  0.37  27.3 137.4   5.7 218.8  0.10  0.08
       5  9  62.7  34.3  48.6  73.2  39.4        18.2  99.2   4.1 493.8  0.15  0.12
       5 10  73.9  41.3  57.7  61.3  42.2        28.7 127.3   5.3 593.3  0.19  0.16
       5 11  72.4  48.4  57.2  57.8  40.5  0.01  23.5 130.8   5.5 569.7  0.20  0.17
       5 12  69.7  39.2  55.7  56.8  38.6        14.5  98.4   4.1 600.6  0.20  0.16
       5 13  84.9  44.2  64.2  37.1  31.9        21.4 115.4   4.8 669.6  0.27  0.22
       5 14  66.9  46.9  54.3  56.5  39.1        25.3 161.7   6.7 393.6  0.19  0.15
       5 15  69.4  45.2  57.7  38.0  31.1  0.01  32.3 198.6   8.3 709.0  0.27  0.22
       5 16  76.5  40.0  60.4  34.2  28.9        17.3 131.3   5.5 670.3  0.26  0.21
       5 17  84.1  44.4  65.3  26.9  22.8        23.5 113.3   4.7 715.0  0.28  0.22
       5 18  83.6  46.9  66.6  29.6  29.5        22.1  92.2   3.8 501.6  0.23  0.18
       5 19  85.6  48.0  66.5  33.3  31.7        28.6  83.7   3.5 632.7  0.27  0.20
       5 20  79.9  52.1  65.0  49.8  43.8        33.3 113.4   4.7 498.0  0.23  0.19
       5 21  76.8  52.8  64.9  55.7  47.1  0.43  19.3 127.8   5.3 402.4  0.20  0.16
       5 22  60.7  48.1  54.4  77.6  47.4  0.52  21.4 124.0   5.2 256.6  0.12  0.10
       5 23  69.3  41.4  56.2  55.0  37.7        12.6  85.1   3.5 667.0  0.23  0.18
       5 24  70.4  43.2  55.8  60.1  41.0  0.01  28.6  92.4   3.9 506.7  0.20  0.15
       5 25  70.9  42.0  58.5  62.7  43.7        17.8 105.3   4.4 606.7  0.20  0.16
       5 26  75.9  48.8  61.0  59.3  45.3  0.03  48.3 128.4   5.3 514.5  0.21  0.16
       5 27  84.6  44.0  67.0  41.2  36.9        16.8 125.1   5.2 704.0  0.28  0.22
       5 28  82.9  50.3  66.9  37.1  37.7        22.1  88.8   3.7 594.3  0.25  0.19
       5 29  85.8  49.9  68.3  41.6  40.9        13.2  83.8   3.5 588.8  0.26  0.19
       5 30  87.0  52.1  68.3  35.3  36.3        26.1 137.5   5.7 575.9  0.30  0.23
       5 31  75.0  48.4  63.5  43.6  40.3        16.0  94.2   3.9 633.8  0.25  0.20
       6  1  89.1  48.8  69.9  33.5  32.7        42.7 157.4   6.6 619.9  0.33  0.25
       6  2  81.5  49.4  67.3  27.7  28.1        23.9 132.8   5.5 720.0  0.32  0.24
       6  3  52.4  42.2  45.7  70.7  36.6  0.02  16.7 116.8   4.9 157.0  0.12  0.09
       6  4  48.1  39.3  42.9  91.0  40.4  0.34  22.6 116.7   4.9 149.5  0.08  0.06
       6  5  49.9  36.2  42.2  78.9  35.6  0.23  14.8  87.8   3.7 313.9  0.11  0.08
       6  6  69.2  33.8  52.5  61.7  37.1  0.01  27.0  81.0   3.4 640.8  0.19  0.14
       6  7  71.6  43.0  58.6  59.7  43.3        21.3 128.9   5.4 524.8  0.18  0.13
       6  8  65.4  46.3  53.7  77.1  46.1  0.30  24.9 130.6   5.4 435.8  0.16  0.12
       6  9  69.0  37.8  56.1  69.7  45.4        28.0 117.8   4.9 527.3  0.18  0.14
       6 10  69.5  46.9  57.4  71.2  47.3  0.16  24.5 110.9   4.6 489.7  0.18  0.14
       6 11  77.4  45.6  62.5  42.3  35.8  0.02  24.0 125.7   5.2 677.6  0.27  0.20
       6 12  80.4  51.3  65.8  43.0  38.5        14.9  86.0   3.6 657.3  0.26  0.19
       6 13  73.7  54.2  63.8  42.1  39.5  0.03  48.5 180.3   7.5 503.4  0.26  0.20
       6 14  74.1  49.5  59.9  47.3  38.6        32.5 189.3   7.9 317.7  0.23  0.17
       6 15  71.9  44.0  57.1  54.0  38.0        12.5  77.3   3.2 610.7  0.24  0.18
       6 16  72.2  46.9  58.6  53.9  40.9        23.0 130.9   5.5 408.2  0.21  0.15
       6 17  66.5  47.8  55.4  55.3  39.1  0.19  30.1 136.3   5.7 420.3  0.20  0.15
       6 18  76.0  45.3  60.6  38.7  32.9        33.1 157.1   6.5 717.0  0.30  0.22
       6 19  87.9  48.1  69.9  29.0  27.9        26.5 136.9   5.7 746.0  0.33  0.24
       6 20  80.9  52.4  65.9  39.3  38.7        21.1 118.5   4.9 592.7  0.27  0.20
       6 21  75.9  48.9  62.8  55.2  45.4  0.01  25.2 114.0   4.8 408.2  0.21  0.15
       6 22  86.9  47.8  66.6  50.5  44.3        23.5 112.1   4.7 711.0  0.32  0.23
       6 23  88.2  58.9  71.3  38.8  39.3        20.1  98.5   4.1 692.9  0.32  0.22
       6 24  87.5  51.8  70.5  23.2  23.9        33.5 160.9   6.7 741.0  0.37  0.28
       6 25  91.2  48.1  70.7  27.4  29.8        21.3 102.2   4.3 735.0  0.35  0.25
       6 26  92.3  53.8  77.0  16.0  19.5  0.01  35.2 200.2   8.3 741.0  0.40  0.31
       6 27  87.4  51.8  71.4  31.0  34.2        17.6  88.6   3.7 723.0  0.33  0.23
       6 28  89.9  49.4  71.6  30.3  34.5        14.3  85.5   3.6 717.0  0.33  0.23
       6 29  91.2  59.3  77.0  28.5  36.8        18.3  90.3   3.8 652.5  0.31  0.22
       6 30  83.6  57.9  70.9  51.8  51.9        18.5  98.9   4.1 596.8  0.27  0.20
       7  1  84.2  61.6  71.1  55.6  53.7        23.7 142.2   5.9 620.9  0.30  0.23
       7  2  90.8  61.1  74.2  49.9  51.7        29.9 145.2   6.0 630.9  0.33  0.25
       7  3  83.5  59.9  71.0  50.2  50.6        23.5 114.3   4.8 468.2  0.25  0.18
       7  4  80.7  56.1  68.6  59.9  53.5        25.1  89.1   3.7 433.6  0.21  0.16
       7  5  94.5  52.8  75.4  41.4  41.4        17.5  84.7   3.5 642.5  0.31  0.21
       7  6  78.5  61.9  70.0  57.2  53.9  0.05  18.1  95.1   4.0 273.9  0.17  0.12
       7  7  85.7  55.0  71.8  49.9  48.6        24.0 101.2   4.2 547.9  0.26  0.19
       7  8  81.2  58.5  69.3  63.0  55.3  0.01  15.3  83.6   3.5 422.5  0.21  0.15
       7  9  79.5  59.0  68.8  65.9  55.9        14.6  80.4   3.4 430.5  0.20  0.15
       7 10  84.4  55.8  70.2  58.6  53.1        20.1  91.9   3.8 553.6  0.24  0.18
       7 11  91.7  58.8  76.0  37.8  44.5        21.2  97.4   4.1 606.8  0.29  0.21
       7 12  95.2  58.6  79.3  26.7  36.2        14.8  94.6   3.9 647.9  0.31  0.22
       7 13  96.8  55.3  78.4  24.2  32.9        18.0  90.6   3.8 677.0  0.33  0.23
       7 14  94.3  60.9  78.6  25.0  35.8        37.6 106.8   4.5 469.9  0.30  0.21
       7 15  88.8  58.1  73.4  38.8  44.8        23.1 111.5   4.6 549.4  0.30  0.22
       7 16  87.6  54.0  71.7  49.8  49.4        12.8  92.0   3.8 698.3  0.31  0.24
       7 17  93.3  58.6  77.6  36.3  43.4        15.9  98.7   4.1 703.0  0.32  0.24
       7 18  99.3  59.0  80.1  29.4  37.9        31.3  89.8   3.7 673.2  0.33  0.23
       7 19  98.7  60.7  81.2  26.5  38.8        12.1  88.6   3.7 621.4  0.31  0.22
       7 20 101.3  60.6  83.6  21.7  33.8        18.0 101.5   4.2 701.0  0.35  0.25
       7 21  89.4  60.5  75.1  42.4  50.0  0.01  30.5 164.1   6.8 345.1  0.28  0.21
       7 22  73.5  60.6  66.9  73.9  58.1        13.2  87.1   3.6 257.2  0.15  0.12
       7 23  78.8  60.4  67.8  72.8  57.9        17.5  88.3   3.7 290.8  0.16  0.13
       7 24  77.3  64.1  68.7  79.0  61.4  0.07  16.2  85.8   3.6 303.4  0.14  0.11
       7 25  81.4  61.5  67.9  82.4  61.4  0.10  21.4  90.1   3.8 359.2  0.16  0.13
       7 26  84.0  59.7  71.9  64.6  57.1        14.5  82.5   3.4 640.0  0.24  0.19
       7 27  85.6  59.1  73.4  52.0  51.9  0.01  13.8  74.1   3.1 615.5  0.24  0.19
       7 28  86.5  59.5  72.8  49.4  50.9        16.1  99.7   4.2 563.1  0.25  0.19
       7 29  83.7  60.3  69.0  68.8  57.7  0.50  30.3 111.3   4.6 411.8  0.21  0.17
       7 30  68.7  58.6  62.8  89.6  59.5  0.34  16.4  91.9   3.8 187.0  0.10  0.08
       7 31  78.0  59.4  66.3  74.1  56.9  0.01  17.2 109.4   4.6 347.5  0.17  0.13
       8  1  79.5  60.2  67.0  67.2  55.5  0.03  30.7 117.3   4.9 339.6  0.17  0.13
       8  2  83.8  53.7  70.1  42.9  44.1        19.4  91.2   3.8 464.4  0.21  0.16
       8  3  75.4  58.1  64.3  71.9  54.5  0.14  18.9  88.4   3.7 351.6  0.16  0.13
       8  4  72.0  57.1  61.6  82.8  56.0  0.17  22.3  98.4   4.1 214.1  0.12  0.09
       8  5  78.1  53.6  66.2  68.9  54.1        12.4  65.8   2.7 645.5  0.22  0.18
       8  6  83.0  53.3  69.2  59.2  51.7        12.8  72.5   3.0 657.2  0.23  0.18
       8  7  86.8  52.6  71.3  52.3  49.1        12.5  72.1   3.0 645.6  0.24  0.19
       8  8  93.3  54.9  74.0  43.5  45.6  0.01  33.0 103.0   4.3 456.3  0.24  0.19
       8  9  83.7  62.0  71.5  53.8  52.8        18.9  87.0   3.6 409.1  0.20  0.16
       8 10  80.2  56.5  67.1  63.8  53.5        16.8  85.8   3.6 319.0  0.17  0.13
       8 11  86.2  57.2  70.9  49.6  49.1  0.01  23.6 102.4   4.3 523.0  0.24  0.19
       8 12  87.6  55.4  72.3  41.9  43.6        21.6 103.0   4.3 559.3  0.25  0.20
       8 13  88.8  53.7  71.6  42.4  42.8        15.6  76.2   3.2 609.3  0.25  0.20
       8 14  84.4  55.6  70.6  46.2  47.2        23.9  79.4   3.3 343.2  0.18  0.14
       8 15  82.9  52.9  67.9  60.5  52.8  0.02  20.2  90.9   3.8 427.6  0.20  0.16
       8 16  87.5  58.6  72.0  46.2  47.7  0.01  24.2  91.3   3.8 442.6  0.22  0.17
       8 17  91.6  54.4  74.5  41.2  43.8        22.8  86.7   3.6 573.3  0.24  0.19
       8 18  89.5  59.0  74.4  42.4  47.8        31.5 110.2   4.6 467.4  0.23  0.18
       8 19  86.9  58.8  71.9  51.0  50.9        18.2  99.3   4.1 458.7  0.22  0.18
       8 20  84.8  61.0  71.0  60.4  55.1  0.08  16.1  93.1   3.9 471.9  0.21  0.17
       8 21  87.8  57.4  71.0  57.4  52.9  0.06  22.2 111.5   4.6 487.9  0.23  0.19
       8 22  90.2  54.8  72.5  52.6  49.9        15.3  83.8   3.5 492.1  0.22  0.18
       8 23  95.6  57.8  77.4  36.1  43.6  0.01  19.7 120.9   5.0 546.4  0.26  0.22
       8 24  91.6  63.2  75.5  40.8  47.3        28.7 102.2   4.3 456.5  0.23  0.19
       8 25  86.5  57.9  69.6  55.6  51.6        16.2 124.5   5.2 372.5  0.22  0.18
       8 26  89.1  61.6  73.8  48.0  50.8        14.8 106.6   4.4 524.3  0.24  0.20
       8 27  84.8  60.1  72.5  41.5  46.3  0.01  21.9 105.6   4.4 420.4  0.21  0.17
       8 28  86.1  51.4  69.6  35.4  36.5        11.9  82.1   3.4 604.4  0.24  0.20
       8 29  90.4  50.8  70.1  39.3  39.4        12.9  63.6   2.6 554.2  0.22  0.18
       8 30  94.1  56.9  75.6  32.2  38.8  0.03  42.7  84.9   3.5 503.3  0.22  0.18
       8 31  83.5  61.5  70.4  45.0  47.4        22.8 118.6   4.9 373.9  0.20  0.17
       9  1  79.7  57.2  66.4  56.4  48.6  0.17  18.5 109.5   4.6 439.2  0.20  0.17
       9  2  89.7  50.5  70.2  45.7  42.8        16.6  84.6   3.5 579.1  0.23  0.20
       9  3  92.6  57.5  75.5  31.6  37.8        13.5  80.4   3.4 578.4  0.22  0.18
       9  4  95.2  54.4  73.8  35.6  38.7        14.8  71.0   3.0 578.3  0.23  0.19
       9  5  94.7  53.3  74.3  35.9  39.9        11.7  68.6   2.9 569.7  0.22  0.19
       9  6  93.7  58.2  76.4  36.5  42.3        12.3  83.8   3.5 559.5  0.23  0.20
       9  7  80.9  55.9  67.9  68.1  56.0        11.3  64.5   2.7 497.8  0.19  0.16
       9  8  87.4  58.9  70.8  58.0  52.9        14.8 102.9   4.3 485.2  0.21  0.18
       9  9  91.8  57.5  73.5  41.5  45.1        24.0  90.6   3.8 463.1  0.21  0.18
       9 10  90.2  55.7  73.4  37.5  41.8        16.9  86.9   3.6 445.5  0.19  0.16
       9 11  89.3  57.8  73.9  38.4  43.4        17.3  90.8   3.8 517.8  0.21  0.18
       9 12  80.4  58.9  67.6  57.2  51.3  0.02  21.3 112.9   4.7 252.8  0.15  0.13
       9 13  76.0  51.0  61.8  66.2  49.4  0.02  17.9  83.1   3.5 282.7  0.14  0.12
       9 14  77.8  49.6  63.3  57.3  46.0        16.6  76.3   3.2 414.4  0.16  0.14
       9 15  78.8  48.9  64.5  58.2  46.9        13.5  74.6   3.1 510.5  0.17  0.15
       9 16  82.2  47.2  65.4  48.6  43.1        13.5 101.2   4.2 474.6  0.18  0.16
       9 17  87.8  49.1  67.4  43.0  39.4        11.6  60.0   2.5 495.1  0.17  0.15
       9 18  89.0  51.2  71.2  36.3  37.2        15.3  70.9   3.0 513.7  0.18  0.15
       9 19  82.7  53.6  68.3  32.5  35.3        19.6 126.7   5.3 476.1  0.20  0.18
       9 20  74.3  46.8  58.3  61.4  44.9  0.63  24.4 119.6   5.0 270.4  0.15  0.13
       9 21  53.8  45.1  47.6  94.2  46.1  0.07  17.9 115.2   4.8  62.2  0.06  0.05
       9 22  63.1  45.3  52.1  80.7  45.7  0.01  12.1  93.5   3.9 293.8  0.10  0.09
       9 23  72.5  49.8  58.9  72.2  48.6  0.01  12.9  69.7   2.9 305.9  0.09  0.08
       9 24  79.9  48.9  62.7  62.1  47.0        13.1  74.7   3.1 449.3  0.13  0.11
       9 25  85.6  49.1  68.0  39.1  37.3  0.01  35.7 133.5   5.6 488.5  0.18  0.17
       9 26  78.4  50.3  64.0  36.6  34.4        25.4  93.3   3.9 485.5  0.17  0.15
       9 27  76.9  46.5  61.5  48.4  40.1        10.8  79.6   3.3 477.7  0.16  0.14
       9 28  84.4  45.3  64.3  44.3  37.1        11.9  63.3   2.6 456.1  0.15  0.14
       9 29  82.6  50.9  63.3  48.2  41.4        30.0  80.3   3.3 317.0  0.14  0.12
       9 30  65.5  49.5  57.8  58.2  42.8        24.3 118.7   4.9 357.9  0.13  0.11
      10  1  54.2  43.6  49.0  74.5  41.1  0.03  15.1 106.2   4.4  65.7  0.06  0.05
      10  2  58.5  42.4  48.1  88.7  44.7  0.22  10.7  73.2   3.0 216.6  0.07  0.07
      10  3  52.3  43.8  46.7  90.1  43.9  0.02  19.0 112.5   4.7 100.3  0.04  0.04
      10  4  56.5  42.9  47.9  69.3  37.6  0.26  24.1 158.4   6.6 227.6  0.09  0.08
      10  5  53.8  36.5  45.7  47.1  26.1  0.02  30.8 200.6   8.4 168.6  0.10  0.09
      10  6  63.7  30.6  47.0  52.0  27.4        13.6  83.7   3.5 428.2  0.11  0.10
      10  7  70.5  35.5  51.6  53.1  32.2        11.0  66.7   2.8 433.0  0.11  0.09
      10  8  75.8  39.9  57.0  49.9  34.8        11.8  55.4   2.3 345.0  0.09  0.08
      10  9  76.1  43.6  58.7  40.4  31.1        14.3  64.1   2.7 419.8  0.11  0.10
      10 10  71.9  38.6  55.5  45.7  32.8        13.9  65.8   2.7 387.0  0.11  0.10
      10 11  66.2  41.8  53.5  38.5  27.8        29.5 176.2   7.3 416.7  0.16  0.15
      10 12  64.2  33.5  46.1  56.3  29.9        15.1  60.3   2.5 236.6  0.09  0.08
      10 13  73.8  32.4  51.9  49.0  31.0        12.5  69.6   2.9 301.1  0.10  0.09
      10 14  75.6  44.5  59.1  45.8  35.9        14.1  78.2   3.3 383.5  0.10  0.09
      10 15  68.4  46.1  55.6  58.7  40.7        10.4  63.9   2.7 358.2  0.09  0.08
      10 16  54.9  39.8  47.4  81.7  42.3  1.48  28.1 166.4   6.9 190.2  0.07  0.06
      10 17  52.9  32.5  43.8  57.5  29.2        36.8 202.0   8.4 196.0  0.10  0.09
      10 18  61.8  29.3  43.8  60.3  27.8        10.5  54.8   2.3 396.1  0.09  0.08
      10 19  58.6  30.8  43.9  66.9  32.4        14.1  65.6   2.7 377.2  0.08  0.07
      10 20  49.8  33.7  42.7  68.6  32.3        14.5  79.2   3.3  95.0  0.04  0.03
      10 21  58.7  29.7  43.2  68.5  32.3        12.3  71.4   3.0 356.2  0.07  0.07
      10 22  66.3  33.1  49.0  60.9  34.7        11.2  65.8   2.7 328.0  0.07  0.06
      10 23  69.3  40.3  53.8  58.9  37.6        14.8  77.3   3.2 322.6  0.07  0.07
      10 24  67.5  35.7  49.8  58.3  33.2        11.8  71.1   3.0 356.1  0.09  0.08
      10 25  64.6  39.4  49.6  56.8  34.2         9.5  55.4   2.3 188.5  0.06  0.06
      10 26  63.4  44.6  52.8  65.8  41.2        13.3  60.1   2.5 195.1  0.05  0.05
      10 27  54.5  43.5  49.6  90.5  46.9  0.87  10.7  48.8   2.0  58.6  0.02  0.02
      10 28  57.2  47.7  51.8  63.8  39.0  0.38  30.5 158.6   6.6  60.5  0.05  0.05
      10 29  60.7  37.7  50.2  55.8  34.3        13.7  84.1   3.5 278.5  0.07  0.07
      10 30  42.4  38.3  40.8  92.2  38.7  0.11  14.5 117.3   4.9  29.3  0.03  0.02
      10 31  38.4  35.9  37.0  93.5  35.3  0.04   9.9  65.9   2.7  40.4  0.03  0.02
      11  1  47.7  36.0  39.8  89.0  36.7  0.02  10.4  75.8   3.2 136.1            
      11  2  40.2  32.9  36.2  94.4  34.8  0.27   9.9  72.7   3.0  59.1            
      11  3  38.1  31.6  34.7  86.5  30.9  0.02   7.4  62.5   2.6  74.6            
      11  4  46.4  29.9  37.4  77.5  30.4        13.7  74.7   3.1 249.5            
      11  5  37.8  31.1  34.5  86.7  30.8         8.2  67.1   2.8 114.6            
      11  6  48.2  35.0  39.5  79.7  33.2  0.06  12.6  87.1   3.6 242.6            
      11  7  42.6  27.2  34.0  87.1  30.3  0.47  17.1  91.2   3.8 207.8            
      11  8  39.2  28.5  31.9  86.2  28.2        16.6  93.9   3.9 169.9            
      11  9  36.0  22.0  30.7  78.5  24.8        21.0 163.8   6.8 118.3            
      11 10  42.6  20.5  32.9  45.2  13.1        41.4 253.7  10.6 272.7            
      11 11  48.1  20.0  32.2  54.2  16.8        12.1  72.9   3.0 289.7            
      11 12  52.5  23.5  35.4  64.4  23.5        18.8  78.7   3.3 294.4            
      11 13  65.0  26.9  44.6  52.5  25.4        12.5  69.0   2.9 282.0            
      11 14  66.0  36.0  48.1  51.8  29.6        12.1  82.9   3.5 280.9            
      11 15  73.2  32.9  54.2  42.2  25.9        37.1 200.6   8.4 226.8            
      11 16  58.2  37.3  47.7  44.2  26.5        22.0 109.3   4.6 229.3            
      11 17  57.9  34.2  44.8  53.1  27.9        31.0 104.5   4.4 229.9            
      11 18  55.3  35.0  46.0  40.7  22.5  0.01  41.4 277.3  11.6 282.4            
      11 19  48.0  26.7  36.4  68.0  26.2  0.04  15.4  90.4   3.8 257.1            
      11 20  51.7  21.6  34.0  60.4  20.5        12.7  60.3   2.5 280.1            
      11 21  65.7  29.3  52.1  30.8  21.2  0.01  45.4 289.9  12.1 203.2            
      11 22  73.3  38.3  55.1  33.2  24.3  0.01  41.4 170.1   7.1 270.3            
      11 23  58.1  31.3  45.8  40.5  22.2        23.7 118.7   4.9 250.5            
      11 24  69.7  28.8  48.1  42.8  21.9        42.7 208.9   8.7 269.3            
      11 25  57.3  34.3  44.6  42.1  22.3  0.01  34.0 138.6   5.8 213.9            
      11 26  68.7  31.4  47.2  50.1  27.0         9.2  64.4   2.7 256.7            
      11 27  71.5  34.1  48.9  48.1  27.4  0.01   9.9  61.3   2.6 244.1            
      11 28  59.1  35.0  44.7  52.9  28.2        13.4  58.8   2.5 105.7            
      11 29  64.6  34.7  46.2  52.0  28.7        28.6 128.0   5.3 184.2            
      11 30  66.4  30.6  45.5  50.9  25.8        18.0 105.6   4.4 257.5            
      12  1  68.3  31.9  45.5  47.7  24.6         8.8  55.5   2.3 248.5            
      12  2  63.2  31.0  44.3  51.2  26.2        13.4  87.3   3.6 246.3            
      12  3  64.4  30.7  45.0  46.9  24.1        14.8  85.9   3.6 245.1            
      12  4  60.3  27.8  42.8  51.3  25.0        15.2  75.0   3.1 215.7            
      12  5  45.6  25.0  32.1  66.4  21.5        17.0 149.3   6.2 147.9            
      12  6  36.1  20.4  27.1  76.6  20.3  0.01  12.4  73.8   3.1 217.3            
      12  7  37.2  14.5  25.0  57.9  11.8        10.2  65.2   2.7 235.5            
      12  8  33.1  12.9  24.2  63.3  13.7         7.9  50.1   2.1  62.9            
      12  9  31.8  20.5  27.0  81.4  21.9  0.24  19.5 138.0   5.8  73.5            
      12 10  30.9   3.6  16.1  74.5   9.1  0.01   7.0  54.4   2.3 254.1            
      12 11  49.4  10.6  25.8  67.9  15.4         9.7  55.3   2.3 238.6            
      12 12  46.8  19.0  30.1  67.2  19.7        10.2  59.8   2.5 167.4            
      12 13  50.9  20.1  32.5  59.5  18.4         8.3  47.6   2.0 245.7            
      12 14  63.9  21.1  38.5  51.8  20.0        12.7  56.0   2.3 247.1            
      12 15  44.7  24.4  34.3  62.1  22.3        12.7  64.3   2.7 240.7            
      12 16  45.3  24.5  32.8  72.1  24.0        17.3  96.8   4.0 215.2            
      12 17  60.2  21.1  42.2  55.6  24.5        30.0 111.9   4.7 241.5            
      12 18  53.4   5.8  28.0  63.1  17.0  0.07  32.8 151.0   6.3 116.8            
      12 19   6.0  -1.3   2.4  70.5  -5.0  0.06  11.8 119.9   5.0 203.4            
      12 20   1.4  -3.0  -1.3  73.5  -7.6  0.28   9.9 107.8   4.5  53.1            
      12 21   6.5 -14.2  -3.4  68.3 -11.4  0.05   9.4  72.6   3.0  93.1            
      12 22  13.6 -15.8  -4.5  69.5 -11.6        11.0  59.7   2.5 137.9            
      12 23  12.3 -11.7  -1.2  68.9  -9.2         7.1  53.3   2.2 184.3            
      12 24  18.4  -9.3   5.4  68.2  -2.5        10.2  57.2   2.4 166.8            
      12 25  41.1   4.7  21.9  60.3  10.6        14.2  88.0   3.7 224.2            
      12 26  51.7  18.7  36.2  51.1  19.4        30.6 172.0   7.2 147.0            
      12 27  45.7  22.5  35.5  49.2  18.0        25.8 125.9   5.2 194.9            
      12 28  51.8  37.0  46.7  41.4  24.5  0.02  48.8 347.4  14.5 186.0            
      12 29  46.5  27.5  36.9  67.1  26.3        21.9  94.7   3.9 217.4            
      12 30  60.2  27.3  44.9  56.7  27.8        36.1 197.0   8.2 237.4            
      12 31  40.6  26.3  32.7  80.0  27.0         8.3  51.7   2.2 115.8            

      Total                               15.52                         43.19 34.89
        Max 101.3  64.1  83.6  94.7  61.4        48.8 347.4  14.5 746.0
        Min   1.4 -15.8  -4.5  16.0 -11.6         7.0  22.2   0.9  29.3
        Ave  64.0  37.2  50.0  55.6  31.7        20.4 105.7   4.4 377.0
