                                                                    07-JUN-99
      Telephone-linked Weather Station nr  LOVELAND, Colorado            1996
      -----------------------------------------------------------------------
               Temperature      Rel   Dew             Wind        Solar Alflf
            ----------------- Humid Point  Prec -----------------   Rad   ETR
       Date   Max   Min   Ave   Ave   Ave Total   Max Total   Ave Total Total
      MoDay     F     F     F     %     F  inch   mph miles   mph Langl  inch
      ----- ----- ----- ----- ----- ----- ----- ----- ----- ----- ----- -----
       1  1  31.9  15.4  24.9  76.8  18.8  0.05  24.6  91.1   3.8  87.6      
       1  2  23.9  14.3  19.2  65.4   9.5        19.5 132.6   5.5 214.1      
       1  3  53.9  14.9  35.4  61.8  23.0  0.01  46.0 177.6   7.4 189.5      
       1  4  38.7   9.3  21.8  80.9  17.2  0.23  15.2 105.0   4.4  86.9      
       1  5  15.6  -6.0   7.5  80.6   2.7  0.01   8.3  47.9   2.0 134.3      
       1  6  25.2 -11.6   6.3  75.4   1.3         5.5  26.3   1.1 261.2      
       1  7  38.1   8.6  22.7  71.0  14.4        11.3  46.9   2.0 240.6      
       1  8  59.9  17.7  40.6  53.1  24.6        32.2 161.4   6.7 236.6      
       1  9  49.9  28.0  36.7  66.1  26.0        12.4  51.9   2.2 222.5      
       1 10  54.4  24.9  37.6  66.9  26.8  0.01  45.5 183.5   7.6 169.9      
       1 11  46.7  18.8  31.3  72.4  23.0        10.4  59.7   2.5 178.5      
       1 12  66.1  22.0  40.6  55.4  25.1        11.1  82.8   3.5 254.5      
       1 13  71.0  24.2  44.3  48.6  26.2        15.9  70.1   2.9 245.7      
       1 14  60.4  23.5  39.7  52.8  23.7        16.1  77.0   3.2 259.2      
       1 15  62.9  23.3  42.3  54.3  26.1        46.5 158.1   6.6 230.6      
       1 16  58.7  35.3  48.9  43.3  27.7        34.4 172.2   7.2 235.8      
       1 17  41.6   9.1  24.1  63.2  14.1  0.01  40.5 197.9   8.2  88.6      
       1 18  19.7   1.4  10.7  64.9   1.0        17.5 117.2   4.9 268.2      
       1 19  46.5   5.9  25.8  57.9  13.5  0.01  35.4 137.0   5.7 262.2      
       1 20  44.4  22.0  36.5  45.2  17.5        38.7 296.0  12.3 269.4      
       1 21  52.1  25.3  41.6  43.0  21.0  0.01  54.5 382.4  15.9 272.1      
       1 22  38.8   7.7  20.3  77.2  13.9  0.04  20.1 114.9   4.8  50.5      
       1 23  34.4  -2.5  17.7  64.2   7.4  0.02  35.2 142.9   6.0 256.1      
       1 24  44.4  10.7  27.2  54.0  13.9        36.7 173.3   7.2 275.7      
       1 25  31.8  -7.2  15.2  78.0  10.4  0.35  15.5  89.9   3.7  63.4      
       1 26  25.4 -13.9   4.6  64.8  -3.8  0.01  24.0  75.2   3.1 230.7      
       1 27  28.1  -1.4  15.2  58.6   3.7        22.4  99.2   4.1 289.2      
       1 28  44.0  16.4  34.8  50.0  18.8        44.6 364.5  15.2 228.2      
       1 29  31.8   6.7  17.7  64.1   7.7        17.4 106.8   4.5 232.8      
       1 30   6.8  -0.3   3.0  76.1  -2.7  0.33   9.9  73.5   3.1  50.6      
       1 31  14.0  -0.5   6.5  77.4   0.9  0.06  11.5  43.1   1.8  34.9      
       2  1  13.9 -12.1   0.4  69.6  -7.4  0.01  18.8  56.4   2.4  65.1      
       2  2  -1.1 -19.7  -9.5  71.9 -16.0  0.01   9.3  36.1   1.5  74.9      
       2  3  14.5 -22.2  -4.3  67.5 -10.9        11.7  60.0   2.5 118.6      
       2  4  50.3  -9.1  17.7  62.8   9.7        34.4 108.9   4.5 219.5      
       2  5  47.9  23.1  36.4  63.9  25.0        25.6  71.7   3.0 315.2      
       2  6  53.1  29.0  41.2  58.8  27.4        25.9 123.4   5.1 223.5      
       2  7  59.7  30.4  46.9  55.5  31.6        33.0 133.1   5.5 229.5      
       2  8  61.7  33.9  46.0  59.4  32.3        21.2 100.6   4.2 275.5      
       2  9  67.4  29.4  47.1  55.5  31.0        20.1  82.4   3.4 200.4      
       2 10  57.0  20.1  33.0  68.0  23.2        14.8 103.6   4.3 145.9      
       2 11  51.9  17.5  31.4  61.0  18.9        12.7  78.8   3.3 339.6      
       2 12  59.7  20.6  37.8  49.3  20.4        13.0  81.6   3.4 365.2      
       2 13  63.1  25.0  43.0  42.2  21.9        11.0  81.3   3.4 325.3      
       2 14  51.8  28.3  39.2  59.8  26.2        15.1  86.2   3.6  84.0      
       2 15  45.9  20.1  30.9  68.6  21.4        21.6 128.2   5.3 329.7      
       2 16  59.1  14.5  35.1  58.8  21.6        12.9  57.1   2.4 373.1      
       2 17  60.6  23.8  44.3  49.8  27.0        20.8  96.7   4.0 325.1      
       2 18  60.4  37.7  50.7  46.9  31.1        29.2 187.6   7.8 261.7      
       2 19  59.6  39.6  50.4  46.2  30.3        37.6 296.1  12.3 337.9      
       2 20  56.5  31.7  43.6  61.8  31.4  0.08  29.3 124.8   5.2 225.7      
       2 21  60.8  36.2  46.3  73.3  37.3        22.2  88.7   3.7 284.5      
       2 22  65.7  32.4  43.1  60.7  30.0  0.02  42.5 231.0   9.6 253.2      
       2 23  51.3  27.4  40.5  42.6  19.8        38.4 245.2  10.2 410.0      
       2 24  65.1  25.9  44.6  38.0  20.9        27.8 121.4   5.1 407.0      
       2 25  54.9  19.4  35.3  51.9  19.5        19.9  98.9   4.1 406.5      
       2 26  21.5  16.5  18.5  85.7  14.8  0.13  13.9 118.5   4.9 124.3      
       2 27  17.7   7.2  12.9  76.7   7.3  0.03  13.8 106.8   4.5 217.7      
       2 28  17.3   3.7   8.4  73.0   1.4  0.01  10.2  96.1   4.0 325.2      
       2 29  40.2   3.4  21.1  60.7   9.5        24.4  99.8   4.2 441.1      
       3  1  45.1  21.4  34.1  48.6  17.2  0.01  41.3 214.5   8.9 300.2  0.05
       3  2  51.6  25.1  39.0  45.5  20.0        27.9 173.4   7.2 339.5  0.06
       3  3  59.9  19.2  39.7  54.1  23.4        18.9  96.3   4.0 397.7  0.08
       3  4  62.7  29.0  43.3  48.7  25.5        18.6  96.7   4.0 207.9  0.06
       3  5  52.3  15.7  28.9  70.7  20.2        26.8 121.4   5.1 364.9  0.09
       3  6  22.0   7.5  13.8  74.2   7.2  0.02  12.9 115.6   4.8 322.2  0.06
       3  7  31.0  10.4  18.9  66.6   9.2        17.0 117.4   4.9 345.5  0.06
       3  8  40.2  10.3  25.8  65.7  15.7        12.7  81.5   3.4 324.0  0.04
       3  9  63.7  18.0  39.5  59.5  25.2        13.2  86.2   3.6 467.4  0.07
       3 10  65.7  28.3  47.4  49.6  29.0        13.4  64.8   2.7 233.9  0.04
       3 11  69.0  32.5  52.8  41.1  29.9        24.3 111.1   4.6 343.4  0.08
       3 12  62.5  33.3  45.5  57.4  30.9        21.9  92.9   3.9 222.7  0.08
       3 13  57.2  27.4  39.5  78.9  32.5  0.55  35.3 158.3   6.6 321.4  0.10
       3 14  39.3  29.9  34.9  91.5  32.5  0.48  19.2 125.1   5.2 197.7  0.05
       3 15  53.1  28.2  41.8  68.9  31.6        16.1 126.0   5.3 503.2  0.10
       3 16  51.2  34.4  41.3  62.9  29.0  0.01  41.8 154.3   6.4 424.6  0.10
       3 17  44.0  30.0  35.8  71.1  26.9  0.01  30.5 176.5   7.4 261.9  0.07
       3 18  43.2  28.5  34.2  60.9  21.6  0.01  40.8 240.2  10.0 446.4  0.11
       3 19  47.0  19.5  33.5  54.7  19.0        18.9 114.1   4.8 533.1  0.11
       3 20  57.7  18.7  36.9  59.3  23.4        13.8 102.4   4.3 519.7  0.11
       3 21  56.6  30.8  43.3  57.1  29.0        27.8 118.8   5.0 487.5  0.10
       3 22  57.9  28.6  41.7  61.6  29.1        14.1 100.7   4.2 422.9  0.10
       3 23  57.4  21.4  37.5  75.1  29.4  0.28  30.0 192.0   8.0 401.4  0.11
       3 24  21.7   4.7  15.5  69.2   7.6  0.14  35.3 274.3  11.4 449.5  0.08
       3 25  21.1   1.8  11.4  66.9   2.5        15.3 135.4   5.6 543.4  0.08
       3 26  44.8   6.5  25.9  66.2  16.3         8.1  56.8   2.4 565.2  0.08
       3 27  55.8  24.1  37.8  61.1  24.4        13.8  65.8   2.7 386.2  0.06
       3 28  62.2  29.1  43.8  59.6  30.0        23.1 128.2   5.3 532.2  0.10
       3 29  53.9  32.1  39.4  78.7  32.7        26.0 121.9   5.1 310.2  0.08
       3 30  54.6  33.6  42.5  65.0  30.5        14.5 101.4   4.2 465.7  0.11
       3 31  62.0  27.7  45.6  53.3  29.0        14.2 103.6   4.3 507.2  0.12
       4  1  73.4  29.9  50.8  51.0  31.9        30.7 122.6   5.1 413.8  0.13
       4  2  75.4  35.0  57.6  39.8  32.6        34.5 169.7   7.1 506.0  0.16
       4  3  54.0  34.6  46.6  57.6  31.8  0.03  29.2 226.7   9.4 351.2  0.12
       4  4  40.7  30.5  34.5  87.9  31.1  0.29  16.2 114.8   4.8 139.6  0.06
       4  5  50.1  28.4  36.8  77.7  29.8  0.12  14.7  80.7   3.4 503.3  0.12
       4  6  66.1  28.5  49.2  54.4  31.7        15.1  90.4   3.8 586.0  0.14
       4  7  64.3  43.5  54.0  58.7  39.6  0.02  21.4 108.9   4.5 265.7  0.07
       4  8  73.6  39.9  57.2  60.0  41.6        14.4  88.3   3.7 492.2  0.13
       4  9  77.2  37.9  58.0  52.6  38.5        12.2  76.8   3.2 601.7  0.18
       4 10  81.4  41.2  60.9  46.5  38.4  0.01  23.0 105.3   4.4 491.7  0.17
       4 11  60.1  38.2  48.2  71.5  38.7  0.07  32.3 174.1   7.3 151.7  0.10
       4 12  62.2  34.6  47.6  66.0  35.5  0.02  19.7 127.5   5.3 474.9  0.15
       4 13  46.7  31.7  37.2  80.4  31.7  0.21  32.0 199.0   8.3 109.1  0.07
       4 14  51.4  30.0  41.6  53.9  26.2        35.7 307.8  12.8 608.6  0.18
       4 15  61.9  26.6  45.8  52.2  28.4        17.5 106.4   4.4 642.3  0.16
       4 16  73.8  34.9  55.2  47.1  33.8        27.8 123.7   5.2 574.3  0.16
       4 17  67.1  42.7  56.6  39.9  32.3        42.0 306.0  12.8 631.3  0.23
       4 18  66.5  31.8  49.2  47.2  29.9        31.1 149.4   6.2 416.2  0.16
       4 19  51.5  36.0  44.2  46.4  25.1  0.01  48.9 316.4  13.2 328.0  0.16
       4 20  55.9  24.4  41.3  51.5  24.8        23.2 130.0   5.4 400.4  0.14
       4 21  52.7  32.1  41.3  58.8  27.4        26.3 169.0   7.0 408.9  0.13
       4 22  58.0  26.2  42.5  66.3  30.3  0.01  17.3  74.3   3.1 478.1  0.12
       4 23  74.4  31.5  54.4  47.3  33.9        18.3  85.5   3.6 548.0  0.16
       4 24  84.7  53.1  70.4  32.3  38.4  0.01  66.2 355.9  14.8 517.3  0.26
       4 25  63.7  41.8  54.1  43.1  32.0        43.5 342.3  14.3 678.1  0.26
       4 26  72.0  39.7  56.6  40.1  32.8        43.7 236.7   9.9 608.7  0.25
       4 27  65.0  34.5  48.9  55.0  32.9  0.06  38.5 188.8   7.9 492.9  0.20
       4 28  48.8  32.5  39.1  54.8  24.1        32.9 298.8  12.4 408.0  0.17
       4 29  58.8  22.3  43.6  56.0  27.4        18.6 128.8   5.4 501.1  0.15
       4 30  56.0  35.0  45.7  66.8  34.8        24.5 111.6   4.7 324.2  0.10
       5  1  67.9  38.2  50.7  63.7  37.7        24.8 127.8   5.3 578.4  0.17
       5  2  74.4  43.2  57.4  49.4  37.9        30.4 162.1   6.8 634.6  0.22
       5  3  71.7  43.2  57.2  53.3  39.3        21.6 153.3   6.4 544.6  0.19
       5  4  74.1  40.6  57.1  51.8  39.2        22.2 120.6   5.0 616.2  0.21
       5  5  69.5  40.8  53.2  55.6  38.1        18.5 137.4   5.7 580.6  0.21
       5  6  70.5  44.3  56.9  66.6  44.9        20.3 146.5   6.1 533.9  0.19
       5  7  64.9  46.9  52.8  83.9  47.6        11.7  87.0   3.6 267.1  0.11
       5  8  78.5  43.7  60.5  61.4  44.8        29.1 149.7   6.2 616.4  0.23
       5  9  61.3  43.2  51.9  79.6  45.8  0.21  29.2 151.0   6.3 314.5  0.12
       5 10  60.9  37.3  48.4  82.1  43.0  0.01  14.3 102.8   4.3 339.1  0.12
       5 11  77.5  46.3  59.5  65.1  45.5        15.8  96.7   4.0 656.9  0.22
       5 12  72.6  44.1  58.9  63.8  45.8        22.0 122.0   5.1 554.6  0.18
       5 13  78.1  46.0  61.2  64.4  47.6        15.9  84.6   3.5 553.4  0.19
       5 14  87.5  45.4  69.7  44.4  43.5        30.8 104.6   4.4 467.1  0.21
       5 15  88.9  51.9  71.1  42.0  45.3        20.7 108.8   4.5 604.9  0.25
       5 16  93.0  54.1  73.4  44.9  48.9        29.0 141.0   5.9 675.4  0.30
       5 17  81.8  57.3  71.9  36.7  43.6        38.1 235.5   9.8 634.2  0.31
       5 18  89.9  50.4  67.9  43.0  43.1  0.01  34.9 181.4   7.6 656.5  0.34
       5 19  75.3  43.3  58.4  56.6  42.4        27.5 174.2   7.3 578.4  0.27
       5 20  68.3  45.0  56.0  61.9  41.9  0.02  17.6 100.3   4.2 500.8  0.21
       5 21  74.2  40.7  58.6  61.1  44.2        19.5  73.9   3.1 628.1  0.22
       5 22  81.8  49.6  65.3  54.3  47.1        24.5 126.4   5.3 565.4  0.23
       5 23  61.3  48.8  55.6  82.4  50.2  0.29  24.2 139.9   5.8 161.9  0.08
       5 24  53.3  48.3  51.1  93.7  49.3  0.54  13.9 110.0   4.6  98.4  0.05
       5 25  49.6  45.5  47.2  97.3  46.4  0.60  12.4  84.7   3.5 126.2  0.05
       5 26  48.9  43.2  45.6  94.2  44.0  1.02  18.0 141.3   5.9 159.8  0.06
       5 27  58.4  41.8  47.6  80.6  41.5        24.1 107.5   4.5 256.5  0.10
       5 28  46.7  38.8  42.8  91.1  40.4  0.01  13.3  83.2   3.5 117.7  0.04
       5 29  69.8  43.7  53.5  82.4  48.1  0.05  15.3  72.7   3.0 517.3  0.15
       5 30  73.2  49.9  60.3  73.7  51.1  0.01  19.8 123.3   5.1 501.4  0.17
       5 31  74.0  45.0  59.4  60.7  45.1        25.1  96.6   4.0 510.6  0.19
       6  1  73.6  45.0  60.2  58.5  43.7  0.05  20.8 107.6   4.5 686.4  0.24
       6  2  74.0  44.3  61.1  48.8  41.1  0.01  19.9 110.6   4.6 681.0  0.25
       6  3  78.9  47.0  63.3  55.1  45.5        15.1  82.0   3.4 685.2  0.25
       6  4  83.6  50.8  69.3  49.2  47.6        29.7 140.2   5.8 546.4  0.24
       6  5  84.3  52.8  70.4  44.4  46.8        27.8 105.6   4.4 544.8  0.24
       6  6  75.7  52.5  62.7  51.2  43.9  0.02  40.6 185.1   7.7 709.0  0.31
       6  7  76.4  43.7  61.0  60.4  45.7        12.8  73.3   3.1 736.0  0.27
       6  8  87.1  46.2  66.9  50.9  46.4        34.6  95.5   4.0 573.2  0.26
       6  9  87.6  53.0  71.3  46.3  48.6        38.4 135.2   5.6 522.2  0.26
       6 10  86.8  52.1  69.2  52.4  50.0  0.01  28.8  92.6   3.9 445.7  0.23
       6 11  86.3  54.6  69.0  51.1  49.1  0.01  31.2  94.5   3.9 483.1  0.25
       6 12  80.2  53.1  67.1  57.2  51.1        18.6 114.6   4.8 558.8  0.25
       6 13  83.1  52.4  67.4  62.8  53.3        14.8  91.2   3.8 595.1  0.25
       6 14  84.1  53.8  68.7  58.7  52.2        28.7  88.4   3.7 631.3  0.26
       6 15  67.1  54.6  60.3  84.5  55.5  0.62  18.9 138.9   5.8 125.3  0.09
       6 16  79.8  52.3  65.1  66.4  52.8  0.01  27.5  89.6   3.7 591.6  0.23
       6 17  86.4  49.9  69.2  59.9  52.9        19.0  83.9   3.5 696.3  0.27
       6 18  92.3  52.8  73.1  49.5  49.9        23.4 114.0   4.8 748.0  0.32
       6 19  89.0  52.8  72.7  42.3  47.6        17.2 103.3   4.3 704.0  0.31
       6 20  81.5  54.0  69.0  66.6  57.1        27.2 101.0   4.2 530.3  0.22
       6 21  78.1  56.5  65.5  71.9  55.7  0.48  21.5 129.6   5.4 354.5  0.19
       6 22  77.8  57.0  64.7  77.2  56.5  0.17  39.2 129.8   5.4 425.5  0.21
       6 23  81.4  50.0  66.8  60.0  51.8        19.1  89.6   3.7 732.0  0.27
       6 24  86.2  56.2  70.5  65.5  57.7        24.6 113.5   4.7 599.4  0.25
       6 25  88.6  54.5  72.8  50.3  52.1        22.7 117.0   4.9 684.0  0.29
       6 26  90.2  53.6  71.3  56.3  53.6  0.01  34.5 107.7   4.5 653.9  0.30
       6 27  86.0  59.7  71.2  64.4  58.0  0.02  15.6  94.0   3.9 437.8  0.22
       6 28  83.0  57.2  66.7  75.1  57.7  0.15  30.5  99.4   4.1 413.1  0.21
       6 29  81.6  50.7  68.3  62.3  53.5        17.0  90.9   3.8 722.0  0.27
       6 30  86.8  54.0  71.3  54.3  53.7  0.01  15.3 103.6   4.3 682.4  0.28
       7  1  91.5  53.8  75.1  53.2  54.0        14.3  85.7   3.6 668.6  0.28
       7  2  95.8  57.2  78.1  42.3  50.9        12.1  80.9   3.4 719.0  0.31
       7  3  96.5  59.9  78.4  42.0  51.2        27.2 103.4   4.3 551.6  0.30
       7  4  93.4  62.0  77.2  46.5  54.2        23.0 106.2   4.4 511.6  0.29
       7  5  92.9  63.1  78.5  50.6  57.3  0.01  38.3 134.8   5.6 589.4  0.30
       7  6  85.7  58.3  70.6  67.5  58.8  0.33  37.0 114.1   4.8 667.5  0.29
       7  7  86.6  55.6  71.8  66.9  59.5        14.0  88.0   3.7 698.0  0.28
       7  8  72.9  62.1  65.9  62.7  52.9        18.9 139.6   5.8 356.8  0.20
       7  9  68.7  58.1  62.4  93.7  60.4  0.70  17.2 155.2   6.5 184.3  0.09
       7 10  82.6  56.3  67.1  76.8  58.5        15.1  87.4   3.6 581.6  0.23
       7 11  89.3  56.4  73.6  60.8  56.8        18.2  87.8   3.7 721.0  0.27
       7 12  76.2  62.2  69.1  73.8  60.1        13.5  85.6   3.6 447.1  0.17
       7 13  79.1  58.2  67.4  79.6  60.4  0.06  30.5 128.0   5.3 532.8  0.21
       7 14  80.2  52.4  66.7  64.7  52.5        24.9  98.2   4.1 726.0  0.28
       7 15  87.2  52.3  70.0  60.4  54.4        21.2  85.4   3.6 509.5  0.23
       7 16  88.5  62.5  75.1  55.1  56.8        28.0 124.4   5.2 572.6  0.26
       7 17  92.9  61.5  76.7  52.5  56.4        28.7 144.4   6.0 607.5  0.30
       7 18  84.3  59.4  71.7  62.0  57.2        22.3  77.2   3.2 309.3  0.17
       7 19  89.3  58.0  73.3  63.9  58.7  0.02  37.3  98.8   4.1 583.5  0.26
       7 20  92.8  61.0  77.5  51.9  54.8        20.2  86.0   3.6 686.0  0.29
       7 21  92.1  57.5  76.9  40.1  48.6        14.7  99.0   4.1 728.0  0.31
       7 22  81.8  55.1  71.3  53.0  53.4        17.0  98.2   4.1 706.0  0.28
       7 23  83.8  56.4  67.8  70.9  57.1  0.82  32.7 102.5   4.3 454.3  0.23
       7 24  77.1  56.5  67.6  64.0  54.5        16.7 129.4   5.4 641.5  0.25
       7 25  81.1  58.2  67.5  72.9  58.0  0.04  21.2 120.4   5.0 422.9  0.20
       7 26  83.1  53.0  66.5  69.2  55.1        22.9 115.7   4.8 478.1  0.22
       7 27  87.0  55.0  70.3  61.7  55.2        26.2  91.8   3.8 574.3  0.24
       7 28  85.8  61.1  70.6  65.3  57.9  0.09  27.3 136.4   5.7 550.6  0.25
       7 29  73.0  61.0  65.5  81.7  59.4  0.30  16.5  93.7   3.9 256.0  0.12
       7 30  81.6  57.4  69.6  72.3  59.5  0.01  23.5  88.5   3.7 586.7  0.22
       7 31  83.2  55.5  71.0  69.4  59.7  0.06  24.1 100.9   4.2 653.5  0.23
       8  1  86.1  55.9  71.4  67.4  58.6  0.01  12.1  80.5   3.4 662.3  0.24
       8  2  88.5  61.3  75.0  61.1  59.5  0.01  35.2 125.4   5.2 506.2  0.23
       8  3  86.1  57.2  72.5  59.0  56.3        44.8 127.9   5.3 481.4  0.23
       8  4  88.8  54.5  71.4  54.6  53.2        21.4 127.5   5.3 532.8  0.26
       8  5  90.2  52.5  70.9  52.2  50.4        19.1 102.5   4.3 675.8  0.29
       8  6  88.0  55.8  70.3  47.1  49.0  0.02  27.2 127.8   5.3 572.0  0.28
       8  7  79.5  48.7  65.8  54.1  48.1        13.0  82.8   3.5 638.2  0.24
       8  8  86.8  51.5  69.1  59.8  54.1        17.1 109.6   4.6 587.2  0.24
       8  9  87.8  59.2  69.9  61.7  54.8  0.01  45.5 143.5   6.0 438.6  0.24
       8 10  89.9  56.2  70.6  56.9  53.0        39.5 104.7   4.4 558.5  0.25
       8 11  89.6  52.3  71.3  50.7  50.9        11.5  84.3   3.5 657.8  0.26
       8 12  97.4  51.9  74.2  45.7  49.5        12.9  77.7   3.2 582.6  0.26
       8 13  93.4  58.5  75.5  43.0  50.6        20.4  81.2   3.4 470.4  0.22
       8 14  76.8  59.3  68.6  65.2  56.5        18.3 102.0   4.3 273.6  0.14
       8 15  81.0  53.1  66.7  71.3  56.6  0.06  31.0 105.1   4.4 384.1  0.18
       8 16  84.1  55.3  70.2  56.4  52.1  0.01  19.0 108.4   4.5 641.3  0.25
       8 17  87.7  48.9  69.5  55.3  50.9        13.7  69.7   2.9 631.5  0.23
       8 18  87.5  54.2  70.3  59.9  54.9        26.0 126.9   5.3 449.7  0.22
       8 19  73.3  53.7  64.6  67.2  53.3        17.7 100.7   4.2 455.0  0.17
       8 20  86.1  49.3  67.1  62.9  52.3        28.1  85.5   3.6 539.2  0.22
       8 21  87.6  54.9  69.6  58.5  53.8  0.01  25.4 108.6   4.5 360.0  0.18
       8 22  78.8  57.1  66.8  66.7  55.3  0.14  19.9 123.6   5.2 398.4  0.17
       8 23  82.3  52.6  65.4  74.8  56.3  0.01  25.4 103.1   4.3 496.6  0.20
       8 24  84.6  51.5  67.6  67.1  54.8        10.9  87.4   3.6 604.6  0.22
       8 25  85.8  54.5  71.3  56.6  53.2  0.07  27.6 104.8   4.4 601.5  0.22
       8 26  82.2  54.6  69.6  58.7  53.3        14.8  87.9   3.7 582.9  0.21
       8 27  77.4  55.5  64.5  75.5  56.1  0.04  20.8  88.1   3.7 291.0  0.14
       8 28  78.9  54.0  65.2  74.3  56.1  0.21  23.2 114.2   4.8 331.7  0.15
       8 29  80.1  51.4  63.8  77.3  56.2  0.11  33.8 141.7   5.9 466.4  0.19
       8 30  73.5  52.5  61.8  77.6  54.0        12.6  74.7   3.1 499.4  0.16
       8 31  85.2  49.8  66.7  66.4  53.0        13.7  75.1   3.1 576.0  0.20
       9  1  89.5  48.7  70.1  51.1  48.1        25.3  96.9   4.0 519.2  0.20
       9  2  85.6  49.8  67.7  54.7  49.4        19.5 105.3   4.4 418.6  0.18
       9  3  90.6  49.7  70.5  47.5  47.3        19.9  87.7   3.7 566.1  0.22
       9  4  91.8  48.5  70.0  50.0  48.7        21.4  82.9   3.5 502.1  0.21
       9  5  89.5  51.0  69.4  54.4  50.8  0.02  31.0  98.9   4.1 473.4  0.20
       9  6  64.1  53.4  57.9  85.1  53.4  0.19  19.5  92.0   3.8 155.3  0.09
       9  7  77.2  50.6  61.4  69.4  49.8        15.2  93.2   3.9 541.5  0.19
       9  8  84.1  46.7  65.0  53.8  45.9        12.6  78.0   3.3 449.5  0.17
       9  9  86.6  48.5  67.2  51.4  46.8        20.4  73.2   3.0 476.7  0.17
       9 10  88.7  51.0  70.2  45.8  46.7        14.8  71.2   3.0 516.1  0.18
       9 11  72.6  55.5  63.0  68.7  52.6  0.02  17.6 113.2   4.7 396.3  0.15
       9 12  69.9  55.6  60.8  76.1  53.0  0.01  25.7  97.2   4.0 214.8  0.10
       9 13  72.0  51.5  60.0  81.5  53.8  0.01  14.2 107.0   4.5 330.4  0.13
       9 14  67.2  48.9  57.4  85.0  52.6  1.16  31.7  90.9   3.8 306.5  0.10
       9 15  72.4  51.6  60.0  78.3  52.3  0.03  13.0  66.7   2.8 448.4  0.13
       9 16  75.1  50.0  60.0  77.3  52.1        13.7 100.2   4.2 414.6  0.14
       9 17  63.4  46.4  54.5  74.8  46.3  0.11  21.0 104.4   4.3 190.2  0.08
       9 18  60.7  41.9  48.9  79.1  42.1  0.45  34.0 134.0   5.6 376.8  0.13
       9 19  64.1  37.9  51.3  61.1  37.0        22.1 101.8   4.2 416.8  0.13
       9 20  66.4  41.6  52.0  61.8  38.6        23.8  85.0   3.5 331.8  0.11
       9 21  79.5  39.1  57.6  55.9  40.4        20.1  83.2   3.5 502.6  0.15
       9 22  80.4  42.2  59.6  59.9  44.4        27.2 107.9   4.5 330.4  0.13
       9 23  60.6  45.3  52.4  68.6  42.2  0.06  14.8  93.4   3.9 287.3  0.10
       9 24  68.0  45.0  54.2  80.4  47.7  0.06  30.5  89.4   3.7 321.4  0.11
       9 25  65.8  33.5  48.7  79.9  42.9  0.25  28.6 160.1   6.7 176.3  0.09
       9 26  47.0  31.6  37.6  79.8  31.4  0.26  21.1 130.9   5.5 225.2  0.08
       9 27  57.0  24.8  41.8  64.7  29.9  0.13  20.9 102.1   4.3 453.9  0.11
       9 28  74.2  42.9  59.0  52.3  40.9        17.0  92.7   3.9 473.7  0.11
       9 29  79.7  42.2  59.5  56.6  42.7        11.0  66.5   2.8 485.5  0.12
       9 30  84.0  45.3  62.5  54.7  44.0        11.1  71.2   3.0 423.3  0.13
      10  1  84.1  45.5  64.4  46.4  41.9        34.8 111.3   4.6 396.3  0.15
      10  2  59.1  44.8  50.1  68.7  40.1        24.1 119.5   5.0 235.4  0.11
      10  3  68.5  43.8  53.7  69.1  44.0        18.0 104.3   4.3 344.0  0.12
      10  4  75.0  44.6  58.7  71.2  47.8        13.1  63.8   2.7 428.9  0.12
      10  5  79.9  44.9  61.3  60.9  45.5        11.8  68.9   2.9 446.8  0.12
      10  6  71.3  44.7  58.8  56.5  42.8        11.6  76.7   3.2 423.7  0.12
      10  7  70.2  44.3  54.3  72.3  44.6        14.2  84.7   3.5 427.7  0.13
      10  8  76.3  40.3  57.1  60.9  41.3        12.4  69.6   2.9 435.2  0.13
      10  9  72.4  40.5  54.9  59.0  39.4        10.9  64.7   2.7 426.1  0.12
      10 10  78.4  37.6  55.9  60.4  41.5        10.3  70.9   3.0 421.1  0.12
      10 11  88.5  46.3  66.0  43.1  41.4        15.2  88.6   3.7 429.8  0.14
      10 12  83.5  45.1  63.1  45.3  40.6        16.7  92.9   3.9 421.7  0.14
      10 13  82.5  44.4  61.5  48.9  40.4        10.0  74.0   3.1 421.5  0.14
      10 14  77.1  44.8  60.2  48.0  39.7        20.8 111.8   4.7 294.0  0.13
      10 15  73.6  41.7  54.2  51.4  36.2        12.7  71.2   3.0 337.5  0.12
      10 16  61.8  35.6  47.2  61.8  34.2  0.02  41.6 125.0   5.2 212.3  0.10
      10 17  50.0  28.5  40.2  48.3  21.9  0.01  39.7 227.7   9.5 373.7  0.13
      10 18  71.4  21.7  43.8  56.5  28.4        14.8  78.2   3.3 386.8  0.11
      10 19  74.1  37.3  54.1  49.4  35.0        31.4 150.2   6.3 301.0  0.11
      10 20  47.9  31.9  39.7  63.4  28.0  0.11  25.8 171.8   7.2 253.6  0.08
      10 21  45.6  22.7  33.5  55.4  19.0        25.1 129.4   5.4 321.2  0.09
      10 22  60.6  18.0  38.9  53.8  24.0        14.6  81.1   3.4 333.8  0.08
      10 23  55.1  35.6  45.7  50.9  28.4        16.5  89.5   3.7 205.7  0.05
      10 24  57.6  27.6  44.6  55.7  29.5        29.5  98.8   4.1 196.2  0.05
      10 25  57.0  35.7  47.3  53.8  31.4        22.0 149.7   6.2 222.5  0.07
      10 26  49.0  33.2  40.2  64.0  29.0  0.32  39.2 272.9  11.4 223.0  0.10
      10 27  48.2  28.5  36.3  72.3  27.9        15.2 100.4   4.2 326.6  0.07
      10 28  61.3  26.5  42.9  68.8  32.3        13.2  72.3   3.0 345.6  0.07
      10 29  60.9  37.8  50.2  48.5  31.4        49.5 266.3  11.1 280.2  0.10
      10 30  37.8  27.5  34.3  79.8  28.7        12.4  87.9   3.7  92.3  0.03
      10 31  32.8  27.8  29.8  92.2  27.8  0.02   9.4  75.6   3.1  37.1  0.03
      11  1  53.0  24.6  37.1  77.2  29.9  0.01  12.1  90.3   3.8 284.0      
      11  2  61.6  24.0  41.1  66.7  29.7         9.1  61.7   2.6 339.1      
      11  3  59.5  29.5  47.0  57.8  32.3  0.01  23.5  88.6   3.7 205.1      
      11  4  63.8  33.7  49.3  56.7  33.4        19.4  96.5   4.0 335.0      
      11  5  58.4  26.6  39.8  61.6  27.3  0.01  32.0 131.5   5.5 268.1      
      11  6  46.6  24.8  34.3  54.2  19.6        15.9 109.7   4.6 206.2      
      11  7  49.7  25.0  36.7  54.5  21.6  0.01  42.1 248.0  10.3 317.6      
      11  8  52.8  19.6  35.0  60.8  22.5        14.2  96.4   4.0 294.3      
      11  9  62.9  27.3  43.2  58.6  29.0        13.0  73.8   3.1 285.6      
      11 10  71.9  24.7  44.8  55.9  28.8        16.4  71.8   3.0 262.1      
      11 11  54.2  26.4  37.7  59.3  24.6        11.3  74.2   3.1 305.2      
      11 12  65.4  18.3  40.6  60.1  27.0        12.7  74.6   3.1 294.3      
      11 13  48.7  27.4  38.7  65.7  27.5        10.7  74.6   3.1 189.6      
      11 14  32.7  26.2  29.0  91.8  26.9        10.6  72.5   3.0  60.7      
      11 15  33.3   6.7  30.7  95.5  29.9  0.40   8.4  36.1   1.5  34.9      
      11 16  28.2   3.5  17.0  84.0  13.9  0.14   7.5  19.3   0.8  90.3      
      11 17  32.1   2.6  18.1  78.5  12.9        12.9  67.1   2.8 168.0      
      11 18  45.6  18.9  32.4  78.1  26.3        17.5  71.9   3.0 244.2      
      11 19  72.6  34.7  52.7  54.8  35.9        29.2 153.4   6.4 263.7      
      11 20  68.1  30.4  55.1  48.0  34.8  0.01  44.6 230.6   9.6 284.8      
      11 21  42.3  28.0  31.7  90.1  29.0         7.9  50.1   2.1 128.2      
      11 22  53.2  29.7  38.3  82.4  32.8        14.8  77.0   3.2 237.5      
      11 23  33.8  22.5  27.3  93.4  25.9  0.01  11.7  83.9   3.5  49.7      
      11 24  41.5  19.6  28.2  84.6  23.8        11.4  68.3   2.8 225.7      
      11 25  53.7  26.4  37.9  66.1  26.3        13.5 100.2   4.2 267.0      
      11 26  34.4  26.1  30.7  81.5  25.6  0.04  18.2  85.2   3.5 103.2      
      11 27  40.9  15.8  26.5  81.4  21.0  0.01  10.2  63.8   2.7 237.3      
      11 28  55.1  19.2  33.7  67.5  23.1        10.3  59.0   2.5 266.4      
      11 29  44.0  24.4  31.7  69.9  22.7  0.03  21.4 131.0   5.5 196.2      
      11 30  34.7  18.4  26.2  79.5  20.5  0.02  15.6 101.1   4.2 239.9      
      12  1  51.7  15.8  33.7  57.0  20.2  0.02  41.1 161.3   6.7 176.9      
      12  2  40.5  19.8  32.8  49.2  16.0  0.01  52.8 263.3  11.0 257.8      
      12  3  46.2  13.3  28.5  50.2  13.2        38.5 136.0   5.7 250.6      
      12  4  37.6  16.1  27.6  48.5  11.1        30.9 181.5   7.6 258.9      
      12  5  55.3  19.2  40.2  50.6  24.1        62.4 268.4  11.2 140.4      
      12  6  41.9  23.7  32.7  57.6  19.3        23.4  88.3   3.7 116.8      
      12  7  49.5  23.8  37.0  48.0  19.3        29.4 163.3   6.8 254.6      
      12  8  59.9  23.1  41.9  49.6  25.6        19.7 125.2   5.2 164.7      
      12  9  60.9  35.6  46.9  48.2  28.5        13.3  77.5   3.2 146.4      
      12 10  60.9  32.5  48.8  48.8  30.5        40.0 213.8   8.9 153.8      
      12 11  55.6  33.1  43.8  51.2  27.1  0.01  39.1 153.1   6.4 190.3      
      12 12  59.8  23.9  40.2  59.1  26.8        25.2 103.8   4.3 223.6      
      12 13  52.1  26.2  38.1  70.4  28.8        17.2 108.6   4.5 212.0      
      12 14  41.5  25.1  33.8  51.5  17.8        44.7 344.8  14.4 233.9      
      12 15  42.6  11.4  29.0  52.3  13.6        24.5 112.5   4.7 230.7      
      12 16  35.9   7.8  23.1  61.5  11.8  0.07  40.5 156.3   6.5  50.5      
      12 17  16.8  -2.6  11.0  51.4  -3.1        34.8 277.3  11.6 165.4      
      12 18  23.7  -0.7  10.8  51.6  -2.5        34.4 233.2   9.7 247.2      
      12 19  30.5   1.2  15.3  66.1   6.2        11.5  71.4   3.0 138.6      
      12 20  48.7  10.3  32.2  59.7  19.5        46.5 267.7  11.2 150.0      
      12 21  46.3  26.3  36.4  51.9  20.7        30.9 116.5   4.9  96.4      
      12 22  49.8  18.2  27.9  77.2  20.9        19.0 111.3   4.6 176.7      
      12 23  33.1  14.6  20.8  74.0  13.4        28.6 112.2   4.7 170.1      
      12 24  47.1  19.5  34.6  49.1  17.7        27.4 183.1   7.6 232.9      
      12 25  56.4   7.9  31.5  57.1  19.0        43.1 207.7   8.7 219.3      
      12 26  32.4   5.1  16.7  62.5   6.2        14.0 102.0   4.3 197.2      
      12 27  59.6  22.6  45.4  47.2  26.7        44.3 211.4   8.8 217.6      
      12 28  55.2  31.9  44.3  45.5  24.7        40.8 239.4  10.0 234.4      
      12 29  64.8  29.0  44.1  47.3  25.9        25.1 114.7   4.8 204.8      
      12 30  52.3  32.5  42.0  56.3  27.6        15.2  89.2   3.7  82.0      
      12 31  56.5  26.3  41.2  60.2  28.3        15.3  77.5   3.2 133.4      

      Total                               15.35                         41.78
        Max  97.4  63.1  78.5  97.3  60.4        66.2 382.4  15.9 748.0
        Min  -1.1 -22.2  -9.5  32.3 -16.0         5.5  19.3   0.8  34.9
        Ave  63.5  35.1  48.9  61.7  35.1        23.2 120.6   5.0 379.9
