                                                                    10-JAN-01
      Telephone-linked Weather Station nr  LOVELAND, Colorado            2000
      -----------------------------------------------------------------------------
               Temperature      Rel   Dew             Wind        Solar StandrdASCE
            ----------------- Humid Point  Prec -----------------   Rad   ETr   ETo
       Date   Max   Min   Ave   Ave   Ave Total   Max Total   Ave Total Alflf Grass
      MoDay     F     F     F     %     F  inch   mph miles   mph Langl  inch  inch
      ----- ----- ----- ----- ----- ----- ----- ----- ----- ----- ----- ----- -----
       1  1  54.2  21.9  36.7  46.6  18.1        15.3  80.9   3.4 178.0            
       1  2  45.8  19.5  32.1  65.8  21.1        28.6 131.9   5.5 183.5            
       1  3  33.2  10.2  25.6  51.1   9.9        26.4 198.6   8.3 149.6            
       1  4  44.0   8.5  26.0  54.1  11.7        16.1  79.8   3.3 220.6            
       1  5  46.9  19.3  36.3  40.1  14.5        28.8 179.5   7.5 233.4            
       1  6  42.2  11.4  24.7  47.1   7.8        12.4  77.1   3.2 233.1            
       1  7  36.9  15.4  27.2  52.0  12.4        10.4  58.7   2.4  60.1            
       1  8  48.7  16.9  33.9  47.3  15.4        26.9  98.3   4.1 219.3            
       1  9  46.3  29.9  37.4  39.0  14.6  0.01  38.2 171.7   7.2 222.5            
       1 10  45.8  22.0  35.0  54.8  19.9        32.1 136.5   5.7 153.3            
       1 11  61.4  16.8  41.1  51.8  20.6        49.3 241.4  10.1 186.9            
       1 12  53.7  24.9  42.0  47.6  23.1        31.2 195.7   8.2 176.7            
       1 13  43.3  20.8  30.9  60.6  18.4        13.4  86.2   3.6 212.5            
       1 14  60.5  23.3  36.9  53.1  20.2        18.4  80.5   3.4 194.5            
       1 15  57.5  27.9  41.2  40.3  18.6        18.2  81.0   3.4 151.6            
       1 16  38.8  25.3  32.1  56.7  18.2        21.0  85.4   3.6 134.7            
       1 17  60.8  28.6  44.3  50.8  26.7        21.0  75.9   3.2 187.2            
       1 18  50.2  27.1  38.6  69.0  28.9        16.2  90.6   3.8 116.3            
       1 19  56.6  21.0  40.2  63.2  27.4  0.01  37.7 159.1   6.6 212.9            
       1 20  51.3  17.7  31.9  64.0  19.9        11.4  59.6   2.5 229.2            
       1 21  53.4  25.2  36.4  65.8  25.8        24.9  84.9   3.5 139.3            
       1 22  49.8  23.1  35.5  54.0  19.7        28.6 112.7   4.7 270.6            
       1 23  46.4  16.5  31.1  50.4  14.3        22.9 109.4   4.6 272.3            
       1 24  53.7  19.7  35.9  48.0  18.5        27.3 105.2   4.4 137.3            
       1 25  32.5  22.3  27.6  62.5  16.3         7.1  43.2   1.8  93.5            
       1 26  46.5  22.4  31.6  72.2  23.3  0.03  10.5  62.7   2.6 184.5            
       1 27  34.5  17.4  28.2  82.9  23.9  0.04  13.2  78.4   3.3  84.6            
       1 28  35.0  13.0  23.4  70.1  14.9        14.0  74.8   3.1 219.9            
       1 29  34.5  14.3  23.0  72.2  14.6        12.9  80.1   3.3 232.8            
       1 30  40.1  10.2  23.4  63.9  12.1        12.2  66.2   2.8 288.5            
       1 31  45.7  12.3  26.8  54.7  11.6        12.7  62.1   2.6 299.6            
       2  1  49.8  16.7  31.1  49.7  13.8        12.6  69.8   2.9 289.3            
       2  2  71.1  23.7  46.8  35.6  18.6        30.8 110.2   4.6 201.6            
       2  3  61.9  27.5  37.2  53.4  20.9        30.5 170.8   7.1 203.3            
       2  4  41.2  14.5  28.5  57.2  14.7        15.5  93.3   3.9 292.2            
       2  5  53.2  17.1  35.3  48.3  17.3         9.4  57.7   2.4 195.9            
       2  6  60.3  23.2  39.2  44.7  18.6        18.4  97.9   4.1 260.4            
       2  7  56.8  22.9  37.8  48.7  19.2        11.5  78.5   3.3 313.8            
       2  8  63.5  24.4  41.1  43.8  19.5        14.4  76.4   3.2 223.6            
       2  9  56.9  31.1  42.1  40.3  19.7        15.7  72.3   3.0  68.3            
       2 10  46.8  28.5  38.3  59.8  25.1  0.05  14.5  96.9   4.0 256.9            
       2 11  28.5  21.1  24.1  84.6  20.2  0.09  11.9  91.6   3.8 161.8            
       2 12  41.0  20.1  27.7  87.1  24.1  0.02  11.9  85.1   3.5 123.5            
       2 13  49.5  24.3  33.3  68.6  22.6  0.04  35.0 161.7   6.7 277.1            
       2 14  64.0  25.0  45.1  48.3  25.5        36.5 202.3   8.4 327.0            
       2 15  55.5  32.2  46.6  39.4  22.7  0.01  48.0 234.0   9.8 347.5            
       2 16  49.8  27.2  38.5  49.7  21.3        16.7 134.9   5.6 306.0            
       2 17  37.5  22.7  30.0  84.8  26.2  0.05  21.0 150.9   6.3  66.7            
       2 18  37.5  19.4  26.7  71.4  18.3        12.4  91.7   3.8 336.7            
       2 19  49.7  16.3  30.7  69.6  20.7        12.4  55.3   2.3 366.1            
       2 20  46.3  18.2  30.7  67.1  20.7  0.01   7.8  54.9   2.3 153.9            
       2 21  68.3  29.0  47.7  43.9  24.7        15.0  95.7   4.0 345.1            
       2 22  61.1  31.9  45.8  52.1  28.5  0.02  32.7 203.4   8.5 216.1            
       2 23  62.5  34.3  48.9  43.9  27.0        19.6 115.8   4.8 385.8            
       2 24  57.3  29.2  42.8  55.8  27.2        13.1  85.8   3.6 280.3            
       2 25  46.9  35.8  40.4  39.0  17.4        36.7 250.0  10.4 312.2            
       2 26  54.8  27.6  40.6  37.0  16.1        29.7 131.2   5.5 377.5            
       2 27  62.6  23.5  40.8  44.5  20.2        11.3  70.7   2.9 341.2            
       2 28  69.0  24.5  46.1  47.3  23.9        32.0 142.4   5.9 402.3            
       2 29  59.3  35.5  46.2  42.7  24.2        21.2 160.8   6.7 407.4            
       3  1  57.9  26.2  42.6  47.3  23.2        14.5  80.9   3.4 277.3  0.10  0.07
       3  2  45.7  35.9  40.1  68.7  30.0        15.9 107.9   4.5 180.9  0.07  0.05
       3  3  59.3  24.1  41.8  62.6  27.3        13.1  83.0   3.5 425.9  0.11  0.09
       3  4  67.0  26.8  46.4  48.1  24.3        13.9  71.2   3.0 433.0  0.13  0.10
       3  5  65.0  31.0  49.0  44.0  26.8  0.01  40.4 119.8   5.0 323.8  0.15  0.11
       3  6  62.1  38.1  50.6  33.8  22.6  0.02  35.6 187.1   7.8 380.6  0.20  0.13
       3  7  58.9  33.2  45.5  49.7  27.9  0.01  43.5 165.9   6.9 284.2  0.14  0.10
       3  8  58.7  29.2  46.7  40.0  22.3        38.5 250.0  10.4 378.7  0.19  0.13
       3  9  35.0  27.4  31.1  81.7  26.3  0.01  12.9 101.9   4.2 130.0  0.04  0.03
       3 10  47.9  25.2  36.2  67.9  25.8        31.6 137.4   5.7 300.2  0.09  0.07
       3 11  57.4  19.1  38.8  55.3  21.8        34.2 128.4   5.3 472.4  0.14  0.10
       3 12  50.2  27.9  38.5  53.9  22.9        18.9 119.2   5.0 375.5  0.11  0.08
       3 13  56.0  20.3  39.6  54.1  22.5        16.3  78.7   3.3 446.7  0.11  0.09
       3 14  60.9  24.5  44.7  50.2  25.5        31.0 134.3   5.6 312.3  0.14  0.10
       3 15  51.1  24.6  34.4  82.7  28.7  0.51  19.2 131.5   5.5  49.5  0.07  0.05
       3 16  40.4  23.1  29.7  76.5  22.4  0.11  12.7  97.9   4.1 465.8  0.08  0.07
       3 17  48.2  20.8  33.7  68.9  23.7        15.2  67.9   2.8 404.3  0.08  0.07
       3 18  44.9  25.9  36.4  52.4  20.4        28.5 234.1   9.8 377.7  0.12  0.09
       3 19  64.3  22.0  42.1  54.5  25.7        17.1  84.9   3.5 444.6  0.14  0.11
       3 20  47.8  26.3  31.3  78.1  25.0  0.14  28.8 253.4  10.6 145.9  0.11  0.07
       3 21  36.7  26.1  31.2  77.0  24.7  0.05  14.0  94.5   3.9 217.6  0.05  0.04
       3 22  48.8  27.9  37.8  75.4  30.2  0.02  16.8  79.8   3.3 289.6  0.07  0.06
       3 23  65.6  28.6  46.7  59.8  30.5        17.2  86.1   3.6 479.3  0.15  0.12
       3 24  61.7  33.8  48.7  45.0  27.5        26.2 124.7   5.2 389.5  0.16  0.12
       3 25  64.3  28.4  46.5  51.6  28.0        14.0  85.3   3.6 326.3  0.13  0.10
       3 26  66.4  36.8  52.2  45.3  30.7  0.01  33.7 159.6   6.7 384.6  0.19  0.14
       3 27  70.3  30.0  50.0  50.3  28.7        15.9  84.3   3.5 545.7  0.18  0.14
       3 28  61.5  36.3  47.1  48.8  28.4        19.9 119.7   5.0 323.5  0.15  0.11
       3 29  60.3  35.9  47.0  57.9  30.7        17.5 101.0   4.2 504.2  0.15  0.12
       3 30  40.5  32.4  35.2  87.6  31.8  0.15  25.4 183.4   7.6  86.6  0.05  0.04
       3 31  35.6  30.1  32.4  86.2  28.6  0.08  17.0 104.4   4.3 174.6  0.04  0.04
       4  1  50.9  27.0  38.3  58.8  23.8        19.0 106.0   4.4 567.5  0.13  0.11
       4  2  48.4  29.8  35.2  71.1  26.5        31.0 137.4   5.7 162.9  0.09  0.06
       4  3  45.0  24.1  34.7  53.7  19.7        20.5 172.0   7.2 575.1  0.13  0.10
       4  4  78.6  26.3  53.7  43.8  25.1        28.6 129.6   5.4 593.5  0.26  0.19
       4  5  75.7  49.0  66.5  20.1  23.4  0.01  40.7 230.4   9.6 553.4  0.33  0.23
       4  6  75.4  33.4  55.3  36.7  26.8        37.9 189.0   7.9 486.2  0.28  0.20
       4  7  59.9  32.6  44.0  43.6  22.4        41.6 358.4  14.9 585.3  0.27  0.19
       4  8  68.6  23.4  45.4  44.0  22.5        14.8  73.9   3.1 596.5  0.18  0.14
       4  9  77.1  33.2  55.5  36.7  26.3        23.9 135.3   5.6 518.1  0.26  0.19
       4 10  64.5  38.5  53.6  40.4  28.9        28.4 197.1   8.2 489.2  0.22  0.16
       4 11  64.8  37.5  49.5  50.1  31.1        17.1 114.1   4.8 585.1  0.19  0.15
       4 12  75.3  32.2  53.9  45.0  28.6        24.1 114.0   4.8 444.0  0.22  0.16
       4 13  78.8  41.3  61.5  28.2  25.7        22.2 128.6   5.4 477.1  0.26  0.19
       4 14  76.2  35.6  54.2  42.5  29.8        29.7 117.7   4.9 376.2  0.22  0.16
       4 15  35.7  27.1  30.7  85.8  27.0  0.14  12.8  86.2   3.6  99.1  0.04  0.03
       4 16  62.9  27.2  43.3  67.5  32.1        14.6 115.3   4.8 566.7  0.17  0.13
       4 17  77.6  35.9  57.3  46.3  32.5        21.9 127.3   5.3 623.8  0.26  0.20
       4 18  80.3  40.4  57.7  34.2  27.7  0.01  34.1 184.3   7.7 468.9  0.32  0.22
       4 19  54.2  45.3  50.0  33.6  22.6  0.01  42.5 258.6  10.8 132.6  0.20  0.13
       4 20  70.4  35.3  54.2  42.3  30.3        23.5 139.9   5.8 631.9  0.24  0.18
       4 21  75.8  34.8  58.1  37.8  29.9        15.8 111.4   4.6 542.6  0.23  0.18
       4 22  71.8  44.0  55.8  52.7  37.5  0.34  36.4 176.1   7.3 252.4  0.21  0.14
       4 23  65.6  46.4  54.6  67.6  43.4  0.09  21.2 139.1   5.8 367.8  0.16  0.12
       4 24  63.1  39.3  49.8  60.5  35.3  0.03  36.8 169.0   7.0 412.6  0.18  0.14
       4 25  66.9  32.4  51.1  45.7  29.1        18.1 113.9   4.7 617.8  0.21  0.16
       4 26  79.7  36.7  58.6  41.3  31.4        31.2 102.9   4.3 605.1  0.25  0.20
       4 27  66.7  43.7  54.7  47.6  34.0        13.4  75.0   3.1 639.9  0.19  0.17
       4 28  70.3  38.3  53.7  48.5  34.5        16.9 123.4   5.1 558.6  0.21  0.17
       4 29  73.6  44.0  54.8  62.2  41.4  0.09  36.5 216.3   9.0 401.7  0.25  0.18
       4 30  54.8  35.6  47.1  57.9  32.6        25.9 203.2   8.5 325.4  0.14  0.11
       5  1  70.6  32.5  52.4  49.4  30.7        12.5  87.6   3.6 673.9  0.21  0.18
       5  2  76.7  37.4  58.7  49.5  36.2        18.1  93.3   3.9 675.8  0.24  0.19
       5  3  81.9  43.3  63.9  43.3  37.7        27.0 101.5   4.2 671.1  0.27  0.21
       5  4  91.0  45.3  69.5  36.1  33.4        22.1 122.5   5.1 685.1  0.34  0.26
       5  5  90.8  45.3  70.5  32.8  33.6        20.5  99.8   4.2 692.3  0.31  0.24
       5  6  81.0  49.6  65.8  45.2  41.9        16.7 122.5   5.1 584.0  0.26  0.21
       5  7  81.7  53.0  64.8  53.4  45.4        29.5 142.4   5.9 428.3  0.25  0.19
       5  8  58.9  40.7  44.5  85.7  40.2  0.17  22.1 111.3   4.6 118.0  0.09  0.06
       5  9  73.0  35.7  54.2  60.7  37.2  0.01  19.3 103.7   4.3 615.9  0.22  0.18
       5 10  76.7  46.0  61.2  53.1  42.6        23.2 157.5   6.6 675.3  0.27  0.22
       5 11  66.9  40.5  52.2  65.9  40.5  0.08  23.0 181.7   7.6 413.0  0.19  0.14
       5 12  56.7  35.3  46.6  39.5  22.9  0.05  42.7 264.2  11.0 678.4  0.24  0.18
       5 13  65.7  26.3  47.5  43.5  24.0        15.7  86.8   3.6 618.8  0.19  0.16
       5 14  69.8  37.5  56.0  37.7  29.4        17.4  82.5   3.4 560.6  0.20  0.16
       5 15  84.7  43.1  65.0  31.5  29.7        26.8 133.0   5.5 592.5  0.31  0.23
       5 16  83.3  45.9  64.9  39.5  38.5        14.8 105.4   4.4 665.4  0.28  0.22
       5 17  62.2  44.5  52.6  75.8  45.8  0.64  44.7 257.9  10.7  51.4  0.10  0.07
       5 18  55.2  42.7  48.5  63.1  36.3        28.1 126.4   5.3 373.7  0.13  0.11
       5 19  69.8  36.2  55.0  60.1  39.1        14.3  88.9   3.7 679.0  0.20  0.18
       5 20  68.2  46.3  58.3  57.6  42.6  0.04  23.8 116.5   4.9 466.8  0.18  0.15
       5 21  79.4  41.2  61.7  54.0  40.6        18.4  83.0   3.5 628.4  0.23  0.19
       5 22  84.7  53.8  71.9  33.2  38.9  0.01  23.5 127.7   5.3 559.1  0.29  0.22
       5 23  92.6  54.6  75.4  31.7  39.1        20.5 114.8   4.8 715.0  0.34  0.27
       5 24  75.2  52.7  64.3  55.9  47.1  0.28  22.4  97.9   4.1 435.8  0.19  0.16
       5 25  77.7  51.5  60.8  77.2  52.2  0.14  27.9  94.7   3.9 524.2  0.20  0.17
       5 26  74.5  50.8  62.8  61.2  47.8  0.01  25.1 110.2   4.6 365.3  0.18  0.14
       5 27  79.8  44.5  63.5  53.8  42.6  0.01  17.2 107.7   4.5 722.0  0.27  0.22
       5 28  91.5  49.8  72.0  37.1  40.9  0.06  39.7 146.6   6.1 500.0  0.33  0.24
       5 29  97.8  60.7  79.6  26.9  38.7        32.4 173.0   7.2 690.6  0.45  0.33
       5 30  75.1  55.5  64.8  63.3  51.5        24.0 107.6   4.5 359.3  0.17  0.14
       5 31  76.9  53.3  63.3  75.1  54.1  0.01  17.5  99.9   4.2 537.2  0.20  0.17
       6  1  69.9  47.3  60.1  42.3  36.5  0.01  27.2 155.7   6.5 707.0  0.27  0.22
       6  2  80.5  47.8  63.5  48.4  42.8        17.8 114.2   4.8 658.2  0.27  0.22
       6  3  91.4  48.6  74.3  34.0  37.0        27.4 130.3   5.4 665.5  0.34  0.26
       6  4  74.2  57.3  65.9  50.0  46.3        27.7 127.1   5.3 361.5  0.20  0.16
       6  5  79.8  46.1  63.0  56.1  45.6        14.8 107.2   4.5 680.9  0.26  0.21
       6  6  94.8  51.6  73.8  37.8  40.5        30.3 116.1   4.8 597.8  0.34  0.26
       6  7  96.9  57.5  75.2  19.3  28.0        17.5 109.0   4.5 743.0  0.39  0.29
       6  8  97.6  55.7  75.1  29.4  37.4        53.8 103.5   4.3 620.8  0.35  0.26
       6  9  88.2  56.3  74.3  31.1  39.5        27.0 148.2   6.2 559.5  0.33  0.25
       6 10  82.3  50.8  67.1  36.5  37.8        21.4 130.4   5.4 720.0  0.32  0.25
       6 11  88.7  49.5  70.0  41.6  41.7        16.1 105.0   4.4 640.3  0.30  0.24
       6 12  92.8  46.8  71.9  36.5  37.5        23.3 113.9   4.7 609.7  0.33  0.25
       6 13  82.1  55.4  69.2  31.0  35.9  0.01  40.5 260.7  10.9 582.7  0.41  0.29
       6 14  81.1  43.3  64.9  45.8  40.2        15.2 112.6   4.7 630.5  0.27  0.21
       6 15  89.9  51.7  65.4  44.1  40.0        32.9 172.2   7.2 481.2  0.37  0.26
       6 16  54.7  47.4  50.2  67.1  39.6        15.7 101.3   4.2 135.5  0.09  0.07
       6 17  63.9  41.5  51.8  74.2  42.8  0.67  16.8 109.3   4.6 623.9  0.18  0.16
       6 18  83.6  42.7  63.2  57.8  45.2  0.02  31.0 101.2   4.2 628.4  0.26  0.21
       6 19  79.6  52.9  67.8  45.3  44.7  0.01  36.3 181.0   7.5 322.0  0.25  0.18
       6 20  82.7  50.5  66.3  41.2  38.8        27.0 162.6   6.8 753.0  0.35  0.27
       6 21  81.8  43.9  64.1  47.2  39.2        13.4  91.9   3.8 741.0  0.28  0.23
       6 22  91.5  50.7  71.7  38.2  40.4        13.7  75.8   3.2 639.1  0.28  0.23
       6 23  90.7  59.8  74.7  32.2  40.3        24.6 130.7   5.4 529.6  0.33  0.25
       6 24  91.8  52.9  74.1  34.5  41.0        20.8 102.4   4.3 577.3  0.30  0.23
       6 25  79.6  54.7  63.8  66.9  51.8  0.18  24.0  86.2   3.6 303.1  0.16  0.13
       6 26  57.5  51.8  55.0  92.2  52.7  0.18  13.6  77.4   3.2  86.9  0.04  0.04
       6 27  69.4  53.7  59.9  80.0  53.3  0.13  28.1 117.1   4.9 394.4  0.15  0.13
       6 28  70.6  48.3  60.5  70.6  50.2        14.0  91.2   3.8 481.0  0.16  0.15
       6 29  91.2  49.7  70.2  53.8  46.6  0.01  24.4  98.7   4.1 584.9  0.29  0.23
       6 30  90.3  53.9  71.8  54.0  49.9        24.1  78.5   3.3 699.5  0.28  0.24
       7  1  89.2  55.5  73.9  36.9  41.4  0.02  20.6 118.0   4.9 502.6  0.29  0.22
       7  2  92.8  57.9  75.9  29.9  35.2        26.0 134.8   5.6 660.4  0.37  0.28
       7  3  88.8  62.3  74.8  42.7  46.9        15.8 109.3   4.6 500.6  0.28  0.22
       7  4  93.0  55.8  78.0  20.3  28.4        18.3 113.8   4.7 744.0  0.36  0.28
       7  5  90.2  61.8  77.6  30.3  41.2        18.4 107.1   4.5 665.4  0.32  0.25
       7  6  97.2  60.9  80.7  35.0  44.1  0.01  18.2 112.6   4.7 687.8  0.35  0.28
       7  7  94.0  62.9  79.8  16.4  27.6        23.0  95.3   4.0 538.0  0.31  0.23
       7  8  91.0  63.5  77.9  27.4  37.8        25.4 113.2   4.7 418.3  0.29  0.22
       7  9  89.6  65.9  77.9  31.5  41.7  0.06  24.3 107.5   4.5 545.9  0.30  0.23
       7 10  90.0  61.3  75.0  46.9  49.6  0.02  28.7 102.8   4.3 610.8  0.29  0.24
       7 11  92.2  60.1  77.7  37.9  43.1        17.2 116.4   4.8 585.7  0.32  0.25
       7 12  90.1  64.6  75.0  38.4  46.6        34.0 142.7   5.9 544.2  0.34  0.25
       7 13  93.1  56.8  74.8  46.9  48.3  0.01  15.9  74.4   3.1 584.1  0.27  0.22
       7 14  96.8  61.9  78.8  34.6  44.0        11.5  68.3   2.8 454.5  0.25  0.20
       7 15  94.3  63.0  80.0  26.0  37.2        28.5 130.9   5.5 384.3  0.32  0.23
       7 16  84.0  60.7  72.9  55.5  54.6  0.69  17.2 112.9   4.7 384.2  0.21  0.17
       7 17  74.3  58.8  65.4  82.6  59.7  0.08  18.9  93.2   3.9 242.7  0.11  0.10
       7 18  92.9  56.5  73.4  50.6  50.1  0.01  15.2  94.2   3.9 593.6  0.29  0.23
       7 19  86.8  58.1  72.6  49.9  50.0  0.01  12.9  97.7   4.1 578.7  0.26  0.21
       7 20  85.0  59.6  72.0  44.1  47.9        17.4 106.4   4.4 604.1  0.28  0.22
       7 21  84.6  56.8  71.2  53.3  51.2  0.01  16.1  82.7   3.4 545.4  0.23  0.19
       7 22  86.6  55.4  71.0  50.1  48.6        12.9  78.0   3.3 568.7  0.24  0.20
       7 23  95.8  54.8  75.5  36.4  39.8  0.01  27.8  97.7   4.1 568.3  0.31  0.24
       7 24  95.3  62.3  78.4  21.3  31.1  0.01  33.0 124.2   5.2 400.5  0.33  0.23
       7 25  92.5  57.5  75.9  30.5  38.6        15.3  98.3   4.1 561.8  0.30  0.23
       7 26  93.8  61.1  76.9  30.2  38.4        22.4 102.0   4.3 485.5  0.30  0.22
       7 27  93.4  61.6  76.0  35.8  44.3  0.01  21.1 107.1   4.5 416.1  0.28  0.21
       7 28  87.2  61.9  73.9  46.6  50.6        16.6  84.7   3.5 507.3  0.24  0.20
       7 29  89.6  58.2  73.6  46.4  47.3        12.6  76.0   3.2 601.2  0.26  0.21
       7 30  88.6  57.3  73.5  40.3  44.6        17.5  70.7   2.9 623.6  0.25  0.21
       7 31  88.8  55.5  72.9  39.9  43.0        12.3  75.0   3.1 596.4  0.25  0.21
       8  1  94.9  56.8  75.7  33.9  39.6  0.03  53.0  97.3   4.1 514.0  0.29  0.22
       8  2  89.8  63.9  78.5  32.0  43.5        21.0 119.6   5.0 403.3  0.27  0.20
       8  3  89.2  63.8  76.5  45.5  52.3        16.8 101.2   4.2 365.1  0.23  0.18
       8  4  92.4  62.8  73.2  55.4  54.2  0.11  23.5  99.6   4.2 433.9  0.26  0.20
       8  5  92.6  62.7  76.0  43.5  48.5  0.02  35.7 141.2   5.9 478.4  0.32  0.24
       8  6  88.6  52.5  72.9  40.1  42.8        18.0  93.2   3.9 645.7  0.28  0.22
       8  7  93.3  54.3  74.8  36.6  40.3        32.5  77.1   3.2 463.6  0.24  0.19
       8  8  96.7  63.2  79.4  23.8  34.2        17.3  88.4   3.7 628.6  0.31  0.24
       8  9  94.4  59.0  77.1  32.9  43.7        14.0  83.8   3.5 616.1  0.28  0.23
       8 10  86.8  59.1  73.2  51.1  52.5        12.2  85.3   3.6 551.4  0.24  0.20
       8 11  95.3  61.1  78.3  39.2  47.6  0.01  33.5 111.6   4.7 451.7  0.29  0.21
       8 12  82.2  65.9  73.5  44.0  49.6  0.01  14.9  85.8   3.6 314.0  0.19  0.15
       8 13  90.5  58.1  74.7  41.4  46.5        19.6  90.5   3.8 492.6  0.25  0.20
       8 14  96.0  58.4  79.0  29.6  38.7        15.1  86.1   3.6 520.2  0.27  0.21
       8 15  91.5  64.5  77.2  37.7  47.9        28.7 138.7   5.8 544.6  0.32  0.24
       8 16  87.7  64.7  72.4  56.0  55.0        20.5 132.7   5.5 333.8  0.24  0.18
       8 17  76.0  61.6  66.8  62.0  52.8  0.05  15.5 113.6   4.7 337.2  0.18  0.14
       8 18  78.2  57.7  66.3  71.3  56.0  0.01  15.9 105.6   4.4 375.0  0.17  0.14
       8 19  89.8  56.4  73.0  48.5  48.1        15.7  88.3   3.7 541.3  0.25  0.20
       8 20  87.7  57.8  71.8  43.1  46.3  0.01  31.4 112.8   4.7 348.6  0.24  0.17
       8 21  78.2  56.3  67.4  53.5  49.9        20.8 121.4   5.1 539.0  0.22  0.18
       8 22  87.2  55.6  68.9  54.1  48.7  0.03  32.6 113.3   4.7 399.4  0.24  0.18
       8 23  87.2  54.4  70.9  44.5  44.9        14.6  94.9   4.0 533.8  0.25  0.19
       8 24  91.2  54.2  72.1  44.0  45.3  0.01  21.9  73.3   3.1 452.2  0.22  0.17
       8 25  90.6  57.8  72.3  48.3  49.6  0.01  27.9 123.9   5.2 403.6  0.26  0.19
       8 26  85.7  56.8  71.7  49.9  50.0        28.6 101.2   4.2 428.4  0.22  0.17
       8 27  86.9  58.2  69.9  62.7  54.2  0.24  26.2  92.7   3.9 422.5  0.21  0.17
       8 28  84.7  57.9  69.3  63.8  54.8  0.03  26.4 104.1   4.3 363.6  0.19  0.15
       8 29  84.4  59.0  69.7  63.3  55.3  0.03  20.2 121.0   5.0 463.9  0.22  0.18
       8 30  84.4  56.4  69.4  56.1  51.4  0.01  24.7 104.7   4.4 364.5  0.20  0.15
       8 31  70.9  51.8  61.8  68.0  50.8  0.02  15.7  99.1   4.1 381.8  0.14  0.12
       9  1  81.7  53.5  65.3  70.3  53.8  0.06  27.3  88.0   3.7 389.9  0.17  0.14
       9  2  83.8  54.4  68.3  51.4  47.1        18.0 115.1   4.8 549.8  0.25  0.19
       9  3  86.7  55.5  70.8  35.4  39.3  0.01  20.0 114.3   4.8 518.3  0.27  0.20
       9  4  89.9  53.0  72.2  39.6  42.7        16.9  96.1   4.0 517.2  0.25  0.19
       9  5  92.5  57.7  71.0  51.8  50.1        28.9 136.2   5.7 455.8  0.29  0.21
       9  6  92.6  55.8  71.6  46.0  44.0        34.3 154.7   6.4 467.0  0.33  0.23
       9  7  79.3  47.4  62.8  49.7  41.7        20.2 122.2   5.1 526.3  0.23  0.18
       9  8  84.8  55.6  67.1  51.6  47.0  0.12  38.9 105.1   4.4 394.5  0.22  0.16
       9  9  86.3  57.3  72.7  31.3  38.1  0.02  27.9 187.1   7.8 435.2  0.33  0.22
       9 10  89.7  50.4  70.0  32.3  35.3        19.6 124.0   5.2 502.9  0.29  0.21
       9 11  78.0  52.6  65.4  35.0  36.0        13.5  85.8   3.6 413.9  0.19  0.15
       9 12  84.9  45.8  64.9  45.4  39.7        13.1  74.8   3.1 521.6  0.21  0.16
       9 13  89.5  50.6  70.6  34.7  36.7        15.1  76.6   3.2 495.0  0.22  0.17
       9 14  84.6  50.2  67.0  40.1  40.3        13.9  95.1   4.0 498.7  0.22  0.17
       9 15  91.5  47.3  70.0  40.4  40.8        12.2  86.8   3.6 496.8  0.23  0.18
       9 16  95.7  54.6  74.6  28.4  33.7        18.2  80.3   3.3 511.9  0.25  0.18
       9 17  92.9  54.8  74.2  28.9  35.4        27.5  95.2   4.0 397.4  0.24  0.17
       9 18  83.1  59.4  70.6  37.4  41.8        17.3  69.7   2.9 349.0  0.17  0.13
       9 19  74.7  46.4  63.8  51.7  44.2  0.35  24.7 120.9   5.0 388.6  0.17  0.13
       9 20  58.4  44.1  49.8  72.4  40.6  0.14  20.0 135.6   5.7 405.6  0.12  0.10
       9 21  76.8  40.3  53.3  74.7  44.7  0.08  22.6 114.9   4.8 308.1  0.17  0.12
       9 22  48.1  32.2  39.4  94.9  38.4  0.20  17.2 143.4   6.0  90.6  0.04  0.03
       9 23  39.6  32.0  34.4  96.5  33.6  0.47  14.8  76.4   3.2 104.5  0.03  0.03
       9 24  44.0  29.4  34.8  84.2  30.1  0.41  11.0  58.8   2.5 333.4  0.06  0.06
       9 25  65.5  29.3  45.6  66.5  32.1        14.0  75.8   3.2 488.0  0.13  0.11
       9 26  71.1  34.5  52.5  61.5  36.4        11.8  62.6   2.6 474.5  0.14  0.11
       9 27  75.3  41.0  56.8  53.8  36.9        10.4  74.1   3.1 469.9  0.16  0.12
       9 28  79.8  41.1  59.9  52.5  38.0        13.1  73.1   3.0 448.8  0.17  0.13
       9 29  80.1  52.0  63.5  51.3  43.6        28.1 101.4   4.2 261.2  0.17  0.12
       9 30  79.2  50.6  63.4  52.1  43.3        21.3  82.2   3.4 347.0  0.16  0.12
      10  1  86.5  53.0  70.5  33.0  37.1        26.0 154.1   6.4 443.3  0.28  0.19
      10  2  74.5  44.3  60.0  59.9  44.7        22.8  89.5   3.7 387.0  0.14  0.11
      10  3  72.8  48.5  57.5  65.6  45.5  0.07  21.9  95.1   4.0 216.2  0.13  0.09
      10  4  59.9  44.7  51.5  86.4  47.3        21.0  82.6   3.4 197.7  0.06  0.06
      10  5  52.0  32.7  40.3  93.9  39.0  0.06  21.7 134.1   5.6  75.7  0.05  0.04
      10  6  36.7  30.6  33.6  89.4  30.8  0.01  11.5  97.4   4.1  98.2  0.03  0.03
      10  7  42.1  34.4  38.2  82.1  33.0        10.7  74.0   3.1  84.1  0.04  0.03
      10  8  53.9  30.5  41.0  75.4  32.9  0.01  11.3  73.7   3.1 412.6  0.08  0.07
      10  9  61.4  26.1  42.9  75.6  34.4        11.6  52.8   2.2 410.0  0.09  0.07
      10 10  70.7  31.0  50.3  64.2  35.8  0.01  10.7  63.0   2.6 394.8  0.12  0.09
      10 11  72.2  37.2  54.2  59.4  38.4        13.5  82.8   3.5 399.3  0.13  0.10
      10 12  68.3  42.6  56.0  56.7  39.2  0.02  23.4  85.8   3.6 374.5  0.12  0.09
      10 13  66.4  37.1  52.7  55.7  35.3  0.02  25.7 104.0   4.3 379.1  0.13  0.10
      10 14  58.2  32.6  45.7  64.6  33.4        16.4  88.7   3.7 235.7  0.09  0.06
      10 15  62.7  32.4  45.6  63.0  31.8        12.6  72.5   3.0 386.8  0.10  0.08
      10 16  67.2  33.8  49.3  55.7  31.8        16.1  81.8   3.4 376.2  0.12  0.09
      10 17  70.1  37.0  51.3  49.3  30.6        10.7  66.9   2.8 378.1  0.12  0.09
      10 18  76.0  37.2  54.6  50.7  33.7        10.7  63.5   2.6 377.2  0.13  0.09
      10 19  74.3  39.5  56.0  43.0  32.0        12.5  70.7   2.9 315.8  0.13  0.09
      10 20  64.4  34.7  50.8  55.5  34.2        15.9  69.2   2.9 357.5  0.10  0.07
      10 21  71.8  32.4  50.8  57.7  33.5        17.0  63.5   2.6 345.2  0.11  0.08
      10 22  52.3  41.1  45.2  85.8  40.9  0.10  24.4 161.5   6.7  34.2  0.06  0.04
      10 23  48.6  40.6  44.6  90.4  41.9  0.01   9.8  71.9   3.0  87.5  0.03  0.03
      10 24  61.3  41.5  50.1  84.4  45.0        12.8  93.2   3.9 212.8  0.07  0.05
      10 25  64.5  34.6  48.0  66.2  35.0        15.0  70.5   2.9 324.6  0.09  0.07
      10 26  64.2  33.7  48.0  58.6  31.9  0.01  13.2  60.2   2.5 342.6  0.09  0.07
      10 27  59.4  33.7  47.1  73.2  38.6  0.04  12.9  70.9   3.0 287.0  0.07  0.05
      10 28  58.2  42.4  49.9  86.3  45.6        13.1  98.5   4.1 138.5  0.05  0.04
      10 29  68.8  39.7  53.4  64.7  39.7        21.0 109.2   4.5 308.9  0.12  0.08
      10 30  60.6  37.8  47.5  63.0  35.1  0.01  17.5  97.7   4.1 267.0  0.09  0.07
      10 31  46.9  35.0  41.8  89.6  39.0  0.27  17.2 101.2   4.2  48.2  0.03  0.02
      11  1  57.2  34.5  44.0  56.3  28.6  0.04  41.6 184.2   7.7 293.2            
      11  2  47.8  31.5  37.7  63.5  25.8  0.01  19.1  92.3   3.8 246.9            
      11  3  46.9  28.8  36.4  72.6  27.9  0.01  12.6  69.1   2.9 249.5            
      11  4  57.1  23.4  37.8  66.8  26.1         9.9  60.6   2.5 318.2            
      11  5  41.9  31.0  35.6  84.8  31.4  0.22  22.1 106.8   4.5  46.3            
      11  6  32.8  23.1  28.7  73.9  21.2  0.01  22.6 115.2   4.8 109.1            
      11  7  38.4  21.6  31.0  60.6  18.4        24.8 132.3   5.5 193.5            
      11  8  44.5  21.5  32.9  60.0  19.7        15.9 108.9   4.5 299.1            
      11  9  44.9  24.8  33.1  57.5  19.6  0.01  20.8 135.1   5.6 278.4            
      11 10  28.6  20.5  23.7  77.6  17.7  0.01  17.6 128.9   5.4  89.5            
      11 11  21.6  11.2  17.4  85.6  14.0  0.15  14.8 119.2   5.0 121.3            
      11 12  27.9   1.8  13.7  77.7   7.7        14.2  63.0   2.6 272.6            
      11 13  32.3   6.8  17.8  72.4   9.7        10.1  49.6   2.1 278.2            
      11 14  34.5   8.6  21.1  71.6  12.6         8.8  54.1   2.3 277.2            
      11 15  41.4  13.0  26.9  61.9  15.0        33.3 111.8   4.7 207.4            
      11 16  32.4  12.9  21.4  70.6  12.8        14.9 106.1   4.4 268.2            
      11 17  31.5   9.1  20.4  74.4  13.1        22.2 111.5   4.6 167.1            
      11 18  43.4   7.4  24.4  67.5  14.8        11.3  77.0   3.2 242.4            
      11 19  40.1  17.6  28.5  63.7  17.4        17.3  92.3   3.8 270.8            
      11 20  43.5  14.1  27.4  67.9  17.7        11.0  86.0   3.6 263.1            
      11 21  53.3  20.4  34.8  51.3  17.9        10.8  71.5   3.0 238.8            
      11 22  56.3  26.3  36.7  53.3  20.4        10.2  55.4   2.3 222.3            
      11 23  49.5  23.0  33.4  55.3  18.6         8.7  71.9   3.0 231.5            
      11 24  55.2  19.8  35.4  52.5  18.4        24.0  83.7   3.5 254.9            
      11 25  46.0  22.2  32.9  61.5  20.6        14.7  87.1   3.6 240.0            
      11 26  50.0  20.6  30.0  69.0  20.7        10.3  53.2   2.2  97.6            
      11 27  49.7  25.8  34.7  66.1  23.9        14.0  71.3   3.0 218.8            
      11 28  41.7  21.3  34.3  59.6  21.6        24.3 167.2   7.0 213.5            
      11 29  39.0  16.1  25.9  67.5  15.9        15.6  61.1   2.5 209.5            
      11 30  51.9  19.7  36.3  50.7  18.6        39.7 204.8   8.5 232.3            
      12  1  44.1  18.3  29.7  52.6  14.3        12.6  84.4   3.5 235.7            
      12  2  44.6  14.6  27.1  64.8  16.1        12.2  54.3   2.3 229.9            
      12  3  61.1  16.5  33.4  58.9  19.1        12.6  66.8   2.8 169.0            
      12  4  42.7  21.5  29.9  62.3  18.0        15.9  83.5   3.5 226.4            
      12  5  44.0  20.0  29.1  69.8  20.2        38.6 121.6   5.1  83.7            
      12  6  55.0  15.3  32.5  62.2  19.5        14.0  93.0   3.9 221.0            
      12  7  51.2  26.8  37.7  58.9  24.3        18.8  73.0   3.0  67.4            
      12  8  39.6  27.5  32.8  78.8  26.7        10.7  71.4   3.0 144.2            
      12  9  53.9  27.0  39.8  61.3  26.1        29.1 127.1   5.3 151.3            
      12 10  35.7   5.6  18.0  85.4  14.4  0.02  19.5 121.6   5.1  27.0            
      12 11  12.7  -0.8   5.8  74.0  -0.8  0.08  11.0  83.4   3.5 159.5            
      12 12  21.8   0.6  11.9  74.1   5.2        10.2  67.8   2.8 182.8            
      12 13  24.8   4.4  14.9  79.8   9.7        10.0  51.2   2.1 146.7            
      12 14  48.0  10.9  29.5  64.2  18.1        32.5 152.5   6.4 180.3            
      12 15  49.8  24.0  35.1  49.2  17.8        43.8 194.3   8.1 161.2            
      12 16  33.3  12.6  19.6  60.8   8.0        23.5 119.8   5.0 204.9            
      12 17  54.9  12.7  29.8  55.2  15.1        50.2 259.1  10.8 184.0            
      12 18  39.4  12.4  29.6  42.1   9.6        40.3 238.3   9.9 219.4            
      12 19  51.8  12.9  32.7  42.2  10.6        37.0 160.3   6.7 186.0            
      12 20  43.8   7.7  24.8  66.8  14.1  0.01  35.6 195.8   8.2 149.0            
      12 21  31.6   3.7  16.1  71.8   8.1         8.2  47.1   2.0 212.7            
      12 22  54.6  11.7  33.2  53.9  15.9        32.4 142.8   6.0 219.8            
      12 23  45.9  18.0  29.8  71.6  20.7        10.7  60.8   2.5 211.3            
      12 24  37.8  14.6  25.0  76.6  18.4        10.8  63.8   2.7 155.5            
      12 25  28.0  15.9  22.4  90.6  20.3  0.04  11.1  59.0   2.5  59.1            
      12 26  41.7   8.1  22.6  80.7  17.1  0.01  10.7  63.0   2.6 211.9            
      12 27  56.7  16.3  35.7  62.7  22.9        14.1  70.1   2.9 221.5            
      12 28  40.3  22.3  33.2  64.8  22.4        16.2  98.6   4.1 141.0            
      12 29  41.6  13.9  27.2  66.3  16.4        14.5  89.0   3.7 244.7            
      12 30  35.5  14.4  25.4  76.4  18.9  0.01   9.2  62.0   2.6  85.5            
      12 31  35.6  10.4  23.0  96.0  22.3  0.15   7.8  44.0   1.8 133.0            

      Total                                9.81                         50.59 38.95
        Max  97.8  65.9  80.7  96.5  59.7        53.8 358.4  14.9 753.0
        Min  12.7  -0.8   5.8  16.4  -0.8         7.1  43.2   1.8  27.0
        Ave  65.5  36.8  50.6  54.8  31.8        21.2 111.4   4.6 371.5
