                                                                    10-JAN-01
      Cellular-linked Weather Station near LONGMONT (South), Color       2000
      -----------------------------------------------------------------------------
               Temperature      Rel   Dew             Wind        Solar StandrdASCE
            ----------------- Humid Point  Prec -----------------   Rad   ETr   ETo
       Date   Max   Min   Ave   Ave   Ave Total   Max Total   Ave Total Alflf Grass
      MoDay     F     F     F     %     F  inch   mph miles   mph Langl  inch  inch
      ----- ----- ----- ----- ----- ----- ----- ----- ----- ----- ----- ----- -----
       1  1  52.7  21.5  37.8  49.4  19.2        14.0  95.5   4.0 183.6            
       1  2  43.8  18.8  32.0  74.9  24.3  0.02  26.5 127.8   5.3 203.5            
       1  3  31.2  10.1  24.3  59.3  12.2        25.4 141.6   5.9 160.2            
       1  4  51.0   7.8  27.3  59.4  14.6        20.1  82.1   3.4 229.5            
       1  5  45.2  25.0  34.1  42.4  12.0  0.02  40.7 201.9   8.4 244.4            
       1  6  41.4  10.1  26.6  45.8   6.3        12.9  92.1   3.8 254.0            
       1  7  46.6  12.8  29.4  51.4  12.6        19.4  72.2   3.0  78.5            
       1  8  51.3  17.1  35.1  42.5  11.7        39.3 171.9   7.2 229.6            
       1  9  44.3  30.1  37.2  30.7   8.8        44.5 296.2  12.3 226.3            
       1 10  46.5  18.4  34.8  57.1  20.6        33.5 208.6   8.7 187.0            
       1 11  64.3  14.8  41.8  47.2  15.0  0.02  47.3 248.9  10.4 190.7            
       1 12  58.9  27.8  46.8  42.5  24.0        39.5 339.7  14.2 202.6            
       1 13  44.8  21.7  30.8  65.2  19.9        16.4  82.5   3.4 228.8            
       1 14  64.8  19.8  38.0  52.5  18.6        12.1  91.0   3.8 238.0            
       1 15  61.5  27.3  41.1  39.4  16.7        14.5  97.2   4.0 204.4            
       1 16  41.3  22.4  31.9  64.5  21.0        13.5  87.9   3.7 194.6            
       1 17  61.6  25.1  41.8  59.4  27.5        15.1  92.0   3.8 239.4            
       1 18  51.5  25.6  38.3  73.1  30.1        16.7 110.0   4.6 119.4            
       1 19  57.2  21.5  38.7  66.5  26.6        41.6 210.1   8.8 247.0            
       1 20  50.6  14.8  30.2  70.2  20.7        10.3  67.0   2.8 221.3            
       1 21  50.2  23.4  35.3  68.7  25.5        16.7  88.0   3.7 126.8            
       1 22  48.2  24.8  37.0  52.4  19.3        37.0 228.1   9.5 277.6            
       1 23  44.6  22.1  33.9  39.7  11.0        18.3 130.3   5.4 290.5            
       1 24  54.2  16.9  36.8  48.8  18.4        32.9 194.6   8.1 185.5            
       1 25  32.3  21.9  27.1  72.0  19.2        11.2  48.2   2.0 100.1            
       1 26  43.4  20.3  30.5  84.8  26.8  0.04  10.3  72.3   3.0 137.2            
       1 27  35.9  23.8  28.9  95.3  27.5  0.15   9.9  58.9   2.5 162.1            
       1 28  35.5  13.2  23.4  84.7  19.3  0.01  13.8  76.3   3.2 279.4            
       1 29  32.9  11.8  22.1  79.0  15.9        11.3  64.8   2.7 290.3            
       1 30  38.1   8.7  22.9  74.9  15.7         8.8  52.5   2.2 312.4            
       1 31  45.9  11.8  26.8  62.9  14.4  0.01   7.2  55.2   2.3 316.7            
       2  1  49.9  17.9  32.0  51.3  14.6        10.7  65.8   2.7 311.2            
       2  2  66.4  27.0  49.8  31.9  16.5  0.02  27.8 188.8   7.9 209.1            
       2  3  58.3  26.5  37.1  56.8  21.8  0.01  30.3 171.6   7.2 262.2            
       2  4  41.0  16.1  29.8  58.0  16.3        14.1  82.1   3.4 303.4            
       2  5  51.8  18.0  35.9  52.3  18.7        11.0  77.3   3.2 203.5            
       2  6  55.9  23.0  40.4  45.7  18.8        15.9 102.5   4.3 163.6            
       2  7  56.5  21.8  38.3  52.9  20.6        12.4  81.4   3.4 332.6            
       2  8  61.5  24.8  40.8  44.7  18.6        12.2  89.9   3.7 213.9            
       2  9  55.6  30.5  44.7  40.2  21.7        31.3 195.4   8.1  82.9            
       2 10  46.8  26.9  37.7  67.7  27.9        17.2 122.5   5.1 209.8            
       2 11  29.4  17.0  24.8  96.1  23.9        12.7 114.9   4.8 133.1            
       2 12  39.1  15.4  26.9  90.7  24.6        13.2  89.4   3.7 144.4            
       2 13  51.0  23.6  34.9  62.8  19.9  0.02  34.4 162.4   6.8 333.7            
       2 14  66.1  33.5  49.9  40.4  26.3        33.6 193.5   8.1 300.0            
       2 15  56.4  34.9  47.5  38.1  21.7        45.1 412.8  17.2 383.1            
       2 16  51.9  21.0  37.4  52.5  20.7        12.9  96.6   4.0 332.9            
       2 17  35.8  22.0  29.4  92.0  27.3  0.11  19.6 165.7   6.9  71.9            
       2 18  37.6  17.2  24.9  85.3  20.9         9.8  70.4   2.9 363.2            
       2 19  50.3  12.8  29.8  76.5  22.3         9.8  64.0   2.7 390.4            
       2 20  49.2  17.8  31.7  77.7  25.3        11.0  69.3   2.9 181.6            
       2 21  68.3  25.7  47.4  50.2  26.1        19.2 123.5   5.1 362.5            
       2 22  62.0  30.1  44.5  62.2  31.4  0.03  31.2 181.8   7.6 245.7            
       2 23  62.2  33.3  48.0  52.2  29.8        16.4 110.0   4.6 396.9            
       2 24  60.4  26.9  44.5  55.0  27.6        25.1 122.0   5.1 356.0            
       2 25  46.1  33.5  39.2  30.6  10.3  0.01  40.7 361.7  15.1 307.4            
       2 26  54.0  29.3  41.6  24.8   7.3        38.2 347.1  14.5 390.7            
       2 27  64.4  22.4  42.4  41.2  18.6        14.9  81.8   3.4 419.6            
       2 28  66.6  23.5  46.7  45.4  22.9        33.2 187.0   7.8 330.5            
       2 29  59.5  32.3  45.5  42.0  22.0        25.4 112.5   4.7 408.0            
       3  1  57.3  25.4  42.6  46.1  21.7        14.7  89.9   3.7 355.5  0.12  0.09
       3  2  43.1  33.7  37.8  79.6  31.6  0.01  18.3 110.1   4.6 139.2  0.06  0.04
       3  3  58.5  24.6  42.4  68.2  30.5        19.4  79.1   3.3 445.0  0.11  0.09
       3  4  67.5  24.3  45.6  48.9  24.0        11.0  68.5   2.9 457.7  0.14  0.11
       3  5  69.0  28.9  48.5  43.1  25.3  0.05  45.1 185.4   7.7 334.7  0.24  0.15
       3  6  63.0  33.2  51.3  31.5  20.9        21.7 158.2   6.6 394.5  0.20  0.13
       3  7  59.0  30.6  46.0  52.3  29.3        33.6 167.9   7.0 294.6  0.15  0.10
       3  8  57.5  28.7  46.2  33.9  16.4  0.01  42.5 344.0  14.3 414.1  0.25  0.16
       3  9  35.1  26.6  30.6  90.8  28.3        13.8 113.8   4.7 160.6  0.03  0.03
       3 10  44.5  27.6  35.4  76.8  28.1  0.01  25.4 116.5   4.9 335.3  0.08  0.06
       3 11  59.5  18.1  38.9  53.6  19.7  0.01  33.9 141.9   5.9 473.2  0.17  0.12
       3 12  49.4  25.7  38.2  54.2  22.6        16.1 111.0   4.6 378.5  0.11  0.08
       3 13  58.9  20.0  39.4  55.2  22.1        14.5  88.3   3.7 489.8  0.14  0.10
       3 14  60.4  24.9  44.6  51.3  24.8        28.9 145.8   6.1 278.3  0.16  0.11
       3 15  48.5  25.1  34.0  87.3  29.2  0.32  21.5 179.8   7.5 101.2  0.08  0.05
       3 16  36.7  23.5  28.4  99.4  28.4  0.16   9.4  58.4   2.4 506.5  0.06  0.06
       3 17  43.9  17.9  32.7  84.2  28.5        17.2  77.9   3.2 438.6  0.07  0.06
       3 18  44.5  25.7  35.3  65.3  24.5        28.4 175.1   7.3 376.2  0.10  0.08
       3 19  66.3  21.5  43.2  58.1  27.3        19.2 107.7   4.5 403.6  0.17  0.12
       3 20  46.7  26.6  31.5  86.7  27.9  0.03  28.5 302.9  12.6 126.9  0.10  0.07
       3 21  40.3  26.3  31.1  90.9  28.5  0.05  15.6 111.7   4.7 355.9  0.06  0.06
       3 22  46.8  24.6  36.2  87.0  32.5        18.6  69.5   2.9 257.1  0.06  0.05
       3 23  65.7  28.1  47.4  60.2  30.9  0.01  27.5 173.8   7.2 542.4  0.21  0.15
       3 24  64.9  36.1  52.2  40.1  26.8  0.02  35.9 233.3   9.7 560.3  0.26  0.18
       3 25  65.1  27.8  47.7  52.1  28.2        13.8  97.1   4.0 390.8  0.16  0.12
       3 26  65.8  37.5  53.0  44.3  30.3        28.6 167.2   7.0 500.2  0.22  0.16
       3 27  73.6  28.5  51.9  49.7  28.6        23.0 107.2   4.5 575.4  0.23  0.17
       3 28  57.9  32.8  46.6  55.7  30.8        23.4 127.7   5.3 385.6  0.14  0.11
       3 29  59.8  34.7  46.9  62.5  32.5  0.01  20.8 111.7   4.7 517.9  0.16  0.12
       3 30  39.3  31.7  34.3  96.3  33.1  0.13  23.6 186.8   7.8  95.8  0.03  0.03
       3 31  35.8  29.8  31.6 100.8  31.4  0.25  15.2 107.3   4.5 272.4  0.04  0.04
       4  1  49.2  25.6  37.2  65.1  25.1  0.01  14.0 102.3   4.3 577.8  0.13  0.10
       4  2  49.8  25.9  34.9  86.4  30.6  0.21  27.9 113.4   4.7 195.7  0.08  0.06
       4  3  43.7  14.2  31.7  74.2  23.6        14.5  75.4   3.1 588.0  0.09  0.09
       4  4  75.4  26.0  54.4  46.5  26.7  0.04  30.5 193.8   8.1 605.4  0.31  0.22
       4  5  74.9  51.8  66.6  22.4  26.5  0.01  38.7 306.0  12.8 508.1  0.41  0.27
       4  6  73.7  32.2  55.8  39.4  26.7  0.01  45.5 295.2  12.3 544.4  0.36  0.24
       4  7  60.3  32.9  44.1  45.2  22.7        31.3 232.6   9.7 583.0  0.25  0.18
       4  8  69.5  23.0  45.6  44.6  22.5        15.1  69.9   2.9 609.1  0.19  0.15
       4  9  76.3  33.4  55.7  39.8  28.3        20.5 131.3   5.5 565.4  0.27  0.20
       4 10  63.1  37.0  52.4  45.8  30.5        28.9 182.6   7.6 429.4  0.21  0.15
       4 11  65.4  35.1  49.9  56.7  34.3        15.7 119.4   5.0 606.1  0.20  0.16
       4 12  73.7  32.1  54.3  48.9  30.9        30.5 114.1   4.8 501.6  0.23  0.17
       4 13  76.5  50.7  63.7  26.8  27.9        21.1 118.3   4.9 462.6  0.27  0.19
       4 14  75.5  37.5  56.4  42.0  31.3        32.7 181.1   7.5 439.4  0.29  0.20
       4 15  37.6  27.7  31.2  94.3  29.7  0.13  11.9 127.7   5.3 116.6  0.04  0.03
       4 16  65.2  27.7  44.1  74.6  35.4  0.01  14.7  88.8   3.7 587.4  0.17  0.14
       4 17  76.1  33.5  55.6  54.8  35.6        18.1 106.7   4.4 631.9  0.24  0.19
       4 18  79.6  37.9  57.4  38.1  29.2  0.04  54.9 296.2  12.3 546.6  0.43  0.29
       4 19  53.2  38.1  47.7  44.7  27.0        43.2 236.4   9.8 151.1  0.16  0.11
       4 20  68.5  28.9  50.8  53.3  32.5        14.8 116.9   4.9 651.4  0.22  0.17
       4 21  75.9  33.8  56.0  46.5  33.1        19.4  99.2   4.1 537.1  0.23  0.18
       4 22  69.8  40.2  54.4  58.2  39.1  0.07  32.0 203.0   8.5 286.2  0.21  0.15
       4 23  65.5  43.9  53.8  77.3  46.2  0.01  22.3 138.0   5.8 379.5  0.14  0.12
       4 24  64.9  38.3  50.5  63.1  36.6  0.03  46.4 211.3   8.8 550.3  0.22  0.17
       4 25  68.5  35.6  52.0  44.0  29.2        17.4 119.0   5.0 644.3  0.24  0.18
       4 26  77.2  34.2  56.6  48.8  34.2        20.8 113.5   4.7 485.2  0.24  0.18
       4 27  65.8  39.7  54.3  54.4  37.0        13.7  82.3   3.4 667.3  0.20  0.17
       4 28  70.3  35.3  52.3  59.4  38.3        13.7 103.5   4.3 540.5  0.20  0.16
       4 29  70.3  41.1  54.2  71.8  44.7  0.02  30.5 184.8   7.7 421.3  0.20  0.15
       4 30  52.5  35.0  45.2  74.2  36.9  0.09  23.1 170.3   7.1 237.3  0.09  0.07
       5  1  69.1  33.2  51.5  58.0  34.2        14.0  71.2   3.0 680.3  0.20  0.17
       5  2  76.1  37.1  58.6  53.6  39.4        15.5  95.8   4.0 698.1  0.24  0.20
       5  3  79.2  41.9  62.8  51.4  42.2        19.8 109.9   4.6 697.3  0.27  0.22
       5  4  88.3  42.6  69.2  42.3  39.7        19.2 114.7   4.8 713.0  0.33  0.25
       5  5  90.0  46.3  72.2  28.4  34.1        22.4 112.5   4.7 717.0  0.35  0.26
       5  6  80.3  47.0  66.5  47.8  44.8        19.1 106.6   4.4 616.2  0.26  0.21
       5  7  82.2  50.3  65.7  51.2  45.4  0.01  35.0 178.5   7.4 564.7  0.32  0.24
       5  8  60.5  39.8  45.0  93.1  42.9  0.24  19.4 117.4   4.9 107.5  0.09  0.06
       5  9  72.2  35.8  56.0  61.3  39.0  0.02  23.8  92.0   3.8 675.3  0.22  0.19
       5 10  73.3  46.1  60.6  61.8  46.9        21.3 156.1   6.5 657.9  0.24  0.20
       5 11  71.1  45.5  54.6  61.0  40.0        23.8 205.6   8.6 445.8  0.26  0.19
       5 12  56.4  36.9  46.6  35.1  19.7  0.02  34.6 307.8  12.8 658.6  0.28  0.20
       5 13  66.5  25.2  48.2  41.0  22.5        15.4  82.6   3.4 627.2  0.21  0.17
       5 14  70.0  36.4  55.6  40.1  31.1        16.9  89.4   3.7 577.2  0.21  0.17
       5 15  83.9  39.2  63.9  37.0  32.3  0.01  31.1 170.9   7.1 670.5  0.38  0.27
       5 16  80.1  44.4  64.0  38.8  38.4        16.1 126.0   5.3 722.0  0.31  0.24
       5 17  69.6  44.4  52.6  78.5  46.2  0.61  38.4 274.7  11.4 106.1  0.18  0.12
       5 18  54.2  42.3  47.2  78.7  40.7  0.04  23.3  92.9   3.9 351.6  0.11  0.09
       5 19  69.3  39.7  55.4  67.3  43.1  0.02  26.0  76.6   3.2 689.3  0.20  0.18
       5 20  68.4  48.2  58.5  64.7  46.0        17.8 103.4   4.3 612.8  0.20  0.17
       5 21  77.7  43.3  62.9  56.0  44.1        14.1  81.1   3.4 688.7  0.24  0.21
       5 22  84.5  50.5  69.8  43.9  44.8  0.01  27.3 132.3   5.5 623.9  0.31  0.24
       5 23  89.2  55.1  74.6  40.1  46.9  0.02  31.7 198.1   8.3 718.0  0.41  0.31
       5 24  73.1  53.4  64.2  66.8  52.3  0.28  28.4 103.0   4.3 439.4  0.18  0.15
       5 25  76.6  50.3  59.6  86.4  55.3  0.52  25.9  97.3   4.1 562.7  0.20  0.17
       5 26  73.8  48.9  60.8  71.1  50.6  0.01  34.5 153.4   6.4 474.4  0.21  0.16
       5 27  80.0  44.2  64.1  57.9  46.0        17.1  88.8   3.7 766.0  0.27  0.23
       5 28  90.9  49.5  72.2  47.8  49.3        22.8 114.4   4.8 608.2  0.31  0.24
       5 29  94.0  58.3  76.7  39.1  48.3        25.1 125.7   5.2 692.9  0.38  0.29
       5 30  73.6  53.8  63.4  75.3  55.2        13.5 107.8   4.5 527.4  0.19  0.16
       5 31  76.8  53.9  63.8  84.0  58.5        14.3  94.9   4.0 618.8  0.20  0.18
       6  1  70.4  45.6  59.8  50.9  41.3        16.1  94.7   3.9 735.0  0.24  0.21
       6  2  78.2  44.5  62.7  58.4  47.2        16.3  93.5   3.9 701.0  0.25  0.21
       6  3  91.3  49.1  72.7  42.5  43.4        16.2  93.2   3.9 696.2  0.32  0.26
       6  4  75.3  56.8  66.2  58.7  50.8  0.02  21.0 124.8   5.2 509.7  0.23  0.18
       6  5  74.5  46.3  61.6  68.9  50.8        13.3 102.7   4.3 653.2  0.22  0.19
       6  6  94.9  49.0  72.3  48.4  47.5        25.9  97.9   4.1 675.3  0.34  0.27
       6  7  97.0  54.4  78.8  26.8  38.2        16.9  99.8   4.2 767.0  0.38  0.30
       6  8  95.4  56.3  76.1  33.0  43.3        23.7 126.0   5.3 547.7  0.37  0.27
       6  9  88.3  57.9  74.8  33.5  42.7        32.0 181.7   7.6 565.4  0.39  0.28
       6 10  83.8  51.4  68.9  38.5  41.3        22.6 162.3   6.8 689.9  0.36  0.27
       6 11  86.7  50.5  70.4  43.2  44.3        17.6 102.5   4.3 582.0  0.29  0.23
       6 12  91.5  47.7  72.9  38.5  39.8        20.2 104.7   4.4 659.6  0.34  0.26
       6 13  82.8  55.9  69.2  35.8  39.1        39.2 276.9  11.5 721.0  0.47  0.33
       6 14  82.2  43.3  66.2  47.8  42.4        17.0 109.8   4.6 726.0  0.30  0.24
       6 15  89.1  53.8  69.2  41.0  41.6        37.6 312.0  13.0 557.9  0.53  0.36
       6 16  54.4  47.0  50.8  71.8  42.0        15.2 105.9   4.4 141.3  0.09  0.07
       6 17  64.3  42.4  52.2  77.8  44.6  0.20  17.2  97.9   4.1 535.0  0.16  0.14
       6 18  87.8  41.2  63.9  61.9  47.0  0.03  28.6 107.9   4.5 657.3  0.30  0.24
       6 19  83.0  56.2  69.0  47.6  47.1  0.07  49.0 248.7  10.4 525.8  0.38  0.27
       6 20  82.3  52.7  66.7  43.9  40.4  0.02  32.2 182.0   7.6 773.0  0.39  0.29
       6 21  84.3  42.9  64.4  52.3  43.0        14.2  82.8   3.5 776.0  0.29  0.24
       6 22  92.8  50.8  73.4  39.1  43.3        14.7  87.8   3.7 721.0  0.33  0.27
       6 23  91.0  61.1  74.9  35.8  44.5        41.4 132.9   5.5 592.3  0.37  0.27
       6 24  91.3  54.5  75.0  39.2  46.0        27.1 139.9   5.8 673.1  0.37  0.28
       6 25  82.6  52.5  65.7  68.6  54.1  0.01  22.1 116.4   4.8 395.3  0.22  0.17
       6 26  58.9  52.8  55.9  96.5  54.8  0.28  13.4  85.8   3.6 110.2  0.04  0.04
       6 27  72.2  52.9  60.6  87.5  56.5  0.04  22.6 120.1   5.0 453.8  0.16  0.14
       6 28  70.6  52.2  60.6  79.6  53.8        11.2  54.9   2.3 434.5  0.14  0.13
       6 29  90.8  49.9  70.9  58.2  50.8  0.01  20.2 105.9   4.4 699.8  0.32  0.26
       6 30  90.3  54.7  72.1  58.8  54.5  0.01  22.4  91.5   3.8 730.0  0.31  0.26
       7  1  89.8  53.2  73.9  51.5  52.8        20.0 109.2   4.5 550.8  0.28  0.22
       7  2  91.7  55.1  75.4  44.8  50.3  0.02  30.5 138.9   5.8 655.6  0.36  0.27
       7  3  89.7  61.6  75.9  49.1  53.7        18.6 113.7   4.7 578.5  0.31  0.24
       7  4  92.2  54.0  77.0  34.9  43.4        20.0 143.3   6.0 777.0  0.40  0.31
       7  5  89.7  55.9  76.1  45.1  52.5        18.0 118.1   4.9 723.0  0.33  0.27
       7  6  96.0  61.8  79.4  51.3  55.6        22.0 127.4   5.3 735.0  0.38  0.30
       7  7  91.1  60.7  77.3  41.5  50.3  0.01  31.8 112.7   4.7 530.5  0.31  0.24
       7  8  92.1  61.3  75.7  52.1  55.3        23.5  87.2   3.6 506.8  0.27  0.22
       7  9  89.5  62.3  76.5  51.3  55.9        26.2 110.7   4.6 603.7  0.30  0.24
       7 10  88.5  56.9  73.9  64.1  59.0        22.1  87.8   3.7 577.5  0.25  0.21
       7 11  91.4  59.1  75.6  59.3  57.5        18.5 113.3   4.7 751.0  0.33  0.28
       7 12  82.7  59.5  72.1  61.2  57.6  0.01  28.6 128.5   5.4 482.9  0.24  0.19
       7 13  91.8  55.7  73.5  66.1  59.5        18.6  77.6   3.2 671.1  0.28  0.24
       7 14  93.6  58.0  77.1  56.1  58.7        13.9  69.8   2.9 666.8  0.28  0.24
       7 15  93.1  60.1  77.5  48.0  55.0        28.4 128.9   5.4 583.8  0.33  0.26
       7 16  82.5  61.6  71.5  70.4  60.8  0.69  18.3 101.7   4.2 399.2  0.19  0.16
       7 17  74.5  59.5  65.8  90.1  62.6  0.40  26.7  91.0   3.8 412.2  0.14  0.13
       7 18  88.1  56.1  72.7  65.1  59.1        19.4 110.7   4.6 710.0  0.29  0.25
       7 19  87.5  58.5  71.4  67.3  58.6        17.8  89.1   3.7 671.3  0.27  0.23
       7 20  83.5  59.1  70.1  67.1  58.5  0.03  25.9  90.4   3.8 658.2  0.25  0.22
       7 21  88.6  57.5  71.6  70.1  59.9        15.8  71.4   3.0 675.5  0.26  0.23
       7 22  85.0  57.1  71.0  67.4  58.6        21.7  75.0   3.1 597.7  0.23  0.20
       7 23  97.9  55.6  76.1  51.4  52.2        15.3  76.9   3.2 681.8  0.32  0.26
       7 24  99.1  60.5  78.8  36.5  47.6        27.4 163.2   6.8 500.9  0.43  0.30
       7 25  93.5  55.3  76.6  43.3  50.2        12.6  87.2   3.6 658.9  0.31  0.25
       7 26  95.4  61.0  77.0  43.3  51.0        28.7 115.1   4.8 535.5  0.34  0.25
       7 27  91.2  57.0  75.1  48.9  52.9        23.2 112.8   4.7 505.5  0.29  0.22
       7 28  87.2  59.2  73.8  59.5  57.5        13.4  88.3   3.7 623.5  0.26  0.22
       7 29  89.1  56.1  73.8  55.0  54.1        14.2  75.1   3.1 654.1  0.27  0.23
       7 30  87.2  56.7  73.3  51.5  52.5        12.8  67.3   2.8 657.6  0.26  0.22
       7 31  88.4  54.9  74.4  47.3  50.9        14.5  66.5   2.8 664.7  0.26  0.22
       8  1  95.3  55.1  76.3  44.0  50.2  0.02  42.9  96.6   4.0 607.0  0.32  0.25
       8  2  90.1  63.0  77.7  44.7  53.1        30.7 134.4   5.6 408.5  0.29  0.21
       8  3  89.5  61.3  74.5  61.1  59.4        16.7  76.6   3.2 424.3  0.21  0.17
       8  4  92.2  58.9  73.8  61.5  58.6        20.6 105.0   4.4 572.5  0.29  0.23
       8  5  91.0  58.8  75.2  53.2  54.8        39.3 146.9   6.1 499.4  0.31  0.23
       8  6  88.1  53.8  72.6  51.8  51.5        20.7 100.7   4.2 679.5  0.29  0.24
       8  7  93.2  50.5  73.6  48.6  49.2        16.8 101.4   4.2 566.3  0.30  0.23
       8  8  93.1  58.2  77.7  34.4  45.5        14.5  96.6   4.0 673.5  0.32  0.25
       8  9  93.1  57.2  77.3  41.4  51.4        21.0 120.4   5.0 655.3  0.33  0.26
       8 10  87.0  55.3  71.7  65.9  58.8        13.4  78.9   3.3 623.1  0.24  0.21
       8 11  93.5  60.2  76.6  54.7  56.9        24.1  96.7   4.0 619.5  0.30  0.24
       8 12  75.2  62.9  70.5  61.4  56.4        11.3  74.5   3.1 182.9  0.12  0.10
       8 13  89.4  55.2  73.4  57.4  55.7        16.8  84.6   3.5 584.6  0.25  0.21
       8 14  94.7  54.9  76.8  46.7  52.3        12.9  72.7   3.0 482.6  0.25  0.20
       8 15  88.3  60.9  75.1  54.9  57.7  0.02  24.5 112.5   4.7 558.9  0.27  0.21
       8 16  88.1  61.8  70.7  75.6  61.7  0.12  22.9 108.3   4.5 355.1  0.21  0.16
       8 17  74.6  60.6  64.3  85.7  59.6  0.12  17.9  86.7   3.6 247.4  0.12  0.10
       8 18  73.4  55.3  64.3  90.3  61.2  0.04  13.7  92.7   3.9 387.5  0.12  0.11
       8 19  87.2  55.4  73.2  60.1  56.0  0.02  31.0 100.0   4.2 634.8  0.26  0.22
       8 20  83.4  54.1  69.7  63.9  56.3  0.02  24.8 101.1   4.2 377.4  0.19  0.15
       8 21  77.6  51.4  65.2  70.4  55.3        15.2  96.5   4.0 449.8  0.17  0.15
       8 22  85.0  53.8  67.4  68.4  55.0  0.01  29.5 126.6   5.3 487.2  0.25  0.19
       8 23  84.7  51.9  69.3  60.4  52.8        15.1  80.9   3.4 569.1  0.23  0.19
       8 24  88.5  53.3  71.1  56.9  54.0        17.0  80.3   3.3 594.7  0.25  0.20
       8 25  87.0  57.3  70.8  61.7  56.2  0.11  21.0 101.2   4.2 454.8  0.23  0.18
       8 26  86.1  56.0  69.3  69.1  58.0  0.03  27.0  92.2   3.8 439.4  0.21  0.17
       8 27  85.9  55.8  69.5  73.2  59.2        17.2  98.2   4.1 533.7  0.22  0.18
       8 28  85.8  54.8  68.7  75.2  59.4  0.12  23.4  95.5   4.0 413.9  0.19  0.16
       8 29  84.6  57.6  67.9  81.5  61.5  0.03  20.7 105.8   4.4 431.4  0.19  0.16
       8 30  83.9  54.4  67.0  74.9  57.9  0.03  29.0 109.9   4.6 412.7  0.20  0.16
       8 31  69.6  48.7  59.4  86.4  55.3        13.7  78.7   3.3 312.2  0.10  0.09
       9  1  80.0  49.9  64.3  79.5  56.8        18.9  72.9   3.0 422.7  0.16  0.13
       9  2  82.7  51.4  66.3  63.7  51.7        17.3 101.9   4.2 589.2  0.24  0.19
       9  3  83.1  49.4  66.9  50.4  46.9        14.7  88.5   3.7 490.5  0.22  0.17
       9  4  87.8  48.8  69.9  55.1  51.3        20.7  91.0   3.8 533.2  0.24  0.19
       9  5  89.5  53.5  70.2  64.8  55.8  0.02  32.1 110.1   4.6 457.7  0.24  0.19
       9  6  85.4  53.5  68.7  60.6  51.8  0.02  36.5 127.7   5.3 359.5  0.23  0.17
       9  7  82.0  46.2  62.3  62.4  48.4        17.4  90.4   3.8 561.1  0.22  0.18
       9  8  83.2  53.3  67.8  56.8  51.1  0.09  39.3 112.3   4.7 400.6  0.22  0.16
       9  9  86.4  53.3  73.7  30.7  39.2  0.03  30.0 264.3  11.0 519.1  0.42  0.28
       9 10  90.2  51.3  70.4  35.9  38.9        24.5 139.4   5.8 533.7  0.34  0.24
       9 11  79.8  50.3  67.0  37.2  39.1        14.6 114.2   4.8 383.7  0.23  0.17
       9 12  85.9  43.9  64.9  50.2  42.5        12.3  74.8   3.1 552.6  0.23  0.18
       9 13  90.8  47.1  70.4  39.6  40.8        15.6  96.2   4.0 545.4  0.27  0.20
       9 14  82.0  50.4  66.8  45.3  44.0        14.3  92.9   3.9 528.0  0.23  0.17
       9 15  91.2  46.9  69.3  48.6  45.6        11.5  72.7   3.0 534.0  0.23  0.18
       9 16  94.5  53.7  75.6  28.5  37.1        14.2  81.9   3.4 529.0  0.27  0.20
       9 17  93.4  52.3  73.1  34.5  41.1        16.2  83.4   3.5 368.4  0.24  0.17
       9 18  82.3  59.7  70.0  41.3  44.8        17.4  91.5   3.8 386.4  0.21  0.16
       9 19  76.6  47.2  64.9  52.5  46.1  0.19  22.6 155.2   6.5 433.2  0.21  0.16
       9 20  55.7  43.2  49.1  80.7  43.0  0.37  20.5 117.3   4.9 248.9  0.08  0.07
       9 21  74.4  39.1  53.9  80.5  47.2  0.06  30.3 126.5   5.3 341.1  0.16  0.12
       9 22  49.6  33.0  40.7  99.9  40.7  0.06  14.3 152.3   6.3  90.7  0.03  0.03
       9 23  39.0  32.4  34.7 101.6  34.7  0.42  13.6  93.9   3.9 112.8  0.03  0.03
       9 24  45.8  30.6  35.9  91.2  33.0  0.33   9.4  58.2   2.4 361.3  0.07  0.06
       9 25  65.8  29.5  46.0  71.1  34.9        12.1  62.6   2.6 510.7  0.13  0.11
       9 26  72.0  34.0  52.3  65.9  39.0        15.1  76.3   3.2 500.2  0.16  0.12
       9 27  74.2  38.6  57.1  57.5  39.4        13.4  87.6   3.6 493.1  0.17  0.13
       9 28  81.8  39.0  58.7  60.3  42.5         9.8  57.4   2.4 460.8  0.17  0.13
       9 29  80.1  47.0  63.9  58.6  47.7  0.02  37.8 140.8   5.9 321.9  0.20  0.14
       9 30  80.0  53.8  66.4  49.3  45.5        27.5 117.0   4.9 393.0  0.21  0.15
      10  1  83.9  56.3  70.7  34.1  39.8        29.8 156.8   6.5 381.5  0.29  0.19
      10  2  74.5  41.5  57.7  72.1  48.1        18.9  80.2   3.3 418.1  0.14  0.11
      10  3  75.8  45.5  57.8  69.0  47.1        24.5 117.4   4.9 365.9  0.17  0.13
      10  4  59.7  44.7  52.0  90.3  49.1        18.9  94.4   3.9 244.6  0.07  0.06
      10  5  53.0  33.0  41.0  99.4  41.1  0.08  26.6 174.4   7.3  93.2  0.05  0.04
      10  6  36.5  31.0  33.5  99.6  33.2  0.04  11.2 111.2   4.6  98.6  0.02  0.02
      10  7  42.8  34.9  38.7  91.8  36.3         8.4  59.7   2.5 107.0  0.03  0.03
      10  8  54.0  28.4  41.1  81.8  35.5  0.01   9.9  59.4   2.5 385.7  0.08  0.07
      10  9  63.8  26.8  43.5  80.5  37.1        10.0  47.7   2.0 419.1  0.09  0.08
      10 10  70.5  32.3  50.0  71.5  39.9        14.7  78.7   3.3 409.3  0.13  0.10
      10 11  72.2  32.8  54.4  66.0  41.9  0.02  25.6  92.1   3.8 419.5  0.14  0.11
      10 12  67.3  41.5  55.4  63.1  42.3        12.8 103.0   4.3 405.9  0.13  0.10
      10 13  63.6  40.0  52.8  54.5  34.9  0.01  28.5 143.0   6.0 398.9  0.16  0.11
      10 14  59.8  34.8  47.0  63.9  34.4        18.9  92.9   3.9 320.3  0.11  0.08
      10 15  61.6  29.4  44.5  71.8  34.7        11.7  79.1   3.3 399.9  0.10  0.08
      10 16  66.1  32.0  48.6  60.4  33.8        15.0  80.0   3.3 396.0  0.12  0.09
      10 17  69.2  35.5  51.3  54.8  34.2        11.3  64.3   2.7 393.6  0.12  0.09
      10 18  74.1  34.3  53.2  57.4  36.7        10.6  66.3   2.8 390.5  0.13  0.10
      10 19  75.3  36.1  55.7  45.2  32.0        17.2  82.0   3.4 368.3  0.16  0.11
      10 20  64.9  35.1  50.7  57.9  35.7        11.0  71.9   3.0 372.2  0.11  0.08
      10 21  71.0  31.0  50.7  62.5  36.7        13.4  68.6   2.9 355.9  0.12  0.09
      10 22  50.5  40.6  43.9  93.4  41.9  0.23  25.2 162.6   6.8  35.1  0.04  0.03
      10 23  51.1  40.5  44.6  96.1  43.4  0.01   8.6  59.3   2.5 123.3  0.04  0.03
      10 24  59.7  40.3  49.0  92.5  46.6        13.2  80.2   3.3 228.2  0.06  0.05
      10 25  65.8  34.0  47.7  69.2  36.3  0.01  12.9  80.3   3.3 287.4  0.11  0.08
      10 26  62.8  33.3  47.7  63.4  34.6        11.1  66.8   2.8 356.5  0.09  0.07
      10 27  58.5  33.8  46.0  81.7  40.8         9.6  62.0   2.6 284.7  0.06  0.05
      10 28  57.0  38.9  47.3  93.9  45.7        11.9  91.9   3.8 143.0  0.04  0.04
      10 29  65.8  33.4  51.6  69.7  40.5  0.03  22.3 141.2   5.9 328.8  0.12  0.08
      10 30  60.5  33.1  45.3  75.0  37.9        13.4  77.9   3.2 290.5  0.08  0.06
      10 31  46.2  32.4  40.3  95.0  39.2  0.05  24.3  88.9   3.7  56.4  0.02  0.02
      11  1  55.3  37.1  44.8  53.3  28.1  0.07  40.6 217.9   9.1 311.5            
      11  2  49.3  30.2  38.2  74.7  30.1        19.9 117.6   4.9 259.9            
      11  3  46.1  27.9  35.4  86.4  31.5  0.01  10.1  68.1   2.8 228.5            
      11  4  55.3  21.6  37.5  77.8  30.3  0.01   7.7  53.6   2.2 324.5            
      11  5  42.5  25.1  33.9  96.3  32.8  0.33  23.5 107.5   4.5  47.5            
      11  6  33.0  22.3  27.6  88.1  24.5        15.1  85.9   3.6 138.5            
      11  7  38.3  16.8  28.4  75.9  21.4        10.2  82.8   3.5 236.9            
      11  8  44.2  22.9  32.9  65.6  21.8        19.1  99.1   4.1 313.0            
      11  9  44.1  22.3  32.1  72.2  23.6        21.6 123.4   5.1 285.2            
      11 10  26.9  21.4  24.2  87.8  21.1        17.5 158.7   6.6  82.8            
      11 11  22.5   5.3  16.0  96.9  15.7  0.06  13.8 118.0   4.9 217.2            
      11 12  25.1   4.2  13.7  92.7  12.2  0.01   9.6  53.8   2.2 250.3            
      11 13  28.6   1.1  14.7  85.7  11.8         8.8  73.2   3.0 298.8            
      11 14  36.0   4.3  19.7  78.8  14.1  0.01   8.3  54.1   2.3 303.7            
      11 15  40.8  12.0  26.5  67.9  16.6  0.04  24.2 147.6   6.2 243.6            
      11 16  32.2  14.8  22.3  73.2  14.8        12.2  87.2   3.6 282.0            
      11 17  34.2   8.5  20.3  81.5  15.0        21.2 111.9   4.7 238.2            
      11 18  46.2   4.4  25.2  69.3  16.3        20.1 101.6   4.2 271.9            
      11 19  42.8  15.8  29.8  70.2  20.5        14.5 113.7   4.7 274.2            
      11 20  47.2  14.0  28.1  76.0  20.8         8.6  49.8   2.1 276.1            
      11 21  53.7  18.6  35.0  59.2  20.2        12.5  72.1   3.0 251.8            
      11 22  52.7  25.7  36.9  60.0  22.9         8.1  57.2   2.4 219.5            
      11 23  47.0  23.1  34.1  60.3  20.8         8.8  69.6   2.9 238.7            
      11 24  53.9  18.8  34.4  57.4  19.0         7.8  58.3   2.4 268.3            
      11 25  45.0  20.1  33.0  65.5  21.8        14.6  88.3   3.7 256.7            
      11 26  53.8  17.7  34.6  64.0  22.3  0.02  28.1 132.0   5.5 100.8            
      11 27  46.1  22.9  35.4  70.9  26.4        24.5  86.1   3.6 237.7            
      11 28  43.8  18.9  33.7  64.5  23.0  0.01  35.8 148.6   6.2 237.1            
      11 29  42.0  16.6  26.4  70.8  17.5         8.4  54.8   2.3 237.8            
      11 30  51.4  16.6  37.0  47.7  15.4  0.01  52.4 403.5  16.8 255.6            
      12  1  43.7  17.9  30.7  51.7  13.9        13.1  81.0   3.4 247.3            
      12  2  46.0  15.0  28.6  64.3  17.0        10.6  71.1   3.0 245.7            
      12  3  55.2  14.4  33.2  60.5  18.1        20.3 102.2   4.3 170.9            
      12  4  41.8  19.9  30.1  62.8  18.2        12.1  81.4   3.4 239.9            
      12  5  53.4  17.1  30.1  75.8  22.2        34.3 167.9   7.0 100.6            
      12  6  53.3  11.8  32.3  70.6  22.3        12.8  84.8   3.5 227.2            
      12  7  57.5  33.5  46.7  43.8  24.3        28.7 173.0   7.2 110.1            
      12  8  40.1  21.0  31.3  85.7  27.5         8.3  58.5   2.4 192.6            
      12  9  56.5  25.9  39.5  62.2  25.2        28.5 107.1   4.5 190.3            
      12 10  44.9   8.3  19.6  93.5  17.9  0.16  23.1 128.8   5.4  28.3            
      12 11   9.7  -5.5   3.9  92.0   2.5  0.01  12.2  87.5   3.6 233.6            
      12 12  21.4  -4.0   8.1  91.9   7.3         5.3  49.1   2.0 209.5            
      12 13  22.6   0.5  13.2  91.2  11.7        10.4  56.2   2.3 228.3            
      12 14  47.7   5.1  30.7  64.6  19.3  0.03  40.5 221.0   9.2 231.0            
      12 15  47.5  25.2  35.9  51.0  19.2  0.01  40.1 186.6   7.8 146.8            
      12 16  31.8  13.3  21.4  68.4  12.2        19.3 132.8   5.5 232.1            
      12 17  57.8  13.2  29.8  58.5  15.5        43.8 249.0  10.4 201.0            
      12 18  41.6  13.8  26.6  43.7   5.6        25.2 140.6   5.9 215.6            
      12 19  55.5  14.6  36.6  38.8  10.0  0.01  36.2 163.7   6.8 156.8            
      12 20  44.9   4.9  23.6  75.7  16.5  0.01  32.0 164.8   6.9 141.4            
      12 21  27.8  -0.1  14.1  80.4   9.5  0.01   6.9  52.4   2.2 223.3            
      12 22  54.6   9.7  36.2  56.3  20.0  0.01  30.9 208.6   8.7 232.7            
      12 23  45.4  17.9  29.7  77.1  22.7        14.2  62.9   2.6 225.8            
      12 24  37.8  15.7  25.9  80.8  20.7        10.8  87.9   3.7 169.1            
      12 25  26.2  17.8  22.5  94.8  21.3  0.02   8.0  49.0   2.0  75.1            
      12 26  41.7   8.0  24.3  82.1  19.2  0.01   6.6  51.7   2.2 224.4            
      12 27  57.7  16.8  39.5  57.9  24.5        22.9 116.0   4.8 230.0            
      12 28  52.4  23.7  36.2  59.5  22.7        22.4 153.5   6.4 197.5            
      12 29  38.7  15.2  26.9  69.8  17.5        16.2  91.2   3.8 225.8            
      12 30  36.2  13.0  25.5  77.4  19.2         9.0  56.1   2.3 128.0            
      12 31  37.2  15.4  26.0  95.5  25.0        11.8  72.2   3.0 207.5            

      Total                                9.53                         52.73 41.00
        Max  99.1  63.0  79.4 101.6  62.6        54.9 412.8  17.2 777.0
        Min   9.7  -5.5   3.9  22.4   2.5         5.3  47.7   2.0  28.3
        Ave  65.2  35.7  50.5  61.5  35.1        21.1 119.9   5.0 400.5
