                                                                    07-JUN-99
      Cellular-linked Weather Station near LONGMONT (South), Color       1996
      -----------------------------------------------------------------------
               Temperature      Rel   Dew             Wind        Solar Alflf
            ----------------- Humid Point  Prec -----------------   Rad   ETR
       Date   Max   Min   Ave   Ave   Ave Total   Max Total   Ave Total Total
      MoDay     F     F     F     %     F  inch   mph miles   mph Langl  inch
      ----- ----- ----- ----- ----- ----- ----- ----- ----- ----- ----- -----
       1  1  31.9  14.9  25.2  84.5  21.2  0.05  25.9 109.4   4.6  82.6      
       1  2  23.6  13.2  18.0  70.9  10.1        13.3 104.9   4.4 217.5      
       1  3  51.4  13.7  37.7  51.5  20.4  0.05  46.0 230.2   9.6 199.9      
       1  4  41.9   9.8  23.2  80.9  18.1  0.15  19.6 144.6   6.0  70.5      
       1  5  23.0  -5.8  10.1  86.9   7.4  0.08   9.6  72.1   3.0 212.8      
       1  6  27.9  -9.7   7.2  84.6   5.5  0.02   6.1  38.9   1.6 215.6      
       1  7  48.9   5.3  22.1  68.0  12.7  0.02  28.4  65.9   2.7 233.3      
       1  8  58.1  28.6  45.2  34.3  18.3  0.02  35.7 184.9   7.7 241.4      
       1  9  43.8  27.3  35.0  65.3  24.2        17.2  69.7   2.9 167.5      
       1 10  52.1  25.2  37.0  65.7  25.2        35.1 169.3   7.1 210.7      
       1 11  46.3  19.9  33.2  71.0  24.5        17.3  86.9   3.6 193.2      
       1 12  66.8  21.0  41.6  51.5  21.2        12.6  91.1   3.8 254.4      
       1 13  71.6  25.3  45.8  42.1  20.6        18.9 117.7   4.9 255.8      
       1 14  62.6  26.2  41.5  45.1  19.7        10.2  76.4   3.2 257.9      
       1 15  62.0  22.4  40.8  46.7  18.8        35.6 129.7   5.4 250.9      
       1 16  59.2  28.5  47.8  35.6  20.2        30.0 183.5   7.6 260.5      
       1 17  39.7   5.7  20.4  75.5  14.8  0.11  31.4 161.0   6.7  73.8      
       1 18  19.9  -4.7   7.9  63.9  -2.2  0.01  12.4 103.5   4.3 278.3      
       1 19  40.4  -1.5  23.6  54.3   9.3  0.04  35.4 230.5   9.6 276.4      
       1 20  41.0  23.9  34.3  32.6   7.8        39.6 290.9  12.1 246.2      
       1 21  51.4  26.0  39.2  33.5  11.8  0.02  44.6 259.8  10.8 261.4      
       1 22  33.2   4.7  18.1  81.7  13.4  0.02  18.3 114.0   4.8  40.3      
       1 23  34.6  -1.1  18.2  58.5   4.2  0.03  33.8 165.8   6.9 263.2      
       1 24  43.7  15.8  32.5  40.3  11.0        38.2 269.3  11.2 264.1      
       1 25  28.0  -2.7  15.3  88.8  14.1  0.29  15.9 131.8   5.5 118.6      
       1 26  24.4 -15.5   5.8  64.6  -2.5  0.03  25.5  98.9   4.1 290.6      
       1 27  35.2   1.8  16.3  48.7   0.3        18.7  95.2   4.0 290.1      
       1 28  45.1  21.1  35.6  42.2  15.4  0.04  47.4 404.8  16.9 310.3      
       1 29  35.8   7.2  18.3  67.7   9.9        17.0 136.9   5.7 267.0      
       1 30   7.3   1.8   3.7  81.7  -0.6  0.08  10.3 106.5   4.4 179.2      
       1 31  17.0  -5.8   5.6  83.8   2.5  0.04   9.3  61.5   2.6 233.6      
       2  1  11.7 -11.6   1.7  77.1  -3.1  0.02  19.2  91.0   3.8 305.7      
       2  2   1.4 -18.1  -7.8  72.4 -14.1         7.6  65.2   2.7 315.4      
       2  3  14.8 -21.1  -3.6  68.2 -10.3         8.4  58.7   2.4 335.1      
       2  4  56.3  -8.2  23.4  51.8   8.6  0.01  17.2  95.5   4.0 311.5      
       2  5  49.7  26.0  37.4  63.3  25.7        13.1  91.5   3.8 320.4      
       2  6  58.8  35.5  46.9  40.4  23.6  0.02  35.4 179.3   7.5 218.0      
       2  7  59.6  38.5  52.0  38.8  27.6  0.01  39.4 351.4  14.6 187.2      
       2  8  65.1  36.4  52.2  38.2  27.1        25.7 189.5   7.9 259.2      
       2  9  67.8  31.3  51.5  37.2  24.0        26.2 174.2   7.3 232.7      
       2 10  56.8  21.4  35.6  59.7  21.8        21.8 121.4   5.1 128.1      
       2 11  55.3  16.5  33.6  51.1  13.9        11.5  87.5   3.6 327.2      
       2 12  62.5  19.3  39.1  35.3   9.8        10.2  71.1   3.0 363.2      
       2 13  67.1  25.7  44.2  27.9  10.7        17.0  86.1   3.6 332.9      
       2 14  58.8  27.8  45.8  40.9  21.9        27.4 163.1   6.8 147.9      
       2 15  46.5  21.5  31.2  64.2  20.3        23.5 124.1   5.2 325.6      
       2 16  67.7  15.3  38.4  43.4  13.5        24.8 113.0   4.7 376.5      
       2 17  66.7  23.5  47.2  33.4  17.0        25.3  96.4   4.0 349.8      
       2 18  60.7  42.7  51.2  39.8  26.8        39.6 310.8  12.9 255.7      
       2 19  60.7  37.0  49.8  32.8  20.0        44.5 344.5  14.4 289.8      
       2 20  63.3  32.4  44.7  55.8  29.6        23.2 126.0   5.3 239.1      
       2 21  61.5  35.2  47.2  64.7  34.5        12.8  82.7   3.4 276.4      
       2 22  66.5  31.4  46.2  49.7  25.1  0.01  36.8 298.2  12.4 359.5      
       2 23  54.2  25.3  40.1  18.7  -1.6        37.7 288.2  12.0 411.6      
       2 24  65.7  24.4  48.4  17.0   2.3        31.6 181.2   7.5 391.3      
       2 25  58.2  19.8  40.2  34.9  10.7        24.3 168.6   7.0 385.1      
       2 26  23.3  17.1  19.6  89.4  17.0  0.03  12.8 141.3   5.9 165.1      
       2 27  17.4   6.7  14.1  81.6   9.6  0.03  18.0 135.3   5.6 242.5      
       2 28  15.6   1.7   9.4  75.9   3.2  0.01   9.7  63.4   2.6 278.3      
       2 29  40.2   6.0  23.9  52.9   7.3  0.02  31.7 164.9   6.9 411.6      
       3  1  47.0  23.5  36.0  29.3   6.4  0.02  34.0 353.8  14.7 340.0  0.12
       3  2  51.5  28.3  41.7  25.8   8.4        32.4 297.6  12.4 429.0  0.13
       3  3  62.5  20.9  41.9  33.8  10.7        28.6 117.4   4.9 396.2  0.11
       3  4  61.9  30.4  45.1  34.8  17.0        29.4 176.2   7.3 220.7  0.11
       3  5  53.8  15.4  29.9  68.9  19.2        32.2 170.9   7.1 381.9  0.13
       3  6  23.2   7.6  13.8  75.5   7.4        15.1 109.3   4.6 354.3  0.07
       3  7  32.1   7.8  19.8  65.0   9.4  0.01  19.1 150.2   6.3 351.1  0.07
       3  8  44.8   7.2  25.5  61.4  12.9        15.0  77.2   3.2 408.7  0.06
       3  9  65.0  18.0  41.0  46.5  17.7        14.6  74.2   3.1 468.1  0.08
       3 10  65.1  28.3  48.3  36.9  20.1        18.3  90.8   3.8 222.0  0.06
       3 11  71.3  32.7  53.7  27.4  18.7  0.01  26.6 123.8   5.2 409.4  0.12
       3 12  63.8  30.6  46.0  48.7  25.7        27.1 106.4   4.4 274.4  0.11
       3 13  57.9  25.6  40.1  74.6  31.4  0.30  26.7 174.5   7.3 335.9  0.12
       3 14  39.0  30.4  33.7  95.7  32.5  0.45  15.7 122.9   5.1 192.5  0.06
       3 15  53.9  30.8  41.4  69.2  31.4  0.01  14.6 102.8   4.3 499.7  0.11
       3 16  50.5  34.0  40.6  64.6  28.9  0.02  30.8 154.3   6.4 389.5  0.10
       3 17  42.6  30.4  34.5  79.7  28.5  0.02  27.8 159.3   6.6 163.0  0.06
       3 18  41.6  24.3  32.5  64.5  21.2  0.01  31.4 164.2   6.8 283.5  0.08
       3 19  48.0  18.9  32.3  54.2  15.7        14.8  86.2   3.6 527.7  0.11
       3 20  60.1  17.6  38.1  53.3  19.8        11.5  74.4   3.1 521.6  0.11
       3 21  56.8  28.0  43.3  53.2  26.6        15.3 101.7   4.2 513.9  0.11
       3 22  60.1  24.8  40.3  63.0  27.7        24.3  72.4   3.0 322.6  0.09
       3 23  62.0  20.6  38.5  71.1  28.7  0.13  31.0 209.7   8.7 371.3  0.14
       3 24  20.6   4.6  15.5  79.0  10.7  0.19  22.9 211.6   8.8 517.4  0.08
       3 25  29.4  -4.2  11.0  66.0   1.7         8.0  62.9   2.6 547.1  0.08
       3 26  40.3   2.9  24.0  68.1  15.4        10.5  66.3   2.8 570.2  0.08
       3 27  53.0  21.3  36.0  64.4  23.9         9.4  69.4   2.9 385.9  0.06
       3 28  61.6  28.3  43.7  60.9  30.6  0.01  19.6 126.0   5.3 486.9  0.10
       3 29  50.4  30.1  38.4  84.2  33.8  0.01  26.7  96.6   4.0 266.0  0.06
       3 30  56.3  33.1  42.6  62.5  29.0        16.5 108.4   4.5 469.0  0.12
       3 31  63.9  25.5  45.8  49.7  25.2        28.6 120.1   5.0 567.4  0.16
       4  1  72.2  28.0  50.8  44.0  24.9        11.3  81.4   3.4 379.8  0.12
       4  2  75.7  34.2  57.5  29.1  21.8        29.5 171.4   7.1 415.4  0.18
       4  3  56.0  38.3  47.0  51.5  29.2  0.07  20.5 173.2   7.2 358.9  0.14
       4  4  41.9  30.6  35.3  88.5  32.0  0.21  27.1 204.1   8.5 178.8  0.08
       4  5  48.0  28.1  36.1  80.9  29.8  0.11  10.7  71.1   3.0 571.9  0.13
       4  6  65.6  30.6  49.6  48.3  27.9        11.3  82.2   3.4 580.6  0.14
       4  7  63.4  40.5  53.2  56.4  37.5        18.6  91.3   3.8 285.8  0.08
       4  8  74.3  38.7  57.4  56.6  39.2        12.9  93.6   3.9 575.0  0.16
       4  9  76.9  37.2  58.3  48.1  35.8        10.2  72.2   3.0 607.6  0.18
       4 10  80.3  42.8  61.5  38.4  33.1  0.02  43.0 134.5   5.6 443.9  0.19
       4 11  60.9  37.8  49.7  65.7  37.8        27.8 196.1   8.2 337.8  0.15
       4 12  63.5  30.3  47.6  62.2  32.7        19.4 118.8   5.0 484.9  0.17
       4 13  46.8  32.5  37.3  84.9  33.3  0.11  33.7 228.7   9.5 106.2  0.08
       4 14  50.8  29.2  41.6  51.2  24.2        33.9 322.1  13.4 506.7  0.19
       4 15  62.2  26.8  46.6  41.1  21.8        16.9  98.0   4.1 632.0  0.17
       4 16  73.1  33.0  55.4  38.3  25.5        23.8 102.0   4.3 578.0  0.17
       4 17  68.3  44.7  56.6  28.0  22.7        43.2 374.5  15.6 627.6  0.32
       4 18  66.7  38.0  51.4  31.7  22.3        33.2 243.4  10.1 394.4  0.23
       4 19  54.3  34.1  43.4  30.2  13.8  0.02  51.3 413.1  17.2 438.2  0.28
       4 20  56.0  25.0  40.6  44.6  19.0        26.1 124.1   5.2 408.0  0.16
       4 21  54.7  31.4  42.5  46.3  21.5        32.4 240.6  10.0 528.9  0.20
       4 22  56.9  29.6  43.4  60.0  27.5        19.1  82.1   3.4 483.1  0.13
       4 23  72.8  30.8  55.1  39.6  27.7  0.01  31.7 172.4   7.2 530.6  0.20
       4 24  82.5  51.5  69.1  24.5  29.8  0.02  50.6 232.1   9.7 471.2  0.24
       4 25  64.0  42.9  54.9  29.1  21.8        35.5 358.9  15.0 664.8  0.33
       4 26  72.1  38.8  58.0  28.2  24.6        43.7 259.9  10.8 629.3  0.30
       4 27  68.9  34.2  50.2  52.2  31.3        35.4 199.1   8.3 547.0  0.25
       4 28  49.5  29.0  38.9  53.3  22.3        32.8 321.1  13.4 408.6  0.20
       4 29  59.7  21.5  44.9  41.7  18.5        27.1 126.8   5.3 589.0  0.19
       4 30  58.9  34.8  47.0  58.3  32.5        21.3 138.3   5.8 412.3  0.14
       5  1  69.0  38.3  52.2  60.3  36.8        36.2 134.8   5.6 657.1  0.21
       5  2  75.4  41.2  58.5  41.6  32.9  0.02  42.2 231.1   9.6 650.8  0.28
       5  3  72.5  33.9  55.2  51.7  34.8        18.7 127.1   5.3 603.8  0.22
       5  4  75.5  37.5  56.8  52.8  38.3        20.1 141.9   5.9 634.9  0.24
       5  5  69.9  41.2  54.0  50.5  35.7        20.9 138.6   5.8 594.8  0.23
       5  6  73.4  39.4  56.7  66.5  44.2        16.5 114.1   4.8 601.7  0.21
       5  7  67.8  45.5  53.5  82.3  47.9        11.8  87.9   3.7 328.0  0.13
       5  8  78.7  43.2  62.2  56.0  43.7        30.8 139.1   5.8 651.4  0.24
       5  9  65.9  43.3  53.3  78.4  46.5  0.03  27.0 164.9   6.9 313.8  0.14
       5 10  66.9  38.9  50.6  81.2  44.6  0.01  17.8 112.3   4.7 460.5  0.17
       5 11  79.0  47.3  60.7  62.5  44.6        14.2 120.0   5.0 646.3  0.25
       5 12  75.8  43.5  59.6  61.9  45.3        24.5 156.3   6.5 628.1  0.24
       5 13  80.2  41.3  62.1  60.5  45.6        16.2  89.4   3.7 595.2  0.22
       5 14  89.0  45.6  69.9  35.0  36.0        24.4 137.7   5.7 570.4  0.28
       5 15  90.1  46.9  71.1  34.6  39.4        19.9 103.5   4.3 679.6  0.29
       5 16  93.1  52.6  73.6  33.7  40.0        27.5 150.9   6.3 721.0  0.35
       5 17  80.5  61.3  72.0  26.1  34.9        30.1 213.2   8.9 613.9  0.34
       5 18  91.7  45.1  70.1  33.1  35.4  0.01  33.8 183.0   7.6 701.0  0.39
       5 19  81.8  45.8  60.8  46.6  38.8        37.0 183.0   7.6 662.4  0.36
       5 20  69.2  44.2  57.1  55.8  40.0        18.0 129.5   5.4 538.7  0.24
       5 21  75.6  40.0  59.8  58.5  43.7        16.8  91.7   3.8 639.9  0.24
       5 22  83.9  46.6  66.5  48.3  43.9        25.6 135.9   5.7 688.3  0.29
       5 23  64.1  51.4  57.0  80.9  51.2  0.04  23.9 165.0   6.9 244.6  0.12
       5 24  55.0  49.2  52.1  90.3  49.4  0.51  14.5 145.2   6.0 130.9  0.07
       5 25  49.7  46.4  47.7  97.0  46.9  0.89  15.6 129.3   5.4 134.3  0.06
       5 26  48.1  41.9  45.7  94.2  44.2  1.12  15.1 131.4   5.5 123.3  0.05
       5 27  55.3  38.0  46.8  83.5  41.9  0.01  17.0 118.7   4.9 273.0  0.09
       5 28  49.5  40.0  44.1  90.6  41.6  0.05  12.9 101.2   4.2 149.4  0.05
       5 29  69.4  44.5  54.8  83.8  49.9  0.01  18.3  90.2   3.8 521.8  0.15
       5 30  68.8  48.3  59.1  80.1  52.6  0.02  21.9 131.8   5.5 460.0  0.14
       5 31  77.2  46.6  60.5  63.9  46.9  0.01  21.6 104.6   4.4 614.4  0.23
       6  1  75.0  45.0  61.5  53.4  42.2        15.4 102.9   4.3 706.0  0.26
       6  2  75.0  45.1  61.3  45.8  38.6        16.4  85.9   3.6 729.0  0.27
       6  3  78.8  46.1  63.5  48.9  42.3  0.04  52.4  90.0   3.8 607.8  0.25
       6  4  83.1  48.7  67.7  51.0  46.8        22.1 122.9   5.1 572.1  0.26
       6  5  84.3  53.6  71.1  39.4  44.5  0.01  42.7 147.1   6.1 555.8  0.28
       6  6  74.5  51.2  62.1  50.8  42.6        34.1 114.1   4.8 706.0  0.29
       6  7  76.7  44.3  62.6  52.7  43.3        13.1  64.6   2.7 735.0  0.27
       6  8  89.6  46.5  67.1  48.4  43.9        26.5  99.8   4.2 617.0  0.31
       6  9  88.6  51.4  72.2  40.4  45.4        29.3 128.1   5.3 585.7  0.29
       6 10  88.3  54.4  70.8  44.0  46.2        39.4 113.0   4.7 556.6  0.29
       6 11  87.3  50.0  69.3  46.9  45.7        29.2 116.2   4.8 597.1  0.31
       6 12  81.0  52.2  66.3  55.3  48.9        23.0 120.6   5.0 572.5  0.28
       6 13  85.1  48.2  66.3  61.2  50.7        21.0  98.9   4.1 571.5  0.27
       6 14  83.8  50.2  68.6  55.3  50.2        17.5  95.1   4.0 590.5  0.26
       6 15  64.3  57.4  60.7  82.3  55.2  0.37  24.4 158.8   6.6 118.9  0.09
       6 16  81.0  51.0  63.9  70.5  52.8  0.10  37.3  93.3   3.9 630.0  0.26
       6 17  87.8  50.3  68.3  64.1  54.4        16.7  82.0   3.4 695.7  0.29
       6 18  90.7  54.2  72.4  49.8  48.1        15.9  88.0   3.7 742.0  0.32
       6 19  90.4  50.3  72.1  39.4  44.5        18.1 113.2   4.7 700.0  0.34
       6 20  87.3  53.5  70.4  63.3  55.9        31.6 117.3   4.9 633.3  0.29
       6 21  76.2  56.5  66.3  71.7  56.5  0.58  48.2 145.0   6.0 454.7  0.22
       6 22  77.7  57.5  65.1  78.4  57.5  0.08  29.8  96.7   4.0 387.2  0.19
       6 23  82.5  51.5  67.2  63.3  52.4        16.7 113.0   4.7 719.0  0.30
       6 24  85.1  53.8  69.7  66.1  57.1  0.02  30.2 144.4   6.0 617.3  0.27
       6 25  87.4  55.2  70.5  54.9  51.7  0.09  30.4 121.2   5.0 572.8  0.29
       6 26  89.8  53.6  69.8  61.7  54.8  0.18  51.7 114.9   4.8 672.0  0.32
       6 27  84.3  59.1  70.3  68.8  58.9        16.8  79.6   3.3 451.4  0.22
       6 28  81.9  58.7  66.6  76.5  58.4  0.28  43.9  91.5   3.8 406.6  0.21
       6 29  82.2  53.1  68.5  62.6  53.3        18.4  96.5   4.0 696.7  0.28
       6 30  87.0  53.8  70.7  58.2  54.4        13.6  77.6   3.2 709.0  0.29
       7  1  90.3  54.3  74.4  53.2  53.5        15.1  82.6   3.4 688.7  0.29
       7  2  95.2  55.8  76.8  43.8  50.6        12.9  83.0   3.5 719.0  0.33
       7  3  93.7  57.2  76.9  43.9  52.0        22.9  92.5   3.9 580.5  0.30
       7  4  91.6  57.5  75.4  48.2  53.7        21.5 106.8   4.5 604.5  0.31
       7  5  92.1  62.4  77.1  53.2  56.8  0.06  29.6 135.7   5.7 675.5  0.35
       7  6  84.7  57.0  69.7  74.0  60.4  0.03  33.1 116.2   4.8 629.9  0.28
       7  7  85.1  54.4  70.3  71.0  59.8        12.0  93.5   3.9 703.0  0.28
       7  8  72.3  60.4  65.5  67.2  54.5        21.0 148.8   6.2 369.5  0.21
       7  9  71.3  57.7  63.7  91.0  61.0  1.28  25.9 146.4   6.1 292.1  0.13
       7 10  86.5  56.1  66.9  76.8  58.4        16.9  81.4   3.4 558.8  0.25
       7 11  85.4  56.0  72.7  59.4  56.9        17.3 110.8   4.6 724.0  0.28
       7 12  78.0  62.1  68.7  79.3  61.8  0.09  15.5 104.3   4.3 515.2  0.20
       7 13  80.1  57.9  66.9  84.2  61.7  0.04  41.7 111.1   4.6 546.6  0.22
       7 14  79.9  53.4  67.1  68.3  55.1        28.2  91.1   3.8 717.0  0.27
       7 15  83.5  55.1  69.6  64.1  56.3        35.4  92.3   3.8 470.3  0.22
       7 16  87.5  61.3  73.9  57.2  56.7        16.0  91.0   3.8 512.3  0.24
       7 17  89.4  57.6  73.5  61.1  57.4  0.01  13.4  78.0   3.3 568.7  0.25
       7 18  85.4  58.1  69.0  74.2  59.9  0.01  19.4  65.7   2.7 308.7  0.18
       7 19  87.7  55.5  72.6  66.5  59.3        15.2  79.0   3.3 659.0  0.27
       7 20  93.3  59.2  75.1  59.1  57.1        13.5  69.2   2.9 693.6  0.30
       7 21  90.3  54.4  74.0  48.1  50.8        15.0  94.4   3.9 712.0  0.31
       7 22  81.2  50.3  69.6  56.7  53.8        18.0 103.0   4.3 694.0  0.28
       7 23  82.9  56.9  68.5  67.3  56.2  0.01  24.3 126.5   5.3 608.2  0.28
       7 24  79.4  53.3  67.0  66.3  54.5  0.09  17.1 130.0   5.4 628.9  0.26
       7 25  86.2  55.7  67.9  72.9  57.8  0.04  23.5 101.3   4.2 474.5  0.24
       7 26  83.1  53.8  66.9  68.7  54.8        22.6 123.5   5.1 515.6  0.25
       7 27  90.0  52.9  71.1  58.8  53.9        13.3  85.6   3.6 681.7  0.29
       7 28  85.9  58.2  68.8  69.2  57.4  0.12  35.0 126.0   5.3 484.4  0.25
       7 29  72.0  60.9  64.7  85.5  60.1  0.28  15.7  79.0   3.3 236.2  0.11
       7 30  82.5  55.4  69.3  73.1  59.1  0.01  16.3  77.4   3.2 666.3  0.24
       7 31  85.6  56.4  71.2  69.6  59.3  0.01  22.7 121.0   5.0 650.4  0.26
       8  1  87.8  56.1  72.3  62.5  56.1        13.4  78.5   3.3 675.7  0.27
       8  2  91.5  60.3  74.8  55.3  56.0  0.01  23.5 101.5   4.2 597.2  0.28
       8  3  84.4  55.4  70.0  61.2  55.1  0.01  33.5 100.6   4.2 331.8  0.20
       8  4  86.8  57.0  70.3  55.3  52.0  0.01  47.0 120.2   5.0 444.6  0.26
       8  5  90.5  49.5  70.5  50.4  46.8        14.6  90.3   3.8 675.1  0.30
       8  6  87.7  51.3  71.3  43.4  46.7        24.3 136.3   5.7 494.5  0.28
       8  7  78.8  50.0  64.5  53.7  46.4        15.7  78.7   3.3 541.5  0.23
       8  8  83.6  48.8  66.8  61.1  51.9        20.6  82.7   3.4 538.0  0.23
       8  9  83.3  51.9  68.4  59.3  52.3        32.2 110.8   4.6 521.7  0.23
       8 10  87.0  57.2  70.9  52.8  50.1        26.1 102.7   4.3 598.2  0.27
       8 11  88.1  52.7  71.4  46.6  47.7        14.0  69.9   2.9 639.8  0.26
       8 12  97.7  51.9  74.9  38.2  43.6        13.7  74.8   3.1 602.9  0.28
       8 13  91.4  53.7  74.3  39.0  47.0        17.5 101.1   4.2 542.6  0.27
       8 14  80.1  55.8  68.6  69.6  58.5        18.0  89.7   3.7 396.6  0.18
       8 15  84.9  52.5  68.0  72.6  58.1        16.3  93.6   3.9 493.4  0.22
       8 16  82.4  56.2  69.4  59.2  52.8  0.30  25.9 106.9   4.5 631.4  0.26
       8 17  87.4  51.1  68.9  55.8  50.6        13.6  78.1   3.3 633.1  0.26
       8 18  84.3  52.7  68.3  62.5  54.2  0.10  27.0  92.0   3.8 428.0  0.20
       8 19  72.4  53.7  62.9  75.8  54.9  0.02  23.3  91.0   3.8 397.7  0.16
       8 20  84.0  48.0  66.3  67.2  53.5  0.01  25.0  83.3   3.5 515.2  0.21
       8 21  86.6  57.4  68.7  62.3  54.2  0.02  36.1 118.6   4.9 375.1  0.21
       8 22  75.3  57.3  65.7  70.9  56.0        17.0  95.0   4.0 364.7  0.15
       8 23  81.0  53.0  65.5  72.6  55.7  0.04  21.1  97.6   4.1 451.5  0.19
       8 24  83.5  49.4  66.1  70.9  55.4         9.2  69.8   2.9 579.8  0.21
       8 25  84.2  50.4  69.6  56.5  52.1        16.5 100.1   4.2 610.8  0.23
       8 26  81.8  56.4  69.4  56.6  52.3        16.4  91.1   3.8 548.9  0.21
       8 27  78.4  53.1  63.2  81.1  57.0  0.02  17.6  68.6   2.9 357.3  0.15
       8 28  80.2  51.3  64.4  76.7  56.5  0.09  20.5  88.3   3.7 303.9  0.14
       8 29  78.7  48.7  63.6  79.0  56.8  0.01  30.5 117.7   4.9 553.8  0.20
       8 30  73.3  50.5  61.7  79.3  54.7        10.1  65.8   2.7 489.5  0.16
       8 31  85.0  49.0  66.6  63.3  51.5        11.1  66.6   2.8 562.7  0.20
       9  1  90.6  48.4  69.2  49.9  45.7        19.1 100.2   4.2 462.7  0.22
       9  2  89.5  50.1  68.0  52.3  47.1        29.2 114.9   4.8 488.6  0.25
       9  3  90.5  51.2  70.2  41.5  41.7        15.4  98.6   4.1 547.8  0.25
       9  4  91.9  49.4  69.6  42.1  43.5        37.3 100.5   4.2 384.5  0.23
       9  5  89.1  49.2  69.6  48.7  47.8        32.4 151.0   6.3 511.9  0.27
       9  6  64.5  51.3  56.8  88.3  53.3  0.25  15.6  81.9   3.4  92.0  0.07
       9  7  78.3  47.1  60.3  69.9  47.4        11.9  73.0   3.0 482.0  0.19
       9  8  84.7  46.9  66.1  44.1  41.2        13.7  79.1   3.3 457.7  0.19
       9  9  89.8  48.7  69.8  41.1  41.9  0.01  17.8  83.1   3.5 540.1  0.21
       9 10  88.9  50.0  70.9  39.5  41.6  0.01  15.0  87.6   3.6 533.0  0.22
       9 11  73.6  51.4  62.2  69.7  52.2  0.32  32.1 117.1   4.9 399.9  0.17
       9 12  66.9  53.1  59.7  86.2  55.4  0.03  18.4  95.6   4.0 247.4  0.10
       9 13  72.2  48.5  58.3  87.8  54.4  0.57  28.6  76.9   3.2 323.5  0.12
       9 14  67.1  47.9  57.0  88.6  53.5  0.08  20.8  82.3   3.4 294.2  0.10
       9 15  72.2  53.1  60.5  78.7  53.1  0.04  11.8  60.4   2.5 471.7  0.14
       9 16  71.1  49.3  60.0  80.2  53.2  0.01  16.6 100.1   4.2 461.3  0.14
       9 17  62.5  46.8  54.3  79.6  47.7  0.25  14.0 105.6   4.4 199.2  0.09
       9 18  60.3  41.0  49.8  81.4  43.8  1.19  27.9 131.1   5.5 351.9  0.13
       9 19  62.6  37.7  50.6  60.8  35.8  0.04  28.2 191.5   8.0 444.0  0.18
       9 20  65.4  43.6  53.6  56.9  37.9        21.5 120.4   5.0 440.8  0.15
       9 21  77.0  40.8  59.8  51.6  40.6        28.4 133.7   5.6 501.1  0.18
       9 22  80.6  43.1  59.9  62.4  45.6        22.8 108.2   4.5 376.0  0.16
       9 23  60.0  45.4  51.6  78.5  45.0  0.06  13.7  93.0   3.9 276.0  0.10
       9 24  69.5  44.3  54.4  83.7  49.0  0.03  27.3  94.1   3.9 295.6  0.11
       9 25  65.3  32.4  47.7  85.0  43.3  0.18  30.0 148.3   6.2 210.3  0.11
       9 26  46.5  32.1  36.7  86.9  32.9  0.26  19.4 129.3   5.4 230.9  0.09
       9 27  56.2  26.0  42.6  68.2  31.1  0.19  25.6 131.2   5.5 464.0  0.13
       9 28  75.1  41.7  58.0  51.7  39.2        17.5 117.8   4.9 476.2  0.15
       9 29  79.0  41.9  58.9  58.9  43.0         9.4  64.2   2.7 476.2  0.13
       9 30  79.6  44.7  62.3  51.2  41.9        18.4  80.0   3.3 424.2  0.13
      10  1  80.7  45.9  64.2  41.8  39.0        29.1 146.7   6.1 414.4  0.19
      10  2  58.2  45.1  50.6  75.1  43.0        21.9 105.8   4.4 209.1  0.10
      10  3  66.7  43.3  53.1  75.5  45.3        17.2  56.0   2.3 355.6  0.11
      10  4  76.0  44.4  58.7  69.2  47.0         9.4  51.2   2.1 412.1  0.12
      10  5  77.8  43.8  61.2  59.7  44.8        10.6  72.1   3.0 438.8  0.13
      10  6  71.8  45.3  58.0  59.7  43.4        14.0  69.0   2.9 431.9  0.13
      10  7  70.4  43.9  54.5  72.6  44.6        12.4  63.6   2.6 389.8  0.12
      10  8  78.8  41.1  57.6  57.6  40.3        10.2  56.4   2.4 426.8  0.13
      10  9  72.6  39.5  55.8  56.0  38.5        10.1  62.8   2.6 415.6  0.12
      10 10  76.2  39.3  56.4  62.2  42.9        11.8  76.4   3.2 412.2  0.13
      10 11  84.9  44.3  66.6  34.5  35.8        18.0 118.5   4.9 421.0  0.17
      10 12  82.5  45.7  65.2  37.4  36.8        15.0  96.3   4.0 411.1  0.15
      10 13  85.0  45.3  63.2  40.6  36.3        11.3  80.4   3.4 412.0  0.16
      10 14  72.4  46.5  60.6  40.2  35.8        31.4 147.9   6.2 263.2  0.16
      10 15  73.9  37.4  54.4  50.9  34.3        16.8  86.7   3.6 329.6  0.14
      10 16  60.7  35.8  46.8  62.3  33.7  0.05  34.0 129.8   5.4 222.6  0.12
      10 17  48.8  30.0  39.5  41.7  16.8  0.01  37.6 262.2  10.9 384.3  0.18
      10 18  71.9  20.6  45.9  51.4  24.9        29.9 130.7   5.4 399.3  0.16
      10 19  76.5  39.2  58.0  39.1  31.3  0.01  37.0 145.5   6.1 325.2  0.13
      10 20  46.5  28.3  38.9  62.7  27.4        23.3 165.6   6.9 245.4  0.09
      10 21  45.8  23.5  32.8  52.9  16.0        14.0  82.9   3.5 331.6  0.09
      10 22  60.8  21.1  41.3  37.5  16.8        14.5 113.3   4.7 329.1  0.11
      10 23  57.4  34.7  45.0  46.1  24.7        11.3  73.7   3.1 204.7  0.06
      10 24  59.5  27.4  45.6  48.2  25.4        21.4 104.8   4.4 197.2  0.07
      10 25  57.3  33.1  45.9  52.4  29.1        25.1 122.2   5.1 275.8  0.08
      10 26  50.3  33.0  39.8  68.3  30.0  0.31  40.5 285.6  11.9 227.2  0.12
      10 27  50.9  30.0  36.3  74.8  28.8        11.3  80.8   3.4 287.6  0.07
      10 28  60.7  27.0  43.9  69.0  33.1        24.9  86.0   3.6 325.6  0.07
      10 29  60.1  38.0  49.2  39.6  25.3        44.0 325.4  13.6 257.8  0.17
      10 30  38.0  27.2  34.1  84.9  30.0        14.2 104.1   4.3  93.7  0.03
      10 31  32.3  29.1  30.2  96.7  29.4        10.4  89.8   3.7  39.8  0.03
      11  1  54.5  21.4  37.7  78.2  30.4  0.02  14.4  82.8   3.5 285.4      
      11  2  60.4  25.9  41.5  67.1  29.9         8.3  62.1   2.6 329.4      
      11  3  61.4  28.5  45.7  56.4  30.0        10.5  69.3   2.9 218.1      
      11  4  63.7  32.6  49.8  46.2  28.6  0.02  29.7 160.3   6.7 316.3      
      11  5  60.8  26.3  40.3  59.6  26.6        27.4 131.6   5.5 278.6      
      11  6  48.0  25.9  36.0  46.4  16.4        28.3 184.1   7.7 200.2      
      11  7  48.4  24.0  37.2  43.6  14.9  0.01  32.4 257.0  10.7 292.8      
      11  8  56.9  19.2  38.2  53.3  21.3        20.4 109.3   4.6 278.1      
      11  9  65.8  30.6  47.4  45.2  25.9        17.9  94.1   3.9 271.3      
      11 10  70.0  22.9  45.1  48.0  22.1        14.0  70.7   2.9 243.7      
      11 11  53.6  25.5  37.3  53.9  21.5        12.4  77.6   3.2 300.5      
      11 12  68.8  19.0  42.0  56.7  24.0        11.3  68.1   2.8 288.8      
      11 13  56.6  26.0  39.8  64.7  27.8        12.7  90.6   3.8 140.0      
      11 14  32.5  25.0  28.1  96.5  27.1        12.1  60.0   2.5  69.2      
      11 15  36.1  24.5  31.1  98.8  30.8  0.18  11.4  52.2   2.2  41.1      
      11 16  29.1   2.2  17.5  93.3  16.8  0.09  15.4  67.6   2.8 154.8      
      11 17  30.3   0.3  17.3  85.2  14.6        12.2  77.5   3.2 242.5      
      11 18  45.1  15.9  30.5  81.8  26.1        20.8  96.0   4.0 240.6      
      11 19  75.1  32.9  56.8  44.3  32.8  0.01  33.6 178.5   7.4 274.5      
      11 20  67.8  29.9  56.0  36.4  27.7  0.02  41.2 211.7   8.8 269.5      
      11 21  43.0  27.2  32.0  92.8  30.0        10.7  65.0   2.7 162.5      
      11 22  54.5  28.8  38.2  84.9  33.5        15.0  81.3   3.4 201.0      
      11 23  32.1  21.9  27.4  96.1  26.5        13.5  84.4   3.5  58.1      
      11 24  45.6  19.9  29.1  87.0  25.6        12.7  67.4   2.8 234.5      
      11 25  55.4  26.1  37.8  66.3  25.6        22.0 110.5   4.6 247.7      
      11 26  33.2  21.0  29.4  92.8  27.6  0.09  11.0  88.7   3.7  91.5      
      11 27  48.0  12.1  26.6  83.1  21.8  0.01  11.0  68.7   2.9 243.9      
      11 28  60.3  20.6  36.0  63.7  22.4        10.7  67.8   2.8 255.3      
      11 29  42.4  22.6  31.1  79.0  25.1  0.15  17.2 142.0   5.9 184.0      
      11 30  32.2  12.4  25.1  82.9  20.6  0.03  26.8 118.5   4.9 239.4      
      12  1  51.1  16.6  37.7  45.9  18.5  0.02  38.2 234.7   9.8 178.4      
      12  2  39.0  24.8  33.2  35.6   9.2  0.02  53.5 332.4  13.8 247.7      
      12  3  48.0  11.3  30.0  43.2   8.4        20.8 113.2   4.7 234.7      
      12  4  38.8  18.0  29.0  35.3   3.1        35.2 252.9  10.5 245.9      
      12  5  51.8  28.0  42.6  44.0  22.7        39.9 322.0  13.4 133.0      
      12  6  44.3  27.7  36.4  52.3  20.3        21.5 224.7   9.4  98.3      
      12  7  46.1  25.4  36.4  39.5  12.9  0.01  38.1 289.9  12.1 227.0      
      12  8  67.6  27.4  54.4  31.4  24.3        40.8 251.2  10.5 155.0      
      12  9  69.5  47.0  58.3  23.6  20.5        26.5 181.1   7.5 137.1      
      12 10  64.0  37.0  51.7  35.8  24.8        44.6 196.9   8.2 192.8      
      12 11  60.3  31.6  45.0  46.7  25.1        26.5 166.7   6.9 183.8      
      12 12  59.5  31.9  48.3  42.5  25.4  0.01  39.7 285.0  11.9 228.4      
      12 13  54.4  26.9  38.8  66.8  27.9        22.1 120.2   5.0 224.5      
      12 14  43.1  22.0  32.8  46.5  12.7  0.01  45.0 344.0  14.3 222.8      
      12 15  43.1  10.5  30.3  40.2   5.1        31.7 240.5  10.0 227.9      
      12 16  39.8   6.8  25.8  65.3  13.2  0.09  36.8 294.2  12.3  56.8      
      12 17  15.7  -9.4   4.3  67.9  -3.6  0.02  19.7  94.8   4.0 176.1      
      12 18  18.5 -13.5   2.4  64.1  -7.4        18.0 105.6   4.4 245.9      
      12 19  29.9  -5.4  14.4  68.1   6.0        11.3  74.1   3.1 189.2      
      12 20  50.0  11.4  33.4  46.8  14.5  0.01  30.8 146.6   6.1 151.3      
      12 21  47.5  29.9  42.8  45.1  22.9        29.9 210.7   8.8 122.4      
      12 22  45.4  19.6  29.0  80.5  23.0        23.7 128.8   5.4 187.4      
      12 23  33.6  17.9  21.9  86.0  18.1        18.8 100.1   4.2 145.3      
      12 24  44.9  20.7  35.8  38.0  12.0  0.03  42.4 356.0  14.8 200.6      
      12 25  52.8   8.8  27.3  64.5  15.0        24.4 151.1   6.3 233.7      
      12 26  42.3   6.3  17.2  69.3   8.7        19.4 116.9   4.9 171.9      
      12 27  63.5  26.8  47.1  39.6  23.0        29.7 168.1   7.0 214.7      
      12 28  54.7  33.0  44.4  33.3  16.5        33.4 201.1   8.4 238.3      
      12 29  64.4  31.3  48.8  35.3  21.7        29.3 197.4   8.2 144.0      
      12 30  60.3  27.8  46.1  49.2  26.9        28.0 129.4   5.4 101.3      
      12 31  63.7  25.9  43.3  58.8  28.3        28.4 125.5   5.2 149.5      

      Total                               14.97                         46.27
        Max  97.7  62.4  77.1  98.8  61.8        53.5 413.1  17.2 742.0
        Min   1.4 -21.1  -7.8  17.0 -14.1         6.1  38.9   1.6  39.8
        Ave  64.0  34.7  49.3  59.0  33.1        23.3 131.3   5.5 391.3
