                                                                    17-JAN-02
      Cellular-linked Weather Station near LONGMONT (South), Color       2001
      -----------------------------------------------------------------------------
               Temperature      Rel   Dew             Wind        Solar StandrdASCE
            ----------------- Humid Point  Prec -----------------   Rad   ETr   ETo
       Date   Max   Min   Ave   Ave   Ave Total   Max Total   Ave Total Alflf Grass
      MoDay     F     F     F     %     F  inch   mph miles   mph Langl  inch  inch
      ----- ----- ----- ----- ----- ----- ----- ----- ----- ----- ----- ----- -----
       1  1  31.4   9.2  18.9  95.1  18.2        10.6  60.7   2.5 130.4            
       1  2  45.6  14.1  28.7  68.6  17.9        17.4  94.2   3.9 231.7            
       1  3  59.3  21.8  37.5  48.8  18.5  0.01  18.6  85.1   3.5 227.3            
       1  4  68.9  25.4  45.4  39.2  16.8  0.03  41.0 180.5   7.5 203.7            
       1  5  59.9  21.8  42.9  47.5  22.4        21.9 110.2   4.6 238.0            
       1  6  57.1  28.9  46.4  40.5  21.8        29.5 176.9   7.4 150.7            
       1  7  43.4  16.6  30.9  64.9  19.3        15.4  82.6   3.4 244.5            
       1  8  56.0  11.3  30.3  50.2   9.9        12.7  59.9   2.5 251.4            
       1  9  43.3  12.8  28.2  52.2  12.2        10.6  57.1   2.4 218.8            
       1 10  58.4  21.2  39.1  40.0  16.3        19.5 122.4   5.1 223.7            
       1 11  51.9  18.9  33.3  52.3  16.4         8.8  74.1   3.1 247.9            
       1 12  52.1  14.1  32.3  51.2  15.4        14.3  83.6   3.5 254.9            
       1 13  47.2  23.8  35.2  49.4  18.0        24.7 143.5   6.0 134.0            
       1 14  42.4  15.0  27.4  50.3  10.4        21.0  97.5   4.1 153.6            
       1 15  35.8   9.7  23.8  65.6  13.7  0.01  15.9  83.2   3.5 199.0            
       1 16  24.6   7.2  19.6  98.6  19.5  0.15  11.7  82.8   3.5 184.2            
       1 17  26.9  -4.4  11.3  91.6  10.6  0.01  10.3  26.2   1.1 247.1            
       1 18  40.7  12.1  25.1  75.2  17.7        13.6  84.0   3.5 259.9            
       1 19  38.8   5.4  20.0  80.1  14.7         6.7  40.0   1.7 270.1            
       1 20  45.0  15.1  29.5  74.9  22.2        15.1  81.6   3.4 189.3            
       1 21  45.8  14.6  28.7  67.1  17.9         8.7  41.1   1.7 282.4            
       1 22  42.9  15.5  29.3  64.3  18.1        10.0  48.7   2.0 113.7            
       1 23  39.1  21.9  28.4  84.2  24.2        10.2  57.4   2.4 199.4            
       1 24  40.8  20.2  29.6  78.2  23.5        12.3  80.3   3.3 264.3            
       1 25  42.4  18.2  31.1  70.8  21.0  0.02  21.6 119.3   5.0 142.3            
       1 26  39.6  23.1  31.4  60.3  19.0        15.7 139.8   5.8 210.2            
       1 27  30.5  19.8  25.8  87.1  22.4  0.06  11.6  91.4   3.8 104.2            
       1 28  25.5  21.5  23.0 100.2  22.9  0.15  13.5 112.8   4.7  40.2            
       1 29  43.4  22.5  30.2  77.4  22.8  0.09  13.5 113.1   4.7 174.6            
       1 30  36.4  23.1  30.0  56.0  15.8        28.3 200.8   8.4 216.2            
       1 31  37.8   7.7  22.0  59.0   9.2        13.0  85.6   3.6 312.5            
       2  1  41.3   9.0  23.8  61.4  11.8        12.0  90.8   3.8 312.0            
       2  2  49.9  16.1  34.9  64.0  23.6  0.02  31.3 144.1   6.0 271.9            
       2  3  51.2  27.9  41.0  62.2  27.9  0.02  41.4 221.8   9.2 157.2            
       2  4  46.3  24.0  33.0  70.3  24.2        20.0  97.6   4.1 310.7            
       2  5  60.4  26.1  44.4  57.0  27.4  0.01  38.4 257.9  10.7 329.3            
       2  6  39.4  21.6  29.6  93.4  27.9        10.7  61.4   2.6 234.7            
       2  7  30.0  16.2  24.1 101.4  24.3        12.4 110.5   4.6  34.0            
       2  8  16.5   7.9  11.4  96.5  10.7  0.09   9.4  40.5   1.7 130.0            
       2  9  20.8  -9.4   7.7  81.9   3.7  0.01   8.3  24.9   1.0 302.9            
       2 10  31.0  -0.8  15.1  81.8  11.8        10.6  56.4   2.4 348.1            
       2 11  47.5   8.4  28.0  68.5  17.5  0.02  28.1 187.5   7.8 309.0            
       2 12  42.7  18.6  31.0  69.5  22.1         9.6  88.7   3.7 348.8            
       2 13  45.7  19.2  30.7  79.4  24.7  0.04  23.5 113.0   4.7 337.2            
       2 14  19.3   4.7  13.1  92.1  11.4  0.07  10.7  81.1   3.4 280.0            
       2 15  38.7   3.6  20.0  84.2  17.0         9.4  57.8   2.4 368.3            
       2 16  24.9  19.0  22.3  97.7  21.7        10.9  80.2   3.3  98.7            
       2 17  38.9  23.0  27.9  94.5  26.5        11.5  64.9   2.7 285.5            
       2 18  56.5  23.7  37.6  72.5  28.1  0.01  19.1 100.7   4.2 168.0            
       2 19  49.8  28.3  38.3  74.9  30.8        14.1  96.9   4.0 336.9            
       2 20  46.6  23.8  32.2  94.3  30.6        18.4 111.4   4.6 319.4            
       2 21  49.8  28.0  35.5  89.7  32.2        12.2  89.5   3.7 322.1            
       2 22  53.4  25.1  38.8  74.8  30.5  0.01  17.6 127.2   5.3 316.7            
       2 23  37.2  27.4  33.6  94.2  32.1        11.2 111.5   4.6 134.0            
       2 24  41.5  28.4  34.5  86.3  30.6        17.6 122.9   5.1 245.5            
       2 25  54.8  26.0  40.0  42.1  17.3  0.01  23.1 149.8   6.2 421.8            
       2 26  40.3  23.6  31.3  81.5  25.9        18.2 146.8   6.1 266.6            
       2 27  24.0  16.5  20.0  94.5  18.7  0.05  12.4 116.8   4.9 198.6            
       2 28  38.2  18.4  26.9  81.0  22.0         8.3  53.0   2.2 323.0            
       3  1  56.2  23.2  40.0  56.9  22.7  0.02  22.5 127.7   5.3 356.0  0.13  0.09
       3  2  52.6  20.5  36.6  60.2  21.8        13.6  85.8   3.6 434.5  0.11  0.08
       3  3  50.5  22.8  37.2  59.2  22.7        20.0 120.7   5.0 422.7  0.11  0.08
       3  4  53.3  20.0  36.5  61.9  23.0        14.9  78.0   3.3 444.3  0.10  0.08
       3  5  64.2  21.1  44.0  51.3  24.8        28.8  87.3   3.6 333.9  0.13  0.10
       3  6  59.2  35.5  47.6  52.3  30.0        13.5  78.1   3.3 279.0  0.11  0.08
       3  7  56.4  29.3  44.2  68.2  33.7        18.6 129.9   5.4 394.5  0.11  0.09
       3  8  59.5  26.3  43.8  63.4  30.2        14.9  82.2   3.4 453.0  0.12  0.09
       3  9  63.6  28.0  48.0  50.3  27.8        19.6  90.1   3.8 366.7  0.14  0.10
       3 10  43.2  27.7  34.2  93.6  32.0  0.28  19.9 122.1   5.1  97.0  0.04  0.03
       3 11  28.3  14.5  25.6 100.8  25.7  0.19  11.9 103.6   4.3 232.8  0.01  0.02
       3 12  52.3  15.3  35.1  69.0  24.1  0.03  24.8 146.3   6.1 456.4  0.12  0.09
       3 13  58.1  29.9  44.2  53.9  27.5        23.2 149.3   6.2 429.7  0.16  0.11
       3 14  54.5  32.0  42.0  42.6  20.4  0.02  38.1 299.2  12.5 294.3  0.21  0.14
       3 15  45.0  24.6  33.6  59.2  19.7        24.6 196.5   8.2 399.2  0.12  0.09
       3 16  45.3  19.5  32.4  72.3  23.2        19.2  91.7   3.8 390.6  0.08  0.07
       3 17  37.6  27.5  32.1  94.3  30.5  0.11  15.6  81.4   3.4 253.4  0.04  0.04
       3 18  49.4  23.4  35.0  83.9  29.5  0.06  27.2 114.8   4.8 338.8  0.09  0.07
       3 19  64.1  22.0  44.4  56.1  26.2        15.6  82.2   3.4 508.0  0.15  0.12
       3 20  73.0  34.6  53.7  48.7  33.2        26.7 138.9   5.8 320.1  0.21  0.14
       3 21  62.2  37.4  50.1  69.8  40.0  0.01  17.3 101.7   4.2 330.6  0.12  0.09
       3 22  63.9  35.2  48.3  76.9  39.9  0.02  24.3 118.4   4.9 499.5  0.15  0.12
       3 23  64.0  32.7  44.0  73.0  34.6        24.9 144.4   6.0 327.7  0.16  0.11
       3 24  35.4  30.7  32.5  99.4  32.1        11.8 118.6   4.9 101.6  0.02  0.02
       3 25  35.0  30.0  32.0  98.9  31.4  0.32   9.2  59.8   2.5  86.6  0.02  0.02
       3 26  43.9  28.6  33.5  97.6  32.6  0.07  11.1  47.6   2.0 284.6  0.06  0.05
       3 27  56.8  32.1  40.8  80.5  33.7  0.02  24.1 113.4   4.7 420.7  0.13  0.10
       3 28  52.4  25.9  39.0  78.4  32.0        14.2  83.4   3.5 330.7  0.09  0.07
       3 29  46.9  27.5  37.5  92.8  35.5  0.02  15.7 114.7   4.8 205.1  0.05  0.04
       3 30  59.8  28.5  42.0  70.5  30.0  0.04  32.2 213.7   8.9 555.8  0.19  0.14
       3 31  50.5  27.2  36.9  79.3  29.9  0.04  12.7  97.8   4.1 561.1  0.12  0.10
       4  1  70.1  28.0  52.3  51.1  30.1  0.04  33.1 235.5   9.8 453.6  0.26  0.18
       4  2  67.1  35.6  51.8  58.6  36.4        17.3  83.8   3.5 375.8  0.15  0.11
       4  3  73.0  42.7  55.4  64.7  42.4        24.7 134.2   5.6 515.6  0.22  0.16
       4  4  60.1  40.7  50.0  86.4  45.5        12.3  97.7   4.1 371.3  0.10  0.09
       4  5  62.0  42.7  51.2  83.7  45.9        10.4  66.0   2.8 311.9  0.10  0.08
       4  6  58.3  41.5  48.9  77.4  41.6  0.01  32.1 166.6   6.9 240.2  0.11  0.08
       4  7  64.3  38.6  52.6  36.4  25.9        41.7 162.7   6.8 476.3  0.23  0.16
       4  8  61.3  29.3  45.6  60.1  31.4        28.1 181.4   7.6 490.4  0.18  0.14
       4  9  63.3  27.8  48.3  53.4  30.2        36.1 180.8   7.5 571.8  0.21  0.15
       4 10  42.5  32.4  37.8  90.4  35.0  0.19  15.3 138.0   5.8 123.3  0.04  0.03
       4 11  42.8  32.4  37.0  84.1  31.9  0.80  39.9 341.9  14.2 437.4  0.09  0.07
       4 12  49.1  30.7  39.1  78.3  32.7        10.7  88.7   3.7 521.3  0.11  0.10
       4 13  57.2  31.4  44.6  57.4  29.0        19.6 130.7   5.4 594.1  0.17  0.14
       4 14  62.9  29.0  45.7  60.5  31.3  0.01  40.9 171.4   7.1 616.2  0.21  0.16
       4 15  61.3  29.9  45.7  61.7  32.3        18.8 140.5   5.9 620.5  0.19  0.15
       4 16  44.2  31.3  37.5  74.9  30.3        27.8 140.2   5.8 221.3  0.08  0.06
       4 17  62.0  36.3  46.7  72.9  37.7        10.5  65.0   2.7 605.7  0.15  0.13
       4 18  80.4  36.2  58.1  53.8  35.7        18.0 117.9   4.9 547.2  0.27  0.20
       4 19  75.4  54.4  66.0  22.2  25.5        41.7 275.9  11.5 574.1  0.42  0.29
       4 20  60.0  35.2  50.0  57.9  35.6  0.06  30.0 165.1   6.9 371.5  0.15  0.12
       4 21  48.2  32.5  40.7  94.1  39.0  0.53  22.9 187.0   7.8 148.5  0.04  0.04
       4 22  36.3  31.5  33.3  99.7  32.9  0.44  27.5 272.7  11.4 195.1  0.03  0.03
       4 23  58.9  26.0  43.1  68.4  31.5        16.7  96.1   4.0 627.2  0.16  0.13
       4 24  64.3  33.8  50.1  64.7  37.6        16.1  93.4   3.9 638.4  0.18  0.15
       4 25  69.8  35.2  54.1  63.1  40.1        10.7  78.5   3.3 671.5  0.20  0.17
       4 26  74.7  39.2  59.3  55.2  41.0        12.6  81.9   3.4 673.0  0.22  0.19
       4 27  78.7  41.2  60.6  57.5  43.8        16.5  93.7   3.9 659.6  0.24  0.20
       4 28  74.0  40.9  59.9  60.7  45.3        21.0 116.4   4.8 483.7  0.20  0.16
       4 29  77.7  42.7  63.3  46.9  40.9        27.8 116.8   4.9 561.6  0.25  0.19
       4 30  74.2  42.5  61.0  47.7  39.6        21.9 112.6   4.7 553.5  0.23  0.18
       5  1  84.5  52.2  68.4  35.6  38.1  0.01  28.4 196.4   8.2 619.0  0.39  0.28
       5  2  58.4  32.5  35.7  99.0  35.0  0.46  25.7 152.8   6.4 102.4  0.12  0.08
       5  3  38.2  32.3  34.9 101.8  34.9  0.48  11.0 127.2   5.3 203.9  0.04  0.04
       5  4  41.4  35.2  38.2 101.1  38.1  0.72  12.7 147.4   6.1  93.7  0.02  0.02
       5  5  49.8  38.8  44.0  97.3  43.3  0.58  25.0 160.0   6.7 125.8  0.04  0.04
       5  6  60.3  37.9  50.7  74.3  42.8  0.02  23.1 157.1   6.5 558.5  0.15  0.13
       5  7  62.8  39.8  51.1  71.0  41.7        18.7 109.0   4.5 707.0  0.19  0.16
       5  8  73.4  38.4  58.6  59.1  42.3        21.7 113.9   4.7 716.0  0.24  0.20
       5  9  78.8  40.1  59.4  56.0  42.4  0.02  36.2 110.2   4.6 452.6  0.23  0.17
       5 10  81.2  47.5  62.2  53.8  44.0        25.6 141.7   5.9 412.2  0.27  0.19
       5 11  70.1  49.1  57.0  78.2  49.8        22.7 115.9   4.8 535.4  0.19  0.16
       5 12  81.3  43.3  63.6  59.9  47.0        10.0  62.9   2.6 723.0  0.24  0.21
       5 13  84.3  45.4  66.9  51.9  47.1        14.0  71.7   3.0 690.2  0.26  0.22
       5 14  81.5  49.4  65.6  58.3  50.1        23.3 103.7   4.3 564.4  0.24  0.20
       5 15  84.6  49.6  69.6  44.8  45.9        25.7 161.8   6.7 630.6  0.33  0.25
       5 16  80.8  59.0  67.9  51.6  49.4        20.3 105.4   4.4 499.0  0.25  0.20
       5 17  62.9  46.2  55.1  83.5  49.9  0.10  19.0 109.5   4.6 224.4  0.09  0.08
       5 18  75.2  45.0  59.7  73.8  49.2  0.01  17.9  75.8   3.2 616.0  0.20  0.18
       5 19  66.2  50.8  58.7  80.2  52.5        14.2  92.6   3.9 366.3  0.13  0.11
       5 20  75.0  32.8  50.1  81.6  43.5  0.11  41.7 195.9   8.2 533.5  0.25  0.18
       5 21  58.0  29.6  44.8  59.8  29.6        18.9  91.8   3.8 619.6  0.17  0.14
       5 22  75.5  36.1  57.4  50.9  37.7        18.1 109.2   4.5 586.2  0.24  0.19
       5 23  79.5  39.0  61.5  53.2  41.5  0.01  38.4 133.7   5.6 635.8  0.28  0.22
       5 24  75.8  37.4  58.9  50.1  38.2        24.3 131.8   5.5 600.2  0.26  0.20
       5 25  71.3  34.4  55.3  68.3  44.1        12.9  70.6   2.9 615.1  0.19  0.16
       5 26  76.4  42.3  60.7  70.5  50.1        12.3  72.8   3.0 490.2  0.18  0.15
       5 27  75.6  53.4  62.3  76.7  54.2        19.7 118.6   4.9 559.2  0.21  0.18
       5 28  69.7  46.1  58.7  88.2  54.9  0.02  18.0  95.4   4.0 300.6  0.11  0.09
       5 29  77.3  51.9  62.1  76.1  53.4  0.03  28.6  97.0   4.0 558.4  0.21  0.18
       5 30  66.4  48.3  57.7  84.2  52.8  0.02  17.1 114.1   4.8 352.3  0.12  0.11
       5 31  77.1  41.5  60.8  73.6  50.8  0.01  16.8  85.7   3.6 668.9  0.22  0.19
       6  1  80.9  47.6  65.9  60.0  49.5        13.9  85.0   3.5 711.0  0.26  0.22
       6  2  88.7  45.1  66.9  60.0  50.7        16.7  84.3   3.5 629.1  0.27  0.22
       6  3  67.1  54.3  58.9  91.0  56.1  0.05  20.7 138.8   5.8 206.8  0.10  0.08
       6  4  61.1  48.0  54.1 100.1  53.7  0.27  16.8 138.7   5.8 219.9  0.06  0.06
       6  5  75.1  41.7  59.2  76.9  50.5  0.01  14.8  73.9   3.1 673.0  0.21  0.19
       6  6  82.0  45.0  64.5  68.6  52.4        13.2  92.8   3.9 721.0  0.26  0.22
       6  7  82.2  53.0  66.8  75.1  57.9  0.01  22.1  98.6   4.1 610.9  0.23  0.20
       6  8  86.9  51.9  70.6  60.9  53.8        14.5 100.3   4.2 695.7  0.29  0.24
       6  9  91.9  53.4  70.7  54.2  51.2        25.6 108.9   4.5 469.9  0.29  0.22
       6 10  95.8  52.3  76.7  36.9  43.6  0.01  27.2 128.5   5.4 734.0  0.40  0.31
       6 11  94.8  51.9  76.6  36.2  43.3        25.4 142.6   5.9 692.5  0.40  0.30
       6 12  85.1  54.0  70.2  62.9  55.3        15.7  82.4   3.4 465.5  0.21  0.18
       6 13  64.1  43.8  53.1  68.2  41.1  0.31  25.4 146.3   6.1 271.1  0.16  0.12
       6 14  68.4  39.7  55.5  51.5  35.1  0.04  32.8 260.1  10.8 693.0  0.30  0.22
       6 15  85.1  45.7  68.1  31.0  33.4        29.8 200.5   8.4 745.0  0.43  0.31
       6 16  83.6  47.6  65.9  56.0  48.7        12.8  94.3   3.9 733.0  0.28  0.24
       6 17  95.4  50.9  75.1  38.8  40.9        23.1 105.6   4.4 778.0  0.38  0.30
       6 18  94.2  57.8  76.1  27.5  37.5        33.3 183.6   7.7 678.6  0.48  0.34
       6 19  72.0  56.1  62.3  58.8  47.5        20.8 148.3   6.2 521.7  0.24  0.19
       6 20  78.2  49.2  62.8  73.3  53.4        24.7 129.3   5.4 642.9  0.24  0.20
       6 21  81.4  54.7  67.1  69.8  55.3        18.0  85.6   3.6 670.8  0.25  0.22
       6 22  89.9  50.3  70.4  52.0  49.1        40.5 139.3   5.8 613.0  0.34  0.26
       6 23  96.0  50.9  74.8  40.5  44.7        24.9 116.9   4.9 685.4  0.38  0.29
       6 24  93.0  55.0  75.5  40.4  48.4        28.5 138.7   5.8 437.4  0.33  0.24
       6 25  94.0  58.2  76.1  45.8  51.2        32.4 111.0   4.6 579.8  0.33  0.25
       6 26  90.1  56.2  73.2  53.9  54.5        29.8 130.2   5.4 536.6  0.30  0.23
       6 27  89.5  56.6  74.9  51.3  53.4        13.7  97.0   4.0 710.0  0.31  0.26
       6 28  92.7  55.7  76.8  43.2  50.0        15.7  89.3   3.7 730.0  0.33  0.27
       6 29  96.0  57.6  78.6  43.6  51.7        20.3 111.6   4.7 677.4  0.36  0.28
       6 30  98.1  58.4  79.4  44.1  52.8        27.8 126.3   5.3 588.8  0.37  0.28
       7  1  96.3  61.2  78.2  46.2  54.6        20.2 106.7   4.4 644.8  0.35  0.27
       7  2  97.9  57.3  77.4  45.4  51.6        26.4 118.9   5.0 605.0  0.37  0.28
       7  3  87.8  55.7  74.1  59.3  58.1        23.7 122.6   5.1 633.0  0.28  0.23
       7  4  90.4  58.4  75.6  61.2  59.6        27.9 104.3   4.3 560.4  0.27  0.22
       7  5  95.1  63.0  78.0  55.2  59.5  0.02  32.9 165.7   6.9 586.7  0.37  0.28
       7  6  95.9  63.9  79.7  49.3  57.3        18.1 109.7   4.6 653.4  0.34  0.27
       7  7  93.2  60.5  77.1  60.4  60.4  0.17  24.2 105.4   4.4 618.4  0.30  0.25
       7  8  91.7  62.7  73.7  71.3  62.1  0.15  46.0 171.0   7.1 516.6  0.32  0.24
       7  9  85.3  58.2  72.3  70.9  61.7  0.01  16.6  92.1   3.8 605.3  0.24  0.21
       7 10  85.7  64.0  72.0  69.7  61.0  0.09  25.6 145.2   6.0 631.4  0.30  0.24
       7 11  87.0  59.5  71.0  76.1  61.7  0.05  22.0 113.3   4.7 628.1  0.27  0.22
       7 12  83.3  60.2  68.9  85.8  63.8  0.28  31.0 125.4   5.2 468.9  0.20  0.17
       7 13  81.9  58.7  68.3  84.8  62.9  0.05  27.0 103.1   4.3 451.5  0.19  0.16
       7 14  82.5  56.2  67.1  86.2  62.3  0.13  24.8  91.7   3.8 573.2  0.21  0.18
       7 15  86.1  56.2  71.6  62.6  55.9  0.03  31.6 112.7   4.7 676.9  0.29  0.24
       7 16  88.1  59.5  75.2  42.4  49.2        26.5 151.0   6.3 720.0  0.37  0.28
       7 17  88.1  52.8  73.1  42.9  47.7        16.1 109.4   4.6 531.7  0.28  0.22
       7 18  88.1  56.0  75.0  42.7  49.7        33.8 118.1   4.9 583.9  0.30  0.24
       7 19  90.3  59.5  75.4  49.2  53.6        22.9 125.3   5.2 574.3  0.31  0.24
       7 20  91.3  56.5  75.8  50.9  54.6        22.6  90.9   3.8 659.7  0.29  0.24
       7 21  90.4  59.5  76.8  48.7  54.7        14.5  97.5   4.1 469.5  0.26  0.20
       7 22  94.5  60.7  78.8  45.8  54.1        21.8  88.6   3.7 681.9  0.32  0.26
       7 23  79.5  60.1  69.6  75.6  61.9        16.9 112.1   4.7 408.2  0.17  0.15
       7 24  84.7  57.4  69.2  79.2  61.5  0.01  20.0  98.1   4.1 526.3  0.22  0.18
       7 25  87.9  55.3  71.5  65.3  57.5  0.03  27.8 110.3   4.6 630.4  0.28  0.23
       7 26  79.2  56.3  67.5  77.3  59.6        22.5 108.9   4.5 416.2  0.18  0.15
       7 27  85.6  55.5  71.4  62.5  55.9        12.8  74.6   3.1 603.4  0.24  0.20
       7 28  95.6  53.9  75.9  47.0  49.2        16.7  91.5   3.8 695.7  0.33  0.26
       7 29 100.2  54.6  81.0  35.0  45.8        15.3  94.3   3.9 658.2  0.35  0.27
       7 30  99.1  57.5  80.9  33.4  46.6        23.8 114.5   4.8 634.1  0.37  0.28
       7 31  92.3  64.3  77.8  47.6  54.8  0.01  26.9 116.0   4.8 486.5  0.30  0.23
       8  1  86.8  60.4  71.9  67.1  58.2  0.01  21.3 124.3   5.2 478.4  0.26  0.20
       8  2  88.3  60.9  72.5  70.9  61.0        22.3 125.0   5.2 538.6  0.27  0.21
       8  3  92.5  57.6  76.3  57.0  57.2        19.5  84.4   3.5 672.9  0.29  0.24
       8  4  93.4  61.3  78.5  52.5  58.4        12.6  81.9   3.4 512.2  0.25  0.21
       8  5  94.5  62.7  79.8  48.3  56.5  0.01  24.0  96.5   4.0 532.0  0.29  0.23
       8  6  92.7  63.1  73.9  67.4  60.9  0.20  29.0 113.7   4.7 445.7  0.27  0.21
       8  7  91.7  59.1  75.2  68.1  61.8  0.02  23.0 101.9   4.2 626.6  0.28  0.23
       8  8  89.6  59.1  74.6  58.1  57.5  0.01  22.7 132.8   5.5 596.8  0.30  0.24
       8  9  68.4  57.5  63.6  85.1  58.8  0.30  20.7 127.3   5.3 253.5  0.10  0.09
       8 10  77.8  56.5  64.3  85.2  59.4  0.01  18.0 107.1   4.5 499.8  0.18  0.16
       8 11  84.0  52.8  67.8  74.3  57.8        20.8  87.7   3.7 536.0  0.21  0.18
       8 12  84.5  53.6  69.1  71.2  58.4        12.1  78.7   3.3 524.5  0.21  0.18
       8 13  81.4  56.8  68.3  79.5  61.2        20.0  90.8   3.8 439.9  0.18  0.15
       8 14  77.9  61.0  67.8  80.2  61.2        32.8 112.2   4.7 372.9  0.16  0.14
       8 15  78.5  58.5  67.2  70.5  56.5  0.01  35.2 117.6   4.9 411.3  0.19  0.16
       8 16  76.3  52.1  64.2  73.6  54.8        32.2 105.3   4.4 430.4  0.17  0.14
       8 17  83.6  48.4  66.6  65.4  52.2        11.6  72.6   3.0 612.1  0.22  0.19
       8 18  89.5  48.3  71.0  52.1  49.3        15.1  74.4   3.1 608.3  0.25  0.21
       8 19  94.3  53.8  72.4  49.8  50.8  0.01  29.3 100.9   4.2 432.8  0.28  0.21
       8 20  82.2  63.0  72.3  49.4  52.2        30.1 147.5   6.1 348.9  0.25  0.18
       8 21  84.5  55.6  70.1  59.5  54.4        17.5  93.0   3.9 500.3  0.22  0.18
       8 22  82.4  53.3  68.1  58.3  52.2        25.2 113.6   4.7 408.4  0.22  0.17
       8 23  83.1  56.9  68.2  68.4  56.5        13.1  71.1   3.0 510.4  0.20  0.17
       8 24  90.0  50.1  71.7  56.4  52.0        13.3  78.0   3.3 602.7  0.25  0.21
       8 25  81.8  57.8  69.8  55.0  52.1        24.8 140.5   5.9 507.0  0.26  0.20
       8 26  90.2  49.3  70.6  51.9  48.4        18.0  83.6   3.5 595.8  0.26  0.21
       8 27  93.2  52.9  72.1  49.0  51.1        27.3 101.5   4.2 550.7  0.29  0.22
       8 28  85.2  51.3  69.7  49.3  49.1        24.6 101.7   4.2 494.7  0.24  0.19
       8 29  86.5  50.1  68.4  54.5  49.7        30.6  98.5   4.1 432.2  0.23  0.18
       8 30  77.4  51.3  64.4  68.2  53.5        20.1  93.2   3.9 419.5  0.17  0.14
       8 31  79.0  50.8  64.3  72.7  54.8        22.1  84.0   3.5 344.8  0.15  0.12
       9  1  84.6  47.9  67.0  61.6  51.6        26.1  99.8   4.2 434.3  0.21  0.16
       9  2  88.2  53.9  71.8  44.7  48.3        21.1 104.9   4.4 514.3  0.26  0.20
       9  3  89.0  52.6  71.8  47.0  49.4        13.7  68.6   2.9 556.1  0.23  0.19
       9  4  88.1  51.4  71.3  45.0  47.2        14.9  85.4   3.6 547.9  0.25  0.19
       9  5  85.8  54.2  67.9  52.1  49.2        29.7 103.4   4.3 471.4  0.25  0.19
       9  6  84.9  50.9  66.9  56.7  49.1        37.3 134.5   5.6 362.2  0.25  0.18
       9  7  68.1  44.8  56.1  65.5  43.0        28.0 125.9   5.2 483.1  0.18  0.14
       9  8  49.6  36.7  43.1  95.6  41.9        22.1 135.8   5.7 216.4  0.05  0.05
       9  9  72.4  33.6  52.2  71.6  41.8  0.01  11.6  68.8   2.9 566.3  0.17  0.14
       9 10  81.1  39.2  60.2  63.7  45.4        11.3  74.5   3.1 558.2  0.20  0.16
       9 11  85.7  45.6  67.3  45.6  43.4        21.9  70.5   2.9 450.2  0.20  0.16
       9 12  84.7  47.3  67.2  44.6  44.1        16.7  93.8   3.9 531.3  0.24  0.18
       9 13  78.0  50.0  63.5  71.0  53.2  0.06  19.3  97.7   4.1 334.3  0.16  0.12
       9 14  76.8  50.2  62.0  84.6  56.6  0.07  20.4  85.2   3.5 450.0  0.15  0.13
       9 15  67.1  54.6  59.3  92.5  57.0  0.05  14.8  81.4   3.4 301.0  0.09  0.08
       9 16  76.0  55.1  61.4  81.8  55.3        15.7  76.1   3.2 268.6  0.13  0.10
       9 17  67.0  50.9  57.5  85.9  53.2  0.02  17.9  81.0   3.4 287.6  0.10  0.08
       9 18  69.3  44.5  56.5  85.6  51.5        11.7  62.1   2.6 281.1  0.09  0.08
       9 19  82.9  43.0  63.8  55.5  44.4  0.01  24.9 131.6   5.5 511.1  0.25  0.18
       9 20  80.1  47.7  64.4  53.1  45.2        12.6  89.2   3.7 504.3  0.20  0.16
       9 21  88.3  44.5  65.6  55.1  44.8        29.1  92.7   3.9 475.6  0.24  0.18
       9 22  83.3  50.1  66.0  43.6  40.7        19.6 107.0   4.5 484.5  0.25  0.18
       9 23  72.9  43.3  57.5  60.7  42.9        11.4  73.2   3.0 492.5  0.16  0.13
       9 24  81.7  40.5  59.9  64.7  45.3        10.4  63.7   2.7 488.6  0.18  0.14
       9 25  85.0  43.5  63.7  53.1  43.0        11.3  66.2   2.8 482.1  0.19  0.15
       9 26  89.7  45.9  68.4  44.1  41.3  0.01  32.9  92.2   3.8 421.2  0.24  0.17
       9 27  88.5  49.7  70.5  35.8  39.3        14.6  74.9   3.1 475.2  0.22  0.16
       9 28  80.3  47.9  64.3  56.1  47.8        10.6  78.3   3.3 341.6  0.16  0.12
       9 29  80.5  51.1  64.0  59.8  48.8        19.5  98.3   4.1 260.2  0.17  0.12
       9 30  74.7  46.6  60.4  68.1  49.2        11.0  71.1   3.0 405.1  0.14  0.11
      10  1  81.2  46.3  63.3  58.4  46.2        11.1  69.6   2.9 440.3  0.17  0.13
      10  2  82.6  55.4  68.7  34.1  37.7        18.2 114.8   4.8 374.7  0.24  0.17
      10  3  80.3  41.7  60.4  49.3  39.2        18.7 108.6   4.5 434.7  0.22  0.15
      10  4  54.8  34.4  46.5  79.4  40.3  0.07  28.6 153.7   6.4 193.2  0.07  0.05
      10  5  42.9  31.0  36.4  94.0  34.6  0.01  22.3  94.2   3.9 114.1  0.03  0.03
      10  6  69.6  27.0  47.4  70.6  36.2  0.01  10.2  65.8   2.7 410.0  0.13  0.10
      10  7  74.8  39.2  56.3  62.9  42.4  0.01  22.9 111.3   4.6 212.1  0.15  0.11
      10  8  77.6  46.9  62.8  47.0  40.5        18.9  96.4   4.0 405.3  0.18  0.13
      10  9  63.6  41.7  51.6  69.9  41.6  0.04  34.8 140.6   5.9 290.2  0.13  0.09
      10 10  57.6  32.3  44.1  65.4  32.0        20.9 106.3   4.4 387.2  0.12  0.09
      10 11  66.3  25.7  45.7  57.3  28.8        42.7 206.3   8.6 188.0  0.20  0.13
      10 12  52.7  36.9  46.1  40.8  23.5        29.5 194.3   8.1 377.3  0.16  0.11
      10 13  61.3  34.8  52.2  45.8  31.8        25.3 225.7   9.4 306.0  0.17  0.12
      10 14  67.1  28.6  47.2  66.5  35.2        19.3 113.3   4.7 403.1  0.14  0.10
      10 15  50.9  31.0  39.5  77.1  32.7  0.01  45.0 130.8   5.5 329.4  0.09  0.07
      10 16  72.9  25.8  45.7  63.9  31.7        10.3  62.9   2.6 369.1  0.14  0.10
      10 17  77.3  33.5  56.1  47.1  32.0        23.2 111.9   4.7 234.3  0.19  0.13
      10 18  66.9  34.0  49.2  56.2  32.8        20.9 122.5   5.1 382.3  0.16  0.11
      10 19  70.9  30.5  52.8  48.0  30.0        20.7 123.9   5.2 330.9  0.18  0.12
      10 20  59.5  36.0  46.8  58.8  32.7        15.1  83.3   3.5 137.3  0.09  0.07
      10 21  57.1  31.0  45.3  73.7  36.9        12.1  67.9   2.8 203.9  0.06  0.05
      10 22  68.0  37.3  53.1  57.7  37.1  0.02  40.5 204.2   8.5 256.9  0.18  0.12
      10 23  69.9  39.8  55.2  43.2  32.0        36.8 277.4  11.6 347.6  0.27  0.17
      10 24  54.5  32.4  44.0  28.4  12.2  0.01  37.2 325.4  13.6 376.9  0.24  0.15
      10 25  59.7  27.1  42.0  37.2  16.3        17.3 101.9   4.2 355.9  0.14  0.09
      10 26  59.8  25.5  41.3  44.9  20.3        14.6  74.3   3.1 351.8  0.11  0.08
      10 27  70.2  28.7  51.0  45.2  28.9        10.1  64.4   2.7 236.9  0.11  0.08
      10 28  75.6  45.5  58.2  46.7  37.1        13.7 109.4   4.6 132.2  0.17  0.11
      10 29  56.7  35.3  47.0  64.5  35.3        17.6  69.7   2.9 254.7  0.07  0.06
      10 30  62.7  35.7  46.4  76.6  39.0        12.4  62.8   2.6  83.1  0.07  0.05
      10 31  71.6  42.2  60.1  35.0  32.1        44.7 283.0  11.8 244.3  0.27  0.17
      11  1  63.1  38.6  49.8  45.9  28.8        27.7 146.0   6.1 275.8            
      11  2  62.5  29.6  46.5  52.0  29.0        10.4  76.9   3.2 318.2            
      11  3  63.9  35.5  49.4  52.8  31.4        12.9  82.9   3.5 300.6            
      11  4  70.8  28.5  48.3  50.6  29.0         8.9  63.7   2.7 322.7            
      11  5  74.9  31.5  52.9  42.6  29.1        10.8  63.5   2.6 283.5            
      11  6  71.0  39.5  54.7  47.2  33.8        13.1  80.7   3.4 293.8            
      11  7  71.6  32.2  47.1  67.7  35.2  0.03  28.6 146.5   6.1 220.0            
      11  8  47.8  28.3  37.0  88.4  33.2  0.12  10.4  47.8   2.0 310.6            
      11  9  64.8  20.8  39.5  59.3  24.1  0.03   6.9  61.8   2.6 322.1            
      11 10  62.2  27.0  42.6  44.1  20.4         8.8  61.3   2.6 315.9            
      11 11  65.9  26.8  45.5  53.5  28.0        12.6  76.9   3.2 305.3            
      11 12  68.3  32.0  49.3  56.5  32.5  0.01  12.5  70.3   2.9 282.1            
      11 13  63.7  34.1  47.5  61.4  33.6        10.3  66.3   2.8 222.9            
      11 14  65.4  34.4  50.1  51.2  31.2        15.3  93.1   3.9 282.7            
      11 15  66.3  28.5  45.6  61.1  31.7        10.9  68.2   2.8 279.4            
      11 16  63.9  29.0  44.6  67.4  33.4         9.6  59.0   2.5 277.6            
      11 17  64.3  27.7  44.3  69.8  34.0         6.9  62.7   2.6 271.4            
      11 18  50.3  27.4  35.3  87.3  31.4  0.07  23.3 124.8   5.2 119.5            
      11 19  48.4  17.2  32.0  94.4  30.7  0.04   7.2  52.8   2.2 273.1            
      11 20  60.3  20.0  36.7  70.4  26.4         9.6  66.3   2.8 284.0            
      11 21  59.2  21.6  41.2  47.3  21.9  0.01  12.4  82.2   3.4 219.1            
      11 22  58.4  28.3  41.8  63.9  29.8        16.5  83.5   3.5 199.8            
      11 23  45.3  33.4  39.6  82.1  34.5  0.05  30.5 174.9   7.3  75.4            
      11 24  49.8  23.3  36.3  59.3  21.6        27.1 113.1   4.7 260.0            
      11 25  35.5  19.4  28.3  93.2  26.4  0.14  20.5 160.1   6.7 128.2            
      11 26  30.0  14.4  22.9  93.8  21.5  0.05  19.8 150.2   6.3 215.2            
      11 27  30.9   2.3  14.7  85.1  10.8  0.02  11.3  65.6   2.7 255.3            
      11 28  31.2   0.3  13.1  83.4   9.0         7.8  45.2   1.9 257.3            
      11 29  35.8   6.7  21.4  86.4  18.2  0.01   8.6  61.1   2.5 212.4            
      11 30  45.5  20.3  33.3  60.6  20.2  0.04  27.6 156.4   6.5 258.6            
      12  1  50.8  23.8  37.5  48.4  18.8        21.3 114.7   4.8 239.1            
      12  2  57.7  30.2  42.2  60.6  28.5        15.9  95.0   4.0 235.5            
      12  3  67.0  28.0  44.8  53.5  25.4        24.3 112.9   4.7 234.1            
      12  4  45.1  24.8  34.2  70.5  25.3        12.9  74.3   3.1 186.3            
      12  5  48.1  26.9  38.8  40.1  15.1  0.01  32.2 264.9  11.0 249.5            
      12  6  57.3  36.3  46.4  34.4  19.2  0.01  53.7 295.5  12.3 232.8            
      12  7  44.5  18.6  34.5  53.2  19.3        22.0 142.3   5.9 155.3            
      12  8  50.8  12.5  28.6  54.7  12.2        12.9  64.4   2.7 239.6            
      12  9  58.0  18.3  34.9  54.4  18.8        10.8  65.1   2.7 186.3            
      12 10  41.5  18.7  29.6  66.7  19.4         9.7  64.6   2.7 208.4            
      12 11  47.2  13.9  32.3  54.8  14.5        26.2 153.5   6.4 236.6            
      12 12  28.3  13.7  24.0  85.4  20.2         9.1  57.6   2.4  66.6            
      12 13  41.9   9.3  25.9  73.1  17.7  0.04  37.0 131.8   5.5 183.6            
      12 14  51.3  22.5  34.4  59.7  21.2        27.7 111.6   4.7 150.1            
      12 15  44.9  17.9  30.6  74.3  22.1  0.05  16.9  92.5   3.9 149.7            
      12 16  31.4   9.9  22.0  99.0  22.1  0.05   9.1  69.3   2.9 239.2            
      12 17  63.6  15.3  39.2  57.5  21.7  0.02  16.1  83.3   3.5 230.4            
      12 18  42.5  18.3  32.0  72.0  23.6        19.5 110.9   4.6 211.5            
      12 19  54.5  14.6  32.7  67.4  20.8  0.02  27.3  98.4   4.1 213.6            
      12 20  41.8  20.8  30.9  70.3  22.2        13.5  74.2   3.1 193.4            
      12 21  48.8  16.1  32.3  68.2  21.9  0.02  27.8 129.6   5.4 197.7            
      12 22  42.2  18.3  30.0  65.7  18.6        25.4 129.8   5.4 209.1            
      12 23  45.3  11.4  26.5  69.6  16.2        12.1  63.7   2.7 233.6            
      12 24  40.5  13.0  25.8  64.4  14.2         8.6  67.4   2.8 229.7            
      12 25  44.0  13.4  28.0  54.3  12.0        12.4  93.2   3.9 194.7            
      12 26  51.2  18.0  32.9  51.5  15.4        13.9  75.7   3.2 230.8            
      12 27  46.6  18.4  31.8  52.4  15.0        22.2  95.6   4.0 212.3            
      12 28  52.9  23.4  38.1  50.4  19.2        41.7 282.4  11.8 203.1            
      12 29  31.4  18.0  23.9  75.5  17.3        12.9  80.6   3.4 133.8            
      12 30  25.1  19.3  22.3  81.1  17.4         8.8  69.2   2.9  79.5            
      12 31  35.9  10.2  23.5  78.8  17.6        14.5  73.0   3.0 226.3            

      Total                               10.38                         49.67 38.87
        Max 100.2  64.3  81.0 101.8  63.8        53.7 341.9  14.2 778.0
        Min  16.5  -9.4   7.7  22.2   3.7         6.7  24.9   1.0  34.0
        Ave  65.0  36.1  50.3  64.7  36.6        20.2 111.5   4.6 388.5
