                                                                    07-JUN-99
      Cellular-linked Weather Station near LONGMONT (South), Color       1997
      -----------------------------------------------------------------------
               Temperature      Rel   Dew             Wind        Solar Alflf
            ----------------- Humid Point  Prec -----------------   Rad   ETR
       Date   Max   Min   Ave   Ave   Ave Total   Max Total   Ave Total Total
      MoDay     F     F     F     %     F  inch   mph miles   mph Langl  inch
      ----- ----- ----- ----- ----- ----- ----- ----- ----- ----- ----- -----
       1  1  69.3  26.9  41.9  60.7  28.5        26.2  98.2   4.1 118.2      
       1  2  74.3  36.9  56.7  38.2  30.4        34.7 165.2   6.9 185.0      
       1  3  52.7  32.3  43.7  70.0  34.7        19.7 123.5   5.1 111.8      
       1  4  43.5  19.3  34.0  39.9  10.7  0.01  37.8 225.9   9.4 245.8      
       1  5  30.2  14.8  22.6  61.7  10.7        17.4 126.6   5.3 214.6      
       1  6  26.1   2.6  17.5  79.1  12.2  0.03  14.9  93.4   3.9 232.1      
       1  7  40.9   0.0  22.4  60.8   9.5        16.6  63.9   2.7 243.2      
       1  8  39.2  18.2  28.7  71.4  19.8  0.01   9.4  73.8   3.1 231.4      
       1  9  35.9  16.1  26.1  73.9  18.8        17.9 139.3   5.8 165.4      
       1 10  16.1   6.0   9.4  83.9   5.6  0.03  14.2 139.4   5.8 110.3      
       1 11   7.3  -4.9   2.0  83.5  -1.4  0.17  17.1 149.3   6.2 195.7      
       1 12  -0.1 -14.7  -6.7  81.8 -10.5  0.11   8.8  92.4   3.9 220.2      
       1 13   2.2 -12.9  -5.3  82.6  -8.8         8.4  48.8   2.0 166.2      
       1 14  16.3  -4.0   7.0  87.2   4.9  0.08   9.8  58.0   2.4 253.3      
       1 15  34.2  11.3  26.3  64.8  15.4        23.8 174.8   7.3 245.4      
       1 16  20.4  -4.7   9.8  81.7   5.5        22.5  91.9   3.8 265.5      
       1 17  37.2  -3.9  13.7  74.3   6.9        10.0  47.8   2.0 270.0      
       1 18  54.1  18.1  40.6  59.6  27.2        37.4 198.0   8.3 123.6      
       1 19  57.8  24.3  39.0  70.9  30.1         8.8  64.2   2.7 269.8      
       1 20  53.6  27.2  40.7  64.8  29.2        30.9 123.8   5.2 192.4      
       1 21  51.5  34.3  41.7  36.3  16.9        35.8 296.2  12.3 226.2      
       1 22  48.3  24.3  36.9  41.9  14.6        40.6 228.1   9.5 232.7      
       1 23  44.1  20.0  28.7  79.2  23.0        16.4  94.2   3.9 179.7      
       1 24  41.1  21.1  32.0  44.6  10.8        36.2 232.4   9.7 289.5      
       1 25  36.0  12.3  20.4  71.4  12.0        18.0 114.9   4.8 254.5      
       1 26  55.7  13.4  35.0  61.0  21.9        24.0 142.8   6.0 201.7      
       1 27  36.8  13.0  21.5  86.3  18.2        27.8 121.4   5.1 162.1      
       1 28  46.1  10.5  26.5  73.8  18.2  0.02  33.6 104.9   4.4 119.2      
       1 29  46.4  26.4  35.8  71.7  27.1        16.3 100.3   4.2 287.7      
       1 30  65.3  22.8  44.1  52.1  23.3  0.01  30.6 163.1   6.8 260.8      
       1 31  65.6  44.0  56.7  29.0  24.0  0.03  43.8 285.1  11.9 165.7      
       2  1  60.1  37.0  50.6  35.9  23.7        31.7 209.0   8.7 210.2      
       2  2  47.7  23.9  36.3  66.8  25.9        12.1  76.8   3.2 242.2      
       2  3  45.5  17.3  33.8  53.3  16.4        39.7 203.8   8.5 324.1      
       2  4  35.9  17.4  27.0  59.2  14.1        13.5 101.3   4.2 195.8      
       2  5  33.5  14.8  24.9  77.1  18.5        15.4 135.0   5.6 294.1      
       2  6  26.6  20.0  23.2  94.9  22.0  0.06  14.3 133.4   5.6 111.6      
       2  7  34.4  14.7  22.5  79.1  16.5  0.04  11.9  79.7   3.3 288.9      
       2  8  42.7   9.4  25.9  67.5  15.1         9.6  64.8   2.7 344.2      
       2  9  45.3  15.3  28.9  61.7  16.4         9.0  59.8   2.5 318.0      
       2 10  39.2  14.3  26.4  68.9  17.0  0.01  12.6  71.2   3.0 274.0      
       2 11  35.8  18.7  27.9  82.2  23.1  0.02  15.3 125.7   5.2 129.6      
       2 12  30.3  24.3  27.1  93.6  25.5        11.8 103.9   4.3 126.9      
       2 13  42.7  20.8  31.1  70.6  21.5  0.01  12.1  74.3   3.1 331.7      
       2 14  49.3  18.6  35.0  49.7  15.7  0.02  31.0 193.8   8.1 347.2      
       2 15  55.7  27.9  43.6  43.8  21.5  0.01  39.5 249.8  10.4 362.1      
       2 16  60.3  22.2  40.7  60.5  25.6        14.0  82.4   3.4 363.0      
       2 17  68.5  30.4  50.0  32.6  17.6        33.3 196.7   8.2 347.0      
       2 18  57.9  29.6  40.2  67.3  29.0  0.08  23.5 137.1   5.7 188.4      
       2 19  51.0  20.9  35.5  77.7  28.7  0.02  21.0  83.3   3.5 372.4      
       2 20  46.9  26.2  33.1  83.8  28.2  0.14  19.1 136.8   5.7  95.4      
       2 21  37.3  10.8  27.0  62.7  15.0  0.02  16.8 102.4   4.3 395.7      
       2 22  42.0  13.1  28.4  51.7  11.8        16.7 112.4   4.7 394.4      
       2 23  27.2  14.4  18.1  91.6  16.1  0.08  17.5 120.1   5.0 251.6      
       2 24  30.3  15.0  21.2  75.6  14.4  0.02  10.4  79.3   3.3 402.7      
       2 25  46.6  11.6  28.1  67.2  17.6  0.02  21.5  75.5   3.1 412.6      
       2 26  33.2  24.4  29.4  82.8  24.6  0.07  19.8 106.2   4.4 275.4      
       2 27  41.4  20.0  29.6  80.9  24.4         9.9  67.3   2.8 322.6      
       2 28  29.8  17.2  24.8  94.9  23.6  0.12  16.6 116.3   4.8 118.3      
       3  1  46.0   7.2  26.5  76.7  19.3  0.01  12.3  77.9   3.2 439.4  0.07
       3  2  54.1  23.2  37.2  67.0  26.7  0.01  13.7 104.2   4.3 420.2  0.07
       3  3  46.3  26.8  38.9  42.1  16.5  0.04  38.1 274.8  11.4 385.6  0.11
       3  4  28.8  17.5  25.2  95.1  24.1  0.04  16.8 135.0   5.6 264.4  0.04
       3  5  41.9  16.5  29.9  61.3  18.4  0.01  26.8 162.4   6.8 452.8  0.09
       3  6  62.5  21.1  40.2  50.1  19.2        18.9 102.6   4.3 422.8  0.10
       3  7  60.7  31.9  47.5  24.7  11.6  0.02  33.3 212.8   8.9 470.4  0.14
       3  8  64.3  22.8  45.3  40.4  19.5  0.02  36.1 232.5   9.7 463.1  0.17
       3  9  63.3  25.1  41.8  49.8  20.6        20.8 119.4   5.0 473.0  0.14
       3 10  66.5  35.6  55.7  18.2  12.2        43.2 287.0  12.0 314.1  0.18
       3 11  74.5  31.4  53.5  24.4  14.9        15.9 105.3   4.4 455.5  0.14
       3 12  73.8  31.9  51.5  30.5  17.8        25.9 143.3   6.0 346.1  0.16
       3 13  36.0  18.1  27.6  84.5  23.6  0.03  20.2 156.6   6.5  62.0  0.06
       3 14  21.6  11.9  17.3  90.7  15.1  0.07  10.6 112.1   4.7 340.3  0.06
       3 15  42.6  13.1  25.6  79.7  20.0  0.02  15.3 105.9   4.4 490.1  0.09
       3 16  71.6  22.4  46.0  53.1  24.1  0.04  36.9 169.3   7.1 448.4  0.13
       3 17  67.4  33.8  51.6  38.0  24.6        31.2 196.0   8.2 310.8  0.11
       3 18  62.2  29.6  46.5  49.2  25.4        16.1 105.5   4.4 513.2  0.13
       3 19  76.0  30.2  55.0  34.8  23.7        11.3  83.2   3.5 514.1  0.15
       3 20  82.5  35.3  59.4  26.6  20.4        27.6 128.1   5.3 501.8  0.18
       3 21  64.1  32.9  53.0  36.5  26.5        20.1 130.3   5.4 459.1  0.15
       3 22  72.4  27.4  48.8  43.3  23.0        19.7 118.1   4.9 424.2  0.17
       3 23  66.5  26.5  44.2  47.8  24.3        15.6  88.7   3.7 462.8  0.15
       3 24  46.3  24.8  35.7  77.8  29.2  0.12  35.2 203.5   8.5 114.7  0.07
       3 25  53.1  19.4  37.2  52.0  18.4        16.9 112.9   4.7 546.0  0.14
       3 26  70.7  29.2  50.5  40.9  23.6        14.5  83.7   3.5 556.0  0.14
       3 27  69.8  32.0  51.7  34.9  22.2  0.01  40.4 283.5  11.8 499.4  0.22
       3 28  64.9  25.9  46.3  39.3  20.5        20.1 156.2   6.5 540.2  0.18
       3 29  52.8  28.3  41.3  44.1  20.4  0.02  30.3 154.6   6.4 475.1  0.15
       3 30  68.9  21.9  45.6  30.6  12.4        27.8 129.6   5.4 542.2  0.19
       3 31  73.9  28.4  53.1  28.7  18.5        30.5 144.6   6.0 478.7  0.18
       4  1  54.9  32.3  42.8  52.8  26.0        23.8 199.6   8.3 265.1  0.13
       4  2  35.7  29.2  32.3  93.6  30.6  0.15  16.4 143.0   6.0 217.1  0.06
       4  3  68.8  25.0  45.6  68.2  33.9  0.02  19.1  72.7   3.0 572.1  0.15
       4  4  55.8  34.8  42.3  84.3  37.7  0.13  27.8 205.7   8.6 252.8  0.09
       4  5  43.0  29.9  35.3  54.2  20.3  0.01  36.5 233.3   9.7 322.8  0.12
       4  6  50.4  23.1  35.8  44.9  14.5        28.8 197.9   8.2 598.5  0.18
       4  7  59.5  18.3  38.3  53.5  19.0        25.8 124.4   5.2 511.5  0.15
       4  8  33.7  20.5  26.2  78.1  20.2        14.5 144.7   6.0 199.1  0.06
       4  9  40.5  19.4  28.7  74.5  21.6  0.04  24.7 190.6   7.9 253.6  0.08
       4 10  20.9  15.1  18.3  91.3  16.2  0.10  18.1 181.2   7.5 243.0  0.05
       4 11  24.5  10.5  16.3  84.7  12.6  0.09  17.0 134.5   5.6 467.4  0.07
       4 12  34.0   6.9  21.1  66.2  11.5        12.9  91.2   3.8 564.6  0.09
       4 13  50.9  15.8  33.9  53.1  16.3        14.1  84.4   3.5 633.6  0.11
       4 14  61.3  24.1  43.0  48.1  22.6  0.01  23.9 122.1   5.1 340.8  0.10
       4 15  64.9  35.1  50.6  48.6  29.8  0.06  25.4 140.2   5.8 533.0  0.14
       4 16  65.1  37.8  49.0  68.9  37.1  0.01  12.0  68.9   2.9 582.6  0.15
       4 17  75.2  30.3  55.6  41.8  27.4        14.4  89.7   3.7 647.4  0.20
       4 18  75.5  39.5  59.0  33.1  28.2  0.02  36.0 114.8   4.8 513.1  0.19
       4 19  78.3  41.3  62.4  33.3  28.6  0.01  30.7 226.6   9.4 556.1  0.26
       4 20  73.9  42.1  60.8  39.0  34.3  0.01  35.1 221.6   9.2 553.8  0.25
       4 21  60.4  37.5  54.0  36.9  27.5  0.01  29.4 205.4   8.6 251.5  0.16
       4 22  59.4  30.8  45.5  60.2  30.2  0.12  24.8 122.0   5.1 521.9  0.18
       4 23  59.2  32.4  46.4  71.8  36.2  0.14  26.8 119.8   5.0 493.1  0.15
       4 24  44.2  32.3  35.1  98.5  34.8  2.12  27.1 166.4   6.9 253.9  0.08
       4 25  49.9  32.2  38.5  81.7  32.9  0.04   7.4  60.5   2.5 650.5  0.14
       4 26  51.6  32.5  40.6  79.5  34.3  0.06  13.0 103.0   4.3 552.4  0.13
       4 27  68.5  31.3  49.0  61.2  33.9  0.03  17.0 102.1   4.3 671.2  0.19
       4 28  64.5  44.9  55.0  58.2  39.6  0.03  34.6 120.9   5.0 368.6  0.12
       4 29  65.3  39.6  51.2  62.9  38.0  0.02  38.4 226.6   9.4 424.0  0.18
       4 30  59.7  36.6  47.6  60.2  32.4        28.8 159.3   6.6 662.6  0.21
       5  1  59.7  36.7  47.2  50.7  28.7  0.01  49.0 245.0  10.2 459.6  0.21
       5  2  54.1  33.4  44.5  44.8  23.4        33.0 231.6   9.7 572.0  0.21
       5  3  69.2  28.2  48.5  55.8  30.2        15.6  97.1   4.0 669.1  0.21
       5  4  80.6  35.2  60.5  38.2  30.0        32.8 171.0   7.1 621.2  0.26
       5  5  76.6  41.2  60.0  47.1  37.5        18.2 110.0   4.6 682.0  0.23
       5  6  81.8  44.8  65.5  37.7  35.4        33.3 169.7   7.1 560.3  0.26
       5  7  76.7  48.5  63.2  35.7  33.2        30.8 167.7   7.0 512.1  0.26
       5  8  62.0  44.4  52.6  40.7  29.1        16.0 123.4   5.1 639.7  0.24
       5  9  71.5  37.1  53.9  42.6  29.8        10.2  81.5   3.4 711.0  0.25
       5 10  78.9  40.5  63.4  33.2  28.8        21.9  98.2   4.1 710.0  0.26
       5 11  63.9  43.6  52.5  54.5  35.3  0.06  23.2 173.3   7.2 366.8  0.19
       5 12  70.9  34.2  54.1  54.6  34.4        13.1  83.2   3.5 691.5  0.23
       5 13  77.3  39.6  60.8  40.1  34.0  0.02  28.3 164.4   6.8 491.8  0.25
       5 14  66.5  40.1  54.0  65.8  42.4  0.04  23.2 109.7   4.6 375.4  0.15
       5 15  76.4  41.2  58.8  64.8  44.6  0.02  25.8 109.5   4.6 614.6  0.23
       5 16  83.0  44.7  65.6  47.9  42.6        26.7 109.6   4.6 652.8  0.26
       5 17  86.5  46.8  67.9  42.8  41.6  0.02  45.3 176.2   7.3 584.3  0.29
       5 18  79.8  42.4  61.8  50.1  41.2        33.2 184.0   7.7 494.4  0.27
       5 19  67.6  41.1  51.7  69.8  41.3  0.01  10.6  78.8   3.3 542.3  0.21
       5 20  79.6  39.3  60.4  57.8  43.3  0.03  31.6 125.0   5.2 630.3  0.26
       5 21  76.7  46.5  60.5  71.2  49.7  0.11  25.7 143.2   6.0 537.4  0.22
       5 22  57.1  52.5  54.7  95.2  53.4  0.50  15.2  82.5   3.4 121.4  0.05
       5 23  69.3  45.9  58.4  73.8  49.5        10.6  75.8   3.2 634.8  0.20
       5 24  68.8  46.9  57.5  80.7  51.4  0.21  21.5 105.9   4.4 406.2  0.15
       5 25  68.6  49.3  57.9  73.2  48.6  0.02  21.5 113.8   4.7 645.3  0.21
       5 26  63.2  45.9  53.5  65.5  41.5  0.03  31.2 148.4   6.2 516.1  0.20
       5 27  67.1  40.5  53.0  71.3  42.7  0.07  25.2 101.7   4.2 544.2  0.19
       5 28  70.0  42.2  54.5  78.9  47.0  0.02  20.3  78.2   3.3 552.2  0.18
       5 29  64.5  50.6  55.3  86.4  51.2  0.02  22.7  65.3   2.7 255.4  0.09
       5 30  70.9  48.0  60.1  74.9  51.3        13.5  66.1   2.8 592.3  0.18
       5 31  82.5  47.7  67.2  63.4  52.4        13.1  70.4   2.9 730.0  0.24
       6  1  91.4  55.6  72.4  55.2  53.1  0.04  37.9 131.1   5.5 691.3  0.31
       6  2  78.7  55.3  64.6  79.0  57.5  0.01  25.9 145.9   6.1 424.9  0.20
       6  3  73.2  47.7  63.3  68.1  51.7        16.3 106.6   4.4 593.8  0.22
       6  4  80.6  48.3  66.7  63.4  52.7        23.8 134.2   5.6 725.0  0.28
       6  5  82.0  51.5  67.5  67.8  55.5         9.8  63.0   2.6 551.2  0.21
       6  6  75.6  55.9  62.7  80.8  56.4  2.02  31.8 181.4   7.6 404.3  0.20
       6  7  73.8  52.9  61.2  83.1  55.9  0.02  17.8  97.9   4.1 480.1  0.19
       6  8  70.3  53.2  60.0  89.1  56.7  0.39  17.7  97.2   4.0 344.7  0.14
       6  9  60.4  51.0  56.1  93.2  54.1  0.05  15.3 105.3   4.4 196.0  0.07
       6 10  73.7  50.5  60.3  83.8  54.9        15.9  82.8   3.5 515.0  0.18
       6 11  81.6  50.7  66.3  57.2  48.8        26.5 134.9   5.6 686.4  0.28
       6 12  77.5  51.5  61.5  75.5  53.1  0.19  28.1 105.7   4.4 527.1  0.22
       6 13  67.8  48.7  57.5  92.1  55.2  0.03  16.0  91.1   3.8 345.0  0.13
       6 14  79.2  53.5  64.2  79.6  57.1  0.08  20.8  95.8   4.0 586.5  0.22
       6 15  76.4  48.4  60.2  77.1  52.2  0.09  20.5  89.0   3.7 522.0  0.21
       6 16  76.4  50.0  62.0  73.9  52.7        14.8  72.3   3.0 645.9  0.23
       6 17  76.8  49.9  64.1  74.6  55.1        11.7  73.6   3.1 643.7  0.22
       6 18  87.6  51.0  68.0  69.4  56.3  0.02  30.0  91.7   3.8 611.3  0.26
       6 19  89.7  61.2  74.2  52.5  55.2        17.8  91.2   3.8 553.9  0.26
       6 20  88.4  52.1  72.4  54.1  53.8        19.3  89.5   3.7 671.6  0.29
       6 21  84.0  55.8  70.2  63.6  56.2        18.6 118.5   4.9 647.6  0.28
       6 22  90.4  58.0  76.1  48.2  54.0  0.01  33.9 121.6   5.1 685.1  0.32
       6 23  81.8  54.0  70.0  62.3  56.4        20.0  96.2   4.0 517.8  0.24
       6 24  78.5  54.1  66.0  64.2  52.7  0.01  16.8  97.6   4.1 465.3  0.23
       6 25  84.3  50.4  65.3  73.1  55.3  0.08  24.9  97.4   4.1 752.0  0.31
       6 26  87.0  51.1  67.8  71.4  56.8  0.01  11.1  58.3   2.4 721.0  0.28
       6 27  87.3  52.2  70.8  52.6  50.9        16.5  74.3   3.1 541.9  0.25
       6 28  89.3  50.0  71.8  48.0  49.4  0.01  17.9  83.0   3.5 615.0  0.28
       6 29  89.9  51.7  71.5  50.1  50.2        14.3  76.6   3.2 745.0  0.32
       6 30  91.3  52.5  73.0  46.1  47.9        15.6  90.6   3.8 753.0  0.34
       7  1  85.2  54.6  71.3  27.5  32.9  0.02  33.0 218.4   9.1 771.0  0.45
       7  2  78.4  47.1  64.9  45.0  43.5        25.3 125.9   5.2 672.7  0.31
       7  3  73.9  53.2  63.8  54.4  46.6        26.1 144.0   6.0 735.0  0.31
       7  4  80.3  50.3  65.8  56.4  48.6        13.6  84.3   3.5 705.0  0.28
       7  5  79.2  46.0  64.3  59.6  48.9        17.5  94.0   3.9 546.7  0.23
       7  6  85.2  46.1  66.6  60.1  50.8        15.3  79.5   3.3 545.4  0.24
       7  7  91.5  49.7  73.0  43.6  46.6        23.4 121.7   5.1 683.5  0.33
       7  8  87.9  53.1  70.2  50.6  49.7        19.4  88.3   3.7 510.9  0.27
       7  9  96.1  49.7  72.7  45.5  45.8        31.4 103.9   4.3 650.6  0.35
       7 10  91.4  54.5  74.8  40.5  47.4        17.0 106.8   4.5 627.2  0.32
       7 11  84.8  59.7  70.5  53.1  51.6        21.3  89.9   3.7 304.4  0.22
       7 12  90.5  50.0  71.4  51.6  49.0        37.6 102.6   4.3 643.3  0.32
       7 13  87.2  59.3  73.6  33.5  41.9        32.7 173.1   7.2 721.0  0.39
       7 14  89.3  53.7  73.0  38.4  44.1        14.8 109.2   4.5 724.0  0.34
       7 15  95.5  53.5  77.4  32.5  41.2        16.3  93.6   3.9 712.0  0.34
       7 16  98.9  54.4  78.2  30.5  41.6  0.01  32.0 117.6   4.9 562.8  0.35
       7 17  97.9  54.2  78.4  33.6  44.2        22.5 120.8   5.0 666.1  0.37
       7 18  93.7  57.3  76.8  36.6  45.9        23.2 127.2   5.3 570.3  0.34
       7 19  86.7  58.8  71.0  60.5  55.8  0.03  31.4 138.1   5.8 441.5  0.28
       7 20  83.6  54.0  68.9  70.7  57.3        15.8  79.8   3.3 633.0  0.26
       7 21  92.3  54.5  74.6  53.4  53.1        17.5  86.2   3.6 683.2  0.31
       7 22  94.7  58.3  77.6  49.8  53.7        17.1 100.3   4.2 668.9  0.31
       7 23  95.1  57.6  74.8  55.2  55.4  0.12  39.5 111.6   4.7 611.6  0.32
       7 24  94.2  57.7  76.1  57.6  57.2  0.02  17.0 101.9   4.2 698.6  0.33
       7 25  83.9  61.7  72.7  62.4  58.2  0.08  19.0  99.0   4.1 392.6  0.22
       7 26  91.7  55.4  73.8  57.3  55.1        18.8  93.7   3.9 589.1  0.29
       7 27  82.5  61.3  70.4  66.7  58.1  0.01  21.9 122.4   5.1 368.3  0.21
       7 28  75.7  61.3  66.0  90.4  62.9  0.19  11.8  84.9   3.5 216.3  0.12
       7 29  79.4  61.7  68.3  83.9  62.8        14.0  95.5   4.0 320.1  0.15
       7 30  81.6  60.9  67.8  87.7  63.6  0.73  34.6 102.3   4.3 463.6  0.19
       7 31  81.5  58.3  68.8  80.7  62.1  0.02  16.5  83.1   3.5 409.3  0.17
       8  1  86.7  59.0  72.9  65.7  58.8  0.01  20.5  90.3   3.8 675.1  0.26
       8  2  86.9  62.5  72.9  68.5  61.0        21.5  87.0   3.6 510.0  0.22
       8  3  90.0  57.6  74.0  63.6  58.9  0.01  21.9 112.9   4.7 659.5  0.29
       8  4  85.0  60.2  69.6  74.3  60.1  0.52  39.2 114.9   4.8 448.8  0.23
       8  5  74.3  59.5  65.7  92.3  63.3  0.81  20.6 113.1   4.7 350.1  0.14
       8  6  68.7  55.6  60.2  88.3  56.4  0.56  23.5 177.8   7.4 198.9  0.13
       8  7  78.6  52.4  65.5  72.1  55.1        12.6  68.1   2.8 608.1  0.21
       8  8  92.5  52.4  73.2  56.6  53.2  0.03  20.3  82.9   3.5 649.7  0.26
       8  9  69.7  56.6  62.9  76.1  54.9  0.14  16.4  86.0   3.6 321.8  0.14
       8 10  66.4  56.6  60.2  96.8  59.3  0.26  12.9 104.3   4.3 203.1  0.09
       8 11  70.8  57.3  62.5  89.4  59.1        12.4  77.8   3.2 322.3  0.12
       8 12  74.9  54.8  62.9  87.3  58.8  0.01  14.7  72.6   3.0 422.5  0.15
       8 13  84.8  52.2  67.7  62.9  51.6  0.05  38.8 151.3   6.3 545.6  0.26
       8 14  82.0  59.1  71.1  40.2  45.0        32.9 197.4   8.2 520.5  0.30
       8 15  91.0  52.1  73.5  45.0  48.4        16.5 101.6   4.2 657.8  0.28
       8 16  77.2  54.7  65.5  78.0  58.4        21.8 102.0   4.3 503.4  0.20
       8 17  77.1  58.0  65.4  83.2  59.8  0.03  18.3  99.5   4.1 486.3  0.19
       8 18  82.3  57.0  67.7  69.3  56.0  0.03  30.7 101.1   4.2 444.2  0.20
       8 19  75.9  54.0  66.6  62.8  52.9  0.02  21.0 133.7   5.6 342.4  0.17
       8 20  81.8  55.3  68.6  70.4  57.9        12.4  78.9   3.3 621.7  0.22
       8 21  90.9  57.8  70.3  66.9  56.6        27.1  94.2   3.9 487.5  0.23
       8 22  84.2  55.4  68.9  64.9  55.2  0.09  16.7  92.6   3.9 520.7  0.22
       8 23  91.4  52.8  71.7  63.1  55.9  0.01  14.5  76.1   3.2 596.7  0.24
       8 24  90.6  54.8  72.6  57.4  55.3  0.01  19.8  86.3   3.6 508.2  0.23
       8 25  89.7  55.8  73.6  59.0  57.1  0.01  28.6  93.4   3.9 461.8  0.21
       8 26  86.9  59.6  71.3  68.9  59.8        18.6  96.2   4.0 507.7  0.22
       8 27  88.8  56.0  72.6  63.7  57.4        14.9  81.6   3.4 555.5  0.23
       8 28  91.0  57.0  72.9  60.2  56.1  0.01  16.3  81.8   3.4 513.3  0.23
       8 29  89.6  57.4  70.8  61.8  55.0        20.8 106.1   4.4 452.7  0.23
       8 30  86.6  55.7  70.2  61.9  55.1        11.3  78.1   3.3 512.4  0.22
       8 31  86.0  53.2  68.7  64.7  55.3        19.4  91.8   3.8 448.4  0.20
       9  1  82.7  55.8  68.6  69.5  57.2  0.03  18.6 102.1   4.3 380.0  0.18
       9  2  65.8  59.6  62.9  90.6  60.1  0.01  11.3  59.1   2.5 138.2  0.06
       9  3  80.6  60.0  68.6  81.2  62.1        10.2  63.4   2.6 403.6  0.15
       9  4  84.0  61.0  69.2  75.0  59.9  0.05  22.5  82.9   3.5 415.4  0.17
       9  5  84.6  53.3  68.6  70.9  56.6        13.8  86.8   3.6 569.7  0.21
       9  6  84.7  54.9  67.1  71.6  56.4  0.24  26.5  75.6   3.1 355.4  0.16
       9  7  86.2  53.4  67.8  59.2  51.2  0.01  24.4 103.7   4.3 498.1  0.22
       9  8  87.7  50.6  69.7  53.6  48.9  0.01  18.3  92.1   3.8 547.0  0.23
       9  9  76.8  50.5  63.7  65.4  51.5        13.4  65.7   2.7 483.8  0.17
       9 10  87.4  48.5  68.3  58.9  50.2        13.1  75.6   3.1 539.0  0.21
       9 11  85.9  57.2  69.6  54.0  51.2  0.01  27.2  99.7   4.2 398.0  0.19
       9 12  87.7  54.8  70.8  49.4  47.8        13.1  81.7   3.4 533.3  0.21
       9 13  88.1  48.2  68.9  51.8  47.6        20.5  93.4   3.9 521.4  0.22
       9 14  87.7  52.4  70.1  55.2  50.2  0.01  15.4  91.6   3.8 538.8  0.22
       9 15  90.1  51.0  70.9  46.3  46.7  0.02  30.2 124.5   5.2 450.5  0.24
       9 16  80.9  55.3  70.1  34.5  40.0        29.3 209.2   8.7 394.8  0.26
       9 17  83.6  47.7  65.7  48.7  42.8        16.3  98.5   4.1 477.7  0.22
       9 18  84.6  54.7  68.2  54.8  51.0        31.4 121.8   5.1 302.5  0.18
       9 19  63.9  47.1  54.2  83.8  49.2  0.22  16.1 117.5   4.9  86.9  0.08
       9 20  55.4  45.4  49.9  92.2  47.7  0.05  14.8 142.1   5.9 169.4  0.08
       9 21  56.2  46.9  50.4  91.3  48.0        12.9  88.2   3.7 126.5  0.06
       9 22  57.5  49.5  51.9  95.3  50.6  0.18  13.5  87.7   3.7 101.2  0.03
       9 23  55.4  48.0  50.4  93.5  48.5  0.12  14.1  75.6   3.1 169.1  0.05
       9 24  69.9  40.4  55.2  77.0  46.8        10.5  58.8   2.5 489.0  0.12
       9 25  81.2  42.6  60.9  65.5  46.6         9.8  57.5   2.4 494.1  0.14
       9 26  79.5  49.1  62.4  74.0  53.5  0.01  14.5  66.1   2.8 265.3  0.09
       9 27  81.1  43.6  61.2  67.1  47.4  0.03  31.7 146.9   6.1 486.9  0.21
       9 28  75.4  37.1  55.5  64.7  40.6        15.0  78.8   3.3 487.0  0.17
       9 29  78.8  37.7  58.6  56.9  40.0         9.4  72.9   3.0 480.2  0.16
       9 30  82.5  42.7  62.8  50.3  40.6        11.5  73.5   3.1 470.6  0.16
      10  1  86.8  44.5  65.3  51.2  43.9        12.9  71.9   3.0 437.5  0.15
      10  2  85.9  46.9  67.9  45.3  42.4  0.01  30.1 173.3   7.2 443.4  0.23
      10  3  76.4  54.1  67.1  37.1  39.5        27.5 241.2  10.1 446.2  0.25
      10  4  88.3  40.7  65.2  37.0  31.6        34.5 101.4   4.2 457.2  0.21
      10  5  87.1  47.6  67.0  31.1  33.4        14.7 104.9   4.4 455.5  0.20
      10  6  68.9  43.1  55.9  46.5  34.4        11.0  80.2   3.3 436.0  0.16
      10  7  81.7  37.5  60.8  48.7  38.0        29.4 128.4   5.3 359.8  0.18
      10  8  62.8  42.8  53.5  52.3  36.1        33.7 165.0   6.9 304.4  0.15
      10  9  66.8  28.1  47.9  52.3  29.2        11.9  79.8   3.3 435.1  0.14
      10 10  73.4  34.3  56.4  51.8  36.8        27.0 113.2   4.7 298.5  0.12
      10 11  83.4  49.0  67.7  38.6  40.1        39.5 325.8  13.6 395.5  0.29
      10 12  52.7  34.7  43.1  61.2  29.9  0.19  34.7 284.3  11.8 301.3  0.17
      10 13  57.7  25.7  44.0  44.0  21.8        36.6 252.4  10.5 421.1  0.20
      10 14  69.4  30.0  50.1  49.0  29.5        11.6  73.1   3.0 414.5  0.12
      10 15  66.2  33.0  50.3  50.4  30.6        11.0  71.4   3.0 402.0  0.10
      10 16  70.5  31.7  50.4  53.3  30.5        10.7  60.2   2.5 402.9  0.11
      10 17  78.5  36.7  56.3  44.1  30.2        11.3  65.8   2.7 400.9  0.12
      10 18  78.4  37.3  57.6  38.1  29.1        20.2  87.6   3.6 401.1  0.13
      10 19  51.0  42.4  46.0  74.9  38.4        15.7 103.7   4.3 134.2  0.07
      10 20  51.7  42.4  45.9  80.1  39.9  0.04  14.0 106.0   4.4 126.8  0.06
      10 21  52.8  34.7  43.0  89.4  39.9  0.01  10.2  75.7   3.2 177.8  0.05
      10 22  68.8  28.3  46.8  70.8  35.6        10.0  64.9   2.7 365.4  0.09
      10 23  64.4  36.8  51.7  45.9  29.7  0.08  19.4  99.3   4.1 254.9  0.09
      10 24  43.0  22.2  32.3  99.7  32.7  0.40  29.2 252.0  10.5  79.6  0.04
      10 25  30.3  12.5  23.9  97.5  23.5        24.3 222.3   9.3 183.1  0.04
      10 26  42.9   3.9  20.9  88.4  19.2  0.47   6.8  49.8   2.1 367.1  0.06
      10 27  53.8  13.1  32.0  80.3  26.6  0.01   8.4  58.2   2.4 365.8  0.05
      10 28  51.6  29.3  38.0  72.2  29.3        12.6  86.5   3.6 360.0  0.05
      10 29  59.1  28.3  43.7  61.2  29.6  0.01  24.8 124.1   5.2 288.6  0.06
      10 30  64.4  44.1  54.9  40.9  31.4  0.03  41.0 329.3  13.7 265.4  0.16
      10 31  61.6  36.3  50.3  57.0  34.4  0.01  44.6 281.7  11.7 253.7  0.13
      11  1  51.7  32.2  41.3  53.4  24.5        31.9 175.6   7.3 309.9      
      11  2  52.8  27.6  39.4  46.8  18.9        19.3 105.2   4.4 342.0      
      11  3  57.1  23.1  42.5  51.3  24.2        23.2  99.1   4.1 289.9      
      11  4  67.1  34.7  53.1  34.4  23.7        33.9 221.3   9.2 306.0      
      11  5  57.1  31.0  42.6  64.0  29.8        13.9  84.9   3.5 317.6      
      11  6  67.6  27.6  45.4  61.7  30.9         7.6  61.3   2.6 317.2      
      11  7  69.2  30.3  49.0  50.5  29.1         9.9  71.6   3.0 315.9      
      11  8  49.9  31.8  40.3  73.3  32.0        15.7 127.7   5.3 205.7      
      11  9  33.5  22.6  29.0 100.5  29.0  0.20  19.3 135.5   5.6 177.1      
      11 10  30.3  21.7  24.7  95.8  23.6  0.08   9.4  79.7   3.3 171.9      
      11 11  26.6  21.0  23.8  96.7  23.0  0.01  12.4 102.4   4.3 144.1      
      11 12  34.8  17.7  24.3  96.1  23.5  0.24  11.0  63.8   2.7 279.5      
      11 13  40.0  15.4  25.9  88.1  22.9  0.01  21.0 131.8   5.5 254.1      
      11 14  26.5   3.9  15.3  76.2   8.9  0.03  16.3  90.4   3.8 288.5      
      11 15  31.9   0.4  15.1  69.1   6.0         9.1  64.2   2.7 299.7      
      11 16  41.6   4.7  20.0  70.5  11.0         7.4  44.6   1.9 299.8      
      11 17  45.2  16.1  30.4  66.9  20.5        12.9  91.3   3.8 274.3      
      11 18  45.7  25.8  36.3  54.0  20.5  0.01  28.5 191.4   8.0 286.0      
      11 19  56.7  23.2  38.5  60.3  25.0        14.4  94.4   3.9 250.1      
      11 20  49.3  30.8  39.8  64.7  28.7        15.7 116.6   4.9 225.6      
      11 21  38.0  25.9  32.6  72.6  24.8        15.1  86.7   3.6 112.2      
      11 22  42.0  21.0  30.5  77.5  24.0        12.8  74.9   3.1 246.2      
      11 23  49.9  18.3  30.1  75.2  22.5        26.1  96.9   4.0  85.9      
      11 24  61.9  26.1  42.3  52.8  24.9        22.2 105.8   4.4 268.0      
      11 25  64.0  28.9  46.7  44.6  24.1  0.04  43.8 287.1  12.0 254.6      
      11 26  47.5  26.7  35.5  64.8  24.1        19.4  87.5   3.6 143.6      
      11 27  45.5  25.2  36.1  82.9  31.4  0.06  19.4 100.9   4.2  79.3      
      11 28  50.7  29.7  39.7  77.3  33.0         8.1  68.9   2.9 130.9      
      11 29  53.2  26.6  38.0  64.8  26.3  0.01  17.8 101.8   4.2 250.8      
      11 30  43.6  22.0  32.0  79.2  26.2         8.6  63.1   2.6 211.7      
      12  1  46.1  26.3  35.2  79.2  28.8        17.2  76.7   3.2 136.3      
      12  2  31.9  24.0  29.2  98.1  28.7  0.03  17.0 139.1   5.8  72.0      
      12  3  37.5  14.4  27.9  76.1  20.4  0.13  23.2 120.6   5.0 249.1      
      12  4  38.3  18.2  30.2  60.8  17.3  0.01  36.0 196.5   8.2 249.7      
      12  5  31.8  13.8  21.7  85.4  17.9         9.6  48.8   2.0 220.7      
      12  6  41.0  14.9  24.6  86.1  20.9         9.4  58.0   2.4 228.8      
      12  7  39.4  18.1  27.3  89.1  24.5         7.3  52.3   2.2 141.4      
      12  8  40.4  20.1  30.9  85.3  27.1        10.7  64.3   2.7 141.5      
      12  9  36.0  25.6  31.0  95.1  29.7        15.1 104.7   4.4 120.2      
      12 10  31.1  21.7  26.3  84.8  22.2        29.7 264.0  11.0 141.9      
      12 11  35.8  10.5  23.5  59.4  10.6  0.07  26.1 140.0   5.8 244.9      
      12 12  45.7  13.6  28.6  51.2  12.6        11.2  82.5   3.4 241.3      
      12 13  51.8  19.5  35.2  51.3  18.3        11.6  89.8   3.7 239.2      
      12 14  57.4  23.2  39.7  52.2  23.1        12.3  73.5   3.1 237.5      
      12 15  59.6  25.8  41.4  45.5  20.7  0.03  35.2 173.4   7.2 219.9      
      12 16  52.9  21.9  37.9  51.9  19.5        32.8 163.0   6.8 231.4      
      12 17  54.5  26.8  36.1  66.1  25.5        23.8 104.9   4.4 112.1      
      12 18  47.9  23.3  34.5  69.7  25.1        10.2  70.5   2.9 178.3      
      12 19  31.2  24.7  28.1  87.1  24.7        11.0  81.0   3.4  35.7      
      12 20  36.7  18.0  27.2  89.2  24.2         9.4  57.3   2.4 183.3      
      12 21  38.7  13.8  23.6  93.3  22.3         9.1  56.3   2.3 156.5      
      12 22  36.5  25.6  30.3  73.3  22.5        12.5  82.2   3.4 186.3      
      12 23  38.7  14.8  25.4  79.6  19.6         8.3  73.9   3.1 225.9      
      12 24  28.8  17.2  23.9  85.6  20.2        16.1 151.8   6.3 101.4      
      12 25  35.1  13.1  20.7  83.3  16.3  0.07   9.5  80.3   3.3 208.2      
      12 26  37.7  15.4  27.1  64.5  16.5        11.1  95.4   4.0 233.5      
      12 27  51.7  17.0  33.7  38.8  10.9  0.04  40.4 278.4  11.6 155.6      
      12 28  40.3  18.4  31.7  39.0   9.6        29.2 208.6   8.7 186.8      
      12 29  56.3  28.5  44.4  41.7  22.2        40.2 319.4  13.3 221.5      
      12 30  50.8  22.8  38.9  64.1  26.2        37.6 222.0   9.3 163.1      
      12 31  64.9  20.1  39.0  66.4  25.7        27.0 106.9   4.5 235.6      

      Total                               16.35                         46.31
        Max  98.9  62.5  78.4 100.5  63.6        49.0 329.3  13.7 771.0
        Min  -0.1 -14.7  -6.7  18.2 -10.5         6.8  44.6   1.9  35.7
        Ave  63.0  35.3  49.0  63.2  34.5        21.1 120.7   5.0 392.8
