                                                                    15-JUN-00
      Cellular-linked Weather Station near LONGMONT (South), Color       1999
      -----------------------------------------------------------------------------
               Temperature      Rel   Dew             Wind        Solar StandrdASCE
            ----------------- Humid Point  Prec -----------------   Rad   ETr   ETo
       Date   Max   Min   Ave   Ave   Ave Total   Max Total   Ave Total Alflf Grass
      MoDay     F     F     F     %     F  inch   mph miles   mph Langl  inch  inch
      ----- ----- ----- ----- ----- ----- ----- ----- ----- ----- ----- ----- -----
       1  1  46.6  20.1  32.8  86.6  29.1  0.03  21.6 143.6   6.0 120.1            
       1  2  27.4   7.0  18.2  93.4  16.8  0.05  14.3  93.2   3.9 175.1            
       1  3  23.6   6.7  15.7  77.2   9.6         9.9  97.9   4.1 194.7            
       1  4  46.0  11.4  25.3  77.1  18.6  0.03  34.3 165.9   6.9 181.6            
       1  5  52.5  39.4  45.1  42.8  23.7  0.01  35.0 363.8  15.2 166.8            
       1  6  57.9  24.0  38.4  64.4  24.9        34.3 193.1   8.0 197.0            
       1  7  49.5  23.4  31.9  87.9  28.5        17.0 111.4   4.6 228.2            
       1  8  34.1  18.9  28.0  91.5  26.0        14.9 119.0   5.0 100.5            
       1  9  50.2  17.2  31.6  72.1  21.0        29.6 166.9   7.0 209.0            
       1 10  53.2  27.3  41.0  51.5  22.4  0.01  39.2 194.8   8.1 245.1            
       1 11  62.3  46.3  55.5  25.0  19.9        50.3 364.1  15.2 181.9            
       1 12  53.4  21.8  42.6  46.3  21.5        24.9 135.2   5.6 137.5            
       1 13  44.5  20.1  31.0  83.1  25.9        21.6  92.9   3.9 124.7            
       1 14  59.4  23.1  45.6  32.9   9.8        36.8 337.6  14.1 133.0            
       1 15  61.3  35.2  53.0  19.1  11.0        39.5 310.6  12.9 194.0            
       1 16  54.1  17.9  36.6  60.6  23.0        36.4 153.7   6.4 194.6            
       1 17  44.1  26.3  35.3  39.5  12.3        33.5 209.9   8.7 253.8            
       1 18  62.5  19.1  42.6  48.4  24.6  0.01  48.1 301.0  12.5 215.7            
       1 19  57.6  28.2  41.6  67.7  30.3        19.1 145.6   6.1 254.5            
       1 20  57.5  28.4  40.6  60.7  26.2        15.7  92.3   3.8 197.5            
       1 21  42.1  24.3  32.6  83.9  28.2  0.01  24.3 198.6   8.3  90.4            
       1 22  40.9  17.5  30.0  73.9  22.3  0.01  20.0  91.3   3.8 281.5            
       1 23  58.2  17.8  40.3  53.0  20.9  0.01  39.8 239.2  10.0 289.4            
       1 24  52.5  20.4  29.3  87.9  25.2  0.04  21.5 115.9   4.8  69.8            
       1 25  33.3  15.2  25.2  94.0  24.0  0.01   6.1  48.6   2.0 184.0            
       1 26  52.8  17.6  32.8  68.3  21.2  0.03  49.7 228.4   9.5 236.1            
       1 27  44.0  20.5  32.8  61.5  20.5        18.8 115.7   4.8 259.3            
       1 28  42.9  18.4  28.7  77.1  21.6         9.6  72.4   3.0 279.0            
       1 29  49.1  14.4  30.4  57.2  15.0        11.7  76.1   3.2 298.8            
       1 30  45.9  17.7  31.6  68.0  21.5        10.4  57.5   2.4 118.3            
       1 31  44.2  20.8  32.6  81.6  27.6        10.1  67.3   2.8 272.3            
       2  1  49.0  21.0  34.1  62.4  21.0        33.8 167.0   7.0 129.3            
       2  2  54.3  22.0  41.3  30.4  10.7        45.3 298.4  12.4 255.0            
       2  3  55.6  24.6  45.0  28.3  12.6  0.03  58.4 385.2  16.1 303.1            
       2  4  59.7  19.1  38.3  50.7  19.7        12.1  87.9   3.7 311.6            
       2  5  53.8  24.5  40.5  56.9  25.6        17.6 105.4   4.4 306.5            
       2  6  53.8  23.0  38.0  63.5  25.1        18.2  84.1   3.5 287.4            
       2  7  68.0  36.4  53.1  34.8  25.2        37.8 225.0   9.4 271.9            
       2  8  65.3  27.2  50.3  34.9  22.3  0.01  33.8 260.9  10.9 332.0            
       2  9  61.7  21.7  41.9  46.7  21.2        17.2  93.7   3.9 343.0            
       2 10  69.1  23.5  46.6  42.8  20.6  0.04  37.2 318.6  13.3 305.9            
       2 11  31.9  15.7  24.6  37.5   1.8        31.4 255.1  10.6 368.3            
       2 12  48.5  10.0  32.7  41.2  11.0        23.7 115.0   4.8 341.6            
       2 13  72.9  18.5  42.5  39.2  14.3        11.5  71.7   3.0 367.2            
       2 14  65.3  20.7  45.0  30.5  12.3        48.8 202.7   8.4 289.6            
       2 15  45.0  24.9  36.1  58.8  22.1        17.8 104.9   4.4 188.1            
       2 16  44.0  16.3  31.4  73.6  22.7        17.2  84.1   3.5 221.1            
       2 17  54.3  21.0  37.6  44.2  17.0  0.01  35.7 195.1   8.1 270.7            
       2 18  48.1  22.9  36.3  30.3   7.4        23.2 149.7   6.2 367.8            
       2 19  52.4  18.7  35.1  40.4  12.2        38.4 216.0   9.0 358.0            
       2 20  47.0  17.2  32.4  44.0  11.8        18.8 104.5   4.4 374.7            
       2 21  45.6  14.5  30.3  57.7  16.0        13.7  71.9   3.0 354.4            
       2 22  43.5  28.3  34.7  35.6   9.5  0.01  50.5 341.7  14.2 238.8            
       2 23  59.6  31.6  45.2  26.2  11.9        43.8 269.3  11.2 393.9            
       2 24  63.1  31.4  48.9  31.1  18.6        27.6 145.8   6.1 289.5            
       2 25  66.5  27.6  48.0  32.0  15.8        16.7 102.0   4.3 384.9            
       2 26  58.6  30.9  47.1  25.5  12.1        37.5 395.9  16.5 426.5            
       2 27  55.9  19.5  39.2  25.1   4.6        21.4 130.3   5.4 436.1            
       2 28  65.7  24.7  49.0  30.6  18.0        32.8 256.3  10.7 394.7            
       3  1  69.7  41.4  54.7  26.9  19.9        32.0 234.1   9.8 380.4  0.17  0.19
       3  2  46.3  18.8  33.9  57.9  19.9        22.9  98.7   4.1 307.2  0.09  0.08
       3  3  68.1  15.9  42.8  33.5  11.3        29.8 113.7   4.7 399.5  0.14  0.14
       3  4  50.6  26.1  38.8  58.3  24.1  0.14  23.0 117.2   4.9 354.9  0.09  0.08
       3  5  39.5  16.6  30.5  71.4  21.7  0.18  34.6 151.5   6.3 391.5  0.08  0.06
       3  6  40.6  21.0  28.5  76.6  21.8        15.5 106.6   4.4 398.2  0.08  0.07
       3  7  49.1  18.9  34.1  74.4  26.3        17.4  95.8   4.0 444.9  0.08  0.07
       3  8  52.8  30.6  40.1  54.7  22.9        31.0 186.3   7.8 441.7  0.11  0.10
       3  9  55.2  18.7  39.3  53.0  22.6        37.8 122.7   5.1 423.4  0.09  0.09
       3 10  57.2  29.6  44.3  41.9  19.9        25.9 189.8   7.9 421.1  0.13  0.12
       3 11  44.6  22.7  31.2  79.1  24.9        24.5 198.3   8.3 319.4  0.09  0.07
       3 12  30.5  26.2  27.8  98.9  27.5  0.19  22.0 144.9   6.0 293.8  0.06  0.04
       3 13  54.1  14.5  34.5  69.5  23.4  0.01   9.7  61.0   2.5 497.1  0.09  0.09
       3 14  70.3  26.1  47.7  49.4  26.1  0.01  14.1  77.3   3.2 492.4  0.10  0.10
       3 15  70.7  35.6  51.7  39.7  23.8        14.5  88.5   3.7 263.3  0.08  0.09
       3 16  72.4  33.3  55.8  26.3  16.7  0.03  34.7 228.5   9.5 458.0  0.19  0.20
       3 17  50.1  26.8  39.0  48.7  20.2        20.4 131.5   5.5 482.7  0.14  0.12
       3 18  57.6  21.8  39.3  51.7  21.1        22.6 108.1   4.5 483.0  0.14  0.12
       3 19  58.4  27.4  42.3  65.6  30.9        13.1  87.2   3.6 508.7  0.12  0.11
       3 20  67.5  27.1  48.3  50.5  26.9        14.5  76.4   3.2 514.2  0.12  0.12
       3 21  72.4  28.8  48.8  49.3  27.8        34.8 140.5   5.9 504.6  0.17  0.17
       3 22  63.3  26.6  44.6  65.8  31.7        21.9 115.4   4.8 444.9  0.13  0.12
       3 23  64.7  25.2  46.4  55.3  27.5        14.5  80.0   3.3 501.5  0.13  0.12
       3 24  64.7  29.4  48.1  60.0  33.0        18.0 111.7   4.7 494.9  0.14  0.13
       3 25  67.0  30.9  47.8  63.8  34.3        16.8 105.6   4.4 519.3  0.14  0.13
       3 26  74.3  28.3  52.9  50.2  29.4        21.2 128.7   5.4 461.6  0.16  0.16
       3 27  65.4  40.2  52.2  43.0  30.5  0.02  40.3 271.4  11.3 359.9  0.19  0.17
       3 28  58.0  31.0  44.0  35.2  17.4        23.5 168.7   7.0 458.2  0.17  0.15
       3 29  70.1  21.8  46.3  41.2  18.5        19.3 110.4   4.6 559.8  0.18  0.17
       3 30  77.4  32.0  57.2  20.8  11.9        34.0 202.7   8.4 553.5  0.23  0.24
       3 31  70.7  34.9  55.4  26.5  19.8        28.3 155.7   6.5 498.8  0.18  0.18
       4  1  46.5  25.0  35.4  89.0  32.4  0.18  19.1 175.3   7.3  85.9  0.06  0.05
       4  2  30.3  22.7  25.3 100.0  25.2  0.21  11.8 118.9   5.0 326.8  0.08  0.06
       4  3  42.9  21.8  29.8  87.3  26.1  0.02  16.1 101.4   4.2 479.1  0.10  0.08
       4  4  51.3  25.4  37.5  70.3  27.4  0.01  22.3  92.2   3.8 462.5  0.09  0.08
       4  5  57.4  32.3  43.6  60.2  28.5        25.6 176.0   7.3 596.6  0.15  0.13
       4  6  65.3  27.9  47.0  48.4  26.3        17.1 107.1   4.5 597.4  0.15  0.14
       4  7  72.9  34.5  55.1  35.9  26.7  0.05  39.2 199.5   8.3 571.2  0.21  0.20
       4  8  63.3  40.3  52.0  35.6  24.7        46.5 321.8  13.4 580.5  0.25  0.22
       4  9  65.3  29.3  45.2  52.4  27.1        42.7 224.0   9.3 452.4  0.21  0.18
       4 10  54.7  32.6  43.4  25.4  10.0  0.01  48.5 345.5  14.4 415.3  0.24  0.19
       4 11  60.0  20.5  43.0  43.6  20.8        16.7 102.9   4.3 558.3  0.16  0.14
       4 12  68.1  29.7  51.7  41.0  26.8        13.4  88.1   3.7 537.7  0.15  0.14
       4 13  69.3  36.6  54.3  53.4  36.5  0.05  32.2 156.5   6.5 547.1  0.18  0.16
       4 14  48.9  30.9  39.8  84.7  35.9  0.18  37.3 295.3  12.3 184.4  0.08  0.06
       4 15  39.9  24.1  31.2  69.2  20.9  0.08  32.1 288.3  12.0 483.0  0.15  0.10
       4 16  39.8  20.4  30.1  64.4  19.1  0.01  38.7 192.4   8.0 199.7  0.09  0.07
       4 17  56.7  17.7  38.1  55.0  21.3        16.0 137.9   5.7 658.0  0.17  0.14
       4 18  72.6  35.5  56.7  35.1  26.7        34.0 190.4   7.9 549.5  0.19  0.18
       4 19  75.0  38.9  59.1  38.6  31.0        24.5 127.8   5.3 515.7  0.17  0.16
       4 20  71.8  41.8  57.8  45.1  35.7        19.6 102.5   4.3 344.9  0.14  0.13
       4 21  63.5  37.5  51.4  61.6  36.8  0.11  26.7 139.0   5.8 468.9  0.17  0.14
       4 22  42.4  32.4  36.8  98.5  36.4  1.53  20.6 137.7   5.7 273.7  0.09  0.06
       4 23  42.5  31.7  34.5  91.9  31.8  0.46  14.7  90.1   3.8 339.5  0.10  0.08
       4 24  45.9  33.5  40.0  87.4  36.5        14.0  82.8   3.5 273.2  0.07  0.05
       4 25  49.0  32.8  41.3  91.6  38.8  0.24  13.2 103.8   4.3 311.1  0.07  0.05
       4 26  57.7  33.1  44.9  85.3  40.4        12.7  98.6   4.1 420.0  0.10  0.08
       4 27  70.9  38.8  53.4  72.4  43.3  0.01  18.5 112.3   4.7 502.7  0.15  0.13
       4 28  57.6  38.8  50.0  88.4  46.9  0.07  27.6 131.6   5.5 240.2  0.06  0.05
       4 29  52.5  44.6  47.6  96.3  46.5  0.69  27.0 190.6   7.9  92.5  0.04  0.03
       4 30  45.8  40.3  43.4  99.4  43.2  1.22  15.8 125.0   5.2  61.3  0.03  0.02
       5  1  51.7  37.2  42.5  95.7  41.2  0.38  23.1  92.2   3.8 203.1  0.07  0.05
       5  2  64.4  34.8  48.5  77.2  40.1  0.03  22.9  97.3   4.1 493.1  0.14  0.12
       5  3  66.7  38.0  52.0  66.5  38.6  0.01  31.2 157.9   6.6 430.7  0.16  0.13
       5  4  58.7  36.0  48.2  46.9  27.4  0.01  35.4 259.6  10.8 674.3  0.25  0.18
       5  5  54.6  32.8  44.0  44.6  23.2        30.5 230.3   9.6 425.4  0.19  0.15
       5  6  58.8  26.7  44.3  41.3  21.2        15.2 110.0   4.6 724.0  0.22  0.17
       5  7  75.1  37.3  54.8  41.6  30.6        14.0 120.6   5.0 736.0  0.26  0.21
       5  8  78.4  41.2  62.9  38.9  35.3        20.8 151.8   6.3 557.3  0.22  0.19
       5  9  79.0  42.8  62.1  43.9  37.9        21.3 136.8   5.7 579.8  0.24  0.20
       5 10  53.5  34.5  43.8  63.0  31.5  0.07  40.5 230.5   9.6 523.1  0.20  0.14
       5 11  56.0  31.7  44.6  46.5  24.2        23.8 176.0   7.3 634.8  0.23  0.17
       5 12  67.3  29.1  50.8  48.7  29.9        20.0 112.1   4.7 683.1  0.22  0.18
       5 13  75.8  37.9  56.3  58.9  41.8        29.5 148.4   6.2 568.6  0.21  0.17
       5 14  69.7  43.4  57.1  60.8  43.0  0.08  30.0 142.3   5.9 612.9  0.21  0.17
       5 15  71.9  46.8  59.2  52.4  40.3  0.01  25.4 157.5   6.6 625.1  0.24  0.20
       5 16  56.9  39.0  47.9  79.7  41.7  0.42  22.0 152.7   6.4 322.1  0.13  0.10
       5 17  61.6  34.1  48.4  72.2  38.5  0.01  16.0  92.7   3.9 735.0  0.21  0.17
       5 18  76.8  36.7  57.2  59.3  40.4        15.1  81.0   3.4 701.0  0.24  0.19
       5 19  80.8  44.2  64.4  48.1  42.5  0.01  24.3 115.9   4.8 576.6  0.22  0.18
       5 20  66.6  52.5  58.5  73.2  49.8  0.01  28.9 148.9   6.2 471.6  0.18  0.14
       5 21  79.8  47.7  63.1  69.6  51.0        15.0  74.4   3.1 654.7  0.23  0.19
       5 22  78.5  46.8  62.7  66.7  50.3  0.08  31.2 125.6   5.2 627.3  0.24  0.19
       5 23  72.3  55.0  60.8  82.7  55.1  0.01   9.9  75.6   3.1 469.2  0.17  0.14
       5 24  69.9  51.1  59.8  78.3  52.8  0.02  20.0 123.8   5.2 463.9  0.18  0.14
       5 25  62.1  46.2  55.2  83.7  50.2        20.0 101.0   4.2 331.6  0.12  0.10
       5 26  74.0  40.1  58.9  69.4  47.8        14.3  82.1   3.4 683.0  0.23  0.18
       5 27  67.0  52.2  57.5  79.4  51.1        17.9 105.8   4.4 357.8  0.14  0.11
       5 28  77.8  41.9  60.8  69.4  48.6        14.8  71.9   3.0 720.0  0.24  0.19
       5 29  80.2  46.4  61.6  67.5  49.5  0.03  35.7 114.6   4.8 549.9  0.23  0.18
       5 30  79.6  49.7  64.7  63.4  50.3        21.3 110.4   4.6 613.0  0.24  0.19
       5 31  66.9  49.0  56.6  75.7  48.9        39.8 174.0   7.3 415.2  0.19  0.14
       6  1  75.8  43.1  61.1  51.2  42.2        25.0 108.9   4.5 679.0  0.26  0.20
       6  2  80.6  46.0  64.2  57.8  47.8        31.8 126.2   5.3 610.7  0.26  0.20
       6  3  80.6  43.4  63.8  52.2  44.5        13.1  99.2   4.1 690.9  0.27  0.21
       6  4  83.2  44.3  65.4  45.1  42.1        18.9 102.1   4.3 667.1  0.29  0.22
       6  5  68.5  47.1  55.3  67.6  44.5        28.6 146.0   6.1 404.6  0.21  0.16
       6  6  73.5  43.6  60.8  47.1  39.6  0.01  35.8 152.0   6.3 594.6  0.26  0.20
       6  7  88.3  44.1  67.8  42.2  39.7        21.7 130.3   5.4 727.0  0.34  0.26
       6  8  90.2  48.7  72.8  27.7  33.6        18.2 120.4   5.0 744.0  0.34  0.26
       6  9  74.4  51.4  63.1  58.5  47.4  0.03  18.0 114.8   4.8 601.1  0.25  0.19
       6 10  69.9  52.6  59.2  84.7  54.2  0.06  17.1 102.2   4.3 419.4  0.18  0.14
       6 11  73.8  42.7  58.4  74.8  49.9  0.06  20.5 120.4   5.0 646.2  0.24  0.18
       6 12  71.6  47.9  58.9  77.6  51.2  0.02  30.3 103.0   4.3 509.5  0.19  0.15
       6 13  69.1  47.5  57.0  78.5  49.8        19.9 102.9   4.3 466.3  0.18  0.13
       6 14  74.1  49.7  61.9  76.4  53.9        22.0 116.5   4.9 520.4  0.19  0.15
       6 15  62.9  49.7  55.6  92.7  53.5  0.24  12.2  87.3   3.6 241.4  0.09  0.07
       6 16  58.4  51.3  54.6  89.7  51.6  0.02  11.7  87.6   3.6 177.4  0.07  0.06
       6 17  75.8  49.1  60.4  81.1  53.9  0.03  22.9 125.8   5.2 546.0  0.21  0.15
       6 18  82.8  48.1  66.9  63.6  51.4        15.3  85.4   3.6 714.0  0.26  0.19
       6 19  87.0  53.2  70.5  56.0  51.8        18.1  94.7   3.9 588.6  0.26  0.19
       6 20  89.8  52.7  71.1  54.8  51.8        17.5  97.9   4.1 636.1  0.29  0.22
       6 21  86.4  52.6  68.8  56.5  51.3  0.01  23.7 108.9   4.5 486.4  0.27  0.20
       6 22  87.7  51.0  71.0  49.8  47.9  0.02  44.2 139.2   5.8 530.0  0.30  0.22
       6 23  88.8  54.4  72.0  55.8  52.9        13.8  85.5   3.6 713.0  0.31  0.23
       6 24  90.9  55.1  74.7  44.4  48.5        16.2 118.8   5.0 758.0  0.35  0.27
       6 25  92.2  59.1  76.7  42.4  49.9        23.2 122.2   5.1 644.2  0.33  0.25
       6 26  87.8  57.3  73.7  46.5  51.2        14.3 107.3   4.5 741.0  0.34  0.26
       6 27  85.8  62.0  71.2  69.6  59.8        18.3 126.4   5.3 664.4  0.31  0.24
       6 28  78.5  49.4  65.0  55.1  47.3        22.9 132.1   5.5 736.0  0.32  0.24
       6 29  90.2  50.5  71.7  47.6  46.9        30.0 165.7   6.9 797.0  0.40  0.31
       6 30  84.9  52.6  69.8  53.9  50.2        28.4 121.8   5.1 477.5  0.27  0.20
       7  1  87.6  54.6  69.5  62.3  55.2        18.9 115.8   4.8 679.3  0.31  0.23
       7  2  97.3  60.6  78.2  41.8  50.7        33.4 128.4   5.3 479.8  0.32  0.24
       7  3  95.9  59.8  81.7  30.3  45.4        19.6 125.1   5.2 641.2  0.34  0.25
       7  4  95.8  59.6  81.9  31.8  46.9        20.2 114.1   4.8 632.4  0.33  0.25
       7  5  83.5  60.4  73.6  51.9  55.0        18.3 125.9   5.2 730.0  0.33  0.26
       7  6  86.3  60.7  72.6  75.6  64.3        15.1  87.0   3.6 571.0  0.25  0.20
       7  7  97.1  57.8  77.2  53.6  56.2        20.4  92.7   3.9 738.0  0.36  0.27
       7  8  88.9  62.3  74.1  59.6  58.6        20.3 121.4   5.1 365.4  0.24  0.18
       7  9  79.9  57.0  69.5  56.1  52.2        21.6 106.4   4.4 721.0  0.30  0.23
       7 10  81.8  53.4  67.2  60.8  52.7        15.1 131.5   5.5 707.0  0.32  0.24
       7 11  83.7  53.1  67.8  62.6  53.6        25.3 111.6   4.7 529.7  0.26  0.19
       7 12  86.4  51.1  70.3  56.0  50.8        15.6  82.7   3.4 737.0  0.30  0.23
       7 13  95.4  53.9  78.1  39.2  46.6        17.8  94.3   3.9 714.0  0.33  0.24
       7 14  87.3  64.8  75.6  48.4  54.2  0.01  31.3 108.4   4.5 367.2  0.23  0.17
       7 15  85.0  57.7  72.0  59.3  55.9        18.0  99.3   4.1 409.9  0.23  0.17
       7 16  73.4  61.1  66.1  79.3  59.4  0.15  18.9 131.0   5.5 390.5  0.19  0.15
       7 17  82.1  60.0  69.3  84.1  63.7  0.02  22.1  83.7   3.5 516.6  0.21  0.16
       7 18  85.7  57.7  71.2  69.6  58.8  0.01  20.7  87.4   3.6 427.1  0.21  0.16
       7 19  85.7  60.6  69.6  76.8  61.0  0.19  32.7 114.8   4.8 528.7  0.25  0.19
       7 20  85.3  58.0  72.5  67.3  58.5  0.01  14.5  79.2   3.3 701.0  0.27  0.21
       7 21  91.9  57.0  74.3  57.7  55.6        23.2  96.3   4.0 649.6  0.30  0.23
       7 22  88.1  59.2  72.3  61.7  56.8  0.01  27.2 134.1   5.6 433.5  0.26  0.20
       7 23  93.5  57.8  77.3  47.4  51.2        15.4  85.5   3.6 697.4  0.31  0.24
       7 24  93.0  58.5  73.6  58.2  56.0  0.01  28.7 112.5   4.7 569.1  0.31  0.24
       7 25  92.6  59.5  73.0  69.0  60.1  0.54  46.4 111.6   4.7 466.5  0.27  0.21
       7 26  88.6  56.1  73.6  62.7  57.8        13.9  78.9   3.3 569.2  0.25  0.20
       7 27  91.2  61.4  75.3  62.0  60.1  0.01  24.5 134.9   5.6 611.9  0.30  0.24
       7 28  92.4  64.4  75.8  63.3  61.1        29.1 102.5   4.3 557.3  0.28  0.22
       7 29  91.1  62.0  73.9  64.9  59.9  0.03  26.0  99.1   4.1 536.8  0.27  0.21
       7 30  84.8  59.6  69.7  73.6  59.8  0.58  35.4 127.0   5.3 431.6  0.24  0.18
       7 31  75.5  59.6  64.1  94.6  62.4  0.56  36.8  93.6   3.9 285.6  0.14  0.11
       8  1  66.0  59.3  61.9  95.1  60.4        13.3 137.4   5.7 166.9  0.08  0.06
       8  2  74.7  58.2  64.5  85.8  59.8        10.9  85.3   3.6 496.5  0.18  0.14
       8  3  79.0  56.6  66.8  80.6  59.6        11.5  67.2   2.8 566.2  0.19  0.16
       8  4  75.1  60.4  64.3  93.6  62.3  0.01  24.6 115.5   4.8 310.0  0.13  0.10
       8  5  74.2  58.9  65.0  91.7  62.2  0.01  11.3  82.6   3.4 481.7  0.16  0.13
       8  6  82.7  62.4  70.5  80.2  63.2        11.5  75.3   3.1 564.1  0.20  0.17
       8  7  81.6  57.2  69.6  73.0  59.8        32.1  90.9   3.8 575.1  0.21  0.17
       8  8  84.8  55.9  71.1  69.8  59.6        13.2  79.2   3.3 616.6  0.23  0.19
       8  9  85.9  58.6  70.1  68.0  58.0        26.2 125.8   5.2 489.9  0.24  0.19
       8 10  78.5  61.2  68.5  79.2  61.7        20.0 100.2   4.2 454.2  0.19  0.15
       8 11  84.8  56.5  71.0  65.0  56.3        29.1 144.3   6.0 634.8  0.28  0.22
       8 12  82.9  59.4  71.6  45.0  48.7        32.2 174.0   7.3 578.1  0.30  0.24
       8 13  82.5  51.0  66.8  77.5  59.0         9.9  75.3   3.1 656.4  0.24  0.20
       8 14  86.3  52.6  69.4  65.9  55.8  0.06  32.2  95.7   4.0 545.9  0.24  0.19
       8 15  83.0  60.0  71.8  57.0  55.5        21.6 126.1   5.3 392.7  0.21  0.17
       8 16  87.2  53.7  71.3  53.4  51.8        14.5  89.0   3.7 570.2  0.24  0.20
       8 17  85.1  59.7  69.3  71.0  58.6  0.03  19.4  94.4   3.9 404.3  0.20  0.16
       8 18  83.6  51.3  69.2  60.0  52.7         9.3  76.5   3.2 656.4  0.25  0.21
       8 19  86.9  53.0  68.3  64.4  55.2        18.6  87.0   3.6 518.8  0.23  0.19
       8 20  84.9  55.8  68.9  71.1  58.4  0.01  25.5 123.1   5.1 406.6  0.20  0.17
       8 21  84.9  54.4  67.7  73.5  58.1  0.01  23.2  72.9   3.0 396.8  0.18  0.15
       8 22  83.1  57.8  70.0  68.1  56.8        21.0  90.8   3.8 632.1  0.24  0.20
       8 23  81.7  52.8  67.4  69.3  56.6        14.2  76.9   3.2 625.9  0.23  0.19
       8 24  91.7  53.0  71.9  62.9  56.8        10.6  75.0   3.1 619.0  0.24  0.20
       8 25  88.6  55.3  71.7  59.9  56.3        15.3  95.1   4.0 421.2  0.20  0.17
       8 26  87.1  55.4  73.2  62.3  58.4        15.9  67.7   2.8 539.1  0.20  0.17
       8 27  89.7  58.8  72.1  66.9  59.5  0.31  18.3  98.6   4.1 460.8  0.22  0.18
       8 28  72.7  58.4  65.1  93.5  63.0  0.15  14.8  69.3   2.9 220.0  0.09  0.08
       8 29  81.9  53.9  67.5  77.2  59.2        14.0  75.0   3.1 486.5  0.18  0.16
       8 30  86.2  53.2  72.0  59.6  55.5        15.3  97.0   4.0 588.2  0.23  0.19
       8 31  86.6  57.1  69.8  72.3  59.5  0.48  19.1 113.8   4.7 433.2  0.20  0.17
       9  1  79.2  54.5  66.4  86.8  62.2        16.1  99.7   4.2 501.1  0.18  0.15
       9  2  75.8  56.1  63.5  90.6  60.5  0.10  27.6  87.5   3.6 401.1  0.15  0.13
       9  3  74.5  54.3  62.7  86.9  58.3  0.04  21.2  84.6   3.5 496.7  0.17  0.14
       9  4  68.8  50.2  60.3  81.1  54.2        14.0  92.3   3.8 543.3  0.17  0.14
       9  5  78.9  48.7  62.5  76.2  53.9        10.5  58.5   2.4 585.4  0.19  0.16
       9  6  83.2  44.6  65.2  60.1  48.0        13.1  89.6   3.7 596.6  0.22  0.18
       9  7  81.1  51.4  67.0  54.6  50.4        19.2 128.2   5.3 563.4  0.22  0.19
       9  8  71.3  49.9  59.7  63.9  47.1        12.9  68.6   2.9 561.4  0.19  0.16
       9  9  76.9  43.7  60.5  65.6  47.4        11.8  64.4   2.7 562.9  0.19  0.16
       9 10  81.0  47.2  63.1  65.6  49.9  0.04  36.1  85.2   3.5 391.8  0.16  0.14
       9 11  75.7  49.7  61.4  68.6  50.3        34.2 105.1   4.4 378.6  0.16  0.13
       9 12  59.6  41.3  51.2  76.2  43.8        13.2  80.0   3.3 330.8  0.12  0.10
       9 13  66.5  37.2  51.1  70.2  40.5        12.3  75.0   3.1 546.7  0.17  0.14
       9 14  68.9  41.9  55.6  60.8  40.7        14.8  87.9   3.7 497.1  0.16  0.13
       9 15  72.0  39.9  55.7  61.4  40.3        17.4  70.2   2.9 484.4  0.15  0.13
       9 16  76.6  43.0  57.5  67.1  43.8        12.6  65.8   2.7 522.6  0.16  0.14
       9 17  81.8  43.6  61.8  52.6  40.0        16.4  83.2   3.5 527.4  0.19  0.16
       9 18  82.9  43.4  64.9  42.0  38.0        12.2  79.5   3.3 442.8  0.17  0.14
       9 19  62.2  43.7  48.8  87.1  44.6  0.10  29.7 137.7   5.7  72.5  0.09  0.07
       9 20  53.9  40.5  47.1  95.8  45.6  0.15  10.8  85.4   3.6 149.7  0.06  0.05
       9 21  72.6  36.6  55.1  61.7  38.3        10.7  76.3   3.2 534.4  0.16  0.14
       9 22  79.0  41.4  60.3  53.0  40.1        11.7  77.4   3.2 520.8  0.16  0.14
       9 23  79.4  46.8  64.1  48.9  42.2        13.4  76.2   3.2 490.1  0.15  0.13
       9 24  79.9  52.5  64.6  51.5  44.9        26.0 132.9   5.5 360.8  0.18  0.16
       9 25  85.7  47.0  68.3  46.2  43.3  0.02  34.0 144.8   6.0 486.0  0.22  0.20
       9 26  75.9  38.2  49.3  71.1  39.7        24.7 115.9   4.8 301.8  0.19  0.16
       9 27  52.3  37.6  43.1  88.2  39.6  0.41  18.3 150.7   6.3 215.4  0.10  0.08
       9 28  43.8  32.1  36.5  94.2  34.6  0.51  15.1 153.0   6.4 149.1  0.07  0.05
       9 29  67.7  26.7  44.7  77.5  37.7         9.4  57.1   2.4 495.8  0.12  0.10
       9 30  66.9  37.8  51.7  64.2  38.7  0.01  15.2 102.8   4.3 481.9  0.12  0.11
      10  1  72.0  34.7  46.6  76.8  38.8  0.01  27.0 131.8   5.5 450.7  0.16  0.14
      10  2  51.1  34.3  39.9  87.7  36.5        15.5  87.4   3.6 275.4  0.08  0.07
      10  3  51.1  33.2  40.6  82.5  35.5        21.0  93.9   3.9 202.7  0.07  0.06
      10  4  74.8  28.6  49.0  69.8  37.5         9.1  61.3   2.6 452.8  0.12  0.10
      10  5  74.9  36.0  54.5  50.9  35.4        11.0  86.9   3.6 455.7  0.13  0.12
      10  6  80.0  41.8  59.5  60.1  44.3  0.01  28.4 105.6   4.4 337.3  0.12  0.11
      10  7  60.3  44.3  52.2  85.8  48.0  0.05  15.2  85.3   3.6 114.7  0.05  0.04
      10  8  66.9  35.8  51.6  68.4  39.7  0.01  14.6  85.2   3.5 437.6  0.13  0.11
      10  9  83.6  36.9  57.7  60.1  40.8        12.4  67.5   2.8 448.6  0.15  0.13
      10 10  69.5  39.5  54.5  69.2  44.4        10.9  77.3   3.2 434.6  0.12  0.10
      10 11  82.7  38.5  59.6  56.1  39.5        17.2  85.1   3.5 444.0  0.15  0.14
      10 12  81.3  48.5  63.5  33.5  33.0  0.01  21.5 110.6   4.6 324.8  0.15  0.14
      10 13  69.6  38.9  54.5  62.6  41.3        11.5  90.5   3.8 412.6  0.13  0.12
      10 14  83.5  36.8  60.2  43.1  31.1  0.01  24.5 133.1   5.5 471.6  0.22  0.20
      10 15  59.1  36.8  45.0  70.2  35.2  0.04  16.1 105.3   4.4 119.5  0.09  0.08
      10 16  39.7  23.4  32.0 102.1  32.2  0.22  20.8 158.8   6.6  97.6  0.05  0.03
      10 17  52.2  16.3  33.3  79.1  25.8  0.15  12.9  80.0   3.3 415.4  0.10  0.08
      10 18  41.0  32.6  37.7  92.1  35.5  0.13  13.5 116.2   4.8 100.0  0.02  0.02
      10 19  55.2  29.4  41.2  74.2  32.3        15.3  87.0   3.6 380.7  0.07  0.06
      10 20  69.2  28.4  46.1  66.5  33.8         7.5  57.0   2.4 395.9  0.08  0.08
      10 21  71.3  33.2  51.6  48.9  31.1        12.0  70.8   3.0 393.6  0.09  0.09
      10 22  70.7  33.9  51.1  51.6  31.4  0.01   9.8  71.0   3.0 384.7  0.10  0.09
      10 23  71.7  31.4  50.1  57.4  33.4         8.3  60.6   2.5 382.2  0.10  0.09
      10 24  77.2  31.2  52.7  49.2  31.5         8.9  62.3   2.6 388.9  0.12  0.11
      10 25  74.2  35.8  52.7  41.8  28.0        11.0  69.6   2.9 371.3  0.11  0.11
      10 26  81.5  32.7  53.7  46.8  30.0        12.9  81.3   3.4 370.0  0.14  0.13
      10 27  74.6  33.1  50.8  49.5  29.6  0.02  31.0 114.9   4.8 350.2  0.14  0.14
      10 28  59.8  27.7  43.0  74.2  34.9        29.0  66.0   2.8 290.6  0.08  0.07
      10 29  58.2  36.9  48.2  49.1  29.6        26.8 202.1   8.4 284.2  0.12  0.11
      10 30  64.6  23.8  43.5  53.3  25.1         8.1  61.4   2.6 350.6  0.09  0.08
      10 31  72.7  30.4  49.8  52.3  31.2         9.8  62.0   2.6 350.5  0.09  0.08
      11  1  53.8  23.9  39.8  44.3  19.9        16.8 112.3   4.7 338.2            
      11  2  61.1  16.1  38.9  51.6  20.0        23.9  80.8   3.4 328.6            
      11  3  66.4  29.5  46.1  40.8  20.7        12.9  76.7   3.2 276.1            
      11  4  72.7  27.6  50.1  39.8  24.2        13.7  79.8   3.3 183.4            
      11  5  61.8  31.5  43.8  53.7  27.0        10.4  74.5   3.1 319.4            
      11  6  74.3  26.0  49.3  47.0  24.4        15.2  87.0   3.6 324.5            
      11  7  72.8  32.3  51.1  37.8  24.4         9.7  66.8   2.8 316.7            
      11  8  76.5  34.5  55.9  33.6  24.9        12.4  86.0   3.6 283.1            
      11  9  69.4  39.4  54.5  35.6  27.0        14.0  94.9   4.0 294.2            
      11 10  64.5  30.9  47.2  46.0  26.4        11.6  64.0   2.7 231.8            
      11 11  68.4  35.9  48.5  46.2  26.8        12.6  71.2   3.0 187.9            
      11 12  71.7  28.5  49.5  37.8  21.5         8.0  65.0   2.7 303.8            
      11 13  75.5  28.1  51.0  31.0  18.8        12.8  79.2   3.3 304.9            
      11 14  73.0  30.1  51.5  31.1  19.8         8.5  63.8   2.7 297.0            
      11 15  75.1  31.3  49.9  37.7  21.9         8.4  61.1   2.5 296.6            
      11 16  73.8  29.9  50.6  33.7  20.0        11.4  73.4   3.1 285.0            
      11 17  77.6  30.2  51.6  42.0  27.7        33.3  82.1   3.4 258.2            
      11 18  56.7  27.0  47.1  35.4  20.9  0.01  40.5 329.1  13.7 283.9            
      11 19  57.3  21.3  37.5  52.0  20.2         9.7  74.4   3.1 266.1            
      11 20  66.6  29.5  46.8  45.5  24.9        29.0 190.9   8.0 225.8            
      11 21  50.5  30.2  40.3  54.8  23.6        23.7 149.9   6.2 214.8            
      11 22  32.3  19.9  28.4 102.4  28.6  0.07  14.4 110.9   4.6 100.8            
      11 23  32.1   7.9  19.3  98.2  19.5  0.24   6.6  50.3   2.1 252.3            
      11 24  31.8   3.4  15.5  93.8  15.0  0.24   8.4  56.9   2.4 276.1            
      11 25  53.5  12.0  32.9  67.4  23.0  0.07  42.7 181.0   7.5 194.1            
      11 26  66.5  43.1  52.7  45.7  31.9        38.9 179.5   7.5 239.7            
      11 27  52.5  30.4  41.1  78.2  34.5        18.6  84.9   3.5 254.1            
      11 28  57.1  28.4  40.9  83.4  35.9        12.9  81.9   3.4 240.9            
      11 29  52.6  24.1  35.0  95.8  33.9         9.6  70.9   3.0 246.5            
      11 30  61.3  26.6  42.1  78.1  33.7        23.2 109.7   4.6 103.3            
      12  1  57.5  36.6  47.6  41.6  25.2        15.2 134.8   5.6 194.3            
      12  2  51.7  30.5  39.5  66.0  28.3        16.5 119.8   5.0 237.0            
      12  3  36.9  30.3  33.6  87.2  30.0  0.24  29.1 258.5  10.8 110.0            
      12  4  46.1  17.4  28.9  74.4  21.1        13.9  79.9   3.3 242.6            
      12  5  48.3  13.8  28.0  77.0  21.6         9.1  60.9   2.5 257.2            
      12  6  51.6  26.2  40.0  47.6  20.2        28.9 161.2   6.7 199.8            
      12  7  51.1  25.4  39.4  52.0  22.8        28.3 158.4   6.6 172.8            
      12  8  32.3  16.0  26.1  90.2  23.7  0.03  13.1 107.0   4.5 146.7            
      12  9  38.7   9.5  23.7  78.5  17.8         6.6  59.2   2.5 224.0            
      12 10  46.0  18.2  29.8  68.3  19.4         9.4  59.2   2.5 231.0            
      12 11  40.7  21.4  29.1  76.0  22.1        16.3 107.6   4.5 232.4            
      12 12  45.1  21.3  32.7  58.0  18.2  0.01  16.3 118.0   4.9 245.5            
      12 13  51.3  23.0  33.6  69.6  23.8  0.03  35.5 136.2   5.7 107.4            
      12 14  36.7  22.5  29.7  36.8   5.8        36.8 342.7  14.3 244.6            
      12 15  45.6  27.1  36.1  34.7  10.9        30.2 330.0  13.8 197.4            
      12 16  55.1  28.1  45.8  37.9  21.2  0.01  36.0 384.5  16.0 233.3            
      12 17  47.6  22.9  37.0  64.1  25.4        26.4 122.5   5.1 171.2            
      12 18  54.8  17.7  33.6  67.4  22.3  0.01  36.0 195.2   8.1 168.9            
      12 19  37.5  14.9  25.8  62.2  14.1        24.6 124.5   5.2 158.2            
      12 20  35.9  15.9  25.3  69.8  15.9        17.2  98.1   4.1 109.2            
      12 21  35.9  19.4  29.3  68.9  19.9        21.3 119.1   5.0  92.3            
      12 22  43.6  15.1  31.4  58.0  16.8  0.01  20.2 130.1   5.4  93.0            
      12 23  55.4  25.7  39.0  52.8  21.8        12.6  91.2   3.8 234.1            
      12 24  59.5  23.0  39.4  52.4  21.8        10.1  75.1   3.1 229.3            
      12 25  59.3  24.5  39.3  48.6  19.5        10.4  72.2   3.0 237.2            
      12 26  52.9  24.2  36.1  53.1  19.0        12.2  90.0   3.8 237.5            
      12 27  51.7  20.5  37.0  56.0  21.6        15.1 102.8   4.3 226.6            
      12 28  65.3  25.5  42.7  46.5  20.6        16.8 103.5   4.3 239.9            
      12 29  63.3  22.2  41.5  42.2  18.3        13.1  79.8   3.3 230.6            
      12 30  58.2  21.0  37.0  49.2  17.3        10.3  76.1   3.2 240.7            
      12 31  58.5  20.3  35.9  55.0  19.8        14.1  83.3   3.5 217.1            

      Total                               13.96                         45.03 36.82
        Max  97.3  64.8  81.9 102.4  64.3        58.4 395.9  16.5 797.0
        Min  23.6   3.4  15.5  19.1   1.8         6.1  48.6   2.0  61.3
        Ave  65.9  36.4  50.9  60.8  35.2        21.7 125.9   5.2 400.9
