      2002                                                                03-JAN-03
      Weather Station near LONGMONT SOUTH, CO  alfalfa hay site at Swalde farm     
      -----------------------------------------------------------------------------
               Temperature      Rel   Dew             Wind        Solar StandrdASCE
            ----------------- Humid Point  Prec -----------------   Rad   ETr   ETo
       Date   Max   Min   Ave   Ave   Ave Total   Max Total   Ave Total Alflf Grass
      MoDay     F     F     F     %     F  inch   mph miles   mph Langl  inch  inch
      ----- ----- ----- ----- ----- ----- ----- ----- ----- ----- ----- ----- -----
       1  1  26.3  12.9  21.1  92.2  19.3        13.5  74.4   3.1 118.3            
       1  2  38.3   1.4  17.0  76.3  10.0  0.01   9.7  56.7   2.4 246.6            
       1  3  49.7   9.6  28.9  65.1  17.8         8.8  66.0   2.8 236.5            
       1  4  40.5  19.1  31.4  81.7  26.4        17.3 103.6   4.3 101.7            
       1  5  45.3  10.7  27.5  72.9  18.6  0.01  13.6  72.3   3.0 186.1            
       1  6  46.5  15.3  30.1  64.1  18.6  0.01  12.3  74.0   3.1 216.0            
       1  7  63.1  20.1  43.1  54.1  25.6  0.04  30.0 201.4   8.4 218.3            
       1  8  70.7  45.8  57.7  25.7  22.3        24.0 194.8   8.1  76.8            
       1  9  57.5  32.0  43.7  60.1  29.5  0.03  24.4 127.7   5.3 208.2            
       1 10  41.0  16.1  29.2  97.4  28.4  0.30  10.3  77.4   3.2 248.2            
       1 11  46.4  15.6  30.6  71.7  22.5        12.3  78.1   3.3 178.9            
       1 12  53.5  15.1  32.6  68.7  22.8  0.04  28.6 114.8   4.8 215.3            
       1 13  48.3  23.0  36.2  47.0  17.3        35.8 274.9  11.5 251.1            
       1 14  38.8  13.9  25.9  66.0  15.6        14.7 127.3   5.3 250.8            
       1 15  25.7  13.6  19.5  87.8  16.5        12.1  78.7   3.3 203.4            
       1 16  28.4  16.7  21.8  82.0  17.0        11.9  95.7   4.0 150.0            
       1 17  31.8   9.7  20.3  72.3  12.1        15.1  88.3   3.7 254.8            
       1 18  33.7   9.7  19.3  62.7   8.0        22.6  76.5   3.2 264.9            
       1 19  33.6   6.9  20.7  53.7   6.4        23.2 106.6   4.4 279.3            
       1 20  39.3  14.5  30.0  39.7   7.8  0.01  40.9 322.4  13.4 274.2            
       1 21  53.1  29.9  41.6  35.2  15.7        40.6 220.4   9.2 277.0            
       1 22  56.4  22.8  40.4  45.2  18.6  0.02  28.6 216.9   9.0 224.9            
       1 23  30.7   9.4  20.9  83.5  17.0  0.08  15.6 108.0   4.5 235.6            
       1 24  38.1   2.4  22.0  58.4  10.3  0.01  18.3  91.6   3.8 292.8            
       1 25  57.8  29.3  43.4  41.6  21.1  0.02  35.7 215.2   9.0 198.2            
       1 26  65.8  35.5  50.9  22.3  12.0        33.3 239.9  10.0 303.9            
       1 27  64.8  25.6  46.4  30.1  14.0        19.6 140.7   5.9 275.0            
       1 28  40.3  13.8  23.7  86.7  20.3        16.1  97.4   4.1 240.9            
       1 29  34.2  13.7  22.9  80.6  17.4        13.2 104.8   4.4 196.7            
       1 30  25.7   9.2  18.6  93.0  17.0  0.05  12.7  98.7   4.1 266.4            
       1 31  32.0   2.4  17.9  63.1   6.3  0.01  11.5  77.8   3.2 321.2            
       2  1  37.6   9.1  22.9  64.1  12.2  0.01   9.0  65.3   2.7 315.8            
       2  2  45.5  15.3  29.4  58.0  14.4        16.1 100.4   4.2 259.4            
       2  3  49.7  13.8  30.6  59.2  16.4        12.8  94.8   4.0 323.8            
       2  4  48.9  14.2  30.4  53.6  13.8  0.02  21.0 110.4   4.6 316.6            
       2  5  40.5  15.2  27.8  48.0   9.2        11.3  77.4   3.2 332.5            
       2  6  53.1  13.8  32.8  45.1  11.0        19.8  95.8   4.0 338.5            
       2  7  60.9  14.4  39.3  33.3   7.2  0.01  26.0 143.2   6.0 227.9            
       2  8  56.8  26.0  39.3  32.0  10.7  0.02  49.4 332.0  13.8 272.6            
       2  9  36.9  15.9  32.2  34.0   6.9        48.5 423.2  17.6  82.5            
       2 10  51.1  10.4  29.8  32.9  -0.1        17.2  91.3   3.8 358.2            
       2 11  64.5  20.7  44.1  27.7   7.2  0.01  40.7 233.6   9.7 211.7            
       2 12  33.4  18.2  25.8  62.2  14.4        15.1  84.7   3.5 220.3            
       2 13  57.2  10.0  32.2  44.7   6.1        13.2  72.0   3.0 355.5            
       2 14  51.3  15.6  36.0  56.7  17.3  0.01  45.1 256.9  10.7 160.0            
       2 15  57.4   8.1  30.3  65.2  17.5  0.02  10.2  71.2   3.0 357.2            
       2 16  54.5  15.5  34.9  44.6  13.1        11.3  93.4   3.9 377.2            
       2 17  65.9  25.7  45.0  36.5  16.1  0.01  20.5 130.1   5.4 350.1            
       2 18  55.6  29.3  42.6  50.0  24.5  0.01  23.5 103.8   4.3 275.8            
       2 19  53.6  24.1  39.2  49.9  20.4  0.01  31.6 169.2   7.0 377.4            
       2 20  54.4  28.1  42.1  40.5  18.4        33.3 241.7  10.1 338.6            
       2 21  48.8  22.8  36.1  39.5  11.6        24.4 118.1   4.9 401.5            
       2 22  67.5  23.2  51.1  24.9  12.7        38.2 344.2  14.3 327.2            
       2 23  75.2  39.9  59.8  18.0  15.3        36.4 229.8   9.6 371.7            
       2 24  54.7  24.0  35.4  70.3  25.7        25.9 149.0   6.2 271.9            
       2 25  24.5   4.6  10.0  88.5   7.9  0.10  23.7 172.1   7.2 340.4            
       2 26  24.4  -8.1  10.5  72.2   2.7  0.02  11.8  83.0   3.5 413.6            
       2 27  34.6   4.9  21.4  67.1  12.0  0.01  16.2 107.0   4.5 401.8            
       2 28  48.5   9.2  26.4  74.9  18.5  0.16  35.4 176.3   7.3 439.4            
       3  1  21.4   1.1  11.0  93.9  10.2  0.15  21.7 156.5   6.5 316.7  0.03  0.02
       3  2  23.9  -7.8   5.2  76.3  -0.6  0.01  11.4  82.2   3.4 486.4  0.05  0.04
       3  3  28.0  -4.7  13.8  52.8  -0.3        15.9 122.3   5.1 475.2  0.06  0.05
       3  4  53.1  11.2  36.6  43.8  16.7  0.03  32.7 212.0   8.8 460.9  0.16  0.11
       3  5  54.6  29.7  42.9  38.0  18.3        34.5 209.9   8.7 443.3  0.19  0.13
       3  6  55.4  26.6  40.1  62.5  27.3        33.5 139.4   5.8 424.9  0.13  0.10
       3  7  60.5  22.7  41.5  62.4  25.9        36.4 176.7   7.4 435.6  0.17  0.12
       3  8  35.1  -1.4  20.3  99.1  21.5  0.04  30.5 152.1   6.3 101.0  0.02  0.02
       3  9  44.2  -1.6  25.7  64.0  15.0  0.01  23.5  96.7   4.0 489.4  0.09  0.07
       3 10  58.9  20.3  37.0  70.3  27.6        13.2  98.2   4.1 430.8  0.13  0.09
       3 11  58.0  32.2  45.5  45.9  23.6  0.02  27.0 175.8   7.3 484.9  0.19  0.13
       3 12  68.7  34.4  52.8  33.4  22.5  0.01  37.7 177.8   7.4 359.1  0.24  0.16
       3 13  52.6  33.7  44.3  60.4  31.1        23.4 173.4   7.2 391.9  0.13  0.09
       3 14  36.1  19.1  25.9  94.0  24.3  0.19  28.3 198.0   8.3 328.6  0.05  0.04
       3 15  34.2   6.4  23.5  86.0  19.9  0.01  11.6  60.2   2.5 405.3  0.05  0.05
       3 16  38.9  24.8  31.3  78.3  25.1        13.0  85.6   3.6 336.0  0.06  0.05
       3 17  46.0  18.6  32.0  62.8  19.1  0.02  25.8 104.9   4.4 395.8  0.10  0.08
       3 18  41.0  23.3  31.5  81.1  25.7        16.7  83.3   3.5 317.7  0.06  0.05
       3 19  53.7  25.2  36.4  67.9  25.1        12.9  94.8   4.0 513.7  0.13  0.10
       3 20  64.1  22.7  46.6  40.3  19.2  0.01  32.5 252.4  10.5 507.5  0.26  0.17
       3 21  26.3  13.2  18.8  79.8  13.4        14.9 113.5   4.7 305.0  0.05  0.04
       3 22  63.4  15.1  39.3  56.8  21.7        14.2  84.8   3.5 532.3  0.16  0.12
       3 23  71.7  24.7  47.8  47.3  24.4  0.01  29.7 145.0   6.0 402.0  0.24  0.16
       3 24  36.2  22.6  28.6  88.3  25.5  0.01  13.5 115.2   4.8 120.2  0.04  0.03
       3 25  35.5  20.2  25.6  92.6  23.7        10.4  84.5   3.5 235.8  0.04  0.04
       3 26  61.6  18.6  41.6  53.5  20.6  0.02  25.6 135.3   5.6 556.5  0.19  0.14
       3 27  67.2  28.3  50.2  40.4  24.7  0.03  40.8 271.6  11.3 548.2  0.29  0.19
       3 28  69.7  35.6  55.9  27.1  19.7  0.01  39.2 292.6  12.2 556.1  0.35  0.23
       3 29  57.5  25.1  40.4  65.0  28.0        23.0 105.1   4.4 515.9  0.14  0.11
       3 30  55.5  26.8  41.9  58.4  27.1        14.8  91.2   3.8 394.8  0.12  0.10
       3 31  66.5  23.1  46.9  54.9  28.9        14.9  84.5   3.5 570.3  0.17  0.14
       4  1  77.8  34.1  62.9  23.1  19.3        39.5 348.3  14.5 537.8  0.44  0.28
       4  2  34.1  23.3  26.1  68.4  17.1        16.5 141.3   5.9 173.0  0.07  0.05
       4  3  49.9  22.2  34.3  48.2  16.1        13.7 112.4   4.7 550.4  0.14  0.11
       4  4  62.0  19.9  42.1  41.3  18.7        17.4 112.5   4.7 591.3  0.19  0.14
       4  5  66.2  27.1  48.7  44.0  25.1        15.9  93.8   3.9 553.4  0.19  0.15
       4  6  76.6  36.2  57.5  37.5  27.6        28.8 133.0   5.5 462.2  0.26  0.19
       4  7  68.1  39.1  53.4  47.4  33.5        28.3 124.3   5.2 450.6  0.20  0.15
       4  8  57.3  37.2  46.8  75.9  39.3        24.0 134.6   5.6 320.0  0.11  0.09
       4  9  74.2  31.6  54.2  54.2  31.2        25.4 112.6   4.7 525.7  0.23  0.17
       4 10  75.3  49.4  61.3  37.3  33.4        24.6 134.3   5.6 359.7  0.25  0.18
       4 11  66.8  39.8  53.5  63.8  39.0  0.06  34.0 136.8   5.7 482.4  0.19  0.14
       4 12  72.6  33.1  54.4  54.7  35.5  0.01  28.4 132.3   5.5 518.9  0.22  0.17
       4 13  75.9  43.2  61.3  33.5  30.3        24.8 154.4   6.4 609.3  0.30  0.22
       4 14  77.9  49.0  67.0  25.6  29.7  0.01  29.4 145.4   6.1 331.6  0.27  0.19
       4 15  83.0  50.9  68.0  23.7  28.0        23.8 149.4   6.2 366.1  0.32  0.22
       4 16  64.6  42.8  56.6  27.5  22.7  0.01  41.9 358.0  14.9 567.3  0.35  0.24
       4 17  77.0  30.9  55.2  38.7  26.1  0.01  37.6 201.6   8.4 639.7  0.35  0.24
       4 18  68.8  34.8  49.9  51.6  30.3        38.4 212.1   8.8 583.7  0.28  0.20
       4 19  40.1  26.8  34.4  71.4  26.1        12.4 111.8   4.7 219.5  0.07  0.05
       4 20  44.1  33.2  36.6  89.3  33.7  0.01  34.0 141.8   5.9  88.3  0.05  0.04
       4 21  58.8  28.6  44.5  54.4  25.3  0.05  49.3 211.6   8.8 674.3  0.22  0.17
       4 22  69.6  27.4  51.3  34.1  20.4        30.7 195.8   8.2 654.9  0.30  0.22
       4 23  77.6  36.4  60.9  24.0  21.5        40.2 219.8   9.2 677.6  0.38  0.27
       4 24  66.2  31.1  47.4  45.5  25.3  0.01  35.7 215.2   9.0 672.6  0.29  0.20
       4 25  57.9  27.9  43.5  41.4  21.5        13.4 115.9   4.8 465.5  0.17  0.13
       4 26  63.7  33.9  48.6  62.7  36.5        18.9 115.4   4.8 356.2  0.15  0.12
       4 27  68.0  41.5  51.3  70.3  39.6  0.04  38.3 186.2   7.8 454.4  0.22  0.16
       4 28  73.1  29.5  53.4  54.1  31.6        43.0 255.8  10.7 689.9  0.33  0.23
       4 29  77.7  36.1  59.5  40.0  33.0        20.5 140.8   5.9 663.8  0.30  0.22
       4 30  75.3  37.2  57.4  51.8  39.0        21.6 131.2   5.5 680.6  0.26  0.21
       5  1  52.9  32.7  43.2  89.7  40.9  0.01  22.4 174.4   7.3 108.6  0.05  0.04
       5  2  59.8  32.9  43.1  81.3  36.8  0.04  15.1  85.8   3.6 472.9  0.14  0.11
       5  3  72.0  34.4  56.1  41.1  29.4  0.03  29.0 226.0   9.4 690.3  0.32  0.23
       5  4  69.5  36.2  53.3  57.5  37.6        23.6 101.5   4.2 550.7  0.20  0.16
       5  5  79.1  37.5  61.5  38.4  31.5        24.7 133.8   5.6 649.0  0.30  0.23
       5  6  82.7  40.8  64.4  29.7  28.9        28.6 127.2   5.3 615.8  0.32  0.24
       5  7  66.6  41.0  53.6  70.9  44.0        22.6 106.7   4.4 527.5  0.17  0.14
       5  8  67.1  36.9  51.9  59.6  36.8  0.01  27.3 212.8   8.9 591.9  0.24  0.18
       5  9  63.1  27.4  45.4  41.8  22.3        14.6  90.4   3.8 688.1  0.21  0.17
       5 10  59.9  35.0  50.2  48.1  30.8        14.7 104.9   4.4 359.7  0.15  0.12
       5 11  57.3  41.6  48.5  87.5  44.7  0.32  22.6 141.6   5.9 171.9  0.08  0.06
       5 12  56.2  39.5  45.6  81.7  39.5  0.16  16.4 124.6   5.2 367.9  0.12  0.10
       5 13  71.7  34.7  54.3  56.0  36.1        15.2  78.3   3.3 728.8  0.23  0.19
       5 14  75.1  39.8  56.5  57.7  40.2  0.03  38.3 108.9   4.5 326.3  0.19  0.14
       5 15  76.4  44.2  60.0  54.4  42.6        32.2 136.7   5.7 463.7  0.24  0.18
       5 16  52.9  43.6  46.9  93.7  45.1  0.15  18.3 116.2   4.8  93.6  0.05  0.04
       5 17  59.6  45.1  51.7  86.8  47.2  0.02  10.4  62.6   2.6 316.5  0.10  0.09
       5 18  70.7  40.1  56.6  79.0  49.5        15.3 100.7   4.2 638.3  0.19  0.17
       5 19  68.6  44.6  56.7  75.9  48.8  0.01  15.6 133.1   5.5 677.6  0.20  0.17
       5 20  62.8  46.6  52.5  88.0  49.1  0.01  11.8  96.6   4.0 311.9  0.11  0.09
       5 21  85.7  44.1  61.1  60.3  42.5  0.06  38.6 221.6   9.2 533.3  0.40  0.27
       5 22  67.5  42.0  56.9  24.3  20.1  0.01  37.6 329.5  13.7 757.7  0.40  0.28
       5 23  62.9  38.6  49.5  60.1  35.2  0.62  23.7 167.5   7.0 505.5  0.20  0.16
       5 24  52.4  32.4  40.3  95.0  38.9  0.65  13.0  69.4   2.9 333.3  0.08  0.08
       5 25  72.3  38.3  54.7  70.6  43.6  0.01  12.6  76.5   3.2 558.3  0.19  0.16
       5 26  77.4  43.2  62.3  49.5  41.3  0.01  19.4 106.0   4.4 606.1  0.25  0.20
       5 27  79.5  45.4  62.7  55.0  45.0  0.03  26.2 131.4   5.5 642.1  0.28  0.22
       5 28  82.3  48.3  67.2  47.8  44.8        26.6 108.1   4.5 715.4  0.29  0.24
       5 29  84.4  51.5  69.5  47.1  46.8        15.2  80.2   3.3 581.1  0.25  0.21
       5 30  90.1  50.7  74.3  44.8  49.4        28.6  96.6   4.0 729.0  0.31  0.26
       5 31  90.5  56.0  74.2  46.4  51.0        27.4 104.7   4.4 633.9  0.31  0.25
       6  1  83.3  53.3  69.0  57.8  52.9        33.4  95.6   4.0 418.2  0.21  0.17
       6  2  90.6  50.7  72.8  42.1  44.9        18.6 130.9   5.5 689.7  0.36  0.28
       6  3  73.3  50.6  62.3  72.2  52.5  0.34  26.2 159.3   6.6 528.9  0.21  0.17
       6  4  64.8  48.2  55.1  87.4  50.9  0.17  12.0  69.7   2.9 252.4  0.10  0.08
       6  5  76.2  43.4  61.5  68.5  48.6  0.02  13.7  84.2   3.5 572.4  0.20  0.18
       6  6  86.9  49.6  69.2  51.4  48.6  0.03  26.2 109.2   4.5 600.1  0.29  0.23
       6  7  91.9  50.9  72.5  49.4  50.1        32.0 139.0   5.8 545.5  0.33  0.25
       6  8  84.5  49.3  67.9  66.1  56.1        14.2  99.0   4.1 539.8  0.23  0.19
       6  9  95.2  53.0  75.0  41.0  48.1        15.7 130.5   5.4 570.4  0.36  0.27
       6 10  79.8  52.7  65.1  43.1  40.7        19.6 160.1   6.7 498.2  0.31  0.23
       6 11  79.1  45.4  63.9  55.3  45.8        15.6  85.4   3.6 702.4  0.25  0.22
       6 12  81.3  49.6  66.3  46.1  43.3        16.9  95.6   4.0 722.3  0.29  0.24
       6 13  73.9  47.6  62.6  54.4  45.7        14.4  91.8   3.8 640.6  0.23  0.19
       6 14  80.6  48.7  65.4  52.8  47.0        15.9  88.7   3.7 637.2  0.25  0.21
       6 15  80.3  51.1  65.2  60.2  49.5        23.2 105.7   4.4 394.6  0.21  0.17
       6 16  83.7  49.0  66.7  63.9  52.1  0.01  23.4 106.7   4.4 647.0  0.27  0.22
       6 17  94.9  50.6  74.8  38.4  42.4        23.8 105.2   4.4 645.7  0.35  0.27
       6 18  97.1  58.3  78.8  23.5  36.2        14.3  93.9   3.9 696.5  0.37  0.28
       6 19  88.4  57.0  72.6  44.8  48.4  0.27  25.7 163.3   6.8 577.5  0.36  0.27
       6 20  82.1  56.2  69.0  74.0  59.5  0.03  27.2 106.5   4.4 510.4  0.21  0.18
       6 21  89.6  59.5  74.3  51.7  54.6  0.03  32.7 156.1   6.5 508.9  0.32  0.24
       6 22  92.5  57.4  72.8  61.3  56.8  0.01  24.1  93.4   3.9 532.0  0.28  0.22
       6 23  93.2  57.2  76.9  36.7  45.6  0.01  22.3 121.1   5.0 745.0  0.38  0.30
       6 24  96.2  54.7  77.7  35.6  45.5        21.2 102.3   4.3 717.3  0.36  0.29
       6 25  91.2  56.2  73.9  44.8  49.8  0.01  37.7 135.8   5.7 630.6  0.35  0.27
       6 26  93.0  51.4  72.7  50.5  50.3        23.4  97.8   4.1 692.1  0.33  0.26
       6 27  96.6  55.1  76.5  38.5  46.5        26.1 121.7   5.1 583.3  0.37  0.27
       6 28  94.9  54.9  76.5  36.9  45.5  0.01  37.2 141.7   5.9 651.5  0.40  0.30
       6 29  99.2  54.5  79.3  32.9  43.7        15.6  86.0   3.6 695.5  0.35  0.28
       6 30  95.3  57.8  77.4  29.1  41.3        15.6 101.6   4.2 624.7  0.35  0.27
       7  1 100.0  58.4  80.5  32.5  45.3        11.2  75.5   3.1 649.9  0.33  0.26
       7  2  98.2  61.0  79.0  31.9  42.9        16.9  98.1   4.1 559.5  0.35  0.26
       7  3  89.7  61.6  75.1  39.7  48.5        22.6 109.9   4.6 486.6  0.30  0.23
       7  4  91.5  55.5  75.4  43.6  49.2        21.2 121.8   5.1 662.4  0.34  0.27
       7  5  89.7  57.6  74.4  54.2  54.5        15.3 114.4   4.8 690.3  0.32  0.26
       7  6  85.6  61.6  72.2  59.7  56.2  0.01  34.1 151.3   6.3 475.9  0.28  0.22
       7  7  93.7  58.0  77.4  45.5  52.7        15.6  81.4   3.4 607.2  0.29  0.24
       7  8  94.8  58.9  77.2  47.6  53.6        19.2 103.3   4.3 630.2  0.33  0.26
       7  9  92.9  63.3  78.3  38.9  49.8        18.1 100.3   4.2 675.2  0.34  0.27
       7 10  84.9  65.4  73.8  56.8  57.5        22.3 121.3   5.1 367.6  0.24  0.18
       7 11  87.0  58.5  72.3  50.5  51.5        17.6 113.4   4.7 711.3  0.32  0.26
       7 12  94.1  54.8  74.9  42.5  46.0        13.7  71.9   3.0 735.3  0.32  0.26
       7 13  93.6  52.9  76.1  32.3  42.1        21.6  89.9   3.7 669.1  0.33  0.26
       7 14  95.3  57.1  77.9  32.1  42.4        18.1  97.9   4.1 711.1  0.36  0.28
       7 15  96.6  57.2  79.1  31.1  43.6        17.2 104.9   4.4 712.2  0.37  0.29
       7 16  97.4  57.8  78.8  30.9  42.2        19.2  94.8   4.0 705.1  0.36  0.28
       7 17  97.0  56.1  78.3  28.2  40.3        16.7  84.5   3.5 682.4  0.34  0.27
       7 18  97.1  59.8  78.6  29.4  41.8        16.9  97.8   4.1 685.2  0.37  0.28
       7 19  97.2  59.2  80.0  30.2  43.8        14.8  86.2   3.6 690.2  0.34  0.27
       7 20  96.6  63.7  79.3  35.7  48.4        28.1 119.2   5.0 627.6  0.38  0.28
       7 21  86.9  63.6  73.6  51.2  53.4        21.5 111.5   4.6 600.3  0.30  0.24
       7 22  81.9  56.4  69.0  66.1  56.1        14.0  81.9   3.4 446.0  0.20  0.16
       7 23  87.4  58.9  73.3  49.6  51.9  0.02  26.6 112.1   4.7 504.0  0.28  0.21
       7 24  98.1  55.9  79.7  35.3  45.1        27.0 112.0   4.7 661.5  0.37  0.28
       7 25  90.3  62.8  74.6  40.2  47.8  0.01  26.8 133.0   5.5 360.8  0.31  0.22
       7 26  91.7  54.8  74.1  43.1  45.8        37.9 194.9   8.1 591.5  0.42  0.30
       7 27  90.7  56.4  76.1  29.3  39.9        32.1 123.7   5.2 534.7  0.34  0.25
       7 28  87.7  60.9  74.3  34.6  44.0        19.4 115.1   4.8 572.8  0.32  0.24
       7 29  96.4  52.8  76.8  26.6  36.8        17.9 114.8   4.8 688.2  0.38  0.29
       7 30  98.2  59.1  80.2  24.6  37.7        25.1 112.3   4.7 675.6  0.39  0.29
       7 31 101.3  58.4  82.4  24.1  38.1        18.3  87.9   3.7 594.4  0.34  0.26
       8  1  78.6  58.1  67.0  34.7  37.6        26.0 150.7   6.3 429.9  0.31  0.22
       8  2  85.1  52.5  69.3  40.0  43.5        22.4 102.6   4.3 508.7  0.27  0.21
       8  3  89.0  60.6  72.7  56.7  54.8  0.01  26.2  93.3   3.9 451.4  0.25  0.19
       8  4  86.8  57.3  71.7  61.1  56.4  0.02  21.3 106.3   4.4 438.4  0.23  0.18
       8  5  87.4  60.0  71.0  66.1  57.9  0.15  28.2 121.2   5.0 477.1  0.26  0.20
       8  6  89.8  55.9  70.9  58.0  53.5  0.02  22.9 105.0   4.4 520.3  0.28  0.21
       8  7  88.7  54.8  70.8  57.7  53.2  0.01  23.9 105.4   4.4 537.5  0.27  0.21
       8  8  90.4  51.9  71.3  52.2  49.2  0.01  21.9 100.8   4.2 536.5  0.28  0.22
       8  9  84.7  52.6  68.1  52.5  48.5        17.2  97.8   4.1 631.3  0.27  0.22
       8 10  93.6  54.2  72.9  35.3  41.7        14.5  97.7   4.1 631.4  0.33  0.25
       8 11  96.0  54.0  77.3  24.1  34.1        22.3 100.0   4.2 656.1  0.35  0.26
       8 12  74.8  54.8  63.5  51.1  44.5  0.01  31.1 182.6   7.6 416.3  0.27  0.19
       8 13  75.9  44.2  62.2  46.0  38.9        17.7  85.9   3.6 609.6  0.23  0.19
       8 14  94.7  45.5  73.2  30.7  34.0        28.0 119.5   5.0 643.3  0.37  0.27
       8 15  85.1  53.2  68.5  43.6  44.3        21.1 114.9   4.8 588.7  0.29  0.22
       8 16 101.0  48.7  75.5  35.5  39.3        33.0 142.7   5.9 593.3  0.44  0.31
       8 17  78.9  47.0  64.5  31.6  32.5        17.5 107.6   4.5 558.7  0.27  0.20
       8 18  96.2  48.9  67.9  37.0  37.6        31.6 122.7   5.1 366.2  0.36  0.25
       8 19  85.0  43.9  67.2  39.4  41.6        18.4  97.4   4.1 475.7  0.25  0.19
       8 20  86.3  55.9  70.3  56.2  51.9  0.06  22.2  89.4   3.7 435.6  0.23  0.18
       8 21  87.2  58.8  68.1  56.1  50.5  0.16  32.4 122.4   5.1 373.7  0.27  0.20
       8 22  82.0  50.4  64.9  60.0  49.3  0.02  28.5 106.8   4.5 427.0  0.22  0.17
       8 23  89.7  48.2  68.3  48.6  44.3  0.08  51.4 120.4   5.0 435.7  0.29  0.21
       8 24  80.5  54.5  66.2  63.9  53.0  0.01  21.8 141.9   5.9 519.8  0.24  0.19
       8 25  90.0  57.3  71.4  52.1  50.2        15.9  89.7   3.7 557.6  0.27  0.21
       8 26  92.3  51.4  72.7  37.0  41.8  0.01  23.4 105.1   4.4 564.7  0.31  0.23
       8 27  79.6  57.8  67.2  62.7  53.2  0.01  22.4 150.2   6.3 362.4  0.22  0.17
       8 28  75.9  57.0  65.5  69.3  54.8        23.2 119.4   5.0 309.3  0.16  0.13
       8 29  74.8  51.3  62.4  75.0  53.7  0.04  26.5 112.1   4.7 363.9  0.16  0.13
       8 30  88.1  47.5  68.7  50.4  43.9  0.01  19.6 110.0   4.6 542.4  0.28  0.21
       8 31  92.3  55.3  73.7  32.1  37.8        15.6  84.5   3.5 539.8  0.28  0.21
       9  1  90.8  56.4  75.1  23.2  32.8        21.5 109.6   4.6 417.0  0.30  0.21
       9  2  85.3  51.5  69.4  35.5  40.1  0.01  17.8 114.4   4.8 564.9  0.29  0.21
       9  3  86.5  48.0  69.1  42.9  43.5        21.6  92.6   3.9 430.6  0.23  0.18
       9  4  91.0  55.5  74.6  30.2  39.0        19.8 107.6   4.5 477.3  0.29  0.21
       9  5  95.6  50.1  75.1  27.1  35.2        16.2  87.6   3.6 518.7  0.29  0.21
       9  6  92.7  51.8  73.9  31.5  39.8        19.7 110.8   4.6 463.9  0.30  0.21
       9  7  90.8  55.0  74.1  39.4  46.1        18.1 106.8   4.5 444.1  0.27  0.20
       9  8  83.7  54.7  70.5  51.7  51.0        22.9 133.1   5.5 342.8  0.23  0.16
       9  9  72.3  57.9  63.8  73.8  54.9  0.02  18.9 104.7   4.4 235.9  0.13  0.10
       9 10  68.8  55.5  60.4  79.2  53.5  0.32  14.6 108.2   4.5 272.4  0.12  0.10
       9 11  71.1  50.1  59.3  80.7  52.8  0.15  23.9  85.1   3.5 363.2  0.13  0.11
       9 12  74.1  53.3  61.0  82.0  54.8  0.26  28.3  82.9   3.5 363.1  0.14  0.11
       9 13  67.7  50.6  58.5  79.9  51.8  0.04  15.6  85.1   3.5 240.7  0.10  0.08
       9 14  76.4  52.2  64.6  47.4  42.6  0.01  16.6 131.0   5.5 515.5  0.24  0.18
       9 15  85.4  43.0  64.0  48.8  39.3        14.4  67.2   2.8 528.7  0.21  0.17
       9 16  86.6  46.1  66.2  38.9  36.8        14.2  75.5   3.1 507.0  0.23  0.17
       9 17  81.6  47.4  66.4  35.4  35.7  0.04  43.7 261.6  10.9 329.3  0.37  0.24
       9 18  69.5  47.5  58.8  49.7  39.2        29.9 168.0   7.0 277.1  0.20  0.14
       9 19  70.0  39.4  54.9  54.9  36.4        13.6  95.1   4.0 504.7  0.18  0.14
       9 20  82.0  43.0  64.1  36.6  33.4        19.2 109.1   4.5 500.9  0.25  0.18
       9 21  62.7  42.0  51.6  59.5  37.1        26.4 131.5   5.5 466.5  0.17  0.13
       9 22  69.2  44.2  53.5  55.5  37.1        11.1  70.4   2.9 471.6  0.16  0.13
       9 23  71.4  40.8  55.0  44.1  31.9        16.0 114.3   4.8 480.3  0.21  0.15
       9 24  85.6  36.3  61.4  42.0  32.6        19.2  92.9   3.9 438.1  0.24  0.17
       9 25  60.0  40.4  51.1  61.1  37.8  0.06  15.2 106.0   4.4 351.4  0.12  0.10
       9 26  64.5  43.9  50.3  84.9  45.7  0.01   9.3  88.2   3.7 242.6  0.10  0.08
       9 27  74.6  35.4  54.1  67.9  41.7  0.04  45.7 100.5   4.2 292.8  0.16  0.11
       9 28  72.1  45.3  54.7  65.8  42.8  0.01  28.7  91.6   3.8 284.3  0.15  0.11
       9 29  78.8  39.0  58.5  55.2  38.7        27.6 139.3   5.8 450.8  0.24  0.17
       9 30  77.0  46.3  63.9  27.4  28.4        26.6 138.9   5.8 460.3  0.26  0.18
      10  1  62.1  42.2  51.9  60.6  38.3  0.27  19.3 160.8   6.7 308.8  0.15  0.11
      10  2  44.5  36.7  39.7  94.5  38.3  0.08  11.9 129.5   5.4  68.6  0.03  0.03
      10  3  51.2  38.2  42.8  86.5  38.9  0.03  31.0 121.9   5.1 181.4  0.07  0.05
      10  4  62.7  33.4  49.5  59.9  34.0        16.4 113.8   4.7 388.4  0.14  0.10
      10  5  69.1  38.8  55.3  47.5  33.2        34.9 182.8   7.6 408.6  0.22  0.15
      10  6  62.7  38.5  51.5  54.7  34.7        30.8 144.5   6.0 409.1  0.16  0.11
      10  7  73.6  32.8  52.5  61.0  36.4        12.3  75.5   3.1 418.1  0.15  0.11
      10  8  72.4  39.7  55.1  53.8  36.6        23.4 135.0   5.6 408.5  0.20  0.14
      10  9  69.2  42.7  53.3  68.3  41.9  0.01  10.2  62.8   2.6 397.9  0.12  0.10
      10 10  78.5  40.0  60.1  40.4  30.7        20.8  96.7   4.0 389.2  0.20  0.14
      10 11  80.8  41.5  61.8  30.1  27.0  0.01  33.0 182.4   7.6 381.1  0.31  0.20
      10 12  51.6  29.1  40.5  66.0  29.2        14.8 105.4   4.4 296.9  0.09  0.07
      10 13  69.0  27.6  46.3  53.0  27.9        10.2  72.3   3.0 402.8  0.14  0.10
      10 14  61.9  28.6  45.5  43.4  21.6        15.2  98.8   4.1 394.5  0.15  0.10
      10 15  60.7  28.4  43.0  45.8  21.3        13.3  79.5   3.3 390.1  0.13  0.09
      10 16  59.0  32.6  45.4  42.2  22.8        31.6 119.6   5.0 368.0  0.15  0.10
      10 17  66.4  25.4  45.1  47.1  23.5        12.0  73.0   3.0 379.4  0.13  0.09
      10 18  71.2  34.8  51.7  31.6  19.3        18.7 111.4   4.6 381.6  0.20  0.13
      10 19  65.2  28.4  45.9  43.2  23.0        10.1  64.0   2.7 373.2  0.12  0.09
      10 20  70.4  27.4  49.2  35.5  19.1        12.8  75.9   3.2 280.5  0.15  0.10
      10 21  61.2  32.6  45.5  47.3  26.1        11.5  78.5   3.3 352.8  0.12  0.08
      10 22  43.2  26.5  32.6  84.1  28.1        18.8 132.5   5.5 104.3  0.05  0.04
      10 23  31.1  25.1  27.7  95.6  26.7  0.04  10.8 109.8   4.6  89.9  0.02  0.02
      10 24  33.3  24.4  28.7  96.5  27.9  0.02   6.9  58.2   2.4  76.0  0.02  0.02
      10 25  56.5  28.5  38.9  79.1  31.6  0.01  12.2  80.1   3.3 256.5  0.08  0.06
      10 26  56.9  27.3  42.9  62.1  29.6        15.0  84.3   3.5 303.7  0.09  0.07
      10 27  48.7  30.9  42.2  83.6  37.6        14.7 116.7   4.9 124.7  0.04  0.03
      10 28  61.1  25.1  42.9  65.2  29.3  0.02  20.5 116.4   4.8 282.3  0.12  0.08
      10 29  35.7  17.9  26.5  97.6  26.4  0.25  25.9 222.9   9.3 140.9  0.02  0.02
      10 30  20.1  14.3  17.2  89.0  14.5  0.05  10.7  95.6   4.0 182.9  0.02  0.02
      10 31  19.6  12.7  16.9  94.6  15.7  0.25   9.9  88.1   3.7 158.4  0.01  0.01
      11  1  28.6  15.0  19.7  94.8  18.6  0.04   9.8  48.0   2.0 153.5            
      11  2  33.8  18.9  24.9  91.5  22.9  0.09   8.3  52.4   2.2 227.9            
      11  3  40.3  15.3  26.5  82.1  21.5  0.03   8.3  60.3   2.5 206.3            
      11  4  38.0  15.4  27.5  76.3  20.8        14.4  60.3   2.5 199.1            
      11  5  55.2  20.6  38.3  52.7  20.7        15.1  80.9   3.4 316.4            
      11  6  55.9  25.3  39.3  68.0  29.0        16.4  87.8   3.7 304.5            
      11  7  69.9  23.3  47.8  41.3  20.4  0.01  27.4 166.9   7.0 192.1            
      11  8  65.4  38.3  53.6  34.9  26.0  0.02  47.6 233.4   9.7 239.1            
      11  9  59.0  36.7  47.5  47.4  28.4        26.7 225.9   9.4 184.7            
      11 10  52.7  30.2  42.5  32.4  14.3        37.0 171.2   7.1 225.2            
      11 11  47.0  23.0  34.4  58.5  20.8        18.6 103.0   4.3 206.3            
      11 12  55.3  17.7  35.8  48.7  15.0        12.1  70.2   2.9 288.8            
      11 13  58.2  29.1  43.1  51.2  25.1        22.6  95.4   4.0 159.3            
      11 14  47.9  29.0  37.9  77.4  30.8  0.01  12.4  88.6   3.7 229.4            
      11 15  45.7  23.3  35.6  72.7  27.3        18.9 105.5   4.4 216.7            
      11 16  58.1  18.1  39.7  47.8  16.1  0.01  29.7 167.9   7.0 253.5            
      11 17  62.1  35.2  50.2  22.9  12.3        36.0 145.0   6.0 257.3            
      11 18  56.4  30.6  44.2  35.0  16.6        20.6 164.7   6.9 255.6            
      11 19  59.4  35.6  46.6  28.7  15.1        26.9 180.0   7.5 260.0            
      11 20  63.5  28.1  44.6  48.3  24.3        11.3  82.9   3.5 258.5            
      11 21  61.5  30.9  45.5  54.6  28.8        12.9  84.0   3.5 253.5            
      11 22  71.0  24.8  48.5  46.5  24.0        34.9 202.7   8.4 181.2            
      11 23  49.1  29.2  38.0  65.4  27.4        28.6 183.5   7.6 189.6            
      11 24  33.3  21.5  24.5  92.0  22.4  0.24  25.9 123.6   5.2 189.0            
      11 25  35.9  10.2  21.0  94.4  20.0  0.06  11.0  81.8   3.4 242.3            
      11 26  27.9   1.2  15.5  83.1  11.4         8.4  64.3   2.7 237.7            
      11 27  46.0   9.0  26.3  70.5  17.3         9.1  67.2   2.8 201.8            
      11 28  55.1  17.4  35.0  69.3  25.8         9.7  61.3   2.6 238.7            
      11 29  56.6  28.1  40.8  62.0  28.4        14.9  92.0   3.8 232.5            
      11 30  48.8  24.9  35.4  59.8  21.8        12.1  85.5   3.6 239.2            
      12  1  60.5  24.3  41.0  58.3  25.9        19.4 115.1   4.8 215.8            
      12  2  60.6  28.4  44.2  50.7  25.5        14.0 108.1   4.5 232.7            
      12  3  33.7  26.0  29.5  92.5  27.6         8.5  67.8   2.8  50.6            
      12  4  32.3  23.6  29.8  96.3  28.9         9.3  59.4   2.5  28.3            
      12  5  47.9  24.1  34.5  74.7  26.3        13.2  99.2   4.1 215.6            
      12  6  51.6  17.9  32.2  61.0  18.5        11.3  67.6   2.8 230.1            
      12  7  47.1  21.1  32.0  59.3  18.4         9.1  55.8   2.3 182.9            
      12  8  44.0  21.5  31.7  61.6  19.6         9.9  75.2   3.1 178.1            
      12  9  55.0  16.7  33.7  56.8  17.9         7.4  62.1   2.6 224.3            
      12 10  59.4  17.2  35.4  41.6  11.1        16.9  70.7   2.9 224.8            
      12 11  50.6  21.8  34.5  43.1  13.0  0.01  20.3 118.7   4.9 191.7            
      12 12  42.0  17.6  30.6  51.2  13.4        13.2  85.2   3.5 211.5            
      12 13  59.5  20.6  37.6  43.6  15.3  0.01  27.3 124.6   5.2 220.3            
      12 14  55.3  24.1  37.5  49.4  19.8        17.5  80.6   3.4 160.2            
      12 15  62.9  26.0  44.9  36.9  17.4        34.0 186.1   7.8 111.8            
      12 16  50.8  23.7  38.4  39.8  15.3        13.3 104.4   4.3 224.1            
      12 17  51.0  26.6  38.6  55.2  22.7        19.0 122.2   5.1 128.8            
      12 18  43.8  20.0  31.3  72.8  23.0        19.2 114.1   4.8 173.6            
      12 19  37.6  12.5  27.6  48.7   9.6        30.3 169.3   7.1 216.7            
      12 20  39.7  10.9  24.7  51.6   8.7        14.2  87.4   3.6 195.1            
      12 21  42.7  18.1  30.0  48.1  11.8        14.2 101.5   4.2 205.6            
      12 22  40.5  13.6  26.9  61.2  14.4        12.9  85.0   3.5 221.4            
      12 23  31.4  11.2  21.6  76.6  15.2        15.1  64.4   2.7 110.8            
      12 24  30.0   9.3  18.3  83.2  14.0         9.0  59.5   2.5 152.2            
      12 25  36.4   8.1  19.6  68.9  10.1        10.0  65.8   2.7 189.1            
      12 26  41.6   4.5  24.9  48.0   5.2        29.5 175.9   7.3 222.0            
      12 27  55.9  32.4  45.7  26.5  13.1        36.6 301.6  12.6 180.6            
      12 28  64.5  30.3  44.8  35.2  17.5        31.0 143.8   6.0 137.8            
      12 29  61.5  26.7  45.1  29.6  12.0        37.9 287.1  12.0 200.1            
      12 30  48.8  19.7  35.7  33.7   8.2        20.9 125.1   5.2 220.5            
      12 31  56.5  16.6  32.1  43.1  11.4        31.7 107.7   4.5 176.6            

      Total                                8.18                         55.32 41.85
        Max 101.3  65.4  82.4  99.1  59.5        51.4 423.2  17.6 757.7
        Min  19.6  -8.1   5.2  18.0  -0.6         6.9  48.0   2.0  28.3
        Ave  65.2  34.5  49.9  54.7  30.8        21.9 124.8   5.2 398.9
