                                                                    07-JUN-00
      Cellular-linked Weather Station near LONGMONT (South), Color       1998
      -----------------------------------------------------------------------------
               Temperature      Rel   Dew             Wind        Solar StandrdASCE
            ----------------- Humid Point  Prec -----------------   Rad   ETr   ETo
       Date   Max   Min   Ave   Ave   Ave Total   Max Total   Ave Total Alflf Grass
      MoDay     F     F     F     %     F  inch   mph miles   mph Langl  inch  inch
      ----- ----- ----- ----- ----- ----- ----- ----- ----- ----- ----- ----- -----
       1  1  67.4  32.5  49.9  34.4  21.0        26.7 117.8   4.9 237.6            
       1  2  65.7  32.1  53.3  32.0  22.3        38.8 227.5   9.5 222.7            
       1  3  51.1  22.9  30.9  81.6  25.0        14.0  93.2   3.9  55.8            
       1  4  45.3  22.1  29.3  89.5  26.4         7.5  58.2   2.4 196.9            
       1  5  47.1  19.9  33.4  78.0  26.9        22.7 115.4   4.8 221.4            
       1  6  36.3  10.5  25.3  89.5  22.8  0.07  21.7 102.9   4.3 249.6            
       1  7  42.6   6.8  20.5  74.9  13.2         9.6  60.1   2.5 256.3            
       1  8  48.2  11.4  29.2  60.5  16.0  0.02  33.0 139.8   5.8 251.4            
       1  9  29.5   4.6  15.1  90.0  12.6        15.3 102.6   4.3 114.3            
       1 10  19.9   3.2  13.0  90.4  11.1         8.5  56.4   2.4 102.1            
       1 11  49.9  13.4  29.3  71.5  19.9        28.3 116.7   4.9 186.5            
       1 12  21.7  13.1  17.9  97.3  17.3        19.1 104.0   4.3  69.5            
       1 13  37.4  18.0  25.2  90.7  22.6        22.6  89.8   3.7 112.5            
       1 14  46.1  22.5  34.2  44.4  13.7        21.2 133.8   5.6 265.6            
       1 15  49.6  19.6  34.6  55.5  20.6        26.2 113.6   4.7 157.9            
       1 16  45.7  22.5  36.1  45.4  16.1        24.0 133.5   5.6 238.9            
       1 17  51.8  34.2  42.4  47.2  23.6  0.01  41.7 193.7   8.1 135.0            
       1 18  50.4  25.4  37.0  49.4  18.7        17.9 114.0   4.8 269.1            
       1 19  48.7  19.6  32.4  67.9  22.2        22.8  83.4   3.5 254.3            
       1 20  47.1  22.7  35.4  42.6  12.9        27.9 255.9  10.7 260.4            
       1 21  36.0  13.9  24.8  70.5  16.3        18.6  75.7   3.2 213.3            
       1 22  35.3  14.1  26.1  50.7  10.2        19.4  91.7   3.8 119.4            
       1 23  44.2  18.3  30.0  52.8  13.6        16.1 122.9   5.1 281.9            
       1 24  53.6  17.8  36.1  52.6  18.6        32.7 177.4   7.4  96.3            
       1 25  52.2  26.0  39.9  38.7  16.0        25.3 150.5   6.3 227.8            
       1 26  56.8  19.3  36.6  44.0  15.1        21.1  98.3   4.1 260.9            
       1 27  56.9  22.5  40.7  41.7  16.7        29.4 123.8   5.2 279.6            
       1 28  56.5  21.4  41.4  43.3  18.5        28.4 182.3   7.6 239.3            
       1 29  59.2  18.3  35.4  58.4  18.8        13.7  77.4   3.2 302.0            
       1 30  56.6  21.8  39.2  44.5  16.5        14.5  99.6   4.2 278.0            
       1 31  39.9  26.9  33.9  80.2  28.5        13.1 105.2   4.4 130.1            
       2  1  47.0  16.4  32.2  66.2  20.5         9.7  76.7   3.2 273.8            
       2  2  50.0  16.6  31.7  60.2  18.3        12.3  81.2   3.4 204.7            
       2  3  44.6  18.6  31.3  74.3  23.8        13.1  58.6   2.4 279.8            
       2  4  32.3  18.6  27.0  93.9  25.7        12.3  77.9   3.2 116.5            
       2  5  38.1  30.0  33.1  92.6  31.1         8.3  50.1   2.1  94.5            
       2  6  50.8  24.2  36.3  79.0  29.9        11.6  63.9   2.7 287.8            
       2  7  43.9  19.9  32.7  79.4  26.6         8.3  61.3   2.6 153.2            
       2  8  53.0  22.6  37.4  59.8  22.9        13.4  78.0   3.3 236.4            
       2  9  46.1  27.7  38.0  68.6  28.4        12.2  83.3   3.5 162.0            
       2 10  47.9  22.6  34.3  55.2  17.9        14.4  90.2   3.8 293.6            
       2 11  48.3  16.3  32.3  44.6  10.2        15.0 101.1   4.2 317.0            
       2 12  48.2  16.1  31.7  48.7  12.6        13.8  73.6   3.1 346.3            
       2 13  56.0  16.3  35.8  49.3  16.6        15.8  87.1   3.6 327.5            
       2 14  53.7  24.0  38.8  51.8  21.2        16.9 101.7   4.2 332.2            
       2 15  43.1  22.2  33.1  79.9  27.5        13.4  83.2   3.5 213.0            
       2 16  35.9  32.2  33.3 100.7  33.2  0.12  11.3 108.1   4.5 133.8            
       2 17  45.8  28.0  37.0  81.2  31.2  0.01  12.4  72.1   3.0 284.7            
       2 18  47.9  25.9  36.6  71.4  27.6  0.02  20.0  83.0   3.5 303.1            
       2 19  47.3  20.6  33.5  61.8  20.0        15.6  84.2   3.5 378.8            
       2 20  46.1  17.1  31.5  57.0  16.5        12.7  62.1   2.6 316.6            
       2 21  56.0  18.1  36.4  51.6  18.0  0.01  26.9 109.5   4.6 345.2            
       2 22  59.4  27.1  43.4  47.7  22.1        29.5 159.7   6.7 378.9            
       2 23  56.5  24.3  41.0  66.7  29.0        22.1 113.0   4.7 373.5            
       2 24  64.4  24.4  44.0  55.0  26.8  0.03  29.5 139.9   5.8 362.7            
       2 25  46.8  29.3  40.7  29.7  11.7  0.03  40.4 379.3  15.8 117.2            
       2 26  40.7  20.6  30.9  28.3   0.9        35.4 221.0   9.2 392.4            
       2 27  37.3  13.2  26.3  32.3  -1.1        24.7 164.7   6.9 336.9            
       2 28  40.9  11.5  26.3  30.2  -2.4        28.4 199.3   8.3 424.2            
       3  1  44.3  12.6  28.7  34.6   1.8        31.5 146.5   6.1 431.1  0.09  0.09
       3  2  45.3  10.4  29.1  52.3  12.2        17.4  84.8   3.5 416.9  0.07  0.07
       3  3  58.3  16.5  37.1  47.8  16.8        22.9 110.7   4.6 418.1  0.09  0.09
       3  4  41.8  26.4  32.4  73.6  24.5        17.6 145.8   6.1 316.8  0.06  0.06
       3  5  44.7  13.9  30.9  70.7  21.2        15.3 105.1   4.4 379.8  0.07  0.06
       3  6  38.9  16.3  27.8  79.1  22.2  0.01  21.7 173.8   7.2 348.0  0.07  0.05
       3  7  24.8   8.9  17.8  87.9  15.1        22.9 232.5   9.7 351.2  0.05  0.03
       3  8  30.3  -0.6  18.0  74.3  11.2  0.07  13.2 101.9   4.2 451.8  0.06  0.05
       3  9  30.6  11.8  20.2  81.4  15.3  0.01  13.2  71.1   3.0 412.8  0.05  0.04
       3 10  49.3  12.1  29.6  68.0  18.4  0.03  30.0 154.9   6.5 359.1  0.07  0.07
       3 11  29.2   8.1  17.9  79.7  13.0        13.9 111.4   4.6 353.5  0.05  0.04
       3 12  56.1  16.3  36.1  61.2  21.5        15.7  76.2   3.2 489.2  0.08  0.08
       3 13  63.3  21.9  43.3  49.2  22.9        14.1  81.0   3.4 492.4  0.09  0.09
       3 14  59.1  23.0  39.3  67.3  27.8        10.3  76.6   3.2 423.9  0.09  0.08
       3 15  60.8  27.1  45.0  54.0  27.2        19.8  99.0   4.1 481.7  0.11  0.11
       3 16  50.2  31.3  40.0  81.9  34.8        12.9  91.4   3.8 273.8  0.07  0.06
       3 17  57.2  30.0  42.5  82.4  36.7  0.03  22.8 126.1   5.3 325.6  0.08  0.08
       3 18  37.6  26.5  32.2 100.3  32.2  0.64  23.5 186.4   7.8 134.2  0.04  0.02
       3 19  38.4  10.8  26.5  92.4  24.9  0.30  11.5  76.1   3.2 468.2  0.08  0.06
       3 20  44.4  18.7  29.6  86.2  25.8         8.0  64.6   2.7 529.4  0.09  0.08
       3 21  53.2  23.3  38.7  64.7  26.3        13.4  87.2   3.6 526.7  0.10  0.09
       3 22  66.7  41.5  56.2  41.5  33.0  0.03  29.2 191.3   8.0 450.0  0.12  0.13
       3 23  71.1  44.4  57.2  48.6  37.2        27.5 126.2   5.3 338.8  0.11  0.11
       3 24  77.8  40.0  58.3  47.0  34.3        22.4 144.5   6.0 535.9  0.19  0.19
       3 25  77.9  38.3  59.4  37.6  28.9        24.7 158.5   6.6 540.3  0.21  0.21
       3 26  74.2  44.8  56.3  43.8  33.5  0.01  31.4 196.3   8.2 418.3  0.21  0.21
       3 27  67.7  44.5  54.0  56.4  36.7        31.4 145.6   6.1 525.0  0.18  0.17
       3 28  63.8  35.8  49.7  65.8  36.8  0.01  22.6 124.2   5.2 461.5  0.15  0.13
       3 29  52.6  30.6  40.6  86.3  36.5  0.07  25.6 206.3   8.6 287.1  0.11  0.08
       3 30  38.3  26.7  30.3  91.1  27.8  0.12  23.2 144.9   6.0 297.3  0.08  0.06
       3 31  50.8  18.5  34.5  76.9  26.8  0.15  20.5 120.6   5.0 579.8  0.13  0.10
       4  1  63.7  26.1  45.8  48.5  24.2  0.01  21.1 132.7   5.5 557.8  0.15  0.14
       4  2  44.6  32.5  35.8  88.2  32.2  0.51  23.4 248.1  10.3  79.2  0.05  0.04
       4  3  51.2  30.0  41.1  80.1  34.9  0.03  11.5  81.5   3.4 567.2  0.11  0.10
       4  4  63.0  32.0  45.8  70.2  36.1  0.01  16.7  98.2   4.1 498.9  0.13  0.11
       4  5  64.4  34.6  49.4  45.7  27.2  0.02  30.9 163.4   6.8 607.6  0.18  0.17
       4  6  51.3  34.0  43.1  71.1  33.7        24.3  97.8   4.1 207.1  0.07  0.06
       4  7  51.3  29.0  38.3  86.5  34.0  0.22  25.5 129.5   5.4 364.2  0.10  0.08
       4  8  53.2  31.1  40.9  79.2  34.1  0.04  32.2 107.7   4.5 456.4  0.11  0.10
       4  9  59.7  29.3  44.2  62.7  29.6        20.2 112.2   4.7 564.8  0.15  0.13
       4 10  64.2  30.3  47.9  50.4  26.8        16.0 104.0   4.3 587.5  0.16  0.14
       4 11  81.3  29.4  56.4  40.2  26.6        33.0 164.7   6.9 613.0  0.24  0.23
       4 12  68.2  46.2  56.6  30.5  24.9  0.02  47.1 250.6  10.4 528.4  0.24  0.22
       4 13  58.0  35.5  46.6  59.9  32.1  0.07  28.4 158.6   6.6 400.8  0.15  0.13
       4 14  45.8  34.1  38.8  93.9  37.0  0.57  14.2  86.2   3.6 180.8  0.07  0.06
       4 15  43.2  33.9  36.7  93.4  34.9  0.25  20.0 126.3   5.3 194.9  0.07  0.05
       4 16  39.3  30.5  34.1  84.1  29.7  0.02  12.1 112.1   4.7 202.3  0.06  0.05
       4 17  51.3  26.6  38.3  77.3  31.4  0.02  20.8 101.9   4.2 547.0  0.12  0.10
       4 18  47.2  31.0  37.8  80.5  31.5  0.31  16.4 121.2   5.0 626.9  0.13  0.10
       4 19  58.7  30.1  44.5  59.1  29.3  0.02  25.4 123.5   5.1 509.5  0.14  0.12
       4 20  51.5  33.8  41.7  84.8  37.2  0.07  18.0 135.1   5.6 407.1  0.10  0.08
       4 21  60.6  32.6  46.6  64.8  33.2        11.1  69.2   2.9 603.1  0.15  0.12
       4 22  69.3  31.2  51.1  53.0  31.2        12.1  73.0   3.0 659.8  0.18  0.16
       4 23  78.4  33.8  58.1  44.3  32.5  0.01  15.5  87.6   3.6 630.8  0.20  0.17
       4 24  78.7  41.8  61.1  38.3  31.1  0.03  32.7 187.3   7.8 578.9  0.25  0.23
       4 25  65.7  43.9  54.5  54.5  36.8        21.9 170.7   7.1 564.2  0.21  0.18
       4 26  56.5  37.7  46.0  69.7  35.8  0.22  23.8 169.2   7.0 435.3  0.17  0.13
       4 27  60.1  32.2  46.9  63.4  33.4  0.01  21.3 140.6   5.9 634.2  0.20  0.16
       4 28  61.8  37.3  49.0  58.9  33.0        21.2  99.4   4.1 667.2  0.19  0.16
       4 29  68.9  28.8  51.4  45.4  28.1        15.1  73.9   3.1 681.2  0.20  0.17
       4 30  73.5  36.7  57.1  43.1  31.7  0.02  45.6 182.2   7.6 494.6  0.21  0.19
       5  1  69.8  40.3  55.0  51.0  36.3        30.9 114.2   4.8 482.6  0.18  0.15
       5  2  67.6  37.8  53.4  60.6  38.7        17.2  78.9   3.3 621.1  0.19  0.16
       5  3  79.2  37.9  57.9  51.5  38.0        25.1 127.4   5.3 634.3  0.25  0.21
       5  4  76.7  39.5  59.7  51.4  38.5  0.01  28.9 189.6   7.9 597.4  0.25  0.22
       5  5  68.6  44.4  55.2  72.6  45.4  0.15  24.3 130.9   5.5 568.5  0.20  0.16
       5  6  64.6  40.0  50.8  78.7  44.0  0.13  27.5 163.3   6.8 331.7  0.15  0.12
       5  7  68.2  46.0  53.3  71.2  43.5  0.04  23.2 163.7   6.8 601.1  0.22  0.18
       5  8  58.5  41.5  48.4  86.5  44.3  0.16  30.5 168.2   7.0 338.6  0.12  0.09
       5  9  63.6  33.9  49.5  79.8  42.8  0.01  16.3  98.8   4.1 561.7  0.16  0.13
       5 10  76.8  39.7  58.6  66.0  45.1  0.01  18.7 116.8   4.9 647.9  0.22  0.18
       5 11  70.8  46.8  57.8  67.5  45.6  0.03  26.4 136.9   5.7 571.0  0.20  0.16
       5 12  69.3  38.6  54.7  71.0  44.1  0.01  19.6  99.3   4.1 585.2  0.19  0.15
       5 13  86.7  41.0  63.7  47.2  37.5  0.06  32.8 139.1   5.8 690.0  0.31  0.26
       5 14  72.2  42.8  57.2  56.2  40.9  0.01  32.2 171.4   7.1 497.0  0.22  0.18
       5 15  71.6  43.8  58.5  38.3  30.3        34.3 259.7  10.8 737.0  0.34  0.27
       5 16  78.3  38.0  60.1  43.2  35.4        16.4 127.4   5.3 700.0  0.28  0.23
       5 17  85.4  42.1  66.3  30.7  29.2        25.6 143.2   6.0 722.0  0.32  0.26
       5 18  83.6  45.8  68.6  31.0  34.5  0.01  27.5 110.0   4.6 480.1  0.24  0.19
       5 19  84.5  42.0  65.9  40.7  38.3        30.1  98.4   4.1 631.0  0.27  0.22
       5 20  80.7  46.2  64.6  58.9  48.6        26.5 110.8   4.6 478.9  0.23  0.18
       5 21  82.2  50.7  66.5  57.0  48.7        27.7 138.4   5.8 570.8  0.26  0.21
       5 22  64.6  48.4  55.9  85.7  51.5  0.10  19.7 130.3   5.4 334.1  0.14  0.11
       5 23  72.8  42.6  57.2  61.0  41.2  0.01  22.6 130.9   5.5 616.4  0.25  0.20
       5 24  71.7  42.8  56.2  65.5  44.1        20.1 104.1   4.3 510.3  0.20  0.16
       5 25  73.2  40.2  58.6  64.4  44.8        18.9 107.7   4.5 623.9  0.22  0.17
       5 26  78.5  44.3  61.8  65.4  49.1  0.01  23.5 109.7   4.6 565.3  0.22  0.17
       5 27  86.5  46.7  68.2  46.1  41.8        17.7 124.5   5.2 744.0  0.31  0.25
       5 28  85.8  48.9  69.3  38.0  41.3        15.1 105.5   4.4 718.0  0.30  0.23
       5 29  86.0  50.6  68.2  50.1  47.8        18.5 107.9   4.5 561.4  0.27  0.21
       5 30  88.3  50.2  71.3  29.2  33.1        21.8 133.0   5.5 636.2  0.33  0.26
       5 31  78.0  48.5  64.6  49.5  45.1        15.8 115.4   4.8 661.3  0.28  0.22
       6  1  88.9  46.5  71.7  33.6  34.9  0.02  39.5 244.5  10.2 739.0  0.42  0.34
       6  2  83.9  49.0  69.5  34.6  39.0        23.0 163.2   6.8 720.0  0.35  0.27
       6  3  58.4  42.2  47.4  80.5  41.6        18.4 129.1   5.4 181.4  0.14  0.10
       6  4  48.9  39.0  44.1  97.8  43.5  0.14  20.4 158.4   6.6 178.7  0.08  0.06
       6  5  49.9  38.0  42.0  89.9  39.1  0.13  12.5  99.0   4.1 284.3  0.10  0.08
       6  6  71.3  32.6  53.0  69.3  41.2        17.5  87.6   3.6 685.1  0.21  0.16
       6  7  73.5  43.7  59.7  67.6  48.0  0.01  20.6 129.0   5.4 569.4  0.19  0.14
       6  8  68.5  47.7  55.4  81.6  49.2  0.25  25.3 130.0   5.4 501.2  0.18  0.13
       6  9  69.7  46.7  56.3  82.3  50.4  0.01  18.2 101.5   4.2 491.1  0.18  0.13
       6 10  70.7  45.0  58.0  78.1  50.5  0.05  19.1 106.0   4.4 445.5  0.17  0.13
       6 11  77.1  44.3  63.5  51.9  42.7  0.03  28.9 208.3   8.7 687.5  0.30  0.23
       6 12  80.9  48.0  66.2  50.6  44.7        14.6  87.1   3.6 700.0  0.27  0.20
       6 13  73.3  50.3  63.7  48.6  42.9  0.03  49.0 211.8   8.8 512.9  0.27  0.20
       6 14  75.8  48.9  60.4  59.3  44.8  0.03  24.8 173.3   7.2 388.2  0.25  0.18
       6 15  71.1  43.4  59.0  61.9  43.8  0.02  14.8  79.9   3.3 651.3  0.24  0.18
       6 16  72.3  45.0  60.1  63.1  46.8  0.01  23.1 131.8   5.5 525.7  0.22  0.16
       6 17  65.3  47.1  56.4  63.9  43.7  0.02  28.6 150.6   6.3 417.2  0.19  0.14
       6 18  75.2  49.8  63.6  36.2  35.7        39.7 319.3  13.3 755.0  0.41  0.29
       6 19  90.7  45.0  70.7  35.1  38.2        18.8 102.9   4.3 763.0  0.34  0.25
       6 20  83.8  53.4  67.8  45.3  44.3        20.6 148.6   6.2 665.1  0.33  0.24
       6 21  75.7  48.0  62.6  64.4  49.7        33.2 107.8   4.5 405.5  0.20  0.15
       6 22  85.1  48.8  67.7  58.6  51.2  0.01  33.5 105.6   4.4 573.8  0.27  0.20
       6 23  86.4  56.8  71.9  50.4  48.3        16.3 100.6   4.2 757.0  0.32  0.24
       6 24  88.8  51.6  71.8  29.0  31.9        32.2 210.2   8.8 758.0  0.44  0.33
       6 25  93.7  47.4  72.4  31.3  37.9        13.1  86.5   3.6 755.0  0.36  0.26
       6 26  94.2  49.9  76.5  26.3  35.8  0.01  29.5 188.9   7.9 765.1  0.44  0.34
       6 27  90.0  50.7  73.7  38.1  45.0        18.3 106.7   4.4 744.0  0.35  0.26
       6 28  91.3  50.6  73.3  43.1  48.7        12.1  83.9   3.5 749.0  0.34  0.25
       6 29  90.5  58.0  75.5  44.4  50.3        14.4  89.7   3.7 745.0  0.34  0.25
       6 30  85.6  58.9  71.1  60.8  56.4        11.3  83.1   3.5 569.7  0.27  0.20
       7  1  85.0  58.9  71.5  68.4  59.9        17.6 152.4   6.3 708.0  0.31  0.24
       7  2  88.9  59.1  73.5  65.1  59.6        21.8 101.4   4.2 701.0  0.30  0.23
       7  3  82.0  59.5  70.3  62.2  56.1        19.8 113.8   4.7 499.8  0.25  0.19
       7  4  80.0  52.6  68.6  68.7  57.5        18.9  96.9   4.0 457.3  0.21  0.16
       7  5  93.1  52.4  75.2  57.4  55.2        13.9  82.4   3.4 699.4  0.31  0.23
       7  6  76.6  61.7  69.5  68.1  58.4  0.01  18.6  98.1   4.1 211.7  0.14  0.10
       7  7  86.6  53.7  70.4  64.1  56.3        25.3  93.3   3.9 506.3  0.25  0.19
       7  8  80.7  58.5  69.5  75.8  61.1        14.0  96.7   4.0 461.2  0.20  0.16
       7  9  81.2  59.1  68.9  79.3  61.8        22.2 101.6   4.2 493.0  0.21  0.16
       7 10  83.5  56.4  70.2  73.4  60.3        19.8  85.8   3.6 600.4  0.24  0.19
       7 11  91.2  55.3  74.5  53.1  53.6  0.01  30.0 103.9   4.3 643.9  0.30  0.23
       7 12  97.5  58.1  79.2  38.3  49.1        17.4 100.0   4.2 696.7  0.34  0.25
       7 13  96.3  56.6  79.7  36.5  47.3        19.2 102.6   4.3 731.0  0.35  0.27
       7 14  94.5  57.7  77.7  38.3  48.6        27.8 110.0   4.6 589.8  0.33  0.25
       7 15  89.8  55.4  73.2  50.1  52.6        23.8 129.4   5.4 596.5  0.33  0.25
       7 16  87.4  52.9  71.6  60.4  55.4        14.4  98.1   4.1 723.0  0.32  0.25
       7 17  93.9  55.9  77.7  41.9  49.6        15.6  93.2   3.9 733.0  0.33  0.26
       7 18 100.8  56.8  81.2  37.0  48.5        13.4  87.3   3.6 734.0  0.35  0.26
       7 19  99.5  62.6  82.7  32.9  47.9        17.3 116.9   4.9 663.1  0.36  0.27
       7 20  99.4  63.5  82.9  31.3  45.8        10.9  87.8   3.7 728.0  0.36  0.27
       7 21  88.7  61.5  73.8  52.1  55.0        29.4 129.5   5.4 432.4  0.29  0.22
       7 22  77.9  59.8  67.1  84.7  62.1  0.16  20.0 119.0   5.0 361.1  0.19  0.15
       7 23  76.2  60.6  66.8  89.5  63.4  0.08  14.8  86.5   3.6 307.8  0.14  0.12
       7 24  78.2  61.8  68.4  87.8  64.3  0.09  18.2  94.3   3.9 423.9  0.17  0.13
       7 25  83.6  61.6  67.9  88.6  63.6  0.30  24.8  89.5   3.7 413.7  0.19  0.15
       7 26  80.9  60.4  71.2  77.5  62.9  0.01  16.4  75.1   3.1 622.2  0.22  0.18
       7 27  84.6  58.2  72.8  65.0  58.9        13.6  80.9   3.4 663.6  0.25  0.20
       7 28  83.7  62.1  71.5  66.3  58.9        20.1 124.5   5.2 485.5  0.24  0.19
       7 29  83.8  62.4  70.1  76.8  61.7  0.01  25.7 102.9   4.3 507.2  0.23  0.18
       7 30  70.1  59.2  63.9  94.3  62.1  0.10  18.8 119.7   5.0 172.3  0.09  0.07
       7 31  75.3  59.9  65.3  87.4  61.1  0.05  28.1 104.2   4.3 373.7  0.16  0.13
       8  1  78.6  58.8  65.9  79.8  59.3  0.08  38.7 139.9   5.8 339.8  0.18  0.13
       8  2  83.0  51.3  69.5  55.6  51.6        14.0  99.7   4.2 572.1  0.23  0.18
       8  3  75.2  54.7  64.1  82.2  58.0  0.13  22.0  84.7   3.5 364.3  0.15  0.12
       8  4  71.7  58.1  62.3  90.8  59.3  0.05  22.0  97.8   4.1 274.2  0.12  0.10
       8  5  77.6  55.7  66.5  77.2  58.1  0.07  12.9  67.3   2.8 658.6  0.22  0.18
       8  6  82.6  52.0  69.1  69.6  57.1        13.7  68.6   2.9 687.7  0.23  0.19
       8  7  87.8  53.1  71.0  65.8  57.2        11.5  70.0   2.9 676.2  0.25  0.20
       8  8  92.0  53.7  74.4  54.4  54.5  0.01  24.0 112.5   4.7 619.6  0.28  0.22
       8  9  81.9  58.2  69.5  71.9  59.7        20.5  96.3   4.0 371.9  0.18  0.14
       8 10  82.2  54.4  66.7  76.3  58.5  0.02  30.3 113.7   4.7 405.2  0.20  0.16
       8 11  83.7  58.3  69.2  65.7  56.1        24.1  99.0   4.1 454.6  0.22  0.17
       8 12  86.8  52.3  70.8  55.3  51.1        21.0 111.3   4.6 629.9  0.27  0.22
       8 13  88.2  51.9  71.8  51.1  50.1        13.9  75.1   3.1 651.4  0.26  0.21
       8 14  86.7  51.8  69.2  58.4  52.9        14.9  89.5   3.7 389.8  0.21  0.16
       8 15  87.2  55.0  68.9  66.7  56.4  0.03  21.5 112.3   4.7 488.1  0.24  0.19
       8 16  88.6  54.8  70.6  57.9  53.6  0.02  19.1 114.3   4.8 481.6  0.25  0.20
       8 17  91.6  53.9  74.1  54.7  54.6  0.02  28.8 126.2   5.3 619.5  0.29  0.23
       8 18  88.7  58.2  72.7  56.6  55.4        30.0 117.9   4.9 494.2  0.25  0.20
       8 19  87.3  55.5  71.0  63.0  56.1        16.0  85.7   3.6 500.8  0.22  0.18
       8 20  85.6  59.1  70.9  66.3  58.6        16.3  94.6   3.9 547.1  0.23  0.19
       8 21  84.9  56.8  70.1  69.4  58.7        15.1  85.5   3.6 488.6  0.21  0.17
       8 22  91.8  52.5  72.8  60.0  55.3  0.03  38.4  82.8   3.5 574.6  0.25  0.20
       8 23  92.6  55.6  76.3  48.4  52.6        16.7 101.7   4.2 630.1  0.27  0.23
       8 24  91.0  59.8  73.4  55.5  54.4        25.1 125.1   5.2 531.0  0.28  0.23
       8 25  80.7  54.6  67.4  71.9  57.2        11.9  78.8   3.3 256.0  0.14  0.12
       8 26  88.7  55.0  72.4  62.6  57.0        13.4  78.0   3.3 604.1  0.24  0.20
       8 27  86.2  57.5  72.6  50.6  52.1        18.2 112.3   4.7 512.1  0.24  0.20
       8 28  85.7  48.4  69.0  44.5  43.3        12.7  71.2   3.0 637.7  0.25  0.21
       8 29  90.5  47.9  70.9  45.1  46.0        14.1  76.7   3.2 616.1  0.26  0.21
       8 30  94.1  57.2  75.3  42.3  47.9  0.01  22.5  85.4   3.6 607.5  0.26  0.22
       8 31  81.3  56.4  68.1  62.4  54.4  0.50  26.5 115.4   4.8 379.8  0.19  0.16
       9  1  78.8  56.2  66.7  69.3  55.0  0.01  13.5 105.4   4.4 508.7  0.21  0.18
       9  2  85.7  50.3  69.3  57.5  51.3  0.01  12.3  74.6   3.1 608.4  0.23  0.20
       9  3  92.7  58.2  75.4  38.8  46.5        10.7  69.3   2.9 609.6  0.24  0.20
       9  4  95.2  52.3  73.8  47.4  48.8        15.3  75.8   3.2 584.7  0.25  0.21
       9  5  93.0  52.8  73.7  47.2  50.4        13.2  62.9   2.6 600.8  0.24  0.20
       9  6  92.1  52.6  74.1  45.3  48.5        13.6  86.4   3.6 593.5  0.26  0.22
       9  7  83.0  56.2  69.2  73.2  59.6        13.4  75.8   3.2 563.6  0.21  0.18
       9  8  87.7  54.7  70.3  70.5  58.7  0.03  29.7  78.2   3.3 555.5  0.22  0.19
       9  9  90.8  55.2  71.8  56.8  53.3        15.4  88.5   3.7 480.8  0.22  0.19
       9 10  91.0  52.8  72.7  48.5  49.6        18.9 102.8   4.3 527.3  0.24  0.20
       9 11  89.0  55.5  72.7  48.9  50.9        16.5 101.5   4.2 544.6  0.24  0.20
       9 12  80.6  56.2  65.4  72.3  55.9  0.08  28.2 105.7   4.4 276.8  0.16  0.14
       9 13  76.8  48.8  61.3  78.4  53.7  0.01  20.2  85.9   3.6 333.1  0.15  0.13
       9 14  76.3  47.1  62.3  72.7  51.8        13.1  74.3   3.1 486.8  0.17  0.15
       9 15  79.8  48.6  64.6  67.4  51.7        18.6  64.5   2.7 543.2  0.18  0.15
       9 16  83.3  47.1  65.2  60.9  49.7        10.9  62.1   2.6 520.1  0.18  0.15
       9 17  86.5  49.4  68.5  48.7  45.9        10.1  70.2   2.9 536.7  0.19  0.17
       9 18  89.5  50.1  70.3  45.1  44.8        14.4  64.1   2.7 492.0  0.18  0.16
       9 19  83.1  54.7  69.9  37.7  41.6  0.02  28.7 154.7   6.4 500.7  0.25  0.21
       9 20  77.9  45.7  61.5  68.0  50.0  0.02  21.9 147.7   6.2 434.3  0.20  0.17
       9 21  55.2  46.0  48.6  98.4  48.1  0.02  18.3 140.0   5.8  68.2  0.07  0.05
       9 22  65.3  45.6  52.9  88.0  49.0  0.01   9.7  61.2   2.5 344.8  0.11  0.10
       9 23  71.1  46.2  58.9  80.8  52.2        13.8  68.4   2.9 310.8  0.09  0.08
       9 24  81.4  44.7  63.0  68.0  50.0  0.01  12.0  71.2   3.0 504.1  0.15  0.13
       9 25  85.0  44.3  65.8  50.8  45.0  0.01  23.8 118.6   4.9 506.5  0.20  0.18
       9 26  80.2  50.3  66.8  34.0  36.5  0.01  22.7 149.8   6.2 513.8  0.23  0.20
       9 27  77.8  44.8  60.6  54.5  43.0         9.9  80.7   3.4 512.3  0.19  0.16
       9 28  86.5  39.9  64.7  46.8  40.9        11.2  78.4   3.3 476.9  0.18  0.16
       9 29  77.3  52.0  64.0  54.8  46.9        18.8  81.6   3.4 188.3  0.11  0.10
       9 30  67.0  48.4  57.8  67.5  46.6        21.9 128.0   5.3 400.8  0.15  0.12
      10  1  55.4  44.2  50.5  88.1  47.0  0.04  13.9 100.7   4.2 114.7  0.06  0.05
      10  2  64.5  44.1  49.5  95.7  48.2  0.06  14.2  88.1   3.7 214.7  0.09  0.07
      10  3  52.1  44.6  47.1  97.4  46.1  0.04  17.9 107.6   4.5 112.5  0.04  0.03
      10  4  60.1  42.0  48.2  79.2  41.2  0.21  34.9 153.9   6.4 371.3  0.12  0.10
      10  5  55.5  37.8  45.3  60.3  30.8        24.2 133.1   5.5 270.8  0.11  0.09
      10  6  64.1  30.6  49.2  49.3  29.1        13.5 111.8   4.7 472.1  0.14  0.12
      10  7  71.8  34.1  52.3  55.6  34.3        11.4  63.8   2.7 471.0  0.13  0.11
      10  8  78.1  38.8  57.8  54.6  38.4         9.7  64.6   2.7 419.9  0.12  0.10
      10  9  76.6  40.5  59.3  42.6  33.5        14.3 109.0   4.5 454.6  0.16  0.15
      10 10  71.8  36.7  56.2  45.6  34.0        17.8  87.3   3.6 408.2  0.13  0.12
      10 11  66.7  42.5  53.9  36.5  26.7        22.6 170.2   7.1 454.4  0.20  0.17
      10 12  66.5  31.3  47.1  58.0  31.6        10.8  64.2   2.7 326.6  0.11  0.10
      10 13  76.4  32.5  52.7  52.8  33.4        12.2  71.4   3.0 336.3  0.12  0.11
      10 14  74.7  40.4  58.8  51.2  39.5        17.9 113.8   4.7 392.3  0.13  0.12
      10 15  68.2  39.4  53.7  68.8  43.0        10.5  65.0   2.7 389.6  0.10  0.09
      10 16  55.0  40.6  47.6  93.5  46.1  0.05  31.6 124.6   5.2  89.4  0.04  0.03
      10 17  52.1  32.0  42.2  75.8  34.5        20.2 111.1   4.6 186.8  0.08  0.06
      10 18  63.5  25.2  43.3  64.2  29.2        12.2  73.9   3.1 432.4  0.12  0.10
      10 19  59.8  30.3  44.7  62.2  32.1        11.6  73.5   3.1 409.7  0.09  0.08
      10 20  48.6  35.7  43.4  71.3  34.5        12.3  59.5   2.5  77.4  0.03  0.03
      10 21  57.9  27.7  42.9  74.9  34.9        10.8  78.2   3.3 387.7  0.08  0.07
      10 22  67.9  31.1  49.1  67.9  37.6         9.8  66.4   2.8 357.1  0.08  0.07
      10 23  69.0  35.5  52.3  65.3  39.4  0.01  13.6  80.9   3.4 345.2  0.08  0.08
      10 24  68.9  33.3  50.1  62.0  34.3  0.01  18.5  77.8   3.2 402.6  0.11  0.10
      10 25  63.2  37.5  49.5  59.9  35.5         8.6  63.4   2.6 219.1  0.07  0.07
      10 26  64.7  44.1  53.2  67.6  42.3        11.5  72.5   3.0 247.0  0.07  0.06
      10 27  57.1  41.3  49.9  91.9  47.7  0.29  15.9  71.7   3.0  82.6  0.02  0.02
      10 28  60.8  46.0  51.8  67.3  40.5  0.31  38.4 209.8   8.7  94.2  0.09  0.08
      10 29  62.5  38.2  52.5  56.3  36.3        28.4 161.9   6.7 317.8  0.11  0.10
      10 30  45.3  36.5  41.0  98.7  40.6  0.01  12.8 146.2   6.1  67.3  0.03  0.02
      10 31  39.7  36.6  37.7  99.7  37.4  0.05  10.9 100.3   4.2  46.9  0.03  0.02
      11  1  45.6  36.3  40.2  96.1  39.1  0.02  10.3  68.8   2.9 136.4            
      11  2  40.9  34.2  37.1 100.1  37.0  0.12  12.1 100.6   4.2  67.0            
      11  3  39.1  32.3  35.6  96.5  34.5  0.04   8.9  70.3   2.9  89.6            
      11  4  44.8  32.4  37.4  88.2  34.0  0.01  10.8  76.1   3.2 179.1            
      11  5  40.8  31.1  35.4  94.1  33.7        11.3  79.6   3.3 251.4            
      11  6  52.1  35.7  41.1  82.3  35.2  0.02  16.3 116.6   4.9 321.4            
      11  7  40.1  26.3  33.8  95.9  32.5  0.32  18.6 112.6   4.7 174.0            
      11  8  37.2  24.8  32.0  97.4  31.2  0.01  11.8  67.8   2.8 126.9            
      11  9  35.0  18.0  29.7  90.6  27.5  0.07  23.5 149.2   6.2 103.3            
      11 10  42.1  20.6  32.9  44.0  12.3  0.06  34.5 284.6  11.9 381.5            
      11 11  48.5  17.1  32.6  60.1  19.0         7.9  61.0   2.5 324.3            
      11 12  54.2  22.9  36.1  69.3  25.8        16.4  82.0   3.4 329.6            
      11 13  68.3  24.2  45.8  57.2  28.4        23.8 131.5   5.5 305.5            
      11 14  68.9  33.9  51.1  50.7  31.7        25.7 128.2   5.3 268.8            
      11 15  73.5  32.4  53.8  46.8  28.5        34.6 195.4   8.1 257.2            
      11 16  60.4  31.5  45.3  55.9  29.8        14.1  95.4   4.0 239.4            
      11 17  55.4  31.1  41.7  64.2  29.9        29.6  91.4   3.8 178.9            
      11 18  56.4  31.0  45.8  40.6  21.2  0.02  44.3 318.9  13.3 271.3            
      11 19  48.6  30.0  36.3  71.1  27.0        20.5  98.1   4.1 234.2            
      11 20  55.6  19.3  34.4  56.8  18.4        10.2  76.3   3.2 270.6            
      11 21  66.6  23.8  53.6  28.9  21.8  0.01  33.4 182.3   7.6 198.0            
      11 22  73.6  49.2  62.3  23.0  23.5  0.01  38.3 243.0  10.1 268.2            
      11 23  58.7  30.9  45.4  42.8  22.6        15.3  86.5   3.6 255.3            
      11 24  70.1  25.8  52.3  32.4  17.7        40.0 260.0  10.8 265.7            
      11 25  61.2  32.9  48.4  39.2  23.0        27.1 139.9   5.8 113.9            
      11 26  69.2  28.2  46.6  56.6  30.1        10.7  71.6   3.0 257.7            
      11 27  71.3  30.4  48.8  52.7  30.5         9.2  77.6   3.2 246.3            
      11 28  59.1  33.6  45.0  52.2  27.7        12.9  72.5   3.0 144.0            
      11 29  65.2  35.2  51.9  43.3  29.4        26.7 165.6   6.9 154.1            
      11 30  66.5  30.4  49.5  41.9  25.4        25.3 120.7   5.0 259.6            
      12  1  67.7  29.4  46.2  49.3  26.3        10.2  72.7   3.0 246.6            
      12  2  70.8  29.7  47.5  47.0  25.2        20.8 107.6   4.5 249.1            
      12  3  66.3  27.8  45.5  45.5  23.4        13.7  72.2   3.0 242.3            
      12  4  61.1  24.4  42.8  52.5  25.2        16.9  97.3   4.1 212.6            
      12  5  41.1  21.0  30.9  68.8  20.9        20.2  95.8   4.0 198.7            
      12  6  35.9  18.9  26.5  84.8  22.3        11.6  70.1   2.9 190.1            
      12  7  39.0  13.7  25.3  58.7  11.6        12.5  90.1   3.8 216.2            
      12  8  38.0   9.1  24.7  61.0  12.3         8.5  58.0   2.4 121.1            
      12  9  31.0  19.0  26.4  89.4  23.7  0.20  21.4 161.4   6.7  79.3            
      12 10  27.4   2.3  14.0  94.1  13.6  0.02   5.1  48.4   2.0 226.9            
      12 11  40.9   3.9  22.1  80.4  17.0         9.5  61.1   2.5 237.4            
      12 12  39.9  14.0  26.1  77.3  20.1        12.0  72.8   3.0 151.2            
      12 13  50.1  13.8  29.6  68.6  19.9         8.3  54.0   2.3 240.6            
      12 14  59.6  20.4  36.6  58.5  22.5        10.3  66.7   2.8 242.2            
      12 15  41.5  22.4  32.9  69.0  23.7        14.0  79.1   3.3 234.0            
      12 16  46.2  23.4  33.1  77.1  26.0        13.1  83.3   3.5 217.7            
      12 17  63.7  20.8  42.2  56.0  23.2  0.01  25.1 123.2   5.1 230.1            
      12 18  56.9   7.9  31.0  69.1  20.7  0.02  29.7 189.2   7.9 148.5            
      12 19   8.1   0.0   3.8  88.6   1.3  0.04  13.1 153.4   6.4 139.4            
      12 20   2.9  -2.4  -0.2  88.1  -2.7  0.18  11.4 120.5   5.0 146.6            
      12 21   7.3 -17.0  -4.0  85.0  -6.4  0.10  10.5  65.3   2.7 161.3            
      12 22  11.6 -18.7  -4.2  84.6  -5.7         6.6  49.1   2.0 248.4            
      12 23  10.9 -13.3  -2.6  85.3  -4.8         8.2  64.9   2.7 246.3            
      12 24  32.6 -12.2   4.4  80.4   0.7  0.02  29.8 105.5   4.4 143.1            
      12 25  44.9   6.4  32.2  51.0  16.2  0.02  40.3 290.5  12.1 149.9            
      12 26  52.5  33.3  43.4  45.3  23.1        35.0 287.5  12.0 185.4            
      12 27  45.3  31.4  39.0  46.2  19.7        24.1 201.6   8.4 213.5            
      12 28  50.0  36.1  44.7  42.8  23.5  0.04  47.9 403.9  16.8 154.1            
      12 29  52.7  27.7  40.7  63.5  28.2        35.8 139.0   5.8 235.8            
      12 30  60.8  35.0  48.4  52.2  29.2        40.0 275.2  11.5 148.3            
      12 31  41.5  27.1  33.0  85.2  28.9         9.5  65.4   2.7 159.5            

      Total                               10.27                         46.65 37.90
        Max 100.8  63.5  82.9 100.7  64.3        49.0 403.9  16.8 765.1
        Min   2.9 -18.7  -4.2  23.0  -6.4         5.1  48.4   2.0  46.9
        Ave  64.5  36.2  50.3  62.7  35.4        20.2 116.3   4.8 400.1
