                                                                    07-JUN-99
      Cellular-linked Weather Station near EATON, Colorado               1997
      -----------------------------------------------------------------------
               Temperature      Rel   Dew             Wind        Solar Alflf
            ----------------- Humid Point  Prec -----------------   Rad   ETR
       Date   Max   Min   Ave   Ave   Ave Total   Max Total   Ave Total Total
      MoDay     F     F     F     %     F  inch   mph miles   mph Langl  inch
      ----- ----- ----- ----- ----- ----- ----- ----- ----- ----- ----- -----
       1  1  50.4  20.9  34.4  69.5  25.5        10.0  81.2   3.4 107.1      
       1  2  65.6  31.6  44.0  58.3  29.8        11.3  93.3   3.9 137.0      
       1  3  49.8  26.9  41.0  70.7  32.3        36.8 195.5   8.1  73.3      
       1  4  40.4  11.3  31.6  38.9   9.1        41.3 426.5  17.8 220.4      
       1  5  31.6   9.3  20.1  56.8   7.2  0.01  12.2  92.0   3.8 224.2      
       1  6  29.2   1.4  18.0  54.5   4.2        12.7  94.8   4.0 245.2      
       1  7  39.4  -0.5  20.6  55.5   6.6        21.6 115.0   4.8 220.3      
       1  8  39.6  17.7  28.3  57.0  13.8        25.6 194.0   8.1 207.6      
       1  9  33.7   9.2  24.2  65.5  14.1  0.01  21.5 211.9   8.8  68.5      
       1 10  11.3   3.9   6.6  82.3   2.5  0.15  21.3 178.4   7.4 148.6      
       1 11   6.1  -7.0  -0.9  78.1  -5.5  0.11  16.2 153.4   6.4 155.0      
       1 12  -4.2 -21.5  -9.6  71.1 -15.7  0.07  12.2 157.7   6.6 200.9      
       1 13   2.4 -16.2  -7.0  72.9 -12.6        10.1  91.8   3.8 187.3      
       1 14  29.7  -5.3   5.0  77.1   1.0  0.04  29.4 138.8   5.8 254.4      
       1 15  32.2  13.8  26.1  64.0  15.7        28.2 287.8  12.0 251.9      
       1 16  20.0 -12.7   3.9  74.7  -1.4  0.03  25.3 144.0   6.0 274.5      
       1 17  28.0 -15.7   4.3  70.1  -1.0         9.9  77.1   3.2 265.6      
       1 18  42.8  13.5  28.1  72.2  21.3        14.9  96.7   4.0 227.4      
       1 19  51.0  13.4  27.9  78.5  22.6         9.9  79.3   3.3 279.3      
       1 20  45.5  15.6  29.9  78.8  24.6         8.0  71.0   3.0 223.6      
       1 21  47.3  19.5  34.8  57.0  21.0        23.1 183.1   7.6 264.0      
       1 22  37.2  16.3  28.2  63.5  17.7        19.1 147.5   6.1 238.3      
       1 23  36.0  11.9  23.8  83.7  20.2        24.7 137.8   5.7 133.8      
       1 24  35.6   4.6  22.6  57.4   8.7  0.04  29.4 227.9   9.5 301.6      
       1 25  21.7   5.6  14.2  72.7   7.2        14.8 137.7   5.7 239.4      
       1 26  42.6   6.6  24.4  75.9  19.4        23.9 122.4   5.1 131.3      
       1 27  24.6   0.6  13.7  83.3  10.2  0.04  29.4 121.2   5.0 277.3      
       1 28  39.7  -6.6  15.8  78.2  12.8        14.2  68.8   2.9 155.2      
       1 29  41.0  14.9  28.4  81.5  23.6  0.07  24.0 121.9   5.1 313.4      
       1 30  49.4  14.6  32.5  71.9  24.5        16.1  90.0   3.8 266.9      
       1 31  60.1  34.6  46.3  54.8  30.6  0.02  31.7 153.2   6.4 193.9      
       2  1  59.0  31.7  43.1  57.4  28.4        21.3 126.1   5.3 276.3      
       2  2  44.2  25.0  33.5  79.1  27.6        11.1  89.3   3.7 212.2      
       2  3  41.3  23.7  33.7  51.8  17.2  0.02  44.2 408.7  17.0 323.3      
       2  4  35.4  18.1  26.7  59.7  14.1        20.8 170.5   7.1 232.2      
       2  5  31.1  14.7  23.4  78.2  17.5        17.0 170.6   7.1 205.0      
       2  6  25.9  18.6  22.3  87.1  19.0  0.03  19.3 195.5   8.1 174.9      
       2  7  27.6   1.5  16.0  78.0  10.7        14.2 100.3   4.2 348.3      
       2  8  35.2   1.6  18.1  74.5  11.9         7.7  72.2   3.0 344.3      
       2  9  39.6   7.2  23.8  69.2  15.1        10.5  69.2   2.9 340.9      
       2 10  34.2  11.5  24.0  75.2  17.3        14.0 100.3   4.2 314.7      
       2 11  37.0  20.2  27.0  85.7  23.2  0.03  15.6 130.0   5.4 181.6      
       2 12  30.4  21.4  25.8  92.2  24.0        16.3 137.9   5.7 221.0      
       2 13  40.4  19.2  29.9  68.2  20.1  0.01  20.2 166.4   6.9 343.6      
       2 14  47.1  19.1  32.3  60.5  18.9  0.04  22.4 164.9   6.9 317.9      
       2 15  54.0  23.8  37.8  61.5  23.9        35.8 246.1  10.3 338.7      
       2 16  55.2  20.4  35.2  71.2  25.8  0.03  12.0 102.2   4.3 379.8      
       2 17  64.4  26.7  40.9  60.3  25.3        19.4 100.2   4.2 297.4      
       2 18  54.6  24.0  33.7  76.4  26.9  0.06  34.5 155.8   6.5 213.6      
       2 19  49.0  16.8  30.4  81.9  25.7  0.01  14.2  81.7   3.4 387.7      
       2 20  39.3  27.0  33.2  66.6  22.9  0.01  24.9 203.2   8.5 113.7      
       2 21  41.2  17.2  28.7  53.7  12.7        26.7 229.7   9.6 292.9      
       2 22  41.4   9.0  25.3  57.2  10.1  0.03  21.5 132.9   5.5 406.4      
       2 23  22.5  11.3  17.3  83.6  13.2        17.7 136.9   5.7 245.5      
       2 24  29.4   8.5  20.3  71.6  12.3        14.2  97.6   4.1 415.8      
       2 25  47.3  11.1  27.1  63.4  15.1  0.04  24.3 107.2   4.5 425.6      
       2 26  35.4  24.5  28.9  79.8  23.2        22.0 144.6   6.0 211.0      
       2 27  36.2  16.9  26.6  81.7  21.5        12.0 110.4   4.6 226.9      
       2 28  29.9   7.9  22.3  83.8  18.4  0.05  24.3 194.6   8.1  91.2      
       3  1  39.0   2.0  22.8  71.7  15.1        14.5 102.0   4.3 440.5  0.07
       3  2  53.0  19.6  34.5  59.1  19.3        16.2 117.8   4.9 382.8  0.07
       3  3  45.2  21.6  34.2  42.7  11.7        43.9 293.4  12.2 467.2  0.13
       3  4  27.1  -1.2  19.8  90.7  18.8  0.14  17.5 129.7   5.4 330.7  0.04
       3  5  36.2  -6.6  15.0  77.0  11.1         9.1  74.4   3.1 448.3  0.07
       3  6  55.9  12.3  31.6  66.1  21.9        12.4 104.7   4.4 468.6  0.09
       3  7  57.9  24.2  40.5  48.8  20.2  0.03  19.5 147.7   6.2 482.5  0.10
       3  8  62.0  20.7  41.1  54.0  22.9  0.03  33.5 217.2   9.1 483.2  0.14
       3  9  55.2  22.6  35.9  62.1  22.2        28.9 201.8   8.4 486.8  0.14
       3 10  67.7  26.0  46.8  36.9  16.7        29.9 180.0   7.5 496.3  0.17
       3 11  70.5  22.7  45.4  40.4  19.0        16.8 116.8   4.9 503.9  0.15
       3 12  69.4  28.0  44.6  49.4  23.9        19.8 129.8   5.4 269.8  0.12
       3 13  35.8  14.4  25.9  79.6  20.5  0.03  27.6 264.8  11.0 160.6  0.07
       3 14  19.5   5.6  14.0  81.0   9.5        16.3 148.2   6.2 326.1  0.06
       3 15  35.1   7.3  20.1  81.6  15.9  0.07  16.1 136.1   5.7 480.7  0.08
       3 16  66.0  18.0  40.3  66.1  29.7        14.1  86.4   3.6 464.9  0.08
       3 17  65.8  30.6  46.8  58.1  30.9  0.02  30.8 199.3   8.3 257.6  0.09
       3 18  63.4  29.7  45.4  50.1  25.1        28.7 165.1   6.9 535.8  0.15
       3 19  75.2  25.6  50.4  45.2  25.0        26.2 176.1   7.3 521.2  0.20
       3 20  78.6  29.9  54.7  38.4  24.8        14.4  80.3   3.3 502.4  0.15
       3 21  58.1  27.2  49.3  43.5  26.9  0.01  33.9 217.0   9.0 494.4  0.16
       3 22  69.3  24.3  44.4  49.9  23.1        24.9 158.2   6.6 494.7  0.19
       3 23  60.6  23.2  43.3  46.0  22.9        33.7 140.6   5.9 464.3  0.15
       3 24  50.6  18.1  36.4  61.3  24.7  0.01  41.4 430.9  18.0 169.5  0.13
       3 25  53.0  12.4  34.0  49.7  14.2        16.4 103.0   4.3 563.3  0.14
       3 26  69.5  20.8  45.0  43.3  19.9        17.8 112.0   4.7 574.6  0.16
       3 27  72.8  26.4  46.2  43.7  22.3  0.13  61.0 346.6  14.4 521.3  0.29
       3 28  59.6  33.5  45.9  35.4  18.5        31.8 275.6  11.5 562.9  0.21
       3 29  52.2  21.5  41.0  32.0  11.5        39.3 357.5  14.9 511.3  0.21
       3 30  66.6  18.2  40.5  32.5   9.4        18.5 121.6   5.1 577.0  0.19
       3 31  73.9  19.7  49.8  28.4  13.2        30.5 153.6   6.4 545.8  0.20
       4  1  53.5  31.7  42.1  46.1  21.9  0.02  40.0 317.0  13.2 321.4  0.17
       4  2  35.0  28.8  31.6  87.9  28.4  0.01  20.5 191.6   8.0 167.4  0.06
       4  3  64.6  20.2  42.5  70.0  32.6  0.03  19.2 112.6   4.7 595.6  0.15
       4  4  56.6  29.5  40.1  83.8  35.4  0.13  44.3 339.2  14.1 314.2  0.13
       4  5  35.2  24.5  28.4  66.4  18.4  0.05  47.5 617.4  25.7 519.4  0.18
       4  6  47.4  20.5  33.0  47.2  14.1        29.4 220.8   9.2 574.6  0.16
       4  7  56.0  14.8  34.2  56.2  16.7  0.01  29.3 177.6   7.4 590.8  0.17
       4  8  33.7  16.6  24.0  68.1  14.8        18.9 213.1   8.9 274.3  0.08
       4  9  33.5  16.3  24.6  81.2  19.8  0.01  24.5 295.1  12.3 185.6  0.06
       4 10  20.5  14.5  16.6  80.3  11.6  0.05  17.7 212.2   8.8 377.9  0.07
       4 11  22.0  11.2  15.3  72.6   8.1  0.05  25.1 228.0   9.5 562.1  0.09
       4 12  33.2   9.5  20.8  51.6   4.9        19.9 171.6   7.2 632.0  0.11
       4 13  51.1   9.5  31.2  45.1   8.5        18.0  90.9   3.8 672.3  0.13
       4 14  60.3  17.2  40.7  46.9  19.5        22.7 163.8   6.8 429.8  0.12
       4 15  63.7  33.2  47.5  53.6  29.1  0.02  27.1 194.8   8.1 458.5  0.15
       4 16  66.2  37.8  49.4  59.6  33.0        17.6  88.1   3.7 651.5  0.17
       4 17  74.8  28.9  52.4  42.0  24.2        16.7 116.7   4.9 674.8  0.23
       4 18  71.8  32.6  54.9  40.7  30.7  0.02  31.0 137.9   5.7 469.6  0.18
       4 19  78.9  35.0  59.2  41.3  30.7  0.01  32.4 206.4   8.6 531.6  0.25
       4 20  72.6  38.8  58.4  43.3  34.3        26.0 212.5   8.9 514.7  0.22
       4 21  58.0  36.9  51.5  35.8  24.1        36.2 417.2  17.4 298.0  0.23
       4 22  61.0  27.8  45.5  49.6  24.3        34.1 240.4  10.0 566.4  0.24
       4 23  60.7  27.0  46.6  55.5  29.6  0.01  30.5 220.9   9.2 578.5  0.21
       4 24  43.3  31.8  37.2  90.0  34.4  0.78  31.3 327.6  13.7 131.9  0.07
       4 25  49.0  32.0  39.7  78.8  33.3  0.04  23.2 187.1   7.8 425.9  0.12
       4 26  55.2  29.2  41.3  71.7  31.5  0.04  22.3 170.5   7.1 473.6  0.14
       4 27  67.6  26.0  47.2  62.4  32.3        17.8 135.0   5.6 690.1  0.20
       4 28  66.0  42.8  54.8  55.6  37.8        26.5 170.9   7.1 403.2  0.15
       4 29  63.9  39.0  51.9  64.2  38.7  0.02  32.8 254.5  10.6 366.7  0.17
       4 30  60.0  34.1  45.8  60.1  31.0        29.0 186.2   7.8 651.1  0.22
       5  1  60.9  37.0  46.8  52.9  29.0  0.02  36.5 274.2  11.4 432.8  0.22
       5  2  52.6  32.3  41.8  55.9  25.8        38.2 369.9  15.4 618.4  0.24
       5  3  64.5  26.3  46.6  55.9  28.8        14.9 104.5   4.4 687.8  0.20
       5  4  77.4  30.3  56.0  43.9  30.3        29.2 167.8   7.0 590.0  0.24
       5  5  72.7  39.7  57.1  49.0  36.3  0.01  21.3 176.5   7.4 709.0  0.25
       5  6  80.0  37.3  60.4  46.9  36.7        20.0 135.9   5.7 623.3  0.25
       5  7  75.9  47.3  62.1  35.4  32.8  0.01  29.6 222.3   9.3 583.6  0.29
       5  8  59.8  36.3  49.6  43.6  28.3        20.9 169.3   7.1 655.4  0.24
       5  9  70.4  26.7  49.4  48.5  29.1        17.8 105.9   4.4 736.0  0.26
       5 10  77.5  34.5  59.4  40.7  30.8        41.7 132.0   5.5 668.3  0.26
       5 11  54.8  40.1  48.8  56.7  33.8  0.01  22.1 197.4   8.2 352.7  0.16
       5 12  70.2  28.1  50.9  51.1  29.0        28.6 166.2   6.9 585.8  0.24
       5 13  74.6  33.9  56.7  42.3  32.5  0.01  34.3 229.9   9.6 438.4  0.25
       5 14  67.1  38.4  52.6  64.4  40.6        24.4 129.0   5.4 341.7  0.15
       5 15  73.8  38.0  56.2  69.6  44.8  0.02  28.1 113.8   4.7 579.3  0.20
       5 16  80.3  41.9  62.9  54.2  43.9  0.02  35.2 143.0   6.0 504.8  0.22
       5 17  82.7  44.6  65.1  49.3  43.7  0.01  30.5 164.8   6.9 543.7  0.25
       5 18  78.1  41.0  59.2  54.8  42.0  0.01  40.3 304.3  12.7 625.9  0.34
       5 19  64.2  41.3  51.3  70.6  41.5        16.8 143.5   6.0 651.5  0.23
       5 20  76.6  35.1  57.1  65.9  44.5  0.01  33.8 205.1   8.5 616.5  0.27
       5 21  75.2  44.3  59.0  77.1  50.9  0.28  23.3 150.6   6.3 548.1  0.20
       5 22  58.1  49.8  54.4  96.6  53.4  0.67  22.8 114.0   4.8 158.1  0.05
       5 23  67.7  47.8  57.1  77.9  49.7        19.7 148.4   6.2 624.4  0.21
       5 24  71.3  43.9  56.3  85.1  51.6  0.02  20.8 115.2   4.8 475.8  0.17
       5 25  66.5  45.4  55.1  76.7  47.3  0.05  36.2 153.1   6.4 490.5  0.18
       5 26  56.5  40.6  49.6  74.1  41.3  0.13  34.8 240.4  10.0 234.9  0.13
       5 27  65.1  38.1  49.3  81.9  43.4  0.25  33.5 135.2   5.6 410.1  0.16
       5 28  63.3  42.8  51.0  87.3  47.4  0.02  17.8 112.4   4.7 525.7  0.16
       5 29  62.6  47.6  53.1  94.1  51.4  0.27  20.9  95.3   4.0 288.1  0.09
       5 30  70.0  44.5  58.2  83.5  52.8        12.3  73.9   3.1 598.6  0.17
       5 31  80.6  46.3  64.4  72.3  53.7  0.01  13.9  84.8   3.5 695.1  0.23
       6  1  86.0  51.8  68.3  65.7  55.2  0.03  29.2 175.5   7.3 524.2  0.25
       6  2  75.5  52.0  60.6  89.4  57.4  1.52  28.8 202.4   8.4 376.6  0.18
       6  3  70.9  48.2  60.7  76.9  53.0        19.6 151.4   6.3 701.0  0.24
       6  4  72.5  46.5  60.6  80.0  53.9        20.2 157.9   6.6 698.7  0.24
       6  5  77.3  49.7  64.1  80.9  57.6        14.6 118.1   4.9 544.3  0.19
       6  6  73.9  54.9  61.4  86.7  57.2        26.5 164.5   6.9 325.4  0.16
       6  7  75.9  52.2  62.2  81.0  56.1        19.2 130.9   5.5 471.9  0.19
       6  8  72.1  50.0  59.9  86.3  55.5  0.19  20.0 161.4   6.7 386.8  0.16
       6  9  62.2  52.7  55.4  93.9  53.6  0.03  20.0 182.5   7.6 276.7  0.12
       6 10  72.2  50.2  58.5  88.6  55.0  0.40  25.9 164.9   6.9 558.4  0.20
       6 11  78.6  47.3  63.2  70.8  51.7  0.01  30.3 109.2   4.5 653.3  0.24
       6 12  73.7  48.0  58.4  83.6  52.9  0.41  34.7 124.4   5.2 417.0  0.18
       6 13  65.7  47.4  55.6  93.2  53.6  0.43  28.9 133.0   5.5 273.5  0.11
       6 14  75.1  53.0  60.7  87.0  56.6  0.17  30.3 169.2   7.0 538.6  0.21
       6 15  72.3  44.9  57.3  84.6  52.4  0.01  21.2  97.9   4.1 477.9  0.18
       6 16  72.8  46.5  58.9  81.2  52.6  0.19  29.3  94.6   3.9 560.2  0.19
       6 17  71.8  51.1  61.8  79.3  55.3        21.9 100.0   4.2 455.4  0.16
       6 18  83.8  49.3  64.5  78.1  56.8        24.5  91.4   3.8 508.3  0.22
       6 19  86.5  55.4  70.1  67.0  57.5        16.6 108.2   4.5 570.2  0.24
       6 20  88.4  51.8  70.0  61.4  54.3        26.8 121.2   5.0 502.7  0.26
       6 21  82.5  55.4  67.4  67.5  55.6        26.2 162.1   6.8 606.0  0.29
       6 22  90.9  52.2  71.1  62.5  55.3        30.1 118.8   5.0 737.0  0.34
       6 23  82.5  53.8  67.7  72.3  57.5  0.25  36.7 149.1   6.2 611.4  0.27
       6 24  76.0  54.3  65.1  68.7  53.5  0.14  24.0 172.3   7.2 567.4  0.26
       6 25  81.5  50.9  64.2  75.8  55.2        28.6 135.1   5.6 733.0  0.30
       6 26  85.6  47.3  64.9  73.1  53.4        12.9  80.8   3.4 721.0  0.29
       6 27  89.8  48.7  69.8  54.4  49.1        20.6 107.0   4.5 630.2  0.30
       6 28  89.1  48.3  70.3  51.7  48.5        20.1 105.8   4.4 663.8  0.31
       6 29  86.9  48.8  70.1  53.8  49.5        19.4 111.9   4.7 766.0  0.33
       6 30  89.9  50.5  71.3  54.6  49.8        17.9 120.0   5.0 768.0  0.36
       7  1  81.9  51.4  69.9  32.1  34.8        30.9 297.6  12.4 787.0  0.48
       7  2  82.0  43.2  62.7  50.8  43.3        28.6 198.7   8.3 747.0  0.39
       7  3  72.4  50.3  60.3  60.3  46.2        25.5 166.5   6.9 707.0  0.30
       7  4  77.7  45.8  62.3  63.2  47.9        33.1  81.6   3.4 690.0  0.26
       7  5  77.3  47.6  62.6  64.0  49.0        23.4 164.0   6.8 516.1  0.25
       7  6  82.6  44.0  64.9  65.0  51.4        27.8  98.9   4.1 570.7  0.24
       7  7  85.8  50.5  71.4  51.7  50.1        20.1 167.2   7.0 719.0  0.32
       7  8  83.9  52.4  68.4  63.7  54.8        15.3 101.0   4.2 556.0  0.24
       7  9  86.9  50.1  68.8  63.4  54.2        18.0 111.9   4.7 735.0  0.31
       7 10  87.0  49.2  68.7  62.9  54.6        13.7  95.4   4.0 665.4  0.29
       7 11  82.5  55.0  65.3  73.2  55.7  0.01  20.9 109.3   4.6 356.6  0.21
       7 12  85.9  48.3  67.7  65.8  54.1  0.01  33.1 143.1   6.0 666.6  0.30
       7 13  81.9  57.2  68.3  47.0  46.9        29.1 152.0   6.3 736.0  0.34
       7 14  86.0  47.6  67.2  60.4  52.1         9.1  77.7   3.2 744.0  0.30
       7 15  90.4  47.9  69.3  57.7  51.0        20.8 104.2   4.3 732.0  0.33
       7 16  92.1  46.8  68.8  63.4  54.9        41.0  87.6   3.6 559.1  0.28
       7 17  98.0  49.2  71.2  63.0  56.6        28.4  88.6   3.7 652.8  0.33
       7 18  89.7  51.5  72.2  60.3  57.1        19.5  92.1   3.8 681.1  0.29
       7 19  75.1  56.1  64.4  82.8  58.8  0.11  21.1 139.1   5.8 363.9  0.18
       7 20  79.0  53.1  65.7  85.8  61.0  0.10  10.6  70.6   2.9 673.3  0.23
       7 21  82.9  53.8  69.2  77.0  60.8  0.02  17.5 106.9   4.5 714.0  0.26
       7 22  87.5  57.1  71.3  77.8  63.4  0.01  11.4  76.3   3.2 650.6  0.24
       7 23  87.2  55.9  70.7  78.0  62.8  0.11  22.5  96.4   4.0 628.7  0.25
       7 24  86.6  57.9  71.6  77.6  63.7        10.5  75.2   3.1 672.6  0.25
       7 25  84.7  57.8  69.5  80.1  62.5        15.3  76.7   3.2 473.2  0.21
       7 26  87.4  53.3  69.7  72.9  59.6        21.3 109.3   4.6 629.0  0.27
       7 27  79.3  57.2  66.7  85.7  61.8  0.07  21.3  82.9   3.5 343.8  0.15
       7 28  70.9  59.8  64.2  96.3  62.9  0.22  17.5 115.9   4.8 216.0  0.09
       7 29  78.3  58.9  66.8  90.6  63.6  0.03  14.9  85.3   3.6 499.9  0.18
       7 30  79.4  59.6  66.8  92.8  64.4  0.01  15.6  68.3   2.8 428.2  0.16
       7 31  82.1  56.0  67.1  85.5  61.9        29.5  82.2   3.4 544.8  0.20
       8  1  85.2  53.4  68.3  79.7  60.9        21.6  83.4   3.5 637.7  0.24
       8  2  86.1  56.5  70.1  78.0  62.1        15.7  90.1   3.8 566.8  0.22
       8  3  87.5  54.5  70.1  74.2  60.1        32.3  91.5   3.8 627.9  0.25
       8  4  82.3  57.5  67.9  79.4  60.4  0.06  27.5 136.2   5.7 560.4  0.24
       8  5  68.5  57.4  62.7  97.1  61.6  1.57  16.7 137.3   5.7 221.8  0.09
       8  6  70.9  57.0  61.2  88.6  57.5  0.38  18.1 124.4   5.2 370.2  0.16
       8  7  76.1  52.6  64.2  81.2  57.4  0.01  15.5  70.0   2.9 655.1  0.21
       8  8  88.1  50.7  68.7  74.3  58.4        10.0  79.7   3.3 656.4  0.24
       8  9  69.6  54.7  60.8  80.4  54.5  0.42  30.4 151.3   6.3 382.5  0.17
       8 10  59.0  54.4  56.4 100.9  56.4  0.47  19.0 161.4   6.7  91.0  0.05
       8 11  70.4  55.0  60.1  95.1  58.2  0.07  22.4 104.8   4.4 320.6  0.12
       8 12  73.5  49.7  59.9  88.1  56.0        20.3  85.9   3.6 560.1  0.18
       8 13  80.3  47.4  62.9  79.3  55.5  0.17  29.4 102.7   4.3 576.2  0.20
       8 14  78.7  51.0  66.4  59.2  50.9        26.0 125.1   5.2 549.0  0.22
       8 15  84.8  50.3  68.6  68.0  56.4        14.4  84.0   3.5 664.2  0.24
       8 16  74.2  51.8  62.6  85.7  58.2  0.07  35.4 135.4   5.6 477.0  0.18
       8 17  72.6  55.1  61.3  91.8  58.7  0.24  19.7 123.0   5.1 332.1  0.14
       8 18  78.0  54.4  62.7  87.1  58.4        16.7  85.7   3.6 466.7  0.17
       8 19  75.0  49.2  62.2  85.8  57.6  0.10  23.8  89.1   3.7 396.5  0.14
       8 20  78.5  53.0  65.6  82.4  59.6        10.2  86.7   3.6 632.7  0.20
       8 21  86.4  56.3  66.8  79.1  58.5        29.7 105.6   4.4 404.7  0.20
       8 22  83.4  51.6  66.2  73.9  56.9        17.0  80.8   3.4 586.9  0.21
       8 23  86.1  50.4  67.5  78.4  59.8        10.7  66.3   2.8 631.4  0.22
       8 24  87.8  51.5  68.7  78.4  61.2         8.8  65.6   2.7 555.3  0.20
       8 25  87.7  54.5  70.5  76.3  61.9        22.6  79.7   3.3 574.0  0.21
       8 26  84.6  57.4  69.6  77.4  61.4        15.5  71.5   3.0 486.7  0.19
       8 27  85.3  54.9  69.6  78.2  61.7        11.6  70.0   2.9 551.9  0.20
       8 28  90.0  52.7  68.4  72.7  58.1        26.2  83.9   3.5 564.6  0.24
       8 29  85.1  53.6  68.2  70.7  57.1        27.1  91.8   3.8 556.7  0.22
       8 30  80.2  50.8  65.3  78.8  57.8        14.2  89.3   3.7 558.4  0.20
       8 31  80.5  51.2  65.5  79.4  58.1        16.3  95.7   4.0 555.2  0.20
       9  1  79.9  54.1  65.5  78.5  58.0        18.6 110.4   4.6 403.3  0.17
       9  2  65.7  58.5  61.8  89.4  58.8        10.7  91.8   3.8 173.5  0.07
       9  3  77.2  58.1  65.2  90.2  62.1        11.1  86.7   3.6 433.7  0.15
       9  4  83.6  53.7  65.7  84.7  60.0  0.05  16.7  92.3   3.8 478.9  0.18
       9  5  79.8  50.2  64.7  82.8  58.4  0.01  13.8  71.6   3.0 572.8  0.18
       9  6  83.8  51.2  63.8  79.7  56.7        25.7  67.8   2.8 422.8  0.17
       9  7  81.2  48.3  61.0  78.8  53.9        26.5  77.4   3.2 395.8  0.17
       9  8  83.4  44.4  64.3  67.1  51.2        22.8  93.9   3.9 499.2  0.19
       9  9  74.0  46.2  60.2  79.2  53.6        14.2  77.3   3.2 538.5  0.17
       9 10  82.5  46.6  63.2  77.8  55.3        12.1  75.9   3.2 538.0  0.18
       9 11  82.9  50.1  62.8  76.9  54.5        23.3  73.6   3.1 385.2  0.16
       9 12  82.1  51.2  64.2  73.3  53.9        13.9  74.3   3.1 491.1  0.17
       9 13  81.6  45.1  63.7  71.7  53.0  0.09  32.2  95.7   4.0 528.3  0.19
       9 14  82.6  49.6  63.8  78.7  56.0  0.06   9.2  70.5   2.9 491.3  0.17
       9 15  83.7  46.6  64.6  67.1  52.3        34.6  94.3   3.9 510.8  0.19
       9 16  70.0  45.6  59.9  64.9  47.7        33.5 137.2   5.7 269.2  0.13
       9 17  78.4  38.9  57.4  70.7  46.9        16.2  92.1   3.8 513.7  0.19
       9 18  75.8  48.4  60.0  77.5  53.0  0.02  37.6 130.1   5.4 237.2  0.12
       9 19  58.1  42.6  49.9  88.5  46.6  0.09  19.7 142.2   5.9 129.5  0.07
       9 20  51.9  42.5  45.9  94.9  44.5  0.17  23.9 159.1   6.6 146.1  0.06
       9 21  55.3  43.6  48.2  92.5  46.2  0.09  15.3  99.1   4.1 144.5  0.05
       9 22  56.8  47.5  50.7  94.8  49.0  0.07  11.5  90.1   3.8 137.2  0.04
       9 23  55.2  46.3  49.1  92.8  46.9  0.06  11.9  75.8   3.2 169.1  0.05
       9 24  68.0  40.0  52.9  86.9  48.7  0.08  11.0  48.9   2.0 510.0  0.12
       9 25  76.0  39.0  56.0  78.0  48.0  0.04  11.8  66.3   2.8 501.9  0.14
       9 26  80.1  45.5  60.1  78.9  52.7  0.02  21.5  79.6   3.3 332.7  0.11
       9 27  79.6  41.8  57.7  72.7  47.3  0.01  30.2 155.1   6.5 482.4  0.20
       9 28  72.7  34.7  51.6  69.2  39.5  0.01  14.0  86.9   3.6 489.4  0.17
       9 29  80.3  35.8  55.2  65.0  40.0        10.8  73.5   3.1 485.7  0.17
       9 30  81.8  39.1  57.9  63.6  42.5        11.9  83.2   3.5 475.9  0.17
      10  1  83.7  41.4  60.1  64.3  45.0        10.0  82.4   3.4 467.7  0.16
      10  2  84.8  44.2  62.7  59.8  45.5        22.2 109.4   4.6 447.0  0.18
      10  3  75.7  43.7  61.3  55.6  44.0        34.0 178.2   7.4 445.2  0.19
      10  4  83.6  37.8  56.5  58.5  39.5        16.6 107.4   4.5 458.0  0.21
      10  5  83.2  38.7  57.9  53.8  38.1        21.3 131.8   5.5 455.6  0.22
      10  6  66.9  40.5  54.2  50.6  35.0        18.1 149.0   6.2 447.0  0.17
      10  7  78.0  33.9  56.2  60.8  40.5        26.3 136.0   5.7 390.8  0.17
      10  8  58.9  32.0  50.1  57.4  35.2  0.08  34.9 301.3  12.6 275.0  0.15
      10  9  67.9  25.5  43.9  62.9  30.3        10.6  89.8   3.7 445.5  0.15
      10 10  76.1  32.8  51.5  64.0  37.9        12.8  71.9   3.0 376.8  0.12
      10 11  81.9  43.0  61.1  54.2  42.1        37.8 325.4  13.6 391.8  0.28
      10 12  50.9  30.3  40.2  64.0  28.5  0.06  42.7 440.9  18.4 287.6  0.19
      10 13  57.7  22.6  39.0  55.3  22.3        28.3 152.3   6.3 417.4  0.15
      10 14  66.1  24.8  43.6  58.3  27.7        12.8  88.4   3.7 412.4  0.12
      10 15  64.4  28.2  46.5  56.0  29.3        19.5 108.7   4.5 394.4  0.11
      10 16  66.9  27.5  44.8  65.6  32.2        10.2  85.8   3.6 394.2  0.11
      10 17  75.5  29.9  50.3  54.5  31.5        13.5  85.6   3.6 398.7  0.13
      10 18  74.3  33.3  54.3  44.0  28.5        34.0 176.6   7.4 399.9  0.18
      10 19  47.6  35.3  43.3  78.0  36.9        20.3 119.2   5.0  95.8  0.04
      10 20  50.2  33.2  43.9  78.8  37.7        20.5 124.8   5.2 121.2  0.05
      10 21  54.1  30.3  42.5  81.6  37.1        11.4  85.5   3.6 267.8  0.07
      10 22  63.8  27.0  43.7  64.7  30.7        12.1  94.1   3.9 367.2  0.10
      10 23  61.7  38.5  51.5  41.3  27.5  0.01  20.6 172.6   7.2 229.0  0.11
      10 24  42.1  19.1  29.9  95.0  29.4  0.09  30.3 316.7  13.2  56.6  0.05
      10 25  27.0   8.9  19.8  84.3  16.0        34.4 382.8  15.9 180.4  0.06
      10 26  37.3  -2.2  14.7  82.7  11.6  0.22   7.7  54.6   2.3 365.6  0.06
      10 27  53.8   9.4  26.5  83.0  23.3         8.8  58.2   2.4 359.1  0.05
      10 28  45.2  24.6  33.8  79.9  28.1        10.4  89.4   3.7 351.0  0.04
      10 29  50.0  24.1  35.5  81.8  30.5        15.7  73.3   3.1 246.1  0.03
      10 30  61.4  33.7  47.2  61.5  34.6        23.4 144.9   6.0 245.4  0.06
      10 31  61.4  34.4  48.3  56.2  33.2        48.2 362.4  15.1 254.2  0.15
      11  1  50.7  31.4  40.8  52.0  23.8        36.4 343.1  14.3 355.8      
      11  2  48.7  24.5  38.4  47.6  19.3        42.3 370.7  15.4 326.2      
      11  3  54.2  19.5  36.7  64.6  25.3        12.5  84.0   3.5 291.5      
      11  4  61.7  31.3  46.4  49.6  26.8        38.3 263.6  11.0 245.3      
      11  5  53.9  24.6  36.8  73.8  28.4        11.7  91.7   3.8 318.7      
      11  6  62.0  22.8  39.8  71.8  30.3        11.0  89.2   3.7 317.8      
      11  7  67.9  25.5  43.1  65.9  30.6        11.2  95.1   4.0 312.3      
      11  8  48.0  30.6  38.6  73.0  30.5        28.3 242.2  10.1 219.0      
      11  9  32.1  21.0  27.0  94.9  26.0  0.15  17.7 150.6   6.3 172.8      
      11 10  27.5  19.6  23.8  85.7  20.2  0.01   8.8  71.0   3.0 139.2      
      11 11  26.9  19.0  23.1  85.2  19.3        20.7 185.6   7.7 128.1      
      11 12  34.7  20.4  25.1  88.4  22.2        10.8  80.2   3.3 188.5      
      11 13  40.7  15.4  25.2  76.9  19.7        33.5 212.1   8.8 274.6      
      11 14  23.0   9.0  14.9  57.4   2.3        32.2 350.0  14.6 287.0      
      11 15  29.7   3.6  14.7  67.7   5.4        13.1  86.7   3.6 288.4      
      11 16  38.8   3.2  17.8  69.7   8.8         8.9  67.9   2.8 291.2      
      11 17  46.3  10.3  26.9  71.6  19.2        12.5  94.0   3.9 281.6      
      11 18  49.8  20.1  33.4  55.2  16.8        22.9 166.2   6.9 285.3      
      11 19  53.9  16.3  34.2  61.5  21.0        14.9 103.7   4.3 288.6      
      11 20  51.2  23.4  37.0  59.5  23.7        21.3 155.0   6.5 223.4      
      11 21  39.4  15.4  28.0  71.3  19.7        14.0  96.2   4.0 109.1      
      11 22  42.7  14.2  25.6  75.1  18.3        12.4  87.6   3.6 173.5      
      11 23  38.3  11.9  23.4  81.5  19.1        12.8  91.0   3.8  70.7      
      11 24  57.2  18.9  34.2  68.9  24.1        10.5  96.2   4.0 266.4      
      11 25  61.8  20.8  39.9  53.8  21.5        36.7 230.5   9.6 222.7      
      11 26  45.0  21.1  30.4  67.8  20.6        23.3 118.5   4.9 109.7      
      11 27  49.2  20.9  34.9  77.9  28.7  0.05  23.0 135.4   5.6  65.1      
      11 28  52.0  22.6  37.9  69.4  28.1        20.2 166.8   7.0 184.7      
      11 29  52.7  19.7  34.2  67.9  23.2        23.5 165.1   6.9 252.8      
      11 30  43.6  15.3  26.6  78.8  20.8        10.6  86.9   3.6 223.4      
      12  1  47.4  20.8  33.4  75.1  25.8        20.2 142.8   6.0 152.2      
      12  2  29.8  21.6  27.5  94.6  26.2        20.8 123.0   5.1  77.1      
      12  3  30.1   3.1  18.8  84.9  15.7        13.8 118.1   4.9 246.9      
      12  4  33.2   8.3  20.0  80.8  15.4  0.03  12.1  93.3   3.9 230.7      
      12  5  28.2   8.8  17.1  83.1  13.2         8.9  81.0   3.4 222.7      
      12  6  34.3  10.2  20.5  84.8  17.0         8.6  63.8   2.7 144.3      
      12  7  30.3  12.4  21.2  90.1  19.1         8.4  55.3   2.3 114.3      
      12  8  44.5  15.7  30.4  80.3  25.2        13.4  73.3   3.1 189.4      
      12  9  36.1  27.0  31.6  76.4  25.1        30.5 318.5  13.3  91.2      
      12 10  29.9  23.3  26.4  65.3  16.4        33.8 421.7  17.6  94.8      
      12 11  37.2  18.7  26.5  41.5   5.5        35.0 379.9  15.8 240.5      
      12 12  50.7  13.1  32.3  31.2   3.4        29.1 221.7   9.2 240.6      
      12 13  51.1  18.2  32.3  44.4  11.6        12.4 122.0   5.1 237.9      
      12 14  57.1  14.0  29.4  62.1  16.2        10.5  76.3   3.2 240.1      
      12 15  57.6  16.2  34.3  55.3  18.0        27.2 169.3   7.1 205.2      
      12 16  47.3  14.1  30.1  62.5  18.0        15.1 102.2   4.3 229.8      
      12 17  47.2  21.3  29.9  69.3  20.8        16.4  90.0   3.8 106.9      
      12 18  51.7  16.8  30.7  71.4  21.8         9.3 104.7   4.4 174.2      
      12 19  30.1  20.4  25.8  82.8  21.2        16.7 142.7   5.9  40.3      
      12 20  32.5  10.2  23.5  88.1  20.9         8.8  74.2   3.1 163.5      
      12 21  32.2  14.5  20.9  91.3  19.2        12.8  70.5   2.9 124.1      
      12 22  37.7  14.2  27.4  64.5  16.7        17.5 121.4   5.1 193.0      
      12 23  39.2   7.1  20.3  73.9  13.2        16.4 104.9   4.4 231.4      
      12 24  29.5  14.7  23.5  73.4  16.3        23.1 267.3  11.1  91.9      
      12 25  32.2  15.6  22.8  69.6  14.2  0.01  22.0 159.1   6.6 203.4      
      12 26  39.8  10.4  26.5  60.7  14.1        26.8 196.5   8.2 224.4      
      12 27  45.6   9.0  24.6  58.3  10.7        51.7 376.8  15.7 156.1      
      12 28  39.0  22.1  29.4  39.5   7.3        40.8 383.6  16.0 187.2      
      12 29  55.1  22.0  39.4  49.3  21.9        32.8 217.6   9.1 214.6      
      12 30  45.6  15.3  34.7  64.7  23.5        36.8 259.7  10.8 211.4      
      12 31  53.8  14.0  29.8  73.4  22.2        11.1  86.9   3.6 235.0      

      Total                               14.17                         44.55
        Max  98.0  59.8  72.2 100.9  64.4        61.0 617.4  25.7 787.0
        Min  -4.2 -21.5  -9.6  28.4 -15.7         7.7  48.9   2.0  40.3
        Ave  60.3  31.4  45.3  68.7  34.1        22.2 147.6   6.2 396.9
