                                                                    17-JAN-02
      Cellular-linked Weather Station near EATON, Colorado               2001
      -----------------------------------------------------------------------------
               Temperature      Rel   Dew             Wind        Solar StandrdASCE
            ----------------- Humid Point  Prec -----------------   Rad   ETr   ETo
       Date   Max   Min   Ave   Ave   Ave Total   Max Total   Ave Total Alflf Grass
      MoDay     F     F     F     %     F  inch   mph miles   mph Langl  inch  inch
      ----- ----- ----- ----- ----- ----- ----- ----- ----- ----- ----- ----- -----
       1  1  27.1  -1.3  14.4  87.2  12.8         8.3  53.0   2.2 113.1            
       1  2  38.3   2.6  17.0  77.0  11.9         9.4  70.2   2.9 252.6            
       1  3  47.9   7.2  26.9  67.1  17.2         8.4  74.5   3.1 242.6            
       1  4  60.5  15.3  34.0  61.9  20.6        25.9 111.7   4.7 232.4            
       1  5  59.8  19.8  37.0  59.7  22.8        25.7 108.8   4.5 250.7            
       1  6  53.0  20.9  38.4  53.2  21.5        27.9 146.1   6.1 225.3            
       1  7  44.4  15.5  30.1  57.6  15.6        20.4 125.6   5.2 255.7            
       1  8  52.0   8.2  25.2  60.0  10.5        10.1  84.3   3.5 264.3            
       1  9  47.0   6.4  23.2  57.1   8.8        10.2  93.7   3.9 251.6            
       1 10  56.6  13.6  32.8  49.3  14.6        15.5 110.1   4.6 236.9            
       1 11  50.0  18.9  30.7  57.8  16.0        15.9 107.5   4.5 263.9            
       1 12  51.9  11.9  31.8  50.3  12.9        16.4 114.9   4.8 256.9            
       1 13  42.7  23.2  35.4  46.6  17.0        40.6 377.3  15.7 105.0            
       1 14  42.0  14.9  26.8  49.0   9.4        15.9 139.2   5.8 202.6            
       1 15  38.3   8.4  24.0  53.5   8.6        14.4  90.2   3.8 262.5            
       1 16  22.2  14.8  20.0  88.5  17.2        14.0 107.5   4.5 135.6            
       1 17  26.4  -3.5  12.6  83.1   9.3  0.05  29.8  91.3   3.8 266.2            
       1 18  41.4  18.0  27.7  67.4  18.2        21.9 132.3   5.5 214.5            
       1 19  36.8  12.4  22.1  76.2  15.5        11.4  91.0   3.8 276.4            
       1 20  43.6  17.9  30.2  61.0  17.0        34.7 230.5   9.6 191.0            
       1 21  44.8   9.9  24.6  64.8  13.0        10.6  83.4   3.5 293.7            
       1 22  40.6  11.7  24.3  74.1  17.3        13.1  71.0   3.0  80.7            
       1 23  40.8  19.1  26.8  75.4  19.7        10.8 106.8   4.5 211.8            
       1 24  41.0  15.2  27.3  70.9  18.8        13.1  92.3   3.8 286.0            
       1 25  45.4  17.7  30.4  62.9  17.5        28.1 198.4   8.3 129.7            
       1 26  40.9  24.0  31.6  48.1  14.0        23.1 206.4   8.6 242.9            
       1 27  33.3  14.2  24.9  81.1  20.1        18.0 110.5   4.6 129.8            
       1 28  25.4  20.2  22.7  92.5  20.9  0.06  16.3 111.8   4.7  84.4            
       1 29  38.0  19.5  29.5  71.8  20.8  0.26  33.0 250.5  10.4 197.8            
       1 30  33.3  15.4  28.3  51.9  12.8        35.1 358.8  14.9 213.1            
       1 31  32.4  -3.5  12.8  65.7   4.0         9.7  90.9   3.8 326.3            
       2  1  31.9   6.4  16.9  72.5  10.2        16.2  96.2   4.0 297.9            
       2  2  41.6  10.6  27.0  70.0  18.6        11.5  86.6   3.6 282.5            
       2  3  45.6  24.0  36.8  63.5  25.1        30.0 218.9   9.1 194.4            
       2  4  40.2  19.8  30.0  69.8  21.0        11.8  91.1   3.8 308.0            
       2  5  57.4  19.9  35.4  67.9  24.3        29.1 179.3   7.5 314.6            
       2  6  41.5  21.7  30.5  84.4  26.2        11.9  96.1   4.0 203.6            
       2  7  30.3  13.0  22.8  85.7  19.9        21.9 220.3   9.2  76.9            
       2  8  13.4   7.9  10.4  77.1   4.7        17.6 199.2   8.3 218.1            
       2  9  19.8 -12.8   4.1  70.8  -2.5  0.02   9.2  79.8   3.3 370.2            
       2 10  38.6  -5.2  15.5  70.2   9.1        15.1 102.5   4.3 369.6            
       2 11  47.7  10.1  25.8  71.2  16.9        23.5 156.1   6.5 321.4            
       2 12  44.5  15.0  28.6  70.8  20.0        15.4 117.3   4.9 368.3            
       2 13  47.6  15.3  29.2  74.1  21.6        24.3 152.7   6.4 372.2            
       2 14  18.8   8.4  12.5  80.3   7.6        14.4 111.2   4.6 295.4            
       2 15  38.4   3.5  20.3  74.3  14.0  0.02  11.3  66.3   2.8 389.7            
       2 16  24.5  17.1  20.8  90.3  18.5        20.9 108.3   4.5  76.4            
       2 17  36.4  20.7  25.2  88.2  22.2         7.9  54.5   2.3 235.9            
       2 18  46.5  20.7  31.7  74.7  24.1         9.4  66.6   2.8 146.1            
       2 19  51.8  24.5  34.7  73.0  26.4        13.5  98.9   4.1 210.7            
       2 20  43.8  21.0  29.3  89.5  26.8        17.8 153.8   6.4 218.5            
       2 21  44.2  24.8  30.4  89.9  27.7        12.4  83.7   3.5 232.4            
       2 22  50.9  20.6  36.0  67.4  25.2        16.9 136.7   5.7 301.3            
       2 23  40.5  27.5  33.5  91.5  31.4        15.9 144.5   6.0  86.7            
       2 24  42.7  25.0  33.5  74.3  25.9  0.01  29.7 209.5   8.7 194.2            
       2 25  51.5  17.9  32.1  62.6  19.0        15.6  92.9   3.9 411.8            
       2 26  32.3  19.5  25.9  80.0  20.5        19.4 169.9   7.1 238.5            
       2 27  21.8  14.0  18.2  85.5  14.8        14.5 153.7   6.4 214.0            
       2 28  38.6  12.8  22.9  75.9  16.5        10.5  70.9   3.0 347.4            
       3  1  56.9  18.5  35.7  54.0  17.0        32.7 201.7   8.4 411.5  0.19  0.12
       3  2  51.0  15.3  32.0  60.6  18.1        13.1  95.7   4.0 460.8  0.11  0.08
       3  3  52.8  16.2  33.9  56.0  17.5        18.6 106.9   4.5 435.2  0.12  0.09
       3  4  50.9  17.2  33.1  59.5  19.1        14.3 100.3   4.2 469.0  0.11  0.08
       3  5  58.8  18.8  39.2  53.1  21.3        11.9 104.8   4.4 374.9  0.13  0.10
       3  6  61.5  32.6  46.4  45.5  25.1        20.2 115.4   4.8 313.1  0.15  0.11
       3  7  58.1  25.7  43.2  61.7  30.0        20.0 143.0   6.0 428.8  0.13  0.10
       3  8  59.7  25.3  41.2  60.2  26.6        16.5 112.9   4.7 477.6  0.15  0.11
       3  9  64.6  21.9  43.7  52.8  24.1        22.5 108.4   4.5 443.7  0.16  0.12
       3 10  42.0  28.1  33.5  85.3  29.4  0.03  24.0 187.2   7.8  94.8  0.06  0.04
       3 11  28.2  23.1  25.2  93.7  23.7  0.08  16.3 169.4   7.1 267.3  0.03  0.03
       3 12  52.9  19.4  34.9  66.6  23.0  0.01  31.7 175.3   7.3 465.7  0.14  0.10
       3 13  56.8  23.6  39.1  61.3  25.2        16.4 106.2   4.4 456.0  0.13  0.10
       3 14  49.7  25.2  36.1  53.7  19.0        46.5 304.3  12.7 251.8  0.17  0.11
       3 15  44.6  19.9  32.2  55.9  16.5        43.4 330.5  13.8 417.6  0.15  0.10
       3 16  45.5   7.6  28.1  69.3  18.8  0.04  21.5 163.2   6.8 422.0  0.10  0.07
       3 17  35.4  24.1  29.8  85.5  26.2  0.02  19.2 208.6   8.7 152.8  0.04  0.03
       3 18  52.5  20.8  33.3  70.7  22.9        30.6 150.5   6.3 367.1  0.13  0.09
       3 19  64.2  17.1  40.1  54.8  21.5        12.5  82.2   3.4 520.7  0.16  0.12
       3 20  69.0  28.7  50.0  48.4  29.4        28.0 145.0   6.0 326.1  0.20  0.14
       3 21  64.1  33.1  49.1  65.8  37.0        18.6 116.1   4.8 338.0  0.14  0.10
       3 22  66.9  30.7  49.4  57.6  31.0        24.0 146.0   6.1 516.5  0.20  0.15
       3 23  64.0  29.2  42.7  61.9  28.1        32.1 217.3   9.1 559.4  0.24  0.16
       3 24  33.6  28.3  30.5  89.9  27.9        13.9 186.1   7.8 117.2  0.04  0.03
       3 25  34.7  28.5  30.7  90.1  28.0        14.5 143.7   6.0 115.7  0.04  0.03
       3 26  40.2  28.0  33.4  90.4  30.9  0.05  10.7  77.9   3.2 172.8  0.04  0.04
       3 27  57.8  27.3  38.8  72.0  29.1        31.5 115.9   4.8 364.5  0.13  0.10
       3 28  52.7  19.4  38.3  64.0  26.3        27.0 112.5   4.7 382.8  0.11  0.09
       3 29  46.7  28.1  37.8  76.9  31.2  0.04  13.7  99.7   4.2 213.1  0.07  0.05
       3 30  59.8  24.8  39.5  65.5  26.1        40.6 254.5  10.6 529.9  0.22  0.15
       3 31  48.5  25.0  34.9  74.0  26.3  0.14  14.3 106.9   4.5 563.1  0.12  0.10
       4  1  70.1  25.7  49.8  50.1  27.2        32.7 222.8   9.3 526.0  0.28  0.19
       4  2  72.9  37.5  53.0  50.7  34.0        29.6 242.3  10.1 472.7  0.30  0.20
       4  3  72.9  32.1  50.9  68.0  39.7        31.9 239.6  10.0 463.3  0.25  0.18
       4  4  62.5  42.4  49.7  77.6  42.4        22.9 163.7   6.8 390.4  0.15  0.11
       4  5  58.7  41.6  50.2  76.7  42.8        14.2 106.1   4.4 269.7  0.10  0.08
       4  6  56.9  39.9  47.8  73.6  39.4        34.9 182.5   7.6 179.6  0.11  0.08
       4  7  65.0  34.2  52.3  34.1  23.5        28.6 206.1   8.6 539.2  0.26  0.18
       4  8  61.4  37.0  47.8  52.7  29.6        29.5 181.0   7.5 462.0  0.21  0.15
       4  9  63.2  26.0  45.2  47.7  25.0        44.1 279.5  11.6 553.9  0.26  0.18
       4 10  41.1  32.5  37.7  78.5  31.5  0.23  21.2 205.8   8.6 110.7  0.06  0.04
       4 11  44.6  32.3  36.7  77.5  30.0  0.50  43.3 466.8  19.4 312.6  0.11  0.08
       4 12  49.7  31.0  38.6  70.3  29.5        18.8 136.9   5.7 417.2  0.12  0.09
       4 13  56.9  31.6  44.1  50.5  25.1        25.5 171.2   7.1 627.5  0.20  0.15
       4 14  60.4  27.7  43.9  57.9  28.0        33.0 167.5   7.0 490.2  0.19  0.14
       4 15  58.2  26.5  43.4  54.6  27.0        34.8 205.2   8.6 628.1  0.20  0.15
       4 16  42.3  30.4  36.3  67.4  26.5        28.1 177.4   7.4 267.5  0.09  0.07
       4 17  62.3  33.4  45.9  61.1  32.5        17.1 126.5   5.3 634.0  0.19  0.15
       4 18  79.5  30.7  55.5  49.4  32.2        20.4 129.0   5.4 583.3  0.28  0.21
       4 19  76.2  41.6  60.0  31.9  26.2        37.0 216.0   9.0 572.7  0.36  0.25
       4 20  57.7  31.0  46.8  60.0  33.7        32.2 197.0   8.2 268.7  0.14  0.10
       4 21  53.3  27.4  40.0  78.6  33.3  0.75  26.9 212.9   8.9 277.7  0.11  0.08
       4 22  37.1  28.4  32.2  87.9  29.1  0.30  34.9 374.6  15.6 142.9  0.05  0.04
       4 23  54.8  29.9  42.0  61.1  29.8        30.1 177.1   7.4 649.4  0.17  0.14
       4 24  67.4  33.6  50.9  59.5  35.6        17.3 125.1   5.2 674.5  0.22  0.17
       4 25  71.4  32.5  52.8  63.0  38.6        14.2  83.3   3.5 686.3  0.21  0.17
       4 26  76.1  38.8  58.2  53.8  38.4        15.3  83.9   3.5 693.3  0.24  0.20
       4 27  81.0  39.1  59.1  55.9  41.1        21.1 127.8   5.3 675.4  0.29  0.22
       4 28  76.5  41.1  59.7  56.6  42.5        25.4 131.4   5.5 630.8  0.25  0.20
       4 29  77.2  40.5  59.8  51.6  39.7        39.0 181.7   7.6 576.4  0.29  0.21
       4 30  74.4  41.3  59.6  44.6  36.2        26.3 140.1   5.8 585.3  0.26  0.20
       5  1  80.5  42.2  61.9  44.5  38.2        36.0 182.7   7.6 431.2  0.31  0.22
       5  2  44.7  32.1  34.7  89.3  31.6  0.72  37.3 236.1   9.8 126.9  0.08  0.05
       5  3  37.9  32.1  34.8  93.9  33.3  0.47  17.3 188.5   7.9 126.9  0.03  0.03
       5  4  43.2  34.1  39.9  91.5  37.7  0.34  14.9 171.9   7.2 105.5  0.03  0.03
       5  5  51.8  39.8  44.9  84.4  40.4  0.40  36.3 323.8  13.5 183.0  0.09  0.07
       5  6  60.7  41.3  50.0  66.8  39.0        31.0 250.4  10.4 576.0  0.20  0.16
       5  7  63.9  35.9  50.3  61.3  36.2        14.2 107.5   4.5 702.0  0.20  0.17
       5  8  75.2  37.1  57.3  54.3  38.2        13.5 108.4   4.5 717.0  0.26  0.21
       5  9  76.9  37.9  57.0  58.2  40.3        37.2 111.4   4.6 433.0  0.22  0.17
       5 10  81.0  42.0  58.3  65.4  45.3        18.9 118.2   4.9 416.0  0.24  0.17
       5 11  68.9  46.3  56.4  69.3  45.9        22.9 153.5   6.4 618.7  0.22  0.18
       5 12  82.5  40.6  61.3  57.3  42.8        13.0  94.0   3.9 618.7  0.26  0.21
       5 13  87.0  42.9  64.5  51.3  43.3        17.7 107.2   4.5 592.1  0.30  0.23
       5 14  82.7  49.5  66.4  50.1  46.7        24.8 150.4   6.3 509.9  0.29  0.22
       5 15  81.5  44.9  64.6  55.6  46.1        19.8 105.2   4.4 434.7  0.23  0.17
       5 16  75.7  52.0  63.3  51.7  44.6        38.9 181.3   7.6 331.9  0.25  0.18
       5 17  61.4  43.4  52.1  81.0  46.4  0.12  27.4 175.2   7.3 159.0  0.10  0.07
       5 18  78.7  36.9  55.5  72.7  45.2  0.01  30.0 119.2   5.0 352.7  0.20  0.15
       5 19  68.2  47.0  57.4  75.0  49.3  0.06  17.7 135.1   5.6 305.2  0.14  0.11
       5 20  69.3  32.0  48.4  68.3  37.4  0.05  54.5 301.4  12.6 339.3  0.25  0.17
       5 21  58.5  29.4  45.8  45.2  23.7        34.2 284.2  11.8 545.5  0.24  0.17
       5 22  72.6  35.9  56.3  44.2  31.8        38.4 283.4  11.8 636.8  0.35  0.24
       5 23  78.3  37.8  60.2  45.2  35.5        40.3 282.2  11.8 585.1  0.38  0.26
       5 24  73.6  38.0  58.5  42.4  33.0        32.6 255.0  10.6 597.9  0.33  0.24
       5 25  73.6  31.9  53.7  59.5  38.7        16.1  94.6   3.9 543.4  0.21  0.17
       5 26  78.5  41.2  58.8  63.6  45.1        17.2 121.7   5.1 383.0  0.22  0.16
       5 27  73.6  48.2  59.1  77.3  51.6  0.03  18.8 135.0   5.6 302.6  0.16  0.12
       5 28  74.1  43.7  59.2  77.5  51.6  0.02  21.8 133.5   5.6 296.0  0.15  0.12
       5 29  80.5  49.0  61.2  71.0  50.4  0.01  24.6  92.5   3.9 288.7  0.18  0.14
       5 30  67.1  48.6  56.5  77.9  49.4  0.07  26.6 185.8   7.7 270.9  0.15  0.11
       5 31  75.7  43.0  58.7  71.9  48.4  0.01  21.6  89.7   3.7 324.6  0.16  0.13
       6  1  85.5  45.0  65.2  50.4  42.9        34.8 159.8   6.7 410.9  0.31  0.22
       6  2  87.0  43.6  64.8  53.5  45.4        25.0 113.8   4.7 427.1  0.27  0.20
       6  3  62.8  51.5  56.1  87.1  52.2  0.06  20.1 205.3   8.6 121.2  0.09  0.07
       6  4  61.6  43.5  52.2  90.2  49.4  0.08  21.2 199.3   8.3 222.8  0.09  0.07
       6  5  73.6  39.8  57.3  67.1  44.4  0.02  18.4 137.1   5.7 521.5  0.22  0.17
       6  6  83.4  48.6  65.9  59.0  46.8  0.01  21.5 144.3   6.0 540.7  0.29  0.22
       6  7  82.6  56.0  68.1  66.5  55.1        30.5 160.3   6.7 460.0  0.26  0.20
       6  8  84.6  51.2  69.2  59.6  52.6        20.2 138.7   5.8 586.0  0.28  0.22
       6  9  91.9  51.3  69.0  56.1  49.5        26.5 127.3   5.3 448.7  0.32  0.23
       6 10  92.3  50.6  74.0  39.4  42.4        20.7 130.7   5.4 595.0  0.36  0.27
       6 11  94.6  48.2  72.3  46.2  46.4        30.2 161.3   6.7 574.9  0.40  0.29
       6 12  85.4  60.2  70.1  57.9  52.9        46.0 187.6   7.8 441.5  0.32  0.23
       6 13  64.7  43.7  52.5  59.6  37.1  0.45  37.3 229.5   9.6 277.8  0.21  0.15
       6 14  67.7  40.3  54.6  52.1  35.4  0.03  32.1 189.1   7.9 582.2  0.26  0.19
       6 15  82.9  39.2  63.3  42.6  35.7        20.8 139.0   5.8 631.8  0.33  0.25
       6 16  79.0  46.0  63.0  56.7  46.6        17.5 129.9   5.4 614.4  0.27  0.21
       6 17  90.7  49.5  70.5  46.5  44.0        18.6 133.6   5.6 649.3  0.36  0.27
       6 18  89.5  48.9  69.8  38.6  41.0        27.6 171.3   7.1 636.4  0.40  0.29
       6 19  69.9  52.2  59.6  55.3  43.2        18.1 174.8   7.3 420.7  0.24  0.18
       6 20  74.4  51.5  61.7  66.3  49.8        21.9 154.7   6.4 582.5  0.24  0.19
       6 21  79.0  48.3  63.5  65.3  50.3        13.1  78.6   3.3 650.1  0.23  0.20
       6 22  87.6  49.7  68.0  54.3  48.7        28.9 111.1   4.6 608.6  0.30  0.24
       6 23  92.7  48.9  70.6  52.4  49.1        16.7 104.5   4.4 711.0  0.34  0.27
       6 24  92.4  52.3  72.5  50.1  50.7        22.9 109.8   4.6 643.8  0.33  0.26
       6 25  91.3  55.0  73.4  54.2  54.0        17.0  82.4   3.4 640.9  0.29  0.24
       6 26  87.5  54.6  72.0  57.7  54.9        21.4 110.8   4.6 610.7  0.28  0.23
       6 27  87.7  56.7  71.4  59.3  54.4        12.1  77.9   3.2 687.7  0.28  0.24
       6 28  93.1  52.6  73.5  53.8  53.8        12.1  74.3   3.1 705.0  0.30  0.25
       6 29  92.6  54.8  74.1  52.9  54.9  0.01  36.7 107.5   4.5 627.2  0.31  0.25
       6 30  92.3  55.5  73.4  56.2  55.8  0.01  23.5 122.6   5.1 542.3  0.31  0.24
       7  1  93.2  57.0  72.6  64.2  58.4  0.03  26.0 110.3   4.6 720.0  0.33  0.27
       7  2  91.9  56.3  72.6  62.2  57.3        31.3 107.8   4.5 481.9  0.27  0.21
       7  3  82.9  53.2  70.1  67.0  58.2        25.6 115.6   4.8 531.8  0.22  0.19
       7  4  89.0  54.7  71.8  65.2  58.5        25.9 107.6   4.5 597.9  0.27  0.22
       7  5  91.6  58.4  75.0  60.9  60.0        30.0  98.7   4.1 577.9  0.27  0.23
       7  6  96.6  58.8  76.3  56.6  58.8        21.4 115.8   4.8 679.5  0.35  0.28
       7  7  92.0  60.1  75.4  61.6  60.7  0.08  25.4 113.8   4.7 584.0  0.29  0.24
       7  8  86.8  62.7  72.7  73.0  63.4  0.19  35.6 158.7   6.6 573.9  0.28  0.22
       7  9  86.9  57.0  71.4  74.1  62.5        17.4  99.6   4.2 644.7  0.25  0.22
       7 10  80.9  59.4  69.5  73.8  60.4  0.18  37.6 133.3   5.6 654.8  0.25  0.21
       7 11  82.7  58.7  69.2  75.2  60.6  0.18  30.5 110.1   4.6 606.3  0.24  0.20
       7 12  82.5  58.4  67.3  81.0  60.8  0.06  23.5 109.7   4.6 446.8  0.20  0.17
       7 13  82.2  56.6  67.5  80.9  61.0  0.10  23.5  86.0   3.6 518.1  0.20  0.17
       7 14  82.1  54.5  67.3  79.1  60.2        11.0  68.8   2.9 571.1  0.20  0.18
       7 15  81.7  57.7  69.3  73.0  59.4        14.3  82.3   3.4 706.0  0.25  0.22
       7 16  89.1  52.0  70.2  60.2  54.1        13.7  73.0   3.0 730.0  0.28  0.24
       7 17  84.7  50.3  69.9  61.0  55.4        11.1  70.6   2.9 567.9  0.22  0.19
       7 18  89.4  50.3  72.2  55.3  52.4        14.6 104.2   4.3 731.0  0.31  0.26
       7 19  93.5  57.1  76.9  44.0  51.2        25.2 127.0   5.3 684.6  0.36  0.28
       7 20  95.9  56.3  75.7  52.5  53.6        15.4 100.4   4.2 706.0  0.34  0.27
       7 21  96.2  57.8  77.4  45.3  51.3        18.0 105.1   4.4 522.2  0.32  0.24
       7 22  97.5  58.5  76.7  49.5  51.7        14.4 105.4   4.4 698.4  0.37  0.29
       7 23  82.0  60.2  69.0  73.2  60.0  0.06  20.5 148.4   6.2 307.2  0.20  0.15
       7 24  86.6  55.9  68.8  71.2  57.8        27.5 106.5   4.4 547.1  0.25  0.20
       7 25  87.3  54.5  70.6  64.5  56.5        16.4 116.1   4.8 647.9  0.28  0.23
       7 26  77.9  56.8  67.3  72.3  57.6  0.02  27.3 109.4   4.6 403.1  0.18  0.15
       7 27  85.8  55.8  71.4  62.0  55.4        14.3  84.8   3.5 676.8  0.26  0.23
       7 28  88.0  55.4  71.9  63.4  56.5        13.5  94.0   3.9 694.9  0.28  0.24
       7 29  92.2  52.2  71.8  61.1  55.7        14.3  84.8   3.5 590.7  0.27  0.22
       7 30  90.9  51.9  73.7  53.5  54.1        17.0 109.2   4.5 670.5  0.30  0.25
       7 31  88.9  60.9  72.7  62.7  58.3  0.12  20.9 107.7   4.5 542.0  0.27  0.22
       8  1  84.1  58.2  68.7  70.9  57.8        20.7 110.6   4.6 398.1  0.21  0.17
       8  2  86.3  58.4  71.0  75.7  62.4        22.1  88.9   3.7 676.7  0.25  0.22
       8  3  85.1  56.3  71.9  71.3  61.0        15.1 102.0   4.3 677.8  0.25  0.22
       8  4  92.4  57.6  73.4  66.8  60.2        15.0  87.2   3.6 623.8  0.27  0.23
       8  5  88.7  60.2  74.7  62.7  59.9        17.8  93.9   3.9 616.3  0.26  0.22
       8  6  89.2  59.5  73.5  65.9  60.5  0.14  22.9 116.2   4.8 623.5  0.28  0.23
       8  7  86.0  57.7  71.6  71.1  60.8        16.6  88.4   3.7 657.9  0.25  0.22
       8  8  86.6  55.9  70.6  62.5  56.6        31.3 151.0   6.3 550.5  0.28  0.22
       8  9  72.7  57.2  63.5  72.2  54.3        21.5 147.1   6.1 267.0  0.16  0.12
       8 10  77.2  52.7  62.5  78.0  55.5        14.5  76.0   3.2 485.9  0.18  0.15
       8 11  80.9  50.6  65.2  74.7  56.0        14.5  80.5   3.4 567.1  0.20  0.18
       8 12  82.5  51.0  67.0  67.0  54.5        18.3 109.8   4.6 571.5  0.23  0.19
       8 13  82.4  52.1  66.8  73.6  57.8        16.5  77.7   3.2 606.0  0.21  0.19
       8 14  80.9  61.8  67.8  70.4  57.4  0.01  17.3 128.6   5.4 282.9  0.19  0.14
       8 15  77.1  59.1  67.7  56.5  51.4  0.02  29.3 195.3   8.1 423.2  0.26  0.19
       8 16  78.2  50.0  62.4  72.8  52.8  0.01  19.0  77.5   3.2 435.3  0.17  0.14
       8 17  80.0  45.0  63.3  65.3  49.2        21.3  99.5   4.1 647.1  0.24  0.20
       8 18  85.5  43.2  65.0  65.7  52.4        12.0  67.8   2.8 632.2  0.23  0.19
       8 19  88.4  45.6  66.4  60.8  51.5        39.8  95.5   4.0 414.6  0.23  0.17
       8 20  83.9  50.7  67.2  64.2  54.0        29.1  87.4   3.6 398.1  0.19  0.15
       8 21  85.6  54.3  67.3  68.0  55.4        12.4  66.8   2.8 547.7  0.21  0.18
       8 22  87.3  52.3  68.6  60.0  53.6        19.1  92.9   3.9 468.2  0.23  0.18
       8 23  82.5  54.5  65.3  75.9  57.1  0.01  14.3  69.3   2.9 418.5  0.17  0.14
       8 24  92.0  46.4  67.5  65.5  53.6        12.5  77.1   3.2 582.4  0.25  0.20
       8 25  79.8  50.2  66.8  64.7  53.6        21.0 138.3   5.8 502.4  0.22  0.17
       8 26  90.0  44.9  66.0  64.3  52.6         9.4  69.6   2.9 615.4  0.24  0.20
       8 27  91.6  46.9  68.3  57.5  51.6        14.3  81.4   3.4 601.1  0.26  0.21
       8 28  88.6  48.6  65.0  59.9  49.7        18.1  87.7   3.7 491.4  0.25  0.19
       8 29  86.4  45.1  64.3  64.2  50.4        15.0  72.1   3.0 426.6  0.20  0.16
       8 30  76.5  48.1  62.9  64.0  49.8        12.0  76.6   3.2 456.2  0.17  0.14
       8 31  82.8  49.4  64.1  67.8  52.1        19.3  93.2   3.9 434.3  0.20  0.16
       9  1  88.8  46.8  66.3  57.8  48.1        24.8 106.6   4.4 433.7  0.26  0.19
       9  2  91.2  49.0  71.2  41.5  43.0        25.8 157.4   6.6 484.5  0.35  0.24
       9  3  91.4  50.3  70.4  45.1  45.8        13.7  92.2   3.8 559.7  0.28  0.21
       9  4  88.9  49.4  68.7  47.0  44.5        15.9 119.4   5.0 569.2  0.30  0.22
       9  5  89.9  48.2  66.0  57.6  48.2  0.03  36.5 128.9   5.4 520.6  0.30  0.22
       9  6  88.1  52.3  65.3  59.0  48.2  0.06  44.3 161.4   6.7 444.8  0.33  0.23
       9  7  70.2  43.7  56.0  52.2  37.4  0.21  33.9 220.6   9.2 504.3  0.26  0.19
       9  8  53.6  34.8  45.1  74.9  37.3  0.12  22.7 165.3   6.9 249.7  0.09  0.07
       9  9  71.9  30.1  49.5  66.1  35.4        14.1  77.6   3.2 579.4  0.18  0.15
       9 10  82.3  36.9  57.7  59.0  38.8        15.5  85.6   3.6 577.1  0.24  0.18
       9 11  87.6  42.9  63.6  45.3  37.1        22.4 105.9   4.4 577.3  0.29  0.21
       9 12  83.3  41.4  64.0  43.8  40.4        21.0 130.9   5.5 537.5  0.27  0.20
       9 13  83.2  44.8  63.8  56.7  46.4        23.4 124.8   5.2 418.2  0.23  0.17
       9 14  79.3  48.8  60.5  76.1  51.4  0.08  23.0 122.1   5.1 478.1  0.21  0.16
       9 15  63.4  52.7  57.2  86.7  53.2  0.05  20.2 108.7   4.5 291.9  0.09  0.08
       9 16  80.4  49.8  60.8  72.2  50.7        20.7  79.8   3.3 357.2  0.17  0.13
       9 17  65.4  48.2  55.9  84.8  51.3  0.10  19.6 101.0   4.2 200.0  0.09  0.07
       9 18  68.9  46.4  55.8  79.6  49.0        14.1  74.2   3.1 357.3  0.12  0.10
       9 19  81.6  39.4  60.0  60.7  43.0        15.3  86.1   3.6 536.7  0.21  0.16
       9 20  77.6  46.8  61.7  53.3  43.2        15.9 123.7   5.2 524.2  0.23  0.17
       9 21  84.7  41.2  61.8  59.2  44.2        14.3 101.4   4.2 517.7  0.24  0.18
       9 22  78.7  43.0  61.1  47.4  37.8        26.1 172.3   7.2 493.0  0.28  0.19
       9 23  68.9  38.7  53.2  59.9  38.7        16.8 111.4   4.6 511.9  0.18  0.13
       9 24  77.8  36.2  55.4  65.5  42.4        13.2 102.1   4.3 509.9  0.20  0.15
       9 25  81.7  39.4  59.9  57.3  41.6        16.8 106.4   4.4 503.8  0.23  0.17
       9 26  88.8  40.3  61.9  51.5  40.4        17.2  95.6   4.0 431.9  0.25  0.18
       9 27  88.2  44.8  66.4  41.0  39.7        16.0  93.8   3.9 507.0  0.25  0.18
       9 28  81.1  44.3  62.0  59.9  46.4        18.4 129.9   5.4 454.1  0.22  0.16
       9 29  81.2  47.2  61.6  57.2  44.8        29.9 124.2   5.2 345.8  0.22  0.15
       9 30  73.4  44.9  58.4  65.9  46.6        12.9  90.1   3.8 440.6  0.15  0.12
      10  1  81.3  43.9  60.3  61.8  45.2        11.8  78.2   3.3 462.4  0.18  0.14
      10  2  78.7  43.8  62.7  40.2  35.5        27.5 166.9   7.0 463.2  0.27  0.18
      10  3  78.1  35.4  55.7  47.9  34.7        16.0 104.4   4.3 414.2  0.21  0.15
      10  4  50.7  32.3  45.0  72.4  36.5  0.06  27.2 181.7   7.6 107.3  0.06  0.05
      10  5  46.5  27.9  36.5  81.0  30.9  0.06  13.5  95.3   4.0 295.6  0.07  0.05
      10  6  68.1  23.1  43.3  69.1  32.6        11.2  66.1   2.8 430.9  0.13  0.10
      10  7  75.0  33.4  49.8  69.0  39.5        12.4  60.4   2.5 162.7  0.11  0.08
      10  8  77.6  35.3  56.9  55.0  38.4        33.2  97.4   4.1 385.8  0.18  0.13
      10  9  64.3  41.0  49.8  67.2  39.1  0.08  27.5 203.4   8.5 236.4  0.16  0.11
      10 10  55.7  28.4  43.2  54.8  27.0        27.6 164.6   6.9 415.6  0.14  0.10
      10 11  54.6  21.3  40.7  61.9  27.9        43.8 116.8   4.9 206.5  0.09  0.07
      10 12  51.7  33.2  43.1  46.0  23.0        32.9 279.4  11.6 371.6  0.18  0.12
      10 13  60.2  32.3  47.8  52.3  30.8        35.1 250.3  10.4 193.8  0.17  0.11
      10 14  59.1  28.4  43.8  68.7  33.5        32.5 102.1   4.3 281.0  0.10  0.07
      10 15  51.5  25.5  36.9  71.9  28.3  0.10  33.3 160.7   6.7 417.5  0.11  0.08
      10 16  66.9  20.8  40.5  64.8  27.9        11.1  84.9   3.5 383.6  0.14  0.10
      10 17  70.9  29.4  49.1  57.3  33.4        11.4  79.3   3.3 270.9  0.13  0.09
      10 18  54.3  30.6  42.3  62.3  29.7        21.6 139.7   5.8 369.2  0.11  0.08
      10 19  68.8  24.5  45.6  54.9  27.5        16.5 123.8   5.2 380.4  0.18  0.12
      10 20  53.9  30.6  41.2  63.8  30.0        12.4  95.4   4.0 207.3  0.09  0.06
      10 21  55.8  30.8  45.3  64.2  33.6        26.9 116.8   4.9 216.5  0.09  0.06
      10 22  67.3  30.3  49.7  54.3  32.1        31.8 129.9   5.4 247.0  0.15  0.10
      10 23  69.5  28.8  48.1  48.3  27.8        49.8 286.0  11.9 324.0  0.28  0.17
      10 24  52.5  29.3  40.7  31.3  12.0        41.1 329.3  13.7 385.1  0.23  0.14
      10 25  58.0  20.3  37.9  37.5  13.0        25.6 161.8   6.7 377.7  0.18  0.11
      10 26  57.6  17.9  37.4  43.3  15.7        17.9 113.7   4.7 365.9  0.13  0.09
      10 27  74.0  21.2  43.4  44.1  19.7        13.6  84.1   3.5 335.1  0.18  0.11
      10 28  71.1  33.6  48.5  49.5  30.6        14.2  92.6   3.9 130.7  0.15  0.09
      10 29  56.3  29.4  41.5  64.8  30.1        11.3  77.6   3.2 261.4  0.08  0.06
      10 30  62.6  31.3  44.2  66.0  33.1         9.1  54.8   2.3 119.0  0.07  0.05
      10 31  71.4  30.9  50.1  48.7  29.9        34.0 184.1   7.7 251.2  0.22  0.14
      11  1  64.6  31.0  45.4  47.6  24.8        13.7  89.9   3.7 329.6            
      11  2  63.4  27.9  42.9  51.8  24.8        13.4 103.8   4.3 329.4            
      11  3  67.3  28.7  45.6  49.5  25.8        18.3  98.7   4.1 313.2            
      11  4  69.8  22.1  41.6  55.5  25.0        10.2  89.3   3.7 332.5            
      11  5  75.3  25.8  46.9  47.4  24.9        14.3  88.0   3.7 311.4            
      11  6  70.7  33.2  50.8  50.6  31.4        14.5 101.3   4.2 304.6            
      11  7  69.0  32.2  42.9  68.2  31.6  0.22  34.8 190.0   7.9 196.0            
      11  8  46.5  22.2  33.7  83.5  29.1  0.19  14.0  79.8   3.3 294.2            
      11  9  64.6  18.0  35.4  70.9  26.1         7.4  62.9   2.6 325.2            
      11 10  59.3  19.9  36.1  61.6  22.4        10.2  77.4   3.2 322.4            
      11 11  63.1  22.7  39.1  65.1  26.6        10.1  83.7   3.5 279.7            
      11 12  64.7  27.3  43.5  63.8  30.3        13.2  98.3   4.1 291.9            
      11 13  69.4  31.1  43.8  64.5  31.0         9.3  88.0   3.7 252.5            
      11 14  66.1  28.7  44.5  57.2  28.0        12.3 108.2   4.5 289.1            
      11 15  64.0  23.5  39.9  67.0  28.3        11.5  93.2   3.9 287.1            
      11 16  65.3  23.2  39.0  74.5  30.8        10.5  99.4   4.1 284.3            
      11 17  63.0  24.8  40.2  74.5  31.3        10.2  91.3   3.8 273.4            
      11 18  50.4  26.4  33.8  78.1  27.5  0.07  32.8 212.6   8.9  92.1            
      11 19  45.9  15.2  27.6  88.6  25.1  0.02   7.6  63.8   2.7 227.7            
      11 20  61.3  13.2  32.2  68.8  23.0        11.0  72.8   3.0 292.4            
      11 21  55.3  14.8  31.9  64.2  20.4         8.5  63.5   2.6 212.7            
      11 22  54.7  25.5  38.3  62.1  25.6  0.02  14.8  82.3   3.4 167.9            
      11 23  43.6  33.5  39.3  70.5  30.5  0.01  31.9 305.5  12.7  72.9            
      11 24  49.2  22.4  34.8  54.7  18.2        25.1 197.3   8.2 269.7            
      11 25  32.6  19.7  28.0  84.7  24.1        18.3 168.3   7.0  72.0            
      11 26  29.8  12.3  22.9  81.3  18.2  0.02  32.2 276.2  11.5 132.4            
      11 27  24.6   3.7  13.3  80.1   8.3        17.0 108.2   4.5 198.2            
      11 28  23.9  -3.0   8.4  79.2   4.0  0.02   7.9  72.6   3.0 254.3            
      11 29  33.0   6.8  19.3  80.3  14.8         9.9  54.6   2.3 165.7            
      11 30  44.3  20.4  29.9  67.4  19.5        28.6 106.1   4.4 216.9            
      12  1  43.9  11.1  27.0  69.1  18.2        13.3  81.7   3.4 247.4            
      12  2  54.3  21.0  35.0  67.3  24.6        14.6 101.9   4.2 266.4            
      12  3  63.0  21.1  36.0  65.4  24.0        17.0 104.1   4.3 211.2            
      12  4  45.5  20.6  31.6  69.5  22.6        29.7 131.5   5.5 172.4            
      12  5  46.3  27.6  37.3  31.1   8.9        32.7 282.7  11.8 251.9            
      12  6  57.3  26.4  40.3  41.9  17.7        27.8 165.4   6.9 243.5            
      12  7  43.9  15.4  32.4  46.5  13.3        32.4 249.0  10.4 238.9            
      12  8  47.2   7.8  23.2  59.1   9.1         8.8  75.3   3.1 242.2            
      12  9  54.1  13.0  29.4  59.3  15.4         9.6  72.2   3.0 211.7            
      12 10  40.5  12.9  25.0  68.6  15.4        14.0 111.7   4.7 183.0            
      12 11  49.7   9.8  27.5  61.7  12.7        21.9 127.0   5.3 238.1            
      12 12  31.7   6.4  21.1  71.6  13.5        14.1  64.1   2.7 128.0            
      12 13  37.1   3.8  18.4  69.7  10.3         8.3  71.4   3.0 188.2            
      12 14  45.3  11.2  25.5  66.1  15.1         9.4  82.2   3.4 176.2            
      12 15  45.3  14.9  29.5  66.6  18.8        25.5 142.1   5.9 135.0            
      12 16  37.6   6.9  19.7  84.8  16.5  0.01   9.3  60.8   2.5 186.8            
      12 17  59.5  11.6  30.7  61.5  18.2        18.3  72.6   3.0 224.5            
      12 18  43.4   9.6  26.2  68.3  16.6        28.0 138.2   5.8 194.2            
      12 19  50.6   8.8  25.4  63.4  13.3        12.4 110.3   4.6 217.6            
      12 20  43.4  12.7  25.9  66.8  16.0        14.9 115.0   4.8 208.5            
      12 21  53.1  10.5  31.2  60.5  17.4        32.7 164.3   6.8 201.7            
      12 22  41.9  15.0  26.2  61.7  14.0        18.9 111.0   4.6 207.5            
      12 23  45.5   5.6  22.3  65.3  11.5        10.7  82.6   3.4 235.7            
      12 24  40.7   6.6  23.0  54.7   7.8        21.4 112.3   4.7 221.5            
      12 25  46.3  19.0  32.8  30.1   3.9        34.2 250.2  10.4 179.7            
      12 26  52.2  13.4  30.7  41.8   8.7        12.5 100.9   4.2 238.9            
      12 27  48.1  12.9  28.3  45.0   8.5        13.0 106.1   4.4 235.8            
      12 28  50.7   9.6  28.8  59.1  15.5        39.6 241.1  10.0  72.0            
      12 29  34.0  13.9  23.4  65.4  13.3        15.9  87.3   3.6 148.5            
      12 30  24.5  16.6  20.9  72.5  13.5         9.6  88.8   3.7 118.0            
      12 31  35.8   5.1  21.0  70.5  12.7        18.1  83.2   3.5 218.8            

      Total                                8.33                         51.37 39.25
        Max  97.5  62.7  77.4  93.9  63.4        54.5 466.8  19.4 731.0
        Min  13.4 -12.8   4.1  30.1  -2.5         7.4  53.0   2.2  72.0
        Ave  63.9  32.9  47.5  63.8  34.0        21.3 133.5   5.6 385.1
