                                                                    07-JUN-99
      Cellular-linked Weather Station near EATON, Colorado               1996
      -----------------------------------------------------------------------
               Temperature      Rel   Dew             Wind        Solar Alflf
            ----------------- Humid Point  Prec -----------------   Rad   ETR
       Date   Max   Min   Ave   Ave   Ave Total   Max Total   Ave Total Total
      MoDay     F     F     F     %     F  inch   mph miles   mph Langl  inch
      ----- ----- ----- ----- ----- ----- ----- ----- ----- ----- ----- -----
       1  1  31.1  15.7  24.1  66.9  14.7        31.6 240.4  10.0 112.9      
       1  2  24.3  10.5  18.1  60.1   6.6        20.4 156.3   6.5 214.5      
       1  3  54.4  15.8  33.5  59.8  19.0        48.3 270.3  11.3 214.9      
       1  4  40.4   5.3  20.5  77.3  14.6        25.7 203.8   8.5  88.3      
       1  5  15.2 -15.2   2.5  78.1  -1.1  0.01   9.1  86.2   3.6 189.7      
       1  6  18.2 -16.8  -0.6  73.5  -4.0         9.1  60.6   2.5 244.7      
       1  7  38.4   4.4  20.0  72.8  12.9  0.01   7.6  69.7   2.9 243.8      
       1  8  58.6  17.4  35.9  58.0  22.3        15.9 104.9   4.4 241.9      
       1  9  48.8  19.8  32.9  72.0  24.3         9.8  92.0   3.8 205.0      
       1 10  52.4  22.6  34.1  66.6  23.3  0.04  46.0 240.6  10.0 180.2      
       1 11  47.3  16.2  29.0  71.1  20.0        11.0  92.1   3.8 212.6      
       1 12  62.3  16.8  33.0  63.4  20.1        11.0  85.0   3.5 264.2      
       1 13  67.7  18.6  38.4  48.3  17.5        14.2  98.3   4.1 253.5      
       1 14  58.1  17.3  33.9  53.2  16.2        11.1  95.8   4.0 268.3      
       1 15  62.1  17.8  35.6  50.6  15.4        15.8 113.8   4.7 232.4      
       1 16  57.7  29.0  43.5  38.1  19.3        29.0 221.5   9.2 240.1      
       1 17  40.4   7.8  20.5  49.6   8.6        48.7 439.2  18.3 112.6      
       1 18  21.9  -0.9   9.4  47.4  -6.6        26.5 167.3   7.0 276.6      
       1 19  45.5   3.4  23.4  45.7   3.7        30.9 164.2   6.8 281.3      
       1 20  43.1  11.8  28.1  36.6   3.0        36.2 211.7   8.8 283.5      
       1 21  53.8   9.1  30.4  40.5   6.6  0.01  36.6 178.7   7.4 290.0      
       1 22  36.5   5.0  16.2  77.6  10.6  0.01  20.2 164.6   6.9  62.3      
       1 23  31.9  -3.8  14.6  59.6   2.5  0.02  27.9 173.8   7.2 303.1      
       1 24  45.4   4.3  25.1  51.4   9.6        33.0 211.8   8.8 280.7      
       1 25  29.9  -6.5  13.5  69.7   5.5  0.01  20.8 199.7   8.3 130.3      
       1 26  23.7 -17.9   1.4  63.1  -6.6        14.2 106.6   4.4 278.8      
       1 27  30.0  -7.1  10.6  60.6   0.3        13.2  80.8   3.4 302.0      
       1 28  42.1   4.6  26.1  51.4  11.1  0.04  38.3 266.4  11.1 269.9      
       1 29  33.7   4.6  14.1  64.4   4.7        20.3 168.4   7.0 203.4      
       1 30   5.7  -3.2   1.4  72.6  -5.2  0.11  12.9 110.0   4.6 171.6      
       1 31  15.3 -16.6   4.3  78.1  -0.1  0.12   9.6  64.6   2.7  55.0      
       2  1  17.3 -24.5  -8.2  64.6 -14.1  0.02  19.6 102.6   4.3 210.6      
       2  2  -0.5 -26.7 -11.9  60.7 -20.7         7.7  80.6   3.4 321.6      
       2  3  14.5 -31.2 -13.4  59.5 -20.4         9.6  84.9   3.5 340.4      
       2  4  36.6 -18.1   9.6  59.9   3.0        17.5 101.6   4.2 329.5      
       2  5  51.4  12.2  30.5  71.9  22.7        11.5  85.5   3.6 334.6      
       2  6  53.0  19.7  35.9  64.2  24.7        16.8  98.3   4.1 230.3      
       2  7  58.6  28.1  41.7  63.3  30.2        22.1 113.2   4.7 271.5      
       2  8  58.3  30.5  40.9  70.6  31.8        15.1  95.2   4.0 288.9      
       2  9  65.4  26.6  44.1  58.6  28.9        19.6 123.9   5.2 251.5      
       2 10  48.7  17.3  32.0  63.1  20.7  0.03  26.4 208.1   8.7 198.8      
       2 11  49.4  13.6  28.0  61.2  14.4        12.4  97.6   4.1 359.8      
       2 12  56.2  14.2  31.7  52.5  12.8        12.9  94.4   3.9 380.8      
       2 13  60.8  19.4  37.2  46.4  14.4        13.2  98.7   4.1 335.5      
       2 14  56.2  25.3  39.3  53.8  23.1  0.01  33.3 241.2  10.1 189.1      
       2 15  41.9  17.7  28.9  63.7  18.2        32.7 221.2   9.2 242.7      
       2 16  59.6  12.4  33.0  50.2  14.1        11.7  78.9   3.3 389.7      
       2 17  59.7  22.9  39.5  46.7  19.3        17.0 114.3   4.8 357.9      
       2 18  58.1  31.3  47.8  41.9  25.1        33.6 290.5  12.1 257.1      
       2 19  61.3  24.8  42.3  49.4  22.0        41.1 241.3  10.1 362.6      
       2 20  54.1  27.7  41.0  61.2  28.8        28.9 186.2   7.8 250.4      
       2 21  59.3  31.7  44.1  74.3  35.5        13.7  85.0   3.5 278.8      
       2 22  64.9  30.4  40.7  59.1  26.0  0.04  44.7 290.1  12.1 286.0      
       2 23  52.7  21.7  36.2  25.0   1.0        36.1 266.8  11.1 432.1      
       2 24  63.4  17.4  38.0  30.6   5.1        21.8 144.7   6.0 419.0      
       2 25  53.7  16.5  31.4  46.6  11.7        25.0 202.4   8.4 429.1      
       2 26  21.7  15.2  17.4  82.6  13.1        16.6 173.3   7.2 194.1      
       2 27  18.1   5.6  11.4  67.9   3.3        17.5 191.4   8.0 211.3      
       2 28  18.6   0.7   9.4  60.8  -1.3        11.2  82.7   3.4 306.6      
       2 29  40.0   3.5  20.0  51.2   3.0  0.01  27.4 128.7   5.4 432.4      
       3  1  44.5  25.2  34.4  30.9   6.4        48.7 403.3  16.8 393.3  0.14
       3  2  51.3  19.7  37.0  35.5  10.2  0.02  34.0 285.4  11.9 379.8  0.12
       3  3  58.3  13.5  34.6  41.9   9.1        18.3 114.8   4.8 436.7  0.11
       3  4  56.1  26.0  38.5  41.8  16.5        19.7  95.0   4.0 160.0  0.07
       3  5  44.2  13.8  25.2  69.6  16.5        33.4 184.3   7.7 309.5  0.09
       3  6  24.3   6.1  13.3  56.9   0.5        18.7 149.6   6.2 426.1  0.07
       3  7  28.2   6.7  16.2  62.0   5.1        20.8 156.3   6.5 374.0  0.07
       3  8  37.7   6.7  22.8  75.0  16.5        10.7  81.1   3.4 389.0  0.05
       3  9  62.6  15.3  36.5  56.4  19.3        12.8  88.6   3.7 489.9  0.09
       3 10  70.9  21.0  45.7  41.7  19.2        12.5  95.3   4.0 422.9  0.09
       3 11  70.1  29.7  51.0  32.6  19.8        23.7 133.3   5.6 421.1  0.12
       3 12  61.5  27.0  45.1  53.1  27.7  0.01  25.9 133.5   5.6 281.7  0.10
       3 13  60.6  25.5  38.1  77.4  30.3  0.54  35.7 190.6   7.9 379.0  0.14
       3 14  41.4  29.0  33.7  91.8  31.5  0.48  13.7 120.5   5.0 218.3  0.06
       3 15  52.5  30.4  40.2  71.2  31.3  0.01  21.1 145.7   6.1 462.2  0.11
       3 16  49.7  30.1  38.5  67.4  27.6        30.0 273.6  11.4 302.8  0.11
       3 17  43.0  25.9  34.1  73.9  26.0  0.01  32.6 231.6   9.7 293.4  0.09
       3 18  41.7  23.3  31.4  65.7  20.7        37.3 301.4  12.6 387.3  0.12
       3 19  61.6  17.6  30.9  55.0  14.9  0.01  32.5 290.6  12.1 491.0  0.22
       3 20  55.9  14.5  33.2  59.8  19.3        13.5 102.6   4.3 498.1  0.11
       3 21  54.2  27.3  41.1  58.6  27.2        31.9 230.2   9.6 461.3  0.12
       3 22  59.1  22.6  39.7  59.3  25.4        11.2 103.5   4.3 423.6  0.10
       3 23  55.5  17.6  34.7  70.6  25.9  0.07  41.3 378.1  15.8 377.9  0.16
       3 24  20.9   3.4  13.2  66.0   4.4  0.02  40.3 563.0  23.5 451.3  0.11
       3 25  23.3  -1.9  11.4  56.5  -0.6        15.0 133.0   5.5 541.6  0.08
       3 26  47.1   5.6  25.3  57.8  11.5        11.1  85.8   3.6 552.1  0.09
       3 27  58.6  15.9  36.7  54.0  19.4        20.0 120.5   5.0 400.3  0.09
       3 28  63.7  25.5  42.5  55.2  25.3        20.1 175.4   7.3 519.5  0.14
       3 29  54.3  27.8  37.4  83.6  32.5        26.7 156.9   6.5 298.7  0.09
       3 30  54.0  24.7  39.8  60.2  25.2        16.9 119.0   5.0 537.1  0.13
       3 31  61.5  22.1  42.2  50.7  22.9        15.6 109.9   4.6 496.2  0.14
       4  1  73.1  25.6  46.2  47.5  22.5        20.0 141.5   5.9 419.6  0.17
       4  2  75.9  28.3  54.1  34.6  20.9        31.9 217.8   9.1 467.6  0.21
       4  3  56.8  35.9  46.3  48.2  26.7  0.01  38.2 361.2  15.1 479.5  0.21
       4  4  41.4  29.9  34.3  80.7  28.7        16.8 188.8   7.9 194.6  0.08
       4  5  52.9  25.9  35.4  78.7  28.3  0.05  16.4 119.7   5.0 534.4  0.14
       4  6  67.2  24.0  47.9  49.8  26.2  0.07  29.4 190.7   7.9 561.1  0.18
       4  7  63.8  40.6  53.7  51.9  35.7        30.1 192.5   8.0 287.6  0.11
       4  8  73.0  37.9  54.1  56.9  36.0  0.02  29.7 173.4   7.2 378.3  0.16
       4  9  75.8  33.0  54.2  52.5  33.0        18.0 105.0   4.4 584.3  0.20
       4 10  80.2  36.7  56.8  45.8  32.1        27.6 130.6   5.4 502.5  0.21
       4 11  53.8  35.8  44.6  74.0  36.7  0.21  35.1 287.8  12.0 133.1  0.10
       4 12  59.0  30.1  45.1  66.7  32.9        25.1 131.7   5.5 500.7  0.15
       4 13  45.0  31.6  35.3  83.1  30.8  0.14  40.0 321.1  13.4 132.2  0.09
       4 14  47.8  26.7  38.3  58.4  24.0        37.6 420.0  17.5 583.0  0.20
       4 15  61.5  23.2  44.1  46.7  21.2        25.5 138.2   5.8 654.2  0.19
       4 16  72.1  30.9  51.2  46.1  26.4        18.0 115.6   4.8 584.1  0.18
       4 17  67.6  35.3  53.7  36.5  24.9  0.01  41.7 325.6  13.6 638.3  0.28
       4 18  62.9  30.2  47.1  41.4  23.3  0.01  39.5 212.0   8.8 423.2  0.20
       4 19  52.2  29.6  41.2  42.3  19.9        49.8 411.2  17.1 432.9  0.24
       4 20  55.9  18.1  39.8  44.4  18.0        25.3 158.5   6.6 456.2  0.16
       4 21  51.7  31.0  40.4  48.6  21.8        31.4 297.5  12.4 382.1  0.18
       4 22  55.7  21.1  41.0  58.0  24.9        19.9 102.1   4.3 563.2  0.15
       4 23  71.8  27.7  51.9  46.1  29.2        16.7 105.3   4.4 577.6  0.18
       4 24  82.7  41.6  63.4  35.1  31.9  0.02  42.0 266.2  11.1 485.8  0.27
       4 25  63.7  41.5  52.5  26.4  17.6        50.5 538.9  22.5 694.2  0.43
       4 26  71.9  36.2  54.4  30.7  22.6        46.4 308.8  12.9 657.0  0.34
       4 27  62.8  30.8  46.6  54.5  30.4  0.01  38.4 263.7  11.0 450.7  0.23
       4 28  46.4  28.0  36.1  64.2  24.6  0.01  41.1 384.8  16.0 375.7  0.18
       4 29  57.5  19.7  41.0  48.2  19.8        31.9 165.7   6.9 453.6  0.18
       4 30  55.0  38.5  44.8  66.5  33.9  0.02  32.4 182.9   7.6 281.9  0.12
       5  1  61.6  37.0  48.9  65.4  36.9        17.6 104.3   4.3 504.9  0.14
       5  2  71.5  37.3  53.5  54.2  35.5        27.9 206.1   8.6 587.3  0.23
       5  3  70.9  35.7  54.0  53.2  34.9        20.5 149.8   6.2 519.4  0.20
       5  4  72.1  34.2  53.8  55.4  37.0  0.01  27.8 189.9   7.9 606.9  0.24
       5  5  65.7  34.7  49.9  58.6  36.0        27.2 206.8   8.6 549.8  0.22
       5  6  70.3  38.7  55.3  70.5  44.5        22.1 173.3   7.2 571.3  0.20
       5  7  62.6  46.0  51.4  90.3  48.5        11.4 109.5   4.6 175.3  0.08
       5  8  75.8  37.2  57.5  65.2  43.6  0.03  29.1 169.7   7.1 508.1  0.21
       5  9  58.1  41.0  49.1  92.0  47.2  0.11  31.2 193.9   8.1 143.2  0.07
       5 10  63.1  35.8  46.8  84.7  42.4        15.9 135.3   5.6 349.6  0.14
       5 11  73.1  44.9  56.9  69.9  45.5        19.3 156.5   6.5 579.6  0.21
       5 12  70.6  38.5  55.3  71.3  45.4        20.5 179.7   7.5 608.2  0.21
       5 13  77.6  40.3  59.8  67.7  47.7        18.0 121.4   5.1 622.2  0.22
       5 14  84.1  43.8  66.9  50.7  43.2        59.1 123.4   5.1 440.7  0.21
       5 15  84.3  48.4  67.3  51.4  47.4        19.4 126.0   5.3 496.9  0.23
       5 16  87.6  49.9  68.4  57.6  50.0        21.1 128.3   5.3 519.7  0.25
       5 17  80.9  51.8  67.3  38.1  39.7        31.3 177.4   7.4 508.8  0.28
       5 18  87.4  44.1  64.8  45.3  40.0        38.1 210.4   8.8 499.5  0.35
       5 19  72.5  42.4  55.7  60.1  41.5  0.04  30.3 239.5  10.0 485.4  0.28
       5 20  65.2  44.5  53.6  63.0  39.9  0.09  29.0 207.9   8.7 368.7  0.21
       5 21  72.8  37.6  56.5  69.8  45.7  0.04  16.5  98.1   4.1 429.2  0.17
       5 22  79.4  44.6  62.1  62.1  47.8  0.03  23.8 146.1   6.1 423.5  0.20
       5 23  62.4  45.9  54.6  85.2  50.2  0.26  23.8 209.5   8.7 201.4  0.09
       5 24  53.3  46.7  50.1  95.9  49.0  0.10  19.0 198.3   8.3  94.8  0.05
       5 25  48.3  44.5  46.3  97.1  45.5  0.89  25.3 147.2   6.1 117.3  0.05
       5 26  50.5  41.2  44.9  91.9  42.8  1.11  20.3 204.7   8.5 187.2  0.07
       5 27  51.3  40.0  45.7  81.6  40.4  0.07  29.8 289.5  12.1 285.1  0.11
       5 28  46.5  38.0  41.5  91.8  39.4        15.2 113.4   4.7 166.9  0.06
       5 29  70.2  41.5  52.4  85.8  48.2  0.04  25.1 139.6   5.8 529.7  0.17
       5 30  72.6  44.9  58.7  80.9  52.4  0.02  29.6 160.3   6.7 506.9  0.17
       5 31  74.7  42.6  57.9  65.2  44.7        27.0  98.5   4.1 545.2  0.20
       6  1  72.7  41.9  58.9  58.2  42.4        28.5 107.7   4.5 691.2  0.25
       6  2  74.4  41.0  58.5  55.2  40.8        20.8 121.9   5.1 684.1  0.27
       6  3  76.7  41.6  60.6  61.4  45.8  0.01  18.6  87.6   3.6 704.0  0.25
       6  4  81.0  47.6  64.8  61.2  49.0        25.8 131.5   5.5 596.4  0.25
       6  5  79.1  46.5  65.5  59.5  49.5  0.02  21.9 138.0   5.8 636.0  0.26
       6  6  71.2  48.0  59.6  56.8  43.1  0.02  34.2 253.4  10.6 671.5  0.31
       6  7  75.3  38.2  58.3  62.2  43.7        15.7  99.6   4.2 730.0  0.27
       6  8  87.2  38.9  63.7  52.9  43.2        31.9 133.1   5.5 522.9  0.30
       6  9  88.6  49.0  69.0  51.8  49.4  0.12  35.4 145.9   6.1 436.4  0.26
       6 10  89.4  49.0  67.9  56.3  49.3  0.05  34.3 136.1   5.7 493.0  0.29
       6 11  87.9  50.5  67.9  55.8  48.3  0.01  32.8 115.2   4.8 539.0  0.29
       6 12  81.9  51.2  66.1  59.9  50.4  0.01  22.4 178.2   7.4 635.3  0.31
       6 13  83.8  48.6  65.9  66.7  52.6        24.5 120.7   5.0 633.4  0.28
       6 14  85.1  50.4  65.4  70.4  53.9  0.72  36.2 115.7   4.8 596.6  0.28
       6 15  66.0  57.8  60.9  89.4  57.6  0.17  15.6 134.5   5.6 160.6  0.09
       6 16  77.9  51.3  63.9  76.7  55.6  0.06  20.8  84.0   3.5 649.3  0.23
       6 17  85.0  49.1  66.6  68.2  54.1  0.09  28.0 112.0   4.7 706.0  0.29
       6 18  87.4  55.7  70.7  60.2  53.3        15.3  99.0   4.1 735.0  0.30
       6 19  85.2  47.7  69.6  50.2  47.8        20.2 151.6   6.3 738.0  0.33
       6 20  82.9  51.1  65.6  75.8  57.4  0.04  34.0 117.3   4.9 429.1  0.22
       6 21  76.5  53.5  63.3  80.2  56.6  0.45  28.2 131.5   5.5 414.2  0.20
       6 22  75.6  56.0  63.4  81.7  57.3  0.15  29.1 151.7   6.3 368.2  0.19
       6 23  78.3  50.1  65.4  62.5  51.9        17.0 122.8   5.1 759.0  0.29
       6 24  81.9  56.0  69.4  73.4  60.0        27.5 203.4   8.5 584.9  0.25
       6 25  84.8  51.0  68.8  64.9  55.5  0.15  27.4 126.7   5.3 697.6  0.29
       6 26  87.1  51.3  69.1  68.9  56.7  0.07  26.4 134.0   5.6 719.0  0.31
       6 27  83.0  56.3  68.5  75.3  59.7        19.1 101.7   4.2 506.2  0.23
       6 28  82.4  57.0  65.4  79.0  58.0  0.11  31.5 102.7   4.3 441.1  0.23
       6 29  79.0  48.2  66.1  66.0  53.6  0.03  17.5 103.5   4.3 772.0  0.28
       6 30  81.8  50.6  67.9  67.8  56.8        17.8 107.4   4.5 717.0  0.27
       7  1  91.9  53.2  71.1  67.5  57.9        11.8  74.0   3.1 722.0  0.30
       7  2  93.9  53.6  73.1  61.4  57.8  0.01  11.3  86.3   3.6 740.0  0.32
       7  3  91.4  53.6  72.5  66.9  60.2        16.7  85.1   3.5 668.8  0.29
       7  4  90.3  56.0  73.0  62.6  59.2  0.02  24.3 108.8   4.5 649.4  0.30
       7  5  90.0  57.7  73.2  66.1  60.1  0.01  34.1 131.7   5.5 632.4  0.30
       7  6  82.4  55.6  68.0  78.7  60.9        20.1 124.6   5.2 662.7  0.27
       7  7  87.0  53.1  69.8  75.6  61.2        15.1  94.9   4.0 738.0  0.29
       7  8  69.4  58.8  63.2  70.0  53.5        23.0 146.2   6.1 429.8  0.21
       7  9  67.7  56.5  61.3  94.4  59.6  0.61  17.2 142.8   6.0 149.8  0.08
       7 10  78.1  55.0  64.4  89.8  61.1  0.01  12.9  88.4   3.7 593.7  0.21
       7 11  81.4  52.8  69.4  73.8  59.0  0.28  26.2 139.2   5.8 726.0  0.26
       7 12  77.2  56.0  64.9  88.2  61.1  0.05  19.7  79.2   3.3 522.3  0.18
       7 13  78.5  52.6  63.4  91.6  60.8  1.63  39.7 113.9   4.7 499.5  0.20
       7 14  77.0  49.1  63.8  77.6  55.8        21.9  66.0   2.8 748.0  0.25
       7 15  86.2  50.4  66.8  76.2  58.5        15.4  80.0   3.3 607.8  0.24
       7 16  82.4  57.7  69.7  76.4  61.0  0.01  27.8 109.1   4.5 558.0  0.22
       7 17  84.4  59.1  70.2  72.4  60.5        21.4 113.0   4.7 578.5  0.24
       7 18  78.6  54.3  66.3  83.5  60.8        21.1  63.9   2.7 353.7  0.15
       7 19  87.2  54.8  69.7  77.4  61.3        30.9 117.2   4.9 659.0  0.27
       7 20  91.4  56.3  74.0  60.8  55.6        19.8  79.2   3.3 694.8  0.29
       7 21  90.4  56.3  73.4  51.9  50.8  0.01  20.0 124.4   5.2 745.0  0.35
       7 22  79.4  49.8  67.4  66.4  55.1        24.1 197.2   8.2 719.0  0.30
       7 23  81.1  53.7  65.2  78.7  57.5  0.08  22.0 123.7   5.2 533.2  0.24
       7 24  75.7  51.0  63.5  75.0  54.4        18.1 116.5   4.9 680.5  0.25
       7 25  79.0  53.2  65.5  80.5  59.0        19.9  93.3   3.9 463.0  0.18
       7 26  79.1  50.3  64.3  74.4  55.3        22.4 115.1   4.8 591.8  0.23
       7 27  86.7  49.3  66.2  73.3  56.7        12.4  76.3   3.2 652.2  0.25
       7 28  84.4  56.3  66.7  80.7  60.0  0.09  27.5 123.8   5.2 543.6  0.24
       7 29  70.9  59.6  63.0  92.2  60.5  0.42  15.1  80.4   3.4 316.0  0.12
       7 30  80.3  57.2  67.7  81.2  60.8  0.02  18.2  64.0   2.7 620.1  0.21
       7 31  79.5  54.0  66.7  83.5  61.2  0.04  37.0 123.2   5.1 682.3  0.24
       8  1  81.5  52.8  67.8  80.1  60.8        14.6  78.5   3.3 683.9  0.23
       8  2  85.5  58.6  71.3  72.1  60.6        34.0 123.0   5.1 615.4  0.25
       8  3  81.2  54.4  67.5  76.5  59.4        22.6  94.2   3.9 447.9  0.19
       8  4  84.9  51.3  66.2  68.3  54.4        22.4 109.0   4.5 626.2  0.27
       8  5  82.2  49.3  65.4  67.8  52.8        11.9  84.6   3.5 694.5  0.27
       8  6  83.7  47.3  64.7  66.1  51.2  0.03  27.1 143.4   6.0 616.6  0.28
       8  7  75.2  46.2  61.3  69.4  50.6        15.2  83.7   3.5 665.1  0.23
       8  8  79.5  48.1  64.6  76.5  56.6        18.3 130.8   5.5 614.2  0.23
       8  9  82.6  54.7  66.4  77.6  58.5        20.5  92.9   3.9 560.0  0.21
       8 10  82.6  50.5  65.4  76.0  56.8  0.13  18.4  85.8   3.6 615.1  0.22
       8 11  82.9  48.4  65.5  74.9  56.6        11.6  72.2   3.0 669.5  0.23
       8 12  91.7  46.7  67.2  71.6  57.0         9.4  71.3   3.0 622.1  0.25
       8 13  89.5  51.8  69.3  61.4  54.9  0.02  23.2  93.5   3.9 522.4  0.24
       8 14  79.2  55.0  65.4  82.2  60.0  0.01  32.0  89.5   3.7 439.5  0.17
       8 15  81.0  50.9  63.4  85.5  58.9  0.22  38.0  91.8   3.8 399.2  0.17
       8 16  79.5  52.5  66.0  71.6  54.7  0.03  16.0 100.0   4.2 651.0  0.24
       8 17  81.7  48.3  65.3  75.2  56.1        11.6  76.8   3.2 643.3  0.22
       8 18  86.5  52.2  65.8  79.4  58.6  0.02  30.7  89.8   3.7 559.2  0.22
       8 19  72.2  53.1  61.2  82.6  55.6  0.01  20.2  93.3   3.9 470.0  0.17
       8 20  84.1  47.7  63.5  80.7  57.0        14.0  65.0   2.7 590.1  0.21
       8 21  88.2  52.6  66.2  78.1  58.1        26.5  80.4   3.4 437.1  0.19
       8 22  73.6  52.5  63.8  79.2  57.3        16.3 119.9   5.0 435.2  0.16
       8 23  77.9  52.6  63.9  84.2  58.4        17.0  81.0   3.4 519.3  0.18
       8 24  83.1  47.8  63.8  81.1  57.3        10.9  67.6   2.8 617.2  0.21
       8 25  83.1  51.8  65.8  75.6  56.9  0.02  20.7  82.9   3.5 581.7  0.21
       8 26  78.0  51.6  65.0  75.0  56.1        14.6  85.2   3.5 613.5  0.20
       8 27  76.5  49.1  61.6  84.9  56.7  0.03  19.0  79.1   3.3 429.3  0.15
       8 28  75.5  50.2  60.9  88.6  57.4        12.1  69.4   2.9 311.1  0.12
       8 29  77.0  48.6  60.0  90.4  57.1  0.50  40.4 116.2   4.8 394.9  0.16
       8 30  69.3  48.0  57.6  90.3  54.5        11.6  70.2   2.9 532.0  0.16
       8 31  79.3  44.7  61.3  83.5  55.7        13.5  75.0   3.1 581.4  0.18
       9  1  87.0  44.9  64.0  73.0  53.7  0.01  20.5  94.2   3.9 543.8  0.21
       9  2  80.4  47.2  62.9  76.2  54.3        14.2  96.7   4.0 505.3  0.18
       9  3  85.7  45.1  64.2  68.2  50.8  0.01  19.4  87.6   3.6 544.3  0.21
       9  4  90.4  46.8  65.2  66.0  51.1        20.6 103.5   4.3 529.7  0.24
       9  5  89.4  47.0  66.8  65.0  51.9        23.2 135.4   5.6 524.4  0.25
       9  6  62.7  52.1  56.8  86.3  52.7  0.15  22.9 120.5   5.0 168.1  0.09
       9  7  76.1  46.4  58.6  77.5  49.8        12.8  77.4   3.2 531.4  0.18
       9  8  83.7  40.9  61.7  61.0  44.3  0.03  27.6  78.9   3.3 526.9  0.20
       9  9  85.6  42.2  63.6  63.5  47.4        12.5  77.8   3.2 552.1  0.20
       9 10  88.1  45.1  66.5  51.7  44.9        26.3  83.3   3.5 518.1  0.20
       9 11  70.0  49.7  59.1  84.5  54.5        14.5 105.3   4.4 249.6  0.10
       9 12  70.3  53.3  59.1  84.0  54.0        13.9 115.2   4.8 241.1  0.11
       9 13  72.8  46.1  58.6  82.1  52.5        17.5 100.2   4.2 430.0  0.15
       9 14  68.1  48.8  57.2  89.8  53.8  0.11  15.1  87.1   3.6 298.4  0.10
       9 15  71.2  48.5  57.8  84.0  52.3  0.01  12.1  80.9   3.4 432.3  0.13
       9 16  72.5  51.4  58.5  85.6  53.6  0.03  23.0 166.1   6.9 426.6  0.16
       9 17  62.9  45.9  53.4  75.1  45.3  0.08  22.2 161.4   6.7 236.1  0.12
       9 18  59.3  40.7  48.3  82.4  42.5  0.50  34.9 141.5   5.9 401.0  0.13
       9 19  60.9  41.1  50.8  56.2  34.7  0.11  30.8 272.0  11.3 510.4  0.23
       9 20  61.5  37.4  49.5  70.7  40.1        23.1 126.6   5.3 284.3  0.11
       9 21  75.3  34.3  54.2  64.7  40.4        19.6  97.4   4.1 474.0  0.16
       9 22  71.9  38.0  56.0  67.1  44.3  0.01  32.8 133.4   5.6 316.6  0.13
       9 23  60.2  42.6  51.4  69.4  41.6        21.3 152.8   6.4 406.1  0.13
       9 24  66.0  40.9  51.4  88.6  47.9  0.06  29.2 108.8   4.5 261.7  0.09
       9 25  58.1  36.2  46.5  82.9  42.3  0.09  32.3 223.4   9.3 109.0  0.08
       9 26  46.5  31.2  37.4  80.3  31.3  0.07  19.8 122.1   5.1 244.3  0.09
       9 27  55.1  25.9  41.9  65.2  29.9  0.13  21.0 132.9   5.5 497.8  0.13
       9 28  71.9  37.0  55.1  61.6  40.8        18.1 106.5   4.4 476.6  0.13
       9 29  76.0  36.2  55.3  65.2  42.1        15.3  82.6   3.4 481.1  0.13
       9 30  80.5  38.6  59.1  58.1  41.0        17.9  78.7   3.3 478.2  0.15
      10  1  82.3  41.5  60.8  51.7  39.5  0.01  29.4 145.4   6.1 477.5  0.21
      10  2  55.9  41.1  48.1  73.0  39.7        21.2 169.6   7.1 288.6  0.12
      10  3  65.0  41.2  51.6  75.4  44.0        18.3 125.6   5.2 340.7  0.12
      10  4  75.2  40.9  57.4  72.1  47.3        14.1  79.6   3.3 440.5  0.13
      10  5  77.6  39.6  57.3  65.3  43.6        13.4  81.5   3.4 439.4  0.14
      10  6  68.6  42.8  55.4  62.3  42.4        13.6 107.6   4.5 422.7  0.13
      10  7  68.0  39.5  51.3  78.3  44.1        16.3 100.8   4.2 420.7  0.13
      10  8  74.5  34.7  53.2  61.4  36.5        19.4 108.2   4.5 426.4  0.16
      10  9  69.6  34.1  51.3  61.1  36.9        13.1  90.5   3.8 413.3  0.13
      10 10  75.0  32.4  50.1  71.3  40.6        10.6  96.8   4.0 409.6  0.14
      10 11  83.7  37.1  58.4  55.6  39.4        13.3  78.6   3.3 415.8  0.14
      10 12  79.8  37.0  57.4  54.0  39.1        11.5  85.4   3.6 407.9  0.14
      10 13  78.2  37.0  56.2  56.3  39.0        12.9  86.7   3.6 404.6  0.14
      10 14  72.8  36.7  53.9  49.5  33.5        23.2 140.4   5.8 274.0  0.15
      10 15  70.8  32.8  48.6  55.3  32.0        12.6  80.9   3.4 343.3  0.13
      10 16  60.3  34.1  43.2  62.9  30.5  0.02  31.0 207.3   8.6 250.9  0.16
      10 17  47.5  22.5  36.3  42.9  15.3        30.8 276.4  11.5 346.7  0.16
      10 18  66.9  17.4  39.3  56.5  22.6        14.3 102.1   4.3 380.5  0.13
      10 19  72.8  28.9  49.7  49.1  29.5  0.01  33.0 219.7   9.2 307.4  0.18
      10 20  46.0  27.3  37.1  50.7  19.7  0.10  38.4 314.1  13.1 165.6  0.13
      10 21  43.5  15.5  29.7  55.2  14.1        27.1 199.1   8.3 345.0  0.11
      10 22  60.5  12.6  35.3  50.7  17.2        27.8 125.5   5.2 340.9  0.12
      10 23  54.9  28.6  41.8  47.0  21.6        16.5  99.7   4.2 183.6  0.06
      10 24  57.2  19.7  40.2  56.0  24.7        13.2  86.4   3.6 212.0  0.06
      10 25  57.8  27.3  44.2  57.7  29.5  0.01  24.9 204.7   8.5 238.4  0.10
      10 26  43.1  30.7  36.3  76.1  29.6  0.20  44.6 411.9  17.2 200.8  0.10
      10 27  48.5  24.0  33.2  75.7  26.0        15.5 114.7   4.8 321.1  0.08
      10 28  58.1  20.3  39.5  73.8  31.6        22.1  90.7   3.8 335.7  0.07
      10 29  58.3  29.6  47.0  47.9  27.7        55.5 411.2  17.1 291.3  0.17
      10 30  38.7  23.6  32.4  79.0  26.5        15.0 135.1   5.6 128.8  0.04
      10 31  30.8  26.5  28.4  91.0  26.1        12.8 109.8   4.6  46.8  0.03
      11  1  51.8  24.3  35.5  75.1  27.4        24.3  91.9   3.8 301.7      
      11  2  60.0  20.4  36.3  67.9  25.2         8.8  94.5   3.9 330.6      
      11  3  57.1  21.2  43.0  59.1  28.7  0.01  27.5 116.7   4.9 210.5      
      11  4  61.7  26.5  47.5  46.6  26.7  0.01  30.1 251.3  10.5 330.4      
      11  5  56.7  22.7  37.5  58.9  23.6        35.4 250.9  10.5 272.0      
      11  6  44.2  23.8  33.9  40.1  12.2  0.01  32.0 257.1  10.7 209.1      
      11  7  49.2  20.6  34.9  46.4  15.1        42.2 362.4  15.1 294.6      
      11  8  52.7  12.6  32.3  57.6  17.9        19.7 106.6   4.4 292.5      
      11  9  60.7  23.5  39.4  56.5  23.5        12.6 100.7   4.2 285.2      
      11 10  71.0  18.7  41.9  50.3  19.3        29.7 140.4   5.8 283.3      
      11 11  50.2  17.6  31.6  61.6  20.0        17.2 117.2   4.9 314.1      
      11 12  59.7  13.0  33.9  64.3  22.4        11.1  91.5   3.8 284.6      
      11 13  44.7  24.8  33.4  72.1  25.0        14.0 128.1   5.3 149.9      
      11 14  34.8  25.0  29.4  92.0  27.3        11.8  91.3   3.8  77.6      
      11 15  32.2  25.9  30.3  96.6  29.5  0.17  18.1 109.5   4.6  42.3      
      11 16  26.0  -4.4  14.3  83.1  11.4  0.06  18.7 191.2   8.0 216.2      
      11 17  29.3  -4.8  12.9  79.1   9.6        13.0  79.4   3.3 240.3      
      11 18  39.1  12.8  27.6  85.6  24.6        12.9  73.3   3.1 191.0      
      11 19  68.8  28.7  45.4  70.3  35.8  0.01  22.3 114.2   4.8 260.1      
      11 20  63.1  27.7  46.3  60.6  31.1  0.04  34.2 257.6  10.7 272.5      
      11 21  37.9  24.4  28.6  92.9  26.9        11.2  62.0   2.6  96.3      
      11 22  47.9  27.3  33.8  87.4  30.4        11.9  76.2   3.2 211.5      
      11 23  31.4  15.7  24.0  90.1  21.8        17.5 102.7   4.3  63.9      
      11 24  38.6  13.4  23.5  87.4  20.5        10.1  86.0   3.6 178.7      
      11 25  51.9  23.0  34.3  69.3  24.0        11.9  97.4   4.1 253.6      
      11 26  34.5  23.0  29.2  82.6  24.6        19.5 124.8   5.2 137.0      
      11 27  38.8  16.9  24.7  86.9  21.2        10.7  80.2   3.3 208.7      
      11 28  54.5  14.4  28.5  71.2  19.2        10.5  78.5   3.3 255.0      
      11 29  40.3  21.0  30.3  72.3  22.6  0.04  25.1 255.0  10.6 191.3      
      11 30  35.7  14.4  25.1  72.5  17.5        18.6 131.6   5.5 248.7      
      12  1  47.8  13.8  29.3  60.9  17.3        19.3  89.8   3.7 198.4      
      12  2  37.0  10.3  28.1  41.1   6.3        43.1 315.2  13.1 244.1      
      12  3  41.1   6.6  21.3  53.0   5.5        14.6 111.9   4.7 246.5      
      12  4  33.5  10.7  24.0  37.7   0.5        37.1 303.4  12.6 249.8      
      12  5  53.8  12.3  33.0  52.0  18.8  0.01  25.2 186.1   7.8 149.9      
      12  6  43.1  18.1  30.9  49.9  14.1        14.6 145.0   6.0 124.4      
      12  7  45.3  16.5  32.4  38.0   8.2        35.5 274.7  11.4 239.2      
      12  8  57.6  16.7  34.2  54.5  19.7        12.7  98.3   4.1 161.0      
      12  9  60.1  24.6  39.1  53.2  22.2        19.6  83.2   3.5 173.9      
      12 10  58.8  30.7  44.5  47.2  24.9        33.9 186.2   7.8 130.7      
      12 11  54.0  21.9  36.2  57.5  21.8  0.02  47.2 207.1   8.6 183.4      
      12 12  59.2  16.9  34.8  63.2  22.1        18.1 108.7   4.5 225.7      
      12 13  50.4  19.3  32.7  74.9  25.7        12.6 102.8   4.3 226.3      
      12 14  38.0  16.0  30.3  48.6  12.7        47.6 444.3  18.5 211.9      
      12 15  39.0   8.7  25.3  42.8   3.8        16.8 112.0   4.7 226.0      
      12 16  34.7   7.4  20.7  54.2   7.5  0.01  38.0 297.3  12.4  57.4      
      12 17  16.1  -1.5   9.6  36.5 -12.1        44.8 472.7  19.7 181.1      
      12 18  19.5  -4.5   7.2  43.1 -11.4        40.2 303.3  12.6 215.6      
      12 19  35.8  -2.9  14.2  55.2   1.4        27.6 102.7   4.3 122.6      
      12 20  51.5   2.9  25.1  53.2   8.6        19.2 104.4   4.3 124.7      
      12 21  40.7  21.8  29.7  55.5  15.4         9.8  93.2   3.9  89.4      
      12 22  44.7  16.2  24.7  79.1  18.4        20.0 128.1   5.3 185.1      
      12 23  26.3   3.1  12.9  73.4   6.3        13.7 103.1   4.3 117.6      
      12 24  45.6   4.0  27.6  48.8   9.1        30.5 200.8   8.4 188.2      
      12 25  52.3   3.7  20.5  62.3   9.2  0.01  23.8 172.7   7.2 208.9      
      12 26  26.6   2.3  13.3  57.5   1.3  0.01  18.3 107.9   4.5 178.8      
      12 27  60.0  17.6  37.8  46.1  18.1        22.4 130.2   5.4 196.4      
      12 28  54.0  20.0  37.2  43.3  15.6  0.01  25.6 126.2   5.3 166.9      
      12 29  59.1  19.7  35.9  48.6  17.3        14.4 102.5   4.3 163.8      
      12 30  50.3  21.1  35.4  60.3  22.9        15.0 109.1   4.5  81.0      
      12 31  54.6  21.3  37.5  61.9  25.0        14.5 113.6   4.7 113.8      

      Total                               13.84                         44.67
        Max  93.9  59.6  74.0  97.1  61.3        59.1 563.0  23.5 772.0
        Min  -0.5 -31.2 -13.4  25.0 -20.7         7.6  60.6   2.5  42.3
        Ave  61.6  31.0  45.5  64.8  32.8        23.2 149.8   6.2 391.0
