                                                                    07-JUN-00
      Cellular-linked Weather Station near EATON, Colorado               1998
      -----------------------------------------------------------------------------
               Temperature      Rel   Dew             Wind        Solar StandrdASCE
            ----------------- Humid Point  Prec -----------------   Rad   ETr   ETo
       Date   Max   Min   Ave   Ave   Ave Total   Max Total   Ave Total Alflf Grass
      MoDay     F     F     F     %     F  inch   mph miles   mph Langl  inch  inch
      ----- ----- ----- ----- ----- ----- ----- ----- ----- ----- ----- ----- -----
       1  1  60.7  22.8  39.4  55.4  23.6        16.6 107.4   4.5 236.4            
       1  2  62.3  25.2  42.9  48.8  22.8        29.6 173.5   7.2 212.9            
       1  3  42.7  21.5  25.6  80.7  20.3        21.2 130.9   5.5  90.2            
       1  4  45.8  18.7  26.2  83.9  21.8         8.3  80.5   3.4 216.2            
       1  5  46.9  13.5  30.3  76.3  23.7        29.1 149.8   6.2 200.7            
       1  6  34.7  -0.4  21.0  80.6  17.1  0.01  25.4 159.9   6.7 255.0            
       1  7  34.1  -4.0  11.4  75.7   6.6         9.0  81.6   3.4 241.3            
       1  8  44.5   5.8  19.3  68.9  11.3        11.2  88.0   3.7 250.4            
       1  9  21.7  -0.3  11.2  75.6   5.3        21.0 140.5   5.9 234.0            
       1 10  21.0  -0.9  10.4  81.9   6.7        11.3  62.6   2.6 109.0            
       1 11  38.8  11.6  21.4  80.4  16.7        12.9  83.5   3.5 201.1            
       1 12  16.8   5.3  12.8  89.3  10.6        22.9 117.6   4.9 110.4            
       1 13  38.8  14.2  23.1  82.9  18.6        26.8 107.6   4.5  95.0            
       1 14  43.5   8.2  28.9  56.7  14.3        25.1 176.7   7.4 267.0            
       1 15  46.0   7.9  27.6  66.3  18.0        25.6 118.4   4.9 161.6            
       1 16  41.0  17.0  30.6  51.9  14.4        35.7 212.2   8.8 225.4            
       1 17  49.1  17.3  32.8  65.9  22.9        51.2 209.5   8.7 105.8            
       1 18  52.5  19.0  35.3  52.3  17.9        29.7 278.1  11.6 271.3            
       1 19  44.3  13.9  27.3  74.0  19.6        11.3  84.5   3.5 211.5            
       1 20  43.4  22.6  32.8  48.8  14.4        29.7 253.0  10.5 183.2            
       1 21  36.6   8.6  21.9  70.9  13.9        16.4  95.8   4.0 198.0            
       1 22  36.8   4.4  23.1  53.2   7.9        17.5  87.2   3.6 199.7            
       1 23  41.9  12.9  28.6  49.2  10.6        22.1 177.4   7.4 290.6            
       1 24  53.3  12.3  30.1  61.0  17.5        21.3 106.1   4.4 114.4            
       1 25  48.3  22.9  36.9  46.1  17.7        32.4 251.7  10.5 185.8            
       1 26  50.8  10.0  28.0  54.8  12.4        12.6  94.7   3.9 281.5            
       1 27  53.6  16.2  33.2  51.0  15.4        21.0 117.6   4.9 232.4            
       1 28  55.0  15.7  32.1  56.3  17.5        27.5 142.7   5.9 276.5            
       1 29  51.6  13.8  28.5  66.4  17.7        12.9 116.0   4.8 311.6            
       1 30  55.3  14.8  34.5  51.3  15.7        15.0 129.6   5.4 273.2            
       1 31  41.5  22.2  31.3  81.0  26.4  0.01  14.2 127.2   5.3 173.4            
       2  1  44.5  13.4  25.9  71.9  17.6        12.6  96.7   4.0 280.2            
       2  2  45.0  17.4  28.4  61.9  16.3        11.3 103.0   4.3 179.8            
       2  3  43.0  15.2  26.1  82.1  21.3        11.0 101.6   4.2 238.2            
       2  4  32.8  23.1  27.6  94.0  26.1        11.8 129.1   5.4  78.3            
       2  5  38.3  18.7  30.4  88.1  27.4        13.7  92.7   3.9 112.8            
       2  6  44.9  17.8  28.8  84.6  24.7        12.5  91.4   3.8 261.1            
       2  7  42.6  13.5  28.6  76.6  22.5         8.9  74.4   3.1 173.7            
       2  8  51.8  14.5  32.9  63.0  20.2        12.6  90.1   3.8 282.9            
       2  9  44.5  30.0  37.3  62.0  25.4        24.0 193.1   8.0 113.7            
       2 10  45.8  14.7  33.0  44.6  12.6        25.5 243.1  10.1 307.1            
       2 11  47.7   9.7  26.4  55.1   9.6        22.1 100.9   4.2 358.5            
       2 12  46.9  13.9  27.5  53.4  11.4        12.0 105.6   4.4 357.5            
       2 13  51.7  11.7  32.3  50.8  14.6        19.4 125.2   5.2 318.7            
       2 14  51.5  19.2  36.3  56.6  21.3        17.3 112.6   4.7 326.0            
       2 15  37.2  17.7  28.9  89.1  26.4        10.3  90.6   3.8 151.4            
       2 16  34.2  30.8  31.9  98.8  31.6        12.2 100.2   4.2  94.0            
       2 17  46.1  28.5  35.1  83.8  30.0        14.5  92.9   3.9 290.7            
       2 18  46.0  24.6  33.9  72.0  25.0        19.7 129.4   5.4 297.8            
       2 19  47.1  21.4  34.3  55.3  18.3        27.5 226.3   9.4 373.2            
       2 20  45.8  12.6  27.9  63.7  15.4        13.4  89.3   3.7 402.7            
       2 21  51.9  14.5  31.2  61.6  17.5        12.2  96.6   4.0 380.7            
       2 22  56.2  18.5  38.6  56.9  22.7        23.1 124.1   5.2 300.8            
       2 23  51.4  21.9  37.9  69.1  27.7        16.5  97.3   4.1 335.4            
       2 24  62.1  26.7  41.8  61.5  28.3        22.9 127.3   5.3 366.0            
       2 25  43.5  31.2  37.4  44.1  17.8        46.3 508.6  21.2 135.1            
       2 26  38.7  18.2  28.6  37.8   5.4        36.7 371.8  15.5 414.8            
       2 27  33.8  20.4  25.9  37.7   3.4        48.4 480.5  20.0 368.8            
       2 28  36.5  19.3  26.5  33.6   1.3        41.5 419.4  17.5 438.1            
       3  1  39.2  15.2  27.5  38.5   4.4        40.0 401.4  16.7 306.5  0.13  0.10
       3  2  60.4  16.9  28.2  54.8  13.2        15.6 106.2   4.4 438.5  0.11  0.11
       3  3  52.2  14.0  33.1  53.5  16.2        19.1 135.2   5.6 410.0  0.09  0.09
       3  4  43.1  23.0  30.7  69.2  21.3        18.2 165.1   6.9 380.9  0.08  0.07
       3  5  42.0  18.5  30.4  67.1  19.7  0.08  15.0 124.8   5.2 392.1  0.07  0.06
       3  6  33.3  19.6  26.2  84.2  22.3        17.6 151.7   6.3 152.6  0.04  0.03
       3  7  24.0   3.3  15.8  75.9  10.0        25.3 297.3  12.4 393.3  0.06  0.04
       3  8  27.6  -3.2  13.9  70.7   6.7  0.02  11.6  87.6   3.6 440.0  0.06  0.05
       3  9  28.2  10.4  17.9  74.6  11.0         9.4  85.9   3.6 422.3  0.05  0.04
       3 10  45.3   6.1  23.9  68.9  14.7        29.3 190.0   7.9 345.5  0.07  0.07
       3 11  23.6   4.2  14.2  74.5   8.4        18.2 118.4   4.9 313.7  0.04  0.03
       3 12  54.4  14.3  34.4  61.6  20.7        12.4  91.0   3.8 474.8  0.07  0.07
       3 13  60.8  21.6  40.4  55.6  22.8        12.9  98.0   4.1 479.1  0.09  0.09
       3 14  56.2  26.5  36.7  74.7  28.4        11.5  87.5   3.6 374.9  0.08  0.07
       3 15  60.7  26.4  43.4  57.5  27.0        17.5 130.7   5.4 470.9  0.12  0.11
       3 16  46.7  28.7  37.1  84.1  32.8        16.5 102.1   4.3 184.5  0.05  0.04
       3 17  54.6  32.1  40.6  80.5  34.2  0.10  22.0 125.9   5.2 322.0  0.08  0.08
       3 18  36.9  27.1  31.6  97.1  31.0  0.37  23.6 254.0  10.6 128.9  0.04  0.02
       3 19  35.5  11.5  26.0  87.3  23.3  0.16  10.8  81.8   3.4 465.2  0.08  0.06
       3 20  46.6  20.7  31.6  81.4  26.1  0.06  10.8  78.2   3.3 434.3  0.08  0.07
       3 21  57.1  24.7  40.0  61.2  25.9        11.5  91.4   3.8 513.8  0.10  0.09
       3 22  66.0  29.2  50.9  52.0  32.0        19.0 139.5   5.8 350.5  0.09  0.10
       3 23  70.0  41.8  54.9  51.7  36.2        13.6 118.8   5.0 327.2  0.10  0.11
       3 24  76.4  37.1  56.1  49.7  33.6        18.1 139.2   5.8 505.7  0.17  0.17
       3 25  76.7  39.5  56.9  42.2  29.9        27.0 151.3   6.3 526.3  0.20  0.20
       3 26  68.8  45.0  54.6  45.1  33.1  0.01  32.9 191.6   8.0 398.1  0.18  0.18
       3 27  66.5  42.9  53.5  50.0  33.0        26.3 194.9   8.1 435.9  0.18  0.17
       3 28  62.9  38.9  49.1  63.9  35.7        18.0 128.8   5.4 418.3  0.14  0.13
       3 29  49.5  29.6  39.0  82.2  34.0  0.06  27.6 261.8  10.9 255.4  0.10  0.07
       3 30  41.1  24.3  31.6  70.6  22.5        22.1 166.1   6.9 334.4  0.10  0.08
       3 31  53.4  16.9  35.5  61.4  21.3  0.03  27.1 177.6   7.4 540.2  0.15  0.12
       4  1  62.2  20.9  44.0  47.3  21.2        20.6 150.1   6.3 529.0  0.15  0.14
       4  2  44.1  33.3  37.2  78.0  30.5  0.55  17.8 184.8   7.7  67.3  0.04  0.04
       4  3  54.9  31.9  43.5  74.7  35.2  0.02  11.1  90.1   3.8 530.8  0.11  0.10
       4  4  65.3  29.8  46.4  63.2  32.8        13.6 106.1   4.4 552.2  0.15  0.13
       4  5  63.0  34.1  48.5  47.0  26.5        22.9 158.6   6.6 535.2  0.17  0.15
       4  6  50.3  35.2  42.2  68.7  32.3  0.02  15.7 118.3   4.9 193.4  0.08  0.07
       4  7  49.9  29.8  39.1  80.4  33.0  0.05  20.7 102.3   4.3 299.4  0.09  0.07
       4  8  54.2  29.4  40.5  73.0  31.1  0.02  22.9 151.1   6.3 431.3  0.12  0.10
       4  9  55.9  28.6  43.2  62.5  28.9        13.8  83.2   3.5 524.7  0.12  0.11
       4 10  62.9  27.9  46.8  50.3  25.6        18.5 123.9   5.2 573.0  0.16  0.14
       4 11  80.4  26.8  53.5  44.5  26.4        27.4 147.8   6.2 602.3  0.23  0.22
       4 12  65.0  45.0  55.1  33.4  26.1        31.2 221.5   9.2 429.3  0.19  0.18
       4 13  56.1  36.6  45.3  58.0  30.1  0.21  18.9 179.9   7.5 382.7  0.15  0.13
       4 14  44.3  33.4  37.8  89.8  35.0  0.23  13.5 114.9   4.8 200.0  0.07  0.06
       4 15  41.7  33.3  37.2  84.4  32.9  0.04  22.8 202.2   8.4 235.5  0.08  0.06
       4 16  40.9  30.4  34.2  75.7  27.1        12.9 113.5   4.7 248.5  0.07  0.06
       4 17  52.2  24.2  37.8  70.4  27.6  0.02  21.1 153.4   6.4 456.6  0.12  0.10
       4 18  51.1  31.8  40.1  61.3  26.4  0.03  21.0 178.5   7.4 579.6  0.15  0.12
       4 19  58.1  28.0  43.4  55.6  26.7  0.03  26.6 162.8   6.8 487.9  0.15  0.12
       4 20  52.9  30.5  42.2  71.9  33.0  0.02  19.2 131.3   5.5 465.6  0.12  0.10
       4 21  61.0  29.6  46.1  55.3  27.9        19.5 140.8   5.9 591.6  0.17  0.15
       4 22  68.8  28.1  49.6  49.0  27.6        11.7  88.7   3.7 629.4  0.18  0.16
       4 23  77.4  34.4  57.0  42.9  30.6        14.0 107.2   4.5 608.1  0.20  0.18
       4 24  76.1  39.7  58.3  42.6  30.9        30.0 232.4   9.7 570.7  0.27  0.24
       4 25  63.3  43.3  54.4  44.2  31.7  0.10  24.5 186.8   7.8 500.6  0.20  0.17
       4 26  57.9  35.5  47.1  54.0  30.3  0.01  25.2 213.4   8.9 444.7  0.19  0.15
       4 27  60.2  29.3  45.7  58.4  30.3        21.1 151.7   6.3 618.9  0.20  0.16
       4 28  62.2  35.2  48.6  49.3  28.0        17.9 112.3   4.7 658.2  0.20  0.17
       4 29  70.1  27.5  50.4  42.6  25.3        14.1  99.7   4.2 656.0  0.21  0.18
       4 30  75.1  35.5  57.6  38.2  28.7        23.3 189.0   7.9 531.3  0.23  0.21
       5  1  67.9  38.4  54.7  51.1  36.0        25.5 130.5   5.4 477.1  0.18  0.15
       5  2  66.3  34.3  52.6  55.1  35.7        12.7  99.1   4.1 620.1  0.20  0.16
       5  3  73.6  35.2  54.3  50.6  35.4        25.1 128.5   5.4 472.5  0.21  0.17
       5  4  73.7  39.1  55.9  58.7  39.8  0.12  27.9 190.9   8.0 536.5  0.23  0.19
       5  5  64.1  46.6  53.9  75.0  45.4  0.06  18.3 124.4   5.2 473.3  0.16  0.13
       5  6  61.6  39.5  50.5  75.6  42.5  0.03  26.4 180.7   7.5 390.8  0.15  0.12
       5  7  64.1  39.8  50.1  76.2  42.4  0.09  24.2 134.0   5.6 452.9  0.16  0.13
       5  8  57.2  39.3  47.1  83.6  42.1  0.22  22.6 159.7   6.7 314.3  0.11  0.09
       5  9  62.4  32.1  48.3  75.5  40.0        16.4 111.0   4.6 546.4  0.16  0.13
       5 10  73.3  39.6  56.6  71.4  46.1  0.14  18.3 131.9   5.5 604.0  0.20  0.16
       5 11  67.0  45.2  55.9  69.7  45.1  0.02  26.3 162.0   6.8 477.7  0.17  0.14
       5 12  69.8  36.2  54.5  66.5  42.1        16.5 124.6   5.2 569.4  0.20  0.16
       5 13  82.2  42.4  61.7  53.5  40.7        28.7 157.7   6.6 602.0  0.27  0.23
       5 14  68.2  43.2  53.9  61.4  40.5  0.05  25.5 199.0   8.3 387.1  0.20  0.16
       5 15  68.9  43.0  56.8  42.9  32.5        28.4 232.0   9.7 669.0  0.29  0.23
       5 16  74.8  40.6  58.1  48.0  36.2        19.3 145.7   6.1 651.6  0.27  0.21
       5 17  82.5  39.7  64.0  39.1  33.0        18.3 120.3   5.0 665.8  0.28  0.22
       5 18  82.3  41.0  64.7  39.4  37.1        16.6 119.2   5.0 523.8  0.24  0.20
       5 19  83.5  44.1  64.4  48.8  42.0        16.7  98.9   4.1 610.1  0.26  0.21
       5 20  81.4  51.7  64.5  62.2  49.7  0.04  21.0 118.5   4.9 518.9  0.24  0.19
       5 21  75.7  54.5  64.1  67.2  51.7  0.16  25.2 142.2   5.9 448.8  0.21  0.17
       5 22  60.0  47.5  53.9  85.6  49.7  0.50  19.9 128.2   5.3 246.4  0.11  0.08
       5 23  68.7  41.9  55.9  63.3  41.8        14.4  94.7   3.9 678.9  0.23  0.18
       5 24  69.6  42.7  55.3  70.5  45.0  0.04  17.0  97.6   4.1 489.7  0.19  0.15
       5 25  69.9  42.8  57.8  71.3  47.3        17.5 120.6   5.0 620.6  0.20  0.16
       5 26  77.1  44.8  60.2  68.2  48.7  0.03  16.8 110.2   4.6 524.9  0.21  0.16
       5 27  81.8  46.2  65.4  57.2  46.4        16.3 124.1   5.2 708.7  0.28  0.22
       5 28  82.3  47.8  66.6  47.3  44.3        15.3 108.1   4.5 666.3  0.27  0.21
       5 29  83.8  47.5  65.9  57.7  48.6        18.9 111.0   4.6 542.2  0.25  0.19
       5 30  84.1  48.2  67.6  44.4  40.6        16.5 113.0   4.7 563.7  0.28  0.21
       5 31  73.6  48.9  62.5  52.1  44.5        16.2 120.3   5.0 630.5  0.26  0.20
       6  1  86.3  44.4  69.6  38.2  36.5        32.3 226.1   9.4 720.8  0.39  0.31
       6  2  79.8  50.6  67.2  37.8  39.8        21.8 184.3   7.7 699.9  0.34  0.26
       6  3  52.2  40.6  44.7  79.1  38.6  0.01  16.0 175.4   7.3 165.2  0.13  0.09
       6  4  48.2  39.7  42.8  93.0  40.9  0.26  20.9 161.3   6.7 166.8  0.09  0.06
       6  5  50.3  36.0  42.7  81.1  37.1  0.05  10.4  92.3   3.8 332.0  0.11  0.08
       6  6  68.6  32.1  51.8  67.9  39.8        22.9  85.6   3.6 610.5  0.19  0.14
       6  7  72.2  42.3  58.2  69.7  47.4        25.3 127.4   5.3 548.0  0.18  0.14
       6  8  63.9  46.4  53.3  82.8  48.0  0.36  22.7 152.9   6.4 397.6  0.15  0.11
       6  9  66.6  45.1  55.3  78.1  48.2        22.3 113.9   4.7 485.8  0.17  0.13
       6 10  69.5  46.9  57.8  74.7  49.2  0.05  17.8 104.4   4.3 484.1  0.18  0.13
       6 11  75.3  45.1  62.1  54.0  42.8        18.3 120.5   5.0 580.3  0.23  0.17
       6 12  79.8  47.7  65.2  52.8  44.7        10.9  87.6   3.6 696.2  0.26  0.20
       6 13  76.4  50.5  62.2  50.0  42.2  0.05  32.0 184.6   7.7 435.6  0.27  0.20
       6 14  70.6  50.1  59.4  57.3  43.4  0.03  34.6 322.1  13.4 452.5  0.30  0.21
       6 15  71.5  39.5  58.1  53.1  38.3        21.7 136.0   5.7 667.6  0.27  0.20
       6 16  74.2  44.9  58.0  59.3  42.7        28.3 210.4   8.8 450.8  0.27  0.19
       6 17  66.9  47.3  55.0  62.3  42.0  0.03  27.9 191.1   8.0 453.7  0.23  0.17
       6 18  74.3  43.9  60.5  42.5  35.8        34.2 241.7  10.1 737.0  0.35  0.25
       6 19  86.9  42.0  67.8  40.3  38.2        21.7 141.8   5.9 814.0  0.37  0.27
       6 20  81.3  52.2  66.1  41.7  40.9        33.6  90.2   3.8 634.3  0.28  0.20
       6 21  76.8  48.1  62.5  62.3  48.2  0.10  35.4 115.7   4.8 546.5  0.24  0.18
       6 22  85.1  47.3  65.7  60.4  49.5        30.5 167.8   7.0 791.0  0.37  0.27
       6 23  84.4  54.9  68.7  51.1  47.2        15.7  98.2   4.1 780.0  0.33  0.24
       6 24  84.3  50.4  67.8  39.7  38.6        24.0 144.0   6.0 757.0  0.36  0.27
       6 25  89.6  44.8  69.8  40.0  40.1        24.6 143.4   6.0 799.0  0.40  0.30
       6 26  90.4  48.7  73.0  36.1  39.8        31.7 144.8   6.0 809.0  0.40  0.30
       6 27  85.8  51.1  70.8  32.9  39.7        23.4 113.7   4.7 790.0  0.36  0.27
       6 28  89.7  46.1  70.3  42.3  45.5        12.4  60.9   2.5 782.0  0.33  0.24
       6 29  89.7  56.0  73.9  41.3  47.2        18.1 106.3   4.4 724.0  0.34  0.25
       6 30  81.5  57.6  69.7  59.0  54.8        19.4 128.7   5.4 600.3  0.28  0.21
       7  1  83.3  58.4  69.0  68.1  57.7        29.7 150.1   6.3 562.3  0.28  0.21
       7  2  93.4  57.3  72.1  64.4  57.8  0.08  42.5 123.7   5.2 748.0  0.36  0.27
       7  3  81.5  58.7  69.5  67.7  58.2        20.2  94.0   3.9 577.9  0.24  0.19
       7  4  83.0  53.7  67.8  73.7  58.7        20.4  83.9   3.5 612.1  0.25  0.19
       7  5  91.0  52.3  71.9  61.1  55.3        20.0  93.6   3.9 765.0  0.33  0.25
       7  6  76.1  57.8  67.9  65.8  55.7  0.04  21.5 125.0   5.2 282.3  0.17  0.12
       7  7  86.5  52.6  69.7  66.6  57.0        19.7 106.8   4.5 661.3  0.28  0.22
       7  8  80.7  61.7  68.4  77.0  60.7        19.8  82.3   3.4 450.4  0.20  0.16
       7  9  80.5  56.6  67.2  79.4  60.3        27.7  91.7   3.8 551.1  0.22  0.17
       7 10  82.9  54.8  68.9  73.6  59.4        14.0  67.8   2.8 658.1  0.24  0.19
       7 11  89.9  56.4  73.1  62.4  58.1        20.7  78.4   3.3 697.0  0.28  0.22
       7 12  92.4  53.7  72.9  58.4  56.1        11.8  69.7   2.9 780.0  0.32  0.25
       7 13  97.0  51.9  73.0  55.9  54.6        12.4  54.6   2.3 770.0  0.34  0.25
       7 14  93.9  52.8  71.3  55.5  53.5  0.02  33.7  76.9   3.2 552.1  0.29  0.21
       7 15  84.8  54.3  68.2  63.5  54.8  0.10  31.9 128.8   5.4 625.8  0.30  0.23
       7 16  85.6  53.4  69.3  71.4  58.5        11.3  66.8   2.8 721.0  0.28  0.22
       7 17  91.0  55.0  72.9  61.8  56.9        14.8  70.9   3.0 755.0  0.31  0.24
       7 18  98.9  53.4  76.1  53.7  54.4        12.3  71.4   3.0 756.0  0.34  0.25
       7 19  99.3  56.6  77.5  46.7  53.1        18.9  88.3   3.7 734.0  0.35  0.27
       7 20 102.6  59.0  80.4  39.9  47.8        18.9  92.3   3.8 731.0  0.38  0.28
       7 21  94.0  61.7  72.4  57.0  54.9  0.08  39.4 188.7   7.9 486.9  0.39  0.29
       7 22  77.5  60.1  66.6  82.9  61.0  0.02  12.9  78.6   3.3 353.6  0.18  0.14
       7 23  80.2  60.0  67.7  82.4  61.6  0.04  17.1  68.2   2.8 451.8  0.20  0.16
       7 24  77.4  63.1  67.0  86.4  62.4  0.36  19.8  97.1   4.0 392.5  0.17  0.13
       7 25  80.1  62.0  67.7  86.5  63.2  0.03  26.8  67.8   2.8 389.9  0.16  0.13
       7 26  83.9  59.4  70.3  71.2  58.9        17.9  99.4   4.1 678.6  0.27  0.21
       7 27  84.4  57.8  70.8  65.7  56.7        13.7  66.1   2.8 722.0  0.27  0.21
       7 28  85.6  55.9  70.4  64.3  56.1        14.0  90.8   3.8 671.1  0.27  0.22
       7 29  84.4  59.0  68.9  76.7  60.5  0.11  26.2  87.3   3.6 497.5  0.22  0.17
       7 30  68.4  59.4  62.8  90.8  60.0  0.27  18.2 124.6   5.2 184.3  0.10  0.08
       7 31  79.5  58.8  66.5  82.4  60.6        14.0 105.2   4.4 499.8  0.20  0.16
       8  1  81.2  56.2  66.6  79.7  59.7        27.8  89.8   3.7 394.4  0.17  0.14
       8  2  81.2  53.7  67.2  59.6  51.1        26.5 130.6   5.4 584.3  0.26  0.20
       8  3  72.5  58.0  64.0  73.8  55.3  0.30  28.2 114.6   4.8 368.4  0.17  0.13
       8  4  70.2  58.4  63.1  80.0  56.6  0.34  20.8 119.1   5.0 389.9  0.16  0.13
       8  5  78.1  55.7  65.7  77.5  57.7        10.2  35.3   1.5 688.5  0.22  0.18
       8  6  82.3  51.6  66.0  74.7  56.8        12.1  76.4   3.2 694.5  0.24  0.20
       8  7  84.3  50.9  67.6  71.3  56.7        11.2  60.2   2.5 695.1  0.24  0.20
       8  8  88.6  53.8  69.5  68.2  57.6  0.16  21.0  83.2   3.5 534.4  0.23  0.18
       8  9  83.3  58.5  68.3  72.1  58.1        18.1  72.7   3.0 495.0  0.20  0.16
       8 10  78.2  53.6  65.2  80.5  58.9        13.7  57.1   2.4 415.1  0.16  0.13
       8 11  82.8  56.2  66.8  75.3  57.9        22.4  67.1   2.8 597.0  0.22  0.18
       8 12  83.3  52.0  67.7  60.2  50.6        21.1 115.5   4.8 645.8  0.27  0.22
       8 13  85.8  51.3  68.2  67.4  55.6         9.0  40.6   1.7 599.1  0.21  0.17
       8 14  85.3  52.6  65.7  69.6  54.8        25.4  92.9   3.9 421.9  0.21  0.17
       8 15  81.3  51.5  66.6  72.5  57.2        13.1  63.8   2.7 504.9  0.19  0.15
       8 16  87.5  52.7  67.8  69.4  55.9        15.8  48.4   2.0 473.6  0.19  0.15
       8 17  88.9  52.3  69.9  65.7  56.4        12.7  63.5   2.6 618.0  0.23  0.19
       8 18  88.1  55.6  70.3  64.3  56.8        23.2  90.1   3.8 510.2  0.22  0.18
       8 19  84.2  53.7  67.7  70.0  56.7        22.0  82.9   3.5 535.4  0.22  0.18
       8 20  82.1  55.6  68.0  73.1  58.6        10.9  54.9   2.3 511.1  0.19  0.16
       8 21  85.7  54.5  68.4  70.7  57.6        25.4  92.4   3.9 574.3  0.23  0.19
       8 22  87.2  52.9  69.2  70.7  58.1        11.6  48.8   2.0 595.2  0.21  0.18
       8 23  88.6  52.6  70.6  65.1  56.7        12.9  52.9   2.2 591.8  0.22  0.18
       8 24  90.4  57.6  69.8  67.6  56.9  0.01  24.9  52.0   2.2 443.9  0.19  0.16
       8 25  78.7  53.7  66.0  74.0  57.1        15.4  78.6   3.3 436.3  0.17  0.14
       8 26  86.8  57.5  70.5  70.7  59.6  0.14  16.4  53.2   2.2 582.1  0.21  0.18
       8 27  83.8  52.2  69.1  56.6  52.6  0.08  23.3 113.4   4.7 481.3  0.22  0.18
       8 28  83.6  47.0  64.7  65.8  51.2         9.9  39.5   1.6 632.9  0.22  0.19
       8 29  89.5  45.4  66.1  63.5  52.0         9.4  39.8   1.7 616.4  0.22  0.19
       8 30  91.0  49.2  70.1  52.6  50.8        14.5  60.7   2.5 547.5  0.21  0.18
       8 31  83.9  61.3  70.1  52.4  50.8        23.8 138.8   5.8 431.6  0.23  0.19
       9  1  80.0  54.1  66.0  65.7  52.7  0.03  19.4  65.0   2.7 504.8  0.19  0.16
       9  2  89.6  47.4  67.5  57.1  47.7        17.0  92.0   3.8 609.2  0.26  0.22
       9  3  91.8  50.8  70.9  51.0  49.2        12.5  56.3   2.3 604.1  0.23  0.19
       9  4  93.1  48.2  69.7  48.7  46.6        12.3  75.4   3.1 579.8  0.24  0.21
       9  5  95.2  50.0  70.3  53.0  50.0         9.1  64.2   2.7 587.6  0.24  0.21
       9  6  95.4  51.9  73.1  46.9  47.9        14.7  75.7   3.2 579.3  0.25  0.21
       9  7  81.9  53.3  66.0  75.3  57.3        17.1  74.8   3.1 434.0  0.18  0.15
       9  8  86.6  53.7  67.4  73.6  57.4        12.2  63.8   2.7 503.1  0.20  0.17
       9  9  89.5  53.1  70.4  55.7  51.7        13.2  79.8   3.3 547.1  0.22  0.19
       9 10  89.7  52.3  71.2  47.5  47.8        13.5  76.1   3.2 547.6  0.22  0.19
       9 11  88.2  54.8  72.5  43.2  47.3        19.3 136.7   5.7 547.8  0.26  0.22
       9 12  83.6  51.8  66.7  63.3  53.3        23.2 101.8   4.2 389.2  0.19  0.16
       9 13  77.0  50.6  61.3  73.0  51.5  0.01  21.1  84.6   3.5 357.1  0.16  0.14
       9 14  76.1  50.0  61.7  65.1  48.2        21.2 119.2   5.0 456.8  0.19  0.16
       9 15  76.6  44.9  60.2  66.5  47.5        16.5 102.6   4.3 543.1  0.20  0.17
       9 16  82.5  45.8  62.9  62.9  48.1        12.9  88.1   3.7 515.5  0.19  0.16
       9 17  86.6  46.0  64.9  54.1  45.4        11.2  52.9   2.2 533.4  0.18  0.16
       9 18  87.3  46.1  66.2  46.2  42.1        12.4  68.8   2.9 532.6  0.20  0.17
       9 19  78.8  46.4  63.0  37.0  34.3        28.3 181.3   7.6 519.5  0.27  0.23
       9 20  70.0  47.9  58.2  65.5  46.6  0.68  27.8 193.4   8.1 403.9  0.19  0.15
       9 21  50.7  44.8  47.0  94.5  45.5  0.09  19.4 167.1   7.0 107.2  0.07  0.05
       9 22  65.2  44.7  51.5  87.1  47.6        11.3  99.8   4.2 312.9  0.11  0.09
       9 23  71.7  46.0  56.4  83.6  51.0        13.3  45.5   1.9 225.2  0.07  0.06
       9 24  78.0  45.8  60.6  72.3  50.3        14.1  82.6   3.4 505.3  0.15  0.13
       9 25  84.5  47.6  63.6  63.8  48.8        12.3  84.0   3.5 499.9  0.17  0.15
       9 26  74.7  44.7  61.8  49.0  41.2        22.8 103.9   4.3 513.3  0.18  0.15
       9 27  75.5  43.5  58.6  64.0  45.0        13.5 102.1   4.3 495.9  0.18  0.15
       9 28  79.7  42.2  61.6  57.0  43.3        19.4  77.1   3.2 441.2  0.16  0.14
       9 29  81.4  47.8  61.2  55.3  43.6        18.4  98.2   4.1 388.0  0.17  0.15
       9 30  61.8  46.9  55.1  66.3  43.6        27.2 188.0   7.8 367.7  0.15  0.12
      10  1  53.2  41.2  47.1  79.5  40.9  0.01  17.5 182.1   7.6  96.5  0.08  0.06
      10  2  54.9  40.2  44.7  93.2  42.9  0.25   9.5  77.3   3.2 179.6  0.07  0.06
      10  3  51.3  42.7  45.4  96.0  44.4  0.06  21.5 121.1   5.0  84.6  0.04  0.03
      10  4  56.3  42.4  46.4  75.6  38.6  0.34  35.7 244.4  10.2 282.0  0.13  0.10
      10  5  48.4  36.1  43.2  53.5  27.2        36.7 324.1  13.5 242.9  0.15  0.10
      10  6  62.6  28.7  46.4  56.0  29.9        23.4 158.5   6.6 405.3  0.14  0.12
      10  7  69.5  29.5  48.3  64.7  34.8        11.9  61.8   2.6 451.9  0.12  0.10
      10  8  74.7  36.6  53.3  64.6  40.0        11.2  76.3   3.2 382.9  0.11  0.10
      10  9  76.6  39.9  58.5  42.5  33.7        16.8 104.6   4.4 438.2  0.15  0.13
      10 10  71.6  23.6  50.1  56.7  34.6        27.5 110.0   4.6 418.8  0.15  0.13
      10 11  65.7  41.3  53.2  34.7  25.4        28.6 196.3   8.2 431.7  0.20  0.17
      10 12  59.8  23.6  37.3  66.8  26.2         9.9  73.5   3.1 235.2  0.11  0.09
      10 13  70.3  26.6  47.7  59.3  33.1        14.5  75.3   3.1 343.5  0.11  0.10
      10 14  71.5  38.2  55.0  55.2  37.6        19.9 128.2   5.3 354.4  0.12  0.11
      10 15  66.2  46.1  53.1  73.3  44.5        16.5  86.8   3.6 322.2  0.08  0.08
      10 16  53.6  36.9  46.9  87.3  43.6  0.62  23.8 181.6   7.6 109.7  0.04  0.03
      10 17  50.4  29.9  41.2  68.5  31.3  0.04  28.9 257.8  10.7 178.8  0.11  0.08
      10 18  60.6  27.1  40.2  72.2  30.4        11.3  72.9   3.0 403.1  0.11  0.09
      10 19  56.1  28.0  40.7  75.0  33.1         9.9  88.6   3.7 383.8  0.09  0.07
      10 20  49.3  27.7  39.4  76.6  32.2        15.8 114.3   4.8 129.1  0.05  0.04
      10 21  60.9  23.9  40.5  72.7  32.1        15.7 122.9   5.1 375.9  0.10  0.09
      10 22  68.2  30.7  45.5  71.8  36.1        10.0  79.8   3.3 350.2  0.09  0.08
      10 23  70.5  34.9  50.6  68.2  39.1  0.11  20.4  85.2   3.5 347.6  0.09  0.08
      10 24  68.0  34.2  47.5  71.2  37.2         9.9  64.8   2.7 366.9  0.09  0.08
      10 25  64.5  34.8  46.6  73.1  38.1        11.1  75.4   3.1 204.2  0.07  0.07
      10 26  66.1  41.7  51.2  76.0  43.7         8.7  67.5   2.8 196.0  0.06  0.05
      10 27  55.3  41.2  49.8  93.7  48.3  0.43  17.0 123.7   5.2  76.2  0.02  0.01
      10 28  53.5  46.5  49.8  76.0  42.3  0.16  27.9 152.6   6.4  60.0  0.04  0.04
      10 29  61.3  39.0  48.3  68.3  38.0        18.3 135.7   5.7 308.4  0.10  0.09
      10 30  44.0  37.0  39.8  94.5  38.3  0.11  16.5 178.9   7.5  32.5  0.03  0.02
      10 31  37.8  34.9  36.6  95.5  35.4  0.08  12.6  94.7   3.9  62.6  0.03  0.02
      11  1  42.8  34.4  38.4  94.6  37.0  0.01   8.8  47.1   2.0  88.6            
      11  2  39.4  32.2  35.7  95.5  34.5  0.13  11.1 107.1   4.5  78.0            
      11  3  38.8  31.3  34.5  89.8  31.7         8.3  66.3   2.8 104.2            
      11  4  46.3  28.7  36.2  87.4  32.5        14.8  73.4   3.1 230.9            
      11  5  37.2  30.8  33.3  94.8  32.0        12.7  54.2   2.3  76.7            
      11  6  48.3  31.9  38.5  88.6  35.0        16.8 126.2   5.3 219.6            
      11  7  43.9  29.5  35.3  91.3  32.9  0.26  12.1  74.7   3.1 263.9            
      11  8  41.2  25.1  31.7  92.2  29.7        19.5  74.5   3.1 154.8            
      11  9  35.6  21.9  30.0  78.4  24.3        29.5 278.2  11.6 119.5            
      11 10  40.5  19.6  30.5  47.9  11.8        35.3 276.1  11.5 309.0            
      11 11  51.5  16.1  29.4  66.6  18.1         9.9  78.0   3.3 279.6            
      11 12  52.9  19.6  32.8  72.8  23.6        18.5  96.2   4.0 301.5            
      11 13  63.3  23.1  41.2  64.4  28.0        15.4  87.3   3.6 283.0            
      11 14  64.2  30.0  44.4  62.6  30.6        11.3  85.8   3.6 287.3            
      11 15  73.2  27.9  48.2  55.4  28.9        22.7 133.6   5.6 223.7            
      11 16  62.8  30.4  44.3  57.6  28.4        14.8  97.0   4.0 238.1            
      11 17  55.9  29.7  39.6  68.3  28.9        28.6 107.4   4.5 210.8            
      11 18  54.4  30.1  43.4  44.4  21.3        37.2 284.9  11.9 261.5            
      11 19  47.8  23.6  34.1  75.5  26.7  0.08  12.4  61.0   2.5 262.6            
      11 20  51.0  17.0  29.6  71.6  20.4         9.8  65.5   2.7 251.2            
      11 21  60.0  21.7  36.4  67.2  25.3        10.2  77.9   3.2 158.5            
      11 22  74.1  31.2  49.2  45.0  25.2        25.9 135.9   5.7 256.7            
      11 23  57.3  27.0  40.9  51.9  22.9        26.7 137.9   5.7 255.6            
      11 24  70.3  23.8  44.8  47.3  20.4        37.8 262.6  10.9 258.4            
      11 25  50.9  24.6  38.5  53.2  22.1        23.5 105.7   4.4 145.5            
      11 26  69.0  24.9  42.8  60.3  27.6        14.8  70.7   2.9 258.2            
      11 27  71.3  28.3  44.3  60.8  28.9         7.8  68.2   2.8 255.3            
      11 28  54.6  32.6  40.0  74.8  32.5         9.8  77.6   3.2  80.2            
      11 29  63.5  28.4  42.7  60.7  29.2        19.0  88.4   3.7 135.2            
      11 30  66.1  24.9  40.7  60.6  25.3        14.0  95.5   4.0 256.7            
      12  1  67.4  26.5  42.6  55.5  24.9         9.9  82.0   3.4 247.5            
      12  2  66.5  26.8  42.4  55.8  25.3        13.5  96.8   4.0 246.2            
      12  3  63.1  25.4  40.3  58.8  24.6        15.5  92.7   3.9 241.8            
      12  4  59.4  21.5  37.1  67.8  26.3        10.9  81.4   3.4 206.5            
      12  5  39.4  19.0  29.5  73.7  21.5        18.3 110.3   4.6 178.8            
      12  6  33.6  14.9  24.2  88.1  21.3         8.6  68.2   2.8 199.6            
      12  7  36.5  11.8  22.8  61.5  10.5        12.6  93.6   3.9 240.9            
      12  8  30.0  10.0  21.8  74.6  15.6         8.1  63.2   2.6  86.2            
      12  9  30.0  10.9  25.3  89.7  22.9        22.0 173.8   7.2  98.7            
      12 10  24.8   1.3  11.5  88.5   9.9         7.6  64.2   2.7 223.4            
      12 11  43.3   2.1  19.4  77.7  14.7  0.01   8.9  50.1   2.1 237.3            
      12 12  45.6  13.5  27.6  76.1  21.3         9.4  54.5   2.3 176.5            
      12 13  53.1  15.2  29.7  76.5  23.3        10.7  60.4   2.5 241.5            
      12 14  56.0  19.0  34.2  68.9  24.3        12.8  81.5   3.4 242.4            
      12 15  44.8  22.5  32.1  74.4  24.7        13.6  64.1   2.7 227.0            
      12 16  44.1  22.7  31.2  77.8  24.6        16.6  87.2   3.6 219.3            
      12 17  58.6  19.5  35.7  67.6  25.1        17.7  83.5   3.5 235.3            
      12 18  50.6   5.7  25.8  72.4  18.9        32.4 234.4   9.8 127.1            
      12 19   5.7  -2.1   1.2  80.8  -3.1        15.0 182.7   7.6 146.6            
      12 20  -0.1  -3.6  -1.9  80.2  -6.4        13.0 138.4   5.8 120.0            
      12 21   8.3 -25.1  -7.4  77.0 -10.3  0.01   9.7  72.9   3.0 230.9            
      12 22   7.6 -26.4 -10.5  75.9 -13.3         8.7  99.3   4.1 236.4            
      12 23   9.3 -20.7  -8.6  76.8 -11.6         8.7  75.3   3.1 242.2            
      12 24  12.6 -19.7  -1.2  81.3  -2.5        14.6  76.4   3.2 186.1            
      12 25  36.5   0.3  17.3  76.2  12.3  0.08  14.2  97.2   4.0 215.0            
      12 26  49.5  13.3  31.5  58.6  18.2        28.6 206.5   8.6 149.3            
      12 27  42.0  14.5  30.0  61.9  18.2  0.01  18.8 160.4   6.7 210.4            
      12 28  49.3  14.0  36.8  58.6  23.4        41.8 286.5  11.9 214.1            
      12 29  45.4  27.0  35.6  74.4  27.8        26.7 169.6   7.1 177.8            
      12 30  55.3  26.7  39.5  69.1  29.1  0.01  37.4 256.5  10.7 212.7            
      12 31  36.6  27.0  31.8  89.4  29.1         8.4  54.7   2.3 115.2            

      Total                               10.50                         45.68 36.92
        Max 102.6  63.1  80.4  98.8  63.2        51.2 508.6  21.2 814.0
        Min  -0.1 -26.4 -10.5  32.9 -13.3         7.6  35.3   1.5  32.5
        Ave  62.7  34.0  47.5  65.4  34.6        19.3 124.4   5.2 396.1
