      2002                                                                03-JAN-03
      Weather Station near EATON, CO  alfalfa hay site at Magnuson farm            
      -----------------------------------------------------------------------------
               Temperature      Rel   Dew             Wind        Solar StandrdASCE
            ----------------- Humid Point  Prec -----------------   Rad   ETr   ETo
       Date   Max   Min   Ave   Ave   Ave Total   Max Total   Ave Total Alflf Grass
      MoDay     F     F     F     %     F  inch   mph miles   mph Langl  inch  inch
      ----- ----- ----- ----- ----- ----- ----- ----- ----- ----- ----- ----- -----
       1  1  25.8  -5.6  14.9  82.2  11.6  0.01  12.1  80.6   3.4 129.5            
       1  2  29.6 -14.3   3.7  73.8  -0.4         7.8  71.1   3.0 241.6            
       1  3  49.2  -1.3  23.4  65.7  14.4  0.01  12.4  75.1   3.1 248.5            
       1  4  41.6  22.1  34.2  60.9  22.2        27.4 272.4  11.3 109.4            
       1  5  40.5  12.2  27.9  58.8  15.1        11.1  83.6   3.5 195.7            
       1  6  45.4  17.1  30.1  58.2  16.3        11.1  90.5   3.8 231.2            
       1  7  63.5  14.7  37.6  54.9  21.0        20.4 116.9   4.9 236.4            
       1  8  55.9  25.9  46.5  37.9  21.2        35.0 131.9   5.5  72.9            
       1  9  55.3  26.4  38.4  64.4  26.3        26.4 149.3   6.2 201.5            
       1 10  36.1  11.9  24.9  88.5  22.7  0.14   8.3  44.7   1.9 214.6            
       1 11  51.7   9.5  29.1  68.4  18.9        26.7 164.0   6.8 184.6            
       1 12  46.4  15.0  29.0  66.1  18.5        39.0  99.7   4.2 223.0            
       1 13  44.2  22.1  36.1  38.4  12.5        46.2 404.2  16.8 243.0            
       1 14  34.6  12.0  23.2  59.0  10.5        19.1 147.0   6.1 206.8            
       1 15  26.1   9.6  16.7  77.7  10.9        15.2 113.8   4.7 220.9            
       1 16  29.3   6.5  16.3  72.0   8.6        13.4 117.2   4.9 266.8            
       1 17  30.2   6.0  17.7  62.9   6.6        13.0 100.1   4.2 260.5            
       1 18  37.2   3.1  17.7  54.6   2.7        28.6 176.4   7.3 271.5            
       1 19  38.7  -1.8  17.1  46.0  -2.2        16.5 112.7   4.7 288.7            
       1 20  39.7  11.9  29.3  29.9   0.3        37.3 261.6  10.9 280.2            
       1 21  52.4  14.0  32.5  39.6   9.6        16.4 132.9   5.5 284.5            
       1 22  55.0  15.8  32.0  52.0  14.2        30.6 228.8   9.5 274.4            
       1 23  25.3  -8.2  17.0  78.1  12.3  0.02  28.7 142.9   6.0 255.0            
       1 24  34.9  -8.7  12.1  62.8   3.0        12.4  86.7   3.6 306.3            
       1 25  49.9   9.3  31.5  56.4  17.7        13.7 100.3   4.2 224.9            
       1 26  54.3  20.9  38.3  45.8  18.5        14.6 101.0   4.2 243.4            
       1 27  58.0  20.2  37.7  42.4  15.6        18.6 114.6   4.8 254.5            
       1 28  35.9  11.6  21.2  78.5  15.4        21.1 105.8   4.4 192.9            
       1 29  38.2  13.4  22.3  72.6  14.2        22.6 117.2   4.9 293.3            
       1 30  28.5  11.1  17.6  77.2  11.7  0.03  16.0  77.1   3.2 277.2            
       1 31  30.2  -0.3  16.7  53.3   2.5        32.3 247.5  10.3 334.6            
       2  1  41.3   1.8  19.2  62.3   7.4         8.3  70.6   2.9 335.5            
       2  2  44.9  12.6  25.2  61.9  12.5        13.7  94.0   3.9 269.5            
       2  3  46.7  11.9  24.9  60.4  11.6        12.2 108.6   4.5 341.3            
       2  4  49.7   8.2  27.0  49.1   7.3        38.5 266.8  11.1 323.7            
       2  5  41.0   9.0  26.1  49.3   8.2        18.9 144.8   6.0 349.1            
       2  6  54.0   6.4  27.7  48.3   5.3        35.1 139.6   5.8 355.8            
       2  7  49.9   7.2  29.1  46.2   8.3        10.1  70.0   2.9 236.1            
       2  8  53.3  15.9  31.5  40.1   9.2        47.9 326.9  13.6 160.7            
       2  9  34.6  21.4  29.6  47.6  12.2        50.0 593.1  24.7 206.1            
       2 10  47.9   9.0  27.0  37.1   0.9        20.8 145.8   6.1 373.6            
       2 11  61.8  18.7  37.5  33.1   6.6        29.4 180.3   7.5 215.6            
       2 12  36.2  14.9  25.5  54.1  10.7        10.2  73.3   3.1 222.6            
       2 13  53.9   5.6  25.6  47.8   4.4        11.8  93.2   3.9 381.0            
       2 14  46.6  14.6  30.0  45.5  11.0        40.4 258.2  10.8 105.8            
       2 15  54.1   4.4  26.8  44.9   3.9        14.1  95.0   4.0 398.1            
       2 16  54.8   6.3  29.8  33.7   1.7        14.3 114.4   4.8 377.2            
       2 17  65.3  21.3  41.5  29.6   9.0        23.9 122.4   5.1 379.9            
       2 18  56.6  29.8  40.4  46.6  20.9        32.4 145.7   6.1 309.0            
       2 19  51.8  20.9  35.1  46.0  14.6        30.8 206.1   8.6 368.2            
       2 20  53.6  19.7  37.0  45.5  16.2        36.5 251.1  10.5 343.0            
       2 21  49.3  23.0  35.3  36.5   9.7        30.9 272.1  11.3 422.5            
       2 22  69.4  18.5  44.1  27.7   8.9        34.3 151.7   6.3 293.6            
       2 23  73.5  28.8  49.7  25.5  13.1        32.0 181.2   7.5 325.1            
       2 24  48.3  19.1  33.8  62.5  21.8        31.3 239.9  10.0 354.1            
       2 25  20.2   3.4   9.6  68.6   1.7        30.3 308.9  12.9 394.0            
       2 26  23.4   4.4  12.7  51.9  -1.4        34.1 236.1   9.8 460.6            
       2 27  35.1   7.8  21.9  53.7   7.1        36.4 240.5  10.0 361.6            
       2 28  47.6   6.0  23.7  67.8  13.5        28.9 215.1   9.0 411.5            
       3  1  20.5  -1.5   9.8  81.6   6.0  0.04  24.6 246.8  10.3 341.7  0.03  0.03
       3  2  16.2 -17.1   1.8  63.6  -7.2        21.9 116.2   4.8 478.0  0.04  0.03
       3  3  26.4  -6.7  11.1  55.6  -1.1        33.8 223.5   9.3 488.5  0.07  0.05
       3  4  47.0   8.8  24.5  59.3  12.7        12.1  75.0   3.1 486.0  0.10  0.07
       3  5  52.4  17.9  33.5  60.2  20.5        12.1  98.9   4.1 452.8  0.11  0.08
       3  6  42.8  25.6  33.5  71.8  25.3        17.5 133.0   5.5 422.6  0.08  0.07
       3  7  60.5  21.6  37.0  67.0  25.6        22.2 130.8   5.5 456.7  0.16  0.11
       3  8  32.1  10.8  21.7  78.7  17.5        37.6 309.9  12.9 126.0  0.04  0.03
       3  9  40.0   8.4  25.3  53.3  10.9        29.3 180.9   7.5 504.5  0.11  0.08
       3 10  56.9  16.8  34.7  57.8  19.7        17.2 101.9   4.2 441.2  0.14  0.10
       3 11  58.1  27.9  43.6  39.0  18.2        32.6 223.2   9.3 507.7  0.22  0.15
       3 12  67.0  28.4  47.5  39.9  21.2        28.2 144.4   6.0 376.9  0.21  0.14
       3 13  52.8  26.6  41.1  60.6  27.8        27.3 230.2   9.6 471.9  0.14  0.10
       3 14  30.8  19.0  25.0  83.1  20.7  0.16  21.9 229.3   9.6 441.5  0.05  0.04
       3 15  35.0   7.2  22.6  72.2  14.9        11.0  78.4   3.3 472.2  0.06  0.05
       3 16  42.4  22.3  31.0  66.8  20.6        21.6 177.2   7.4 465.9  0.11  0.08
       3 17  47.4  16.9  30.9  62.9  17.7        27.3 109.7   4.6 408.5  0.11  0.08
       3 18  45.8  16.9  29.3  70.0  19.8        24.0 118.9   5.0 377.4  0.10  0.07
       3 19  50.8  16.4  31.9  60.5  17.7        11.8  69.7   2.9 534.3  0.11  0.09
       3 20  80.9  16.4  39.6  48.7  16.0        31.0 167.2   7.0 552.9  0.39  0.26
       3 21  28.0   9.5  17.5  61.5   6.2        18.9 155.6   6.5 428.2  0.07  0.05
       3 22  62.0  13.1  36.7  49.9  16.0        16.9  91.5   3.8 555.9  0.17  0.13
       3 23  71.6  23.4  44.1  47.4  21.3        24.6 130.4   5.4 412.1  0.24  0.16
       3 24  36.6  19.9  26.2  80.2  20.9        16.3 181.0   7.5 115.3  0.06  0.04
       3 25  32.4  16.6  22.8  85.0  19.0        12.6 126.2   5.3 211.7  0.05  0.04
       3 26  60.5  15.7  38.1  52.3  18.2        16.9  99.7   4.2 557.5  0.17  0.13
       3 27  67.8  25.0  47.8  37.6  19.4        37.3 216.2   9.0 572.5  0.29  0.20
       3 28  71.3  25.2  47.4  43.0  20.3        39.3 201.2   8.4 516.6  0.30  0.20
       3 29  55.4  26.8  40.0  53.5  22.8        20.7 148.5   6.2 551.9  0.17  0.13
       3 30  58.5  24.3  42.2  49.1  23.0        22.4 144.6   6.0 467.1  0.17  0.13
       3 31  67.0  26.5  44.2  51.7  25.1        16.6 121.1   5.0 550.2  0.21  0.15
       4  1  76.6  28.9  54.8  29.5  17.5        48.4 308.4  12.8 561.3  0.43  0.28
       4  2  29.1  21.9  24.8  54.0  10.6        28.3 217.9   9.1 210.9  0.08  0.06
       4  3  50.6  20.6  34.1  36.7   9.5        24.1 185.6   7.7 520.6  0.19  0.13
       4  4  60.3  17.3  38.8  35.1  11.6        15.6 131.4   5.5 609.2  0.21  0.15
       4  5  65.2  24.7  47.8  34.5  19.1        19.6 160.5   6.7 605.7  0.24  0.17
       4  6  76.5  30.9  55.9  37.8  25.7        34.2 161.9   6.7 440.3  0.29  0.20
       4  7  68.8  37.7  54.3  44.0  32.2        27.2 207.7   8.7 464.5  0.25  0.18
       4  8  54.2  40.8  46.1  70.9  36.9  0.01  23.4 256.6  10.7 318.5  0.14  0.10
       4  9  73.0  26.6  52.0  50.3  28.4        19.2 117.1   4.9 583.6  0.24  0.18
       4 10  72.2  40.6  56.5  36.8  29.4        39.2 215.2   9.0 327.1  0.29  0.19
       4 11  66.2  36.7  54.2  42.3  29.5        37.4 178.0   7.4 476.4  0.23  0.17
       4 12  70.3  31.2  53.9  44.4  29.6        18.5 107.8   4.5 579.9  0.22  0.17
       4 13  75.6  40.6  60.5  31.4  27.8        23.1 174.4   7.3 645.2  0.32  0.23
       4 14  75.2  40.8  61.1  28.0  26.6        21.1 124.7   5.2 293.8  0.23  0.16
       4 15  81.2  43.0  63.4  25.9  25.3        25.3 122.5   5.1 464.8  0.29  0.20
       4 16  63.6  38.0  52.1  29.3  19.7        43.2 289.9  12.1 550.4  0.31  0.21
       4 17  77.4  29.4  54.8  34.1  22.9        35.7 272.6  11.4 671.9  0.42  0.28
       4 18  67.8  32.4  47.0  45.4  25.9        43.7 291.2  12.1 598.3  0.33  0.22
       4 19  43.0  26.0  34.4  59.7  21.7        20.2 195.9   8.2 344.6  0.11  0.08
       4 20  42.9  32.5  35.4  75.9  28.4  0.01  28.0 280.0  11.7 125.8  0.09  0.06
       4 21  57.4  20.0  40.6  55.4  22.5        33.7 183.1   7.6 692.2  0.20  0.16
       4 22  68.8  23.6  49.3  30.6  15.8        32.1 198.5   8.3 698.9  0.31  0.22
       4 23  77.2  30.3  56.9  26.0  20.0        22.1 155.2   6.5 694.0  0.33  0.24
       4 24  59.5  29.6  44.1  41.8  21.0        38.6 237.6   9.9 709.0  0.26  0.19
       4 25  59.0  28.4  42.8  36.5  18.6        18.9 179.3   7.5 525.1  0.22  0.16
       4 26  67.2  32.3  47.1  57.2  32.5  0.05  28.2 202.5   8.4 458.6  0.24  0.17
       4 27  63.5  38.0  49.4  70.2  38.8  0.05  31.9 226.9   9.5 434.7  0.19  0.14
       4 28  70.1  27.4  50.7  54.7  31.6        35.3 190.7   7.9 691.8  0.27  0.20
       4 29  73.1  31.3  55.6  42.0  30.8        22.2 160.8   6.7 660.1  0.28  0.21
       4 30  72.0  34.9  55.6  51.1  37.4        26.0 214.3   8.9 694.9  0.28  0.21
       5  1  53.4  31.3  41.6  76.7  35.4        33.2 296.9  12.4 134.8  0.11  0.07
       5  2  59.7  31.4  43.8  66.5  31.8  0.01  18.3 122.6   5.1 661.1  0.19  0.15
       5  3  71.1  29.5  53.7  39.7  26.1        21.4 134.8   5.6 679.9  0.27  0.20
       5  4  69.0  35.8  52.8  51.2  34.5        27.7 214.4   8.9 678.6  0.28  0.21
       5  5  76.3  35.6  58.0  40.7  31.2        17.5 127.5   5.3 672.0  0.29  0.22
       5  6  79.3  39.5  62.4  32.4  29.7        35.4 134.0   5.6 641.2  0.31  0.23
       5  7  64.7  41.5  49.5  72.9  40.8        25.6 168.9   7.0 391.6  0.18  0.13
       5  8  65.5  34.5  49.7  47.6  27.6        40.8 274.1  11.4 574.3  0.29  0.21
       5  9  62.2  21.6  44.9  36.4  18.4        23.5 156.3   6.5 717.5  0.24  0.18
       5 10  62.5  30.6  51.2  43.7  30.0        27.0 193.5   8.1 447.7  0.20  0.15
       5 11  62.4  42.8  50.6  67.7  39.8  0.21  29.3 270.2  11.3 455.9  0.21  0.15
       5 12  56.5  37.4  47.5  70.1  37.7  0.07  21.0 125.3   5.2 343.8  0.12  0.10
       5 13  70.5  30.0  52.3  49.6  31.8        18.4 108.7   4.5 676.5  0.24  0.19
       5 14  76.3  35.5  54.7  49.9  34.7        28.6 132.4   5.5 410.4  0.25  0.18
       5 15  73.1  41.6  59.3  48.9  39.0        30.2 161.9   6.7 316.7  0.22  0.16
       5 16  52.0  42.8  47.2  80.0  41.2  0.29  27.3 178.2   7.4 149.2  0.08  0.06
       5 17  61.6  44.5  50.6  79.9  44.1        15.1 118.3   4.9 353.4  0.13  0.11
       5 18  72.4  39.4  57.4  65.5  44.5        19.2 139.6   5.8 621.5  0.22  0.18
       5 19  70.4  41.0  56.0  63.9  43.3        24.8 185.2   7.7 698.7  0.25  0.20
       5 20  64.2  45.8  52.4  73.8  44.1        23.9 165.9   6.9 252.7  0.15  0.11
       5 21  84.3  43.8  61.0  53.0  40.6        44.4 253.9  10.6 536.9  0.42  0.28
       5 22  67.3  44.2  56.8  23.5  19.2        31.8 288.6  12.0 753.3  0.39  0.27
       5 23  61.7  40.0  50.0  52.5  32.9  0.39  24.2 215.5   9.0 577.8  0.24  0.18
       5 24  51.6  32.8  41.4  86.2  37.6  0.29  13.5 102.6   4.3 225.0  0.07  0.06
       5 25  72.4  36.3  53.5  68.3  41.5  0.06  11.0  70.2   2.9 399.6  0.16  0.13
       5 26  78.3  41.4  61.8  52.4  41.1  0.03  28.2  98.4   4.1 492.9  0.23  0.18
       5 27  78.7  44.4  63.6  50.7  43.2  0.04  32.7 140.7   5.9 494.5  0.26  0.20
       5 28  82.2  46.2  65.9  45.3  42.2        30.3 118.2   4.9 401.3  0.25  0.19
       5 29  81.4  51.1  67.8  43.6  42.8        24.7 148.0   6.2 362.3  0.27  0.19
       5 30  91.9  48.4  70.3  48.8  48.6        15.1  97.2   4.0 426.4  0.27  0.20
       5 31  89.0  55.5  72.6  41.5  46.0        32.4 123.9   5.2 327.6  0.28  0.20
       6  1  85.9  51.3  68.7  49.8  47.5        29.6 105.1   4.4 211.2  0.21  0.15
       6  2  90.6  52.5  72.6  39.4  44.0        40.9 159.5   6.6 330.7  0.33  0.23
       6  3  73.4  51.1  61.5  66.9  49.6  0.21  30.8 249.4  10.4 232.3  0.21  0.15
       6  4  64.9  49.0  55.1  82.1  49.5  0.18  21.1 113.4   4.7 287.6  0.12  0.10
       6  5  75.1  42.9  59.7  70.0  48.5  0.06  21.4 100.1   4.2 442.5  0.18  0.15
       6  6  85.0  47.8  67.6  55.3  48.6  0.06  23.7  95.5   4.0 356.3  0.22  0.17
       6  7  90.5  49.0  69.7  50.1  47.4  0.02  35.1 151.3   6.3 297.2  0.30  0.21
       6  8  91.0  50.8  70.5  51.7  49.9        28.4 148.2   6.2 331.3  0.30  0.21
       6  9  90.1  51.4  72.4  41.5  44.7        21.6 158.4   6.6 333.4  0.32  0.22
       6 10  75.2  52.1  64.2  35.9  36.5        35.2 216.9   9.0 387.6  0.32  0.22
       6 11  80.0  48.4  65.7  36.8  36.4        24.7 139.3   5.8 547.3  0.31  0.23
       6 12  86.1  51.9  68.0  30.1  32.8        25.8 191.6   8.0 676.4  0.44  0.31
       6 13  75.3  46.6  62.1  42.9  38.6        18.3 138.2   5.8 561.4  0.27  0.21
       6 14  82.9  42.1  64.2  41.3  38.2        20.8 124.4   5.2 590.9  0.30  0.23
       6 15  83.8  51.5  66.5  53.3  46.4  0.04  40.6 209.2   8.7 473.0  0.35  0.24
       6 16  86.4  52.0  67.2  58.3  49.0  0.10  25.4  98.9   4.1 638.7  0.29  0.23
       6 17  95.0  49.1  73.8  40.7  42.2        15.3  93.1   3.9 720.0  0.35  0.28
       6 18  94.9  57.8  78.5  22.8  34.7        20.8 137.8   5.7 722.1  0.43  0.32
       6 19  87.8  58.5  71.7  44.5  46.8  0.59  28.7 201.6   8.4 560.3  0.40  0.29
       6 20  80.0  57.4  67.9  70.5  57.0  0.01  28.8 176.2   7.3 563.5  0.26  0.21
       6 21  89.2  57.6  73.6  50.2  52.6        30.7 142.6   5.9 524.8  0.32  0.24
       6 22  89.2  59.2  72.7  55.2  53.8        19.4 105.9   4.4 505.0  0.28  0.22
       6 23  93.0  56.4  76.7  31.3  42.5        20.2 131.8   5.5 726.9  0.40  0.30
       6 24  94.5  55.5  78.0  33.8  43.6        24.7 120.7   5.0 725.5  0.38  0.30
       6 25  91.6  59.4  73.3  46.2  50.0        26.4 131.2   5.5 577.7  0.35  0.26
       6 26  89.0  53.8  73.9  47.8  50.2        23.3 119.0   5.0 712.8  0.33  0.27
       6 27  93.5  55.9  74.5  44.2  49.2        24.4 105.9   4.4 651.4  0.34  0.27
       6 28  92.0  54.1  73.8  47.6  50.3        35.4 123.1   5.1 652.1  0.34  0.27
       6 29  92.5  54.4  75.3  45.1  50.5        14.9 100.4   4.2 656.3  0.32  0.26
       6 30  89.8  53.5  74.0  40.0  47.0        14.9 104.9   4.4 650.7  0.32  0.25
       7  1  97.5  58.0  79.1  36.8  49.1        16.5 119.0   5.0 656.3  0.38  0.29
       7  2  90.7  61.2  75.5  41.3  49.6        18.5 118.8   5.0 591.9  0.33  0.26
       7  3  88.1  59.7  69.9  61.4  56.2  0.14  29.0 144.5   6.0 405.2  0.28  0.21
       7  4  84.8  55.1  70.8  67.4  58.6        19.3 114.8   4.8 404.3  0.21  0.17
       7  5  84.4  55.8  71.1  67.5  58.6        13.3 103.0   4.3 557.2  0.24  0.20
       7  6  80.6  60.5  70.0  78.5  62.6  0.99  27.3  93.1   3.9 522.5  0.20  0.18
       7  7  87.1  60.0  73.3  71.9  62.9        13.2  91.3   3.8 426.1  0.20  0.17
       7  8  87.1  59.4  73.5  65.9  60.5        14.8  96.6   4.0 309.5  0.19  0.15
       7  9  89.9  58.0  72.9  58.8  56.1        28.0 148.6   6.2 493.0  0.31  0.23
       7 10  85.3  60.6  71.5  71.1  61.6        20.2  92.6   3.9 277.7  0.17  0.13
       7 11  86.0  55.3  69.7  61.1  55.2        11.8  89.1   3.7 576.1  0.25  0.21
       7 12  91.2  52.3  70.2  62.9  55.3        12.0  71.2   3.0 592.2  0.26  0.22
       7 13  91.2  51.6  70.3  58.5  53.8        14.8  90.5   3.8 352.9  0.23  0.17
       7 14  92.1  52.1  72.6  53.0  51.6        14.3 102.6   4.3 563.9  0.30  0.23
       7 15  93.7  56.2  75.3  51.4  53.3        16.5 111.4   4.6 536.8  0.31  0.24
       7 16  94.5  55.9  74.7  49.9  51.3        16.8 103.5   4.3 518.9  0.31  0.24
       7 17  94.0  54.4  73.6  47.5  50.1        15.2 113.0   4.7 507.9  0.32  0.24
       7 18  94.1  56.5  75.0  44.5  49.8        14.1 103.9   4.3 469.5  0.30  0.23
       7 19  94.5  56.6  77.1  44.8  51.5        15.1 121.3   5.1 378.7  0.29  0.21
       7 20  95.5  62.4  78.6  40.2  51.1        31.1 194.9   8.1 460.8  0.42  0.29
       7 21  83.8  59.6  71.7  56.2  54.8        26.6 151.1   6.3 311.1  0.24  0.17
       7 22  79.6  54.3  67.3  64.8  53.7        17.1 114.8   4.8 318.9  0.19  0.14
       7 23  84.5  58.6  72.3  57.1  55.4        22.3 131.5   5.5 196.2  0.20  0.14
       7 24  94.7  55.1  76.3  47.6  51.7        42.6 123.1   5.1 411.2  0.30  0.22
       7 25  89.7  57.7  71.1  54.8  52.5        32.9 142.6   5.9 153.0  0.25  0.17
       7 26  85.1  53.4  69.3  60.2  52.7        36.2 118.6   4.9 461.3  0.25  0.19
       7 27  87.0  52.5  71.6  46.3  46.9        40.6 135.8   5.7 388.1  0.28  0.20
       7 28  86.4  55.3  70.7  49.5  50.0        21.0  92.6   3.9 555.2  0.26  0.21
       7 29  87.4  52.3  70.7  45.6  47.6        16.6  97.8   4.1 539.2  0.27  0.21
       7 30  92.5  58.0  76.9  39.0  49.5        16.0 111.9   4.7 526.9  0.31  0.23
       7 31  93.4  53.6  76.7  43.0  51.5        30.8  90.7   3.8 262.5  0.22  0.16
       8  1  74.6  58.0  64.5  45.2  42.6        36.5 171.0   7.1 272.2  0.26  0.18
       8  2  83.8  53.5  68.4  48.3  48.4        15.3  98.2   4.1 315.8  0.21  0.16
       8  3  86.5  61.1  70.7  62.7  56.5  0.10  33.6 123.9   5.2 210.3  0.21  0.15
       8  4  85.0  56.4  71.7  62.1  57.1        25.1 119.1   5.0 446.3  0.23  0.18
       8  5  82.4  56.7  68.8  74.7  59.9  0.02  20.6  93.3   3.9 173.2  0.13  0.10
       8  6  89.5  53.6  69.5  69.6  58.0        31.3  91.0   3.8 284.4  0.19  0.15
       8  7  87.1  53.8  69.2  67.6  56.5  0.02  24.3 107.8   4.5 361.3  0.22  0.17
       8  8  83.9  52.5  67.5  69.7  56.0        26.8  90.4   3.8 403.5  0.19  0.16
       8  9  79.0  52.0  66.0  63.6  52.3        25.6 125.3   5.2 525.5  0.23  0.18
       8 10  84.4  52.7  66.9  57.8  51.8        11.5  91.0   3.8 559.2  0.24  0.20
       8 11  87.4  47.0  69.6  49.2  48.3        13.2  89.6   3.7 536.9  0.25  0.20
       8 12  69.5  51.3  60.3  59.8  46.1        37.0 194.5   8.1 203.6  0.18  0.13
       8 13  73.2  41.8  58.2  68.1  46.2  0.01  15.9  61.7   2.6 457.2  0.16  0.14
       8 14  85.2  41.8  66.0  54.7  46.6        14.4  78.5   3.3 520.5  0.22  0.18
       8 15  76.5  53.9  65.6  56.0  49.2        35.7 151.8   6.3 477.8  0.24  0.18
       8 16  94.0  47.3  70.2  51.4  48.5        33.7 136.5   5.7 475.4  0.33  0.24
       8 17  70.0  44.0  59.0  44.8  37.3        34.7 133.4   5.6 345.3  0.20  0.15
       8 18  83.1  41.8  60.5  52.7  41.9        20.8 105.5   4.4 240.3  0.21  0.15
       8 19  81.0  43.1  63.3  60.6  49.4        24.3 117.4   4.9 345.2  0.20  0.15
       8 20  84.3  53.3  67.5  70.9  56.7        28.7  97.0   4.0 419.0  0.20  0.16
       8 21  83.6  54.7  66.9  58.4  51.1        32.6 114.0   4.8 206.7  0.20  0.14
       8 22  81.9  46.8  63.7  67.7  52.0        29.4  99.0   4.1 264.7  0.17  0.13
       8 23  82.2  46.0  66.1  59.7  50.1        19.4  99.9   4.2 344.8  0.19  0.15
       8 24  80.3  53.6  65.7  69.9  54.8        19.5 119.4   5.0 463.7  0.21  0.17
       8 25  87.8  60.8  70.1  57.8  52.7        14.0  88.1   3.7 386.1  0.23  0.17
       8 26  91.7  50.0  70.4  53.8  48.4  0.01  29.5 149.1   6.2 447.0  0.33  0.23
       8 27  78.5  58.5  67.0  68.0  55.1  0.16  39.6 190.8   8.0 152.5  0.19  0.13
       8 28  77.7  57.7  65.7  73.9  56.8        21.7 139.8   5.8 126.1  0.14  0.10
       8 29  79.4  50.0  62.1  77.0  54.0  0.08  28.7 118.5   4.9 133.5  0.14  0.10
       8 30  83.6  46.3  64.3  68.4  51.1  0.01  18.3  86.0   3.6 138.8  0.15  0.10
       8 31  89.2  52.2  69.5  59.0  50.9        13.1  92.5   3.9 140.0  0.19  0.13
       9  1  86.9  49.0  69.0  46.6  44.4        18.9 108.1   4.5 444.4  0.26  0.19
       9  2  79.9  52.2  68.2  39.2  42.2        24.3 171.9   7.2 580.8  0.30  0.22
       9  3  86.1  46.1  66.0  56.0  47.9        20.8  88.7   3.7 532.7  0.24  0.18
       9  4  87.1  51.1  69.1  50.6  47.2        17.2  99.0   4.1 509.3  0.25  0.19
       9  5  91.9  47.5  69.2  45.9  44.3        16.6  75.5   3.1 543.7  0.25  0.20
       9  6  91.7  49.2  71.2  40.7  43.5        22.4 145.2   6.0 496.4  0.34  0.24
       9  7  89.5  53.0  71.1  48.1  49.7        27.6 138.1   5.8 496.4  0.30  0.22
       9  8  82.6  53.8  69.2  57.5  52.7  0.01  18.6 115.3   4.8 351.3  0.20  0.15
       9  9  73.9  57.4  64.2  73.5  54.9  0.03  22.2 195.5   8.1 316.3  0.18  0.14
       9 10  66.7  55.6  59.9  81.3  53.9  0.01  16.8 147.6   6.2 315.0  0.13  0.10
       9 11  73.3  47.3  60.2  78.0  52.7  0.33  20.3 104.9   4.4 424.1  0.15  0.12
       9 12  73.1  55.9  62.6  79.5  55.6  0.16  19.2 122.4   5.1 375.9  0.15  0.12
       9 13  69.6  50.9  59.2  79.8  52.6  0.03  13.4  71.6   3.0 273.4  0.10  0.09
       9 14  75.0  49.4  62.5  53.6  44.1        20.5 149.8   6.2 543.6  0.24  0.18
       9 15  81.0  41.5  60.4  61.3  43.7        14.0  93.9   3.9 550.3  0.22  0.17
       9 16  82.2  41.5  62.1  53.8  41.6        14.0 114.3   4.8 526.4  0.25  0.18
       9 17  74.1  44.6  59.6  53.9  41.3        22.9 100.7   4.2 266.5  0.16  0.12
       9 18  67.1  47.4  57.6  51.0  39.2        34.7 287.4  12.0 352.9  0.25  0.17
       9 19  68.5  37.0  53.5  57.9  36.9        26.2 149.2   6.2 455.7  0.19  0.14
       9 20  78.9  36.4  57.7  52.6  38.0        18.9 110.0   4.6 524.1  0.23  0.17
       9 21  62.1  37.4  49.0  62.3  36.2        32.7 149.4   6.2 476.1  0.16  0.12
       9 22  67.0  43.9  52.5  59.6  38.0        17.6  87.3   3.6 504.7  0.16  0.13
       9 23  64.7  36.7  52.8  47.2  32.7        18.4 163.6   6.8 508.1  0.20  0.14
       9 24  78.8  34.5  57.2  51.6  36.2        40.7  97.9   4.1 449.7  0.21  0.15
       9 25  56.2  42.5  50.3  65.5  39.0  0.02  22.4 193.9   8.1 368.6  0.13  0.10
       9 26  60.3  42.1  49.4  80.9  43.6  0.01  13.8  81.8   3.4 393.2  0.10  0.09
       9 27  72.4  31.9  52.6  67.2  40.4        20.9 109.5   4.6 354.0  0.16  0.12
       9 28  64.4  46.4  54.3  66.4  43.3        16.4 107.5   4.5 348.3  0.13  0.10
       9 29  73.4  36.5  54.9  62.2  40.1        23.4 109.6   4.6 415.0  0.17  0.13
       9 30  74.0  38.6  57.0  41.4  32.4        17.1 107.5   4.5 485.2  0.20  0.15
      10  1  59.9  42.3  52.0  59.3  38.1  0.03  29.7 246.9  10.3 313.0  0.16  0.11
      10  2  42.3  36.3  39.0  88.8  35.9  0.03  13.7 165.2   6.9  78.0  0.04  0.03
      10  3  53.2  37.1  42.3  86.5  38.3  0.43  26.1 201.6   8.4 175.6  0.09  0.06
      10  4  60.9  38.5  48.8  66.7  37.7        30.0 137.6   5.7 403.7  0.14  0.10
      10  5  66.9  33.2  50.8  60.5  35.7        29.9 128.1   5.3 407.3  0.16  0.12
      10  6  56.7  37.3  46.9  68.5  36.8        15.5 117.1   4.9 355.0  0.11  0.08
      10  7  73.5  29.7  50.4  63.3  36.2        12.6  77.2   3.2 454.4  0.16  0.12
      10  8  67.5  37.3  52.8  57.3  36.9        28.1 204.9   8.5 440.0  0.20  0.14
      10  9  71.5  41.6  52.4  68.7  41.4        13.2  72.0   3.0 394.2  0.14  0.10
      10 10  75.9  32.1  54.5  47.9  32.1        15.8  98.9   4.1 405.6  0.19  0.13
      10 11  78.6  37.3  56.1  43.3  31.4        30.9 194.1   8.1 392.5  0.30  0.19
      10 12  50.4  27.6  38.6  66.9  28.0        22.4 131.4   5.5 393.2  0.10  0.08
      10 13  63.8  21.5  41.5  59.6  27.0        13.7  80.2   3.3 418.2  0.13  0.09
      10 14  60.5  26.7  43.2  46.0  20.6        34.9 182.0   7.6 411.7  0.19  0.13
      10 15  59.2  23.8  39.2  49.0  19.9        13.7 108.8   4.5 404.6  0.14  0.10
      10 16  58.7  25.5  43.0  44.9  22.2        26.7 203.0   8.5 305.1  0.18  0.12
      10 17  64.1  22.1  40.8  49.9  21.0        14.2 113.6   4.7 393.9  0.16  0.11
      10 18  70.8  24.1  46.3  39.6  18.6        20.0 128.3   5.3 396.3  0.21  0.14
      10 19  62.8  24.4  41.2  54.0  24.0        14.8  92.5   3.9 386.9  0.14  0.09
      10 20  71.8  24.4  45.2  38.4  17.5        14.7 110.3   4.6 358.5  0.20  0.13
      10 21  57.1  24.8  43.1  53.0  26.9        16.9 129.3   5.4 364.4  0.12  0.08
      10 22  41.2  23.5  30.4  84.0  26.1        29.6 211.5   8.8 129.4  0.06  0.04
      10 23  28.0  24.0  25.8  96.3  24.9        14.3 165.0   6.9  69.4  0.02  0.01
      10 24  30.8  23.2  27.2  97.4  26.8  0.04   8.6  62.7   2.6 108.1  0.02  0.02
      10 25  56.1  27.4  37.8  78.6  30.5        12.7  89.5   3.7 299.3  0.09  0.06
      10 26  59.1  23.0  40.8  68.1  30.0        14.1 112.3   4.7 323.3  0.11  0.07
      10 27  50.6  29.0  41.0  91.0  38.7  0.15  13.5 124.1   5.2 197.2  0.04  0.03
      10 28  60.1  25.3  40.9  73.8  31.6  0.05  24.3 129.6   5.4 297.1  0.11  0.08
      10 29  35.3  18.3  26.2  94.5  25.3        30.1 302.3  12.6 145.1  0.03  0.02
      10 30  18.9  12.5  16.7  83.8  12.7        11.0 132.2   5.5 189.6  0.02  0.02
      10 31  18.8   6.8  15.4  91.3  13.4        11.9 111.9   4.7 191.7  0.01  0.01
      11  1  23.0   8.9  17.1  92.0  15.4  0.07   7.6  73.7   3.1 124.7            
      11  2  30.4  19.4  24.2  91.0  22.0  0.08  10.2  80.6   3.4 233.9            
      11  3  37.5   7.5  19.5  75.4  13.5  0.10  15.1 104.6   4.4 337.8            
      11  4  34.1   8.5  22.8  78.6  17.1        13.7  83.0   3.5 174.8            
      11  5  45.8  17.0  32.2  67.7  22.3        20.5 133.8   5.6 325.3            
      11  6  53.7  24.1  35.6  73.2  27.0        15.1  77.1   3.2 315.0            
      11  7  48.3  21.0  36.0  75.7  29.0  0.01  16.5  79.6   3.3 143.6            
      11  8  61.7  34.4  45.2  59.8  31.8        20.9  94.4   3.9 197.8            
      11  9  57.5  31.4  41.7  61.8  29.0        35.3 230.8   9.6 166.2            
      11 10  52.5  33.9  41.6  40.0  18.5        25.6 201.2   8.4 195.7            
      11 11  46.2  21.7  33.5  62.7  21.9        23.5 160.6   6.7 171.1            
      11 12  50.9  15.8  31.2  66.4  19.6        11.8  89.0   3.7 295.8            
      11 13  54.8  27.1  40.9  62.0  28.3  0.03  18.3 111.8   4.7 145.6            
      11 14  50.9  27.3  39.2  70.8  30.0        27.1 142.1   5.9 206.2            
      11 15  48.4  20.1  35.3  63.0  23.4        23.8 185.9   7.7 179.4            
      11 16  56.0  16.4  33.1  64.2  19.9        12.0  83.9   3.5 269.2            
      11 17  59.4  23.9  43.5  42.3  19.5        32.7 149.7   6.2 236.1            
      11 18  52.7  26.7  38.5  47.9  19.5        26.5 149.1   6.2 248.3            
      11 19  59.6  32.0  45.2  32.8  16.0        26.7 166.3   6.9 271.8            
      11 20  63.8  27.2  43.1  51.3  24.8        19.6 125.3   5.2 262.7            
      11 21  65.3  26.5  44.9  58.5  29.5        22.5 140.2   5.8 257.9            
      11 22  75.1  21.5  45.7  52.5  24.8        23.5 141.8   5.9 248.5            
      11 23  51.1  29.0  37.3  63.2  25.6        23.8 203.1   8.5 210.2            
      11 24  30.1  20.5  23.7  89.9  21.0        23.6 159.1   6.6 108.8            
      11 25  29.4  12.9  21.0  86.7  17.8  0.06  21.5 136.1   5.7 240.3            
      11 26  29.2   0.8  13.2  79.0   8.0        15.4  99.4   4.1 259.0            
      11 27  45.9   6.9  26.9  76.8  20.9  0.02  23.0 119.9   5.0 218.4            
      11 28  53.6  20.1  34.1  72.6  25.4        11.7  77.6   3.2 242.7            
      11 29  58.7  25.7  38.6  66.9  27.9        24.1 159.7   6.7 242.0            
      11 30  44.5  21.6  31.7  68.4  21.3        15.6  93.0   3.9 208.7            
      12  1  54.8  24.8  38.5  66.9  27.3         9.1  61.0   2.5 195.6            
      12  2  56.5  23.6  38.8  64.1  26.0        14.0  98.5   4.1 239.7            
      12  3  31.9  25.1  28.7  89.3  25.9        15.1 143.4   6.0  62.0            
      12  4  32.8  28.6  29.9  89.2  27.1        11.3  90.1   3.8  57.2            
      12  5  48.0  19.7  31.5  80.9  25.9        11.5  98.7   4.1 229.3            
      12  6  50.1  13.8  28.3  68.8  17.7        12.9  81.4   3.4 238.1            
      12  7  44.8  18.7  28.8  70.4  19.6         9.1  83.2   3.5 166.7            
      12  8  42.9  16.1  29.9  66.7  19.5        12.8 123.5   5.1 209.4            
      12  9  52.5  13.6  28.5  66.5  17.0        10.4  81.8   3.4 230.3            
      12 10  58.1  11.9  30.1  52.6  11.9        23.3  88.9   3.7 235.3            
      12 11  50.3  24.3  37.3  39.3  14.1        23.8 172.1   7.2 193.4            
      12 12  41.7  19.8  29.8  51.1  13.1        22.9 142.4   5.9 219.3            
      12 13  56.6  15.7  33.3  53.5  16.5        11.0  88.0   3.7 223.5            
      12 14  58.0  16.9  32.9  56.8  17.3         9.3  93.8   3.9 232.4            
      12 15  60.1  21.7  37.9  53.5  20.8        42.2 166.2   6.9 111.1            
      12 16  55.4  19.9  34.3  50.8  16.5        21.0 126.5   5.3 194.8            
      12 17  52.1  27.6  37.9  56.6  23.2  0.02  17.7 112.8   4.7 129.4            
      12 18  37.6  19.6  30.2  66.6  20.0        27.4 187.1   7.8 167.9            
      12 19  37.2  15.9  27.3  41.2   5.4        34.7 297.1  12.4 212.1            
      12 20  40.8   7.8  24.1  48.6   6.1        13.0 111.9   4.7 207.8            
      12 21  41.8  14.4  29.2  54.8  14.1        21.6 132.3   5.5 172.9            
      12 22  41.5  12.9  24.9  62.8  12.7        14.7 115.2   4.8 224.5            
      12 23  32.2   9.3  19.9  68.0  10.5        18.1 124.4   5.2 173.3            
      12 24  31.8   6.8  15.8  77.6  10.2         9.2  83.9   3.5 179.7            
      12 25  36.1   4.0  16.5  66.1   6.5         9.9  80.5   3.4 218.6            
      12 26  39.8   0.0  16.1  55.7   1.4        14.5  92.8   3.9 228.1            
      12 27  54.0  10.7  31.4  43.4  11.0        13.4  85.8   3.6 151.1            
      12 28  47.8  24.7  33.1  56.9  19.5        12.1  89.2   3.7  74.0            
      12 29  61.8  23.4  38.4  45.9  15.1        30.7 203.6   8.5 146.1            
      12 30  46.9  14.3  33.4  34.5   7.2        40.8 217.5   9.1 229.9            
      12 31  50.5  13.6  29.6  45.8   9.9        21.2  97.8   4.1 164.7            

      Total                                6.45                         52.62 38.96
        Max  97.5  62.4  79.1  97.4  62.9        50.0 593.1  24.7 753.3
        Min  16.2 -17.1   1.8  22.8  -7.2         7.6  44.7   1.9  57.2
        Ave  63.3  31.8  47.1  57.0  30.3        23.0 143.8   6.0 371.5
