                                                                    10-JAN-01
      Cellular-linked Weather Station near EATON, Colorado               2000
      -----------------------------------------------------------------------------
               Temperature      Rel   Dew             Wind        Solar StandrdASCE
            ----------------- Humid Point  Prec -----------------   Rad   ETr   ETo
       Date   Max   Min   Ave   Ave   Ave Total   Max Total   Ave Total Alflf Grass
      MoDay     F     F     F     %     F  inch   mph miles   mph Langl  inch  inch
      ----- ----- ----- ----- ----- ----- ----- ----- ----- ----- ----- ----- -----
       1  1  56.5  18.4  36.0  44.8  15.1        28.5 145.0   6.0 217.2            
       1  2  44.9  13.1  29.3  64.9  18.5  0.01  31.0 152.7   6.4 174.5            
       1  3  32.6   9.3  22.4  58.3   9.8        29.3 273.3  11.4 227.9            
       1  4  42.5   5.3  22.6  54.0   7.5        13.8 101.2   4.2 228.1            
       1  5  45.9  26.3  35.6  32.4   8.3        34.6 346.4  14.4 231.3            
       1  6  41.1  10.7  26.0  32.2  -0.8  0.01  24.5 172.8   7.2 250.7            
       1  7  38.9   8.9  24.0  48.1   7.2         9.6  75.5   3.1  86.5            
       1  8  46.9  12.9  30.0  45.8   9.7        29.1 128.1   5.3 225.3            
       1  9  44.4  26.4  35.8  31.4   7.7        34.6 310.9  13.0 220.7            
       1 10  42.7  13.5  31.2  52.5  14.8        40.3 251.2  10.5 122.5            
       1 11  59.6  10.2  35.5  49.7  12.7        35.2 234.5   9.8 158.0            
       1 12  51.0  25.5  40.9  45.8  21.0        34.7 327.0  13.6 215.1            
       1 13  46.3  13.9  28.8  58.1  14.8        20.8 116.6   4.9 186.9            
       1 14  60.1  15.0  31.6  51.5  13.7        10.2  89.5   3.7 218.4            
       1 15  58.6  19.3  36.7  36.4  10.7        17.8  91.7   3.8 178.9            
       1 16  38.9  23.5  29.8  61.3  18.0        21.0  81.4   3.4 157.3            
       1 17  59.1  20.6  38.7  56.2  23.2        12.8  98.9   4.1 206.5            
       1 18  45.6  21.7  34.6  71.9  26.4         9.8  86.7   3.6 100.7            
       1 19  54.9  14.5  36.3  63.0  24.5        36.0 269.8  11.2 191.6            
       1 20  49.8  13.5  26.9  64.4  15.4        11.5  93.4   3.9 200.5            
       1 21  48.3  20.5  34.0  61.9  22.4        22.3 118.7   4.9  82.2            
       1 22  48.1  18.7  32.2  50.4  14.5        26.9 142.2   5.9 244.1            
       1 23  46.0  13.1  27.8  43.4   6.5        26.9 149.1   6.2 285.3            
       1 24  52.9  13.4  31.3  48.0  13.3        29.9 199.3   8.3 154.6            
       1 25  31.6  19.0  26.0  66.8  16.5         9.4  53.8   2.2  91.5            
       1 26  44.5  15.4  30.6  64.2  19.4        11.8  85.0   3.5 246.1            
       1 27  32.4  15.8  26.6  91.1  24.8  0.13  14.5  96.0   4.0 148.9            
       1 28  32.5  14.5  23.6  71.0  15.5        19.3 162.3   6.8 273.7            
       1 29  31.6  12.6  22.3  81.7  17.3        11.0  70.9   3.0 198.6            
       1 30  38.5   6.7  19.8  71.1  11.0         9.3  82.0   3.4 299.2            
       1 31  45.5   5.0  23.1  57.6   7.8        10.2  87.6   3.6 322.5            
       2  1  48.9   8.7  27.0  53.5   9.6        13.7  91.0   3.8 313.4            
       2  2  65.1  17.0  40.1  38.0  11.7        23.5 114.4   4.8 216.9            
       2  3  47.7  23.0  32.6  63.0  20.6        25.8 241.7  10.1 202.9            
       2  4  39.8   8.3  24.3  55.2   9.5        15.9 116.8   4.9 327.7            
       2  5  55.9  12.4  33.0  44.7  12.0        15.6  89.4   3.7 238.5            
       2  6  59.5  17.7  36.3  45.9  14.8  0.01  30.8 175.5   7.3 270.3            
       2  7  57.0  18.0  36.1  47.3  15.8        11.8  89.2   3.7 337.3            
       2  8  61.6  17.1  36.0  44.3  14.7        11.1  92.4   3.9 217.0            
       2  9  56.3  27.0  39.9  41.9  18.0  0.09  13.0  81.5   3.4  87.2            
       2 10  44.0  26.9  36.2  67.8  26.4  0.12  21.6 165.7   6.9 264.8            
       2 11  27.0   9.1  20.9  94.8  19.9  0.10  14.8 129.5   5.4 234.4            
       2 12  34.1  14.8  25.1  95.4  24.6  0.01  13.8 105.5   4.4 179.0            
       2 13  39.6  22.4  29.0  84.0  24.4        25.9 120.4   5.0 313.4            
       2 14  59.7  22.2  40.0  61.6  27.3        25.5 130.2   5.4 326.5            
       2 15  52.8  28.2  43.4  42.6  21.4        49.6 415.4  17.3 378.2            
       2 16  50.5  20.8  35.8  61.3  22.5        14.9 109.0   4.5 308.9            
       2 17  34.8  20.7  28.6  88.7  25.8  0.06  20.2 232.9   9.7  97.9            
       2 18  37.2  18.6  25.6  80.6  20.3  0.01  15.3  99.6   4.2 357.9            
       2 19  47.1  14.3  28.9  72.3  19.9        12.1  94.2   3.9 390.4            
       2 20  43.4  15.2  29.2  74.1  21.8         9.2  80.6   3.4 151.7            
       2 21  67.8  24.2  44.3  52.4  24.9  0.01  14.5 107.0   4.5 374.4            
       2 22  60.3  28.2  44.6  58.2  29.5        31.6 280.4  11.7 263.6            
       2 23  62.6  34.3  48.1  44.1  25.4        24.3 225.2   9.4 408.7            
       2 24  62.5  26.5  41.5  60.2  26.4        21.8 140.1   5.8 313.5            
       2 25  46.6  34.7  39.5  28.5   9.3        41.2 499.8  20.8 296.9            
       2 26  54.3  26.9  39.8  25.2   4.7        30.1 219.2   9.1 405.4            
       2 27  63.1  19.7  38.5  43.3  15.5  0.01  14.4 104.3   4.3 395.1            
       2 28  67.4  23.1  45.0  45.9  21.5        34.6 176.9   7.4 365.0            
       2 29  58.6  28.0  44.7  43.2  22.3        25.3 207.6   8.7 392.6            
       3  1  56.5  24.1  40.1  51.7  22.3        17.5 135.9   5.7 310.5  0.14  0.09
       3  2  42.3  34.7  37.0  79.5  31.1  0.04  20.5 154.8   6.5 155.0  0.06  0.05
       3  3  60.2  28.0  40.8  69.8  29.3        12.9  84.3   3.5 412.6  0.12  0.09
       3  4  66.9  23.3  42.8  52.8  23.0        12.4  98.9   4.1 468.3  0.18  0.12
       3  5  69.5  25.4  47.2  44.9  24.5        36.1 215.3   9.0 385.8  0.26  0.17
       3  6  62.8  30.9  47.3  33.6  18.2        21.3 161.7   6.7 415.1  0.21  0.14
       3  7  60.2  29.1  42.2  63.0  31.6  0.04  42.1 240.4  10.0 220.8  0.17  0.11
       3  8  55.9  26.3  43.5  37.7  16.6        56.1 527.4  22.0 429.1  0.27  0.17
       3  9  35.5  25.7  29.9  89.1  27.3  0.03  16.0 144.3   6.0  86.6  0.03  0.03
       3 10  44.3  19.5  33.8  73.7  25.6        36.2 194.7   8.1 358.2  0.08  0.06
       3 11  55.2  13.3  36.1  54.6  18.2        27.9 166.0   6.9 462.5  0.16  0.11
       3 12  50.0  24.0  39.3  48.8  20.7        27.0 203.2   8.5 397.3  0.14  0.10
       3 13  55.9  17.6  37.2  54.2  19.7        16.5 118.0   4.9 476.1  0.14  0.10
       3 14  59.7  22.7  42.1  54.9  24.2        18.9 148.3   6.2 392.4  0.16  0.11
       3 15  46.1  24.7  33.3  82.9  27.7  0.18  31.9 209.7   8.7 113.0  0.08  0.05
       3 16  35.9  22.2  27.8  90.5  25.4  0.12   9.1  80.6   3.4 485.0  0.06  0.06
       3 17  43.4  18.4  31.8  79.1  26.0        20.3  94.3   3.9 393.7  0.07  0.06
       3 18  44.8  27.9  36.0  52.6  19.7        25.9 275.6  11.5 377.9  0.15  0.10
       3 19  61.5  20.0  40.0  61.0  26.2         9.6  71.7   3.0 371.1  0.12  0.09
       3 20  45.3  26.2  30.7  79.6  25.1        28.8 318.5  13.3 132.8  0.11  0.07
       3 21  36.6  26.0  30.3  86.2  26.7  0.02  12.6 119.6   5.0 284.6  0.05  0.05
       3 22  47.1  25.5  36.5  81.1  31.1        14.2  87.7   3.7 298.1  0.07  0.06
       3 23  64.8  29.2  44.5  66.1  31.0        13.8  90.6   3.8 457.7  0.15  0.12
       3 24  59.7  31.0  47.5  45.6  26.1        21.8 153.1   6.4 462.8  0.18  0.13
       3 25  63.4  26.4  45.9  51.6  26.6        15.0 112.8   4.7 378.3  0.16  0.12
       3 26  63.0  34.0  50.7  46.6  29.2        30.7 193.9   8.1 459.5  0.21  0.15
       3 27  69.8  27.7  48.9  49.6  26.6        14.3  89.5   3.7 548.4  0.19  0.15
       3 28  62.6  33.2  46.7  48.7  27.6        25.1 154.9   6.5 353.1  0.19  0.13
       3 29  59.0  33.8  46.1  55.6  28.5        19.5 127.4   5.3 486.1  0.17  0.13
       3 30  39.3  31.7  34.5  89.4  31.6  0.02  20.4 196.2   8.2 106.2  0.04  0.03
       3 31  34.3  29.9  31.7  93.2  29.9  0.08  13.7  96.7   4.0 173.1  0.04  0.03
       4  1  49.4  26.2  37.6  62.5  24.5        14.8 110.7   4.6 532.9  0.13  0.10
       4  2  45.8  28.4  34.2  76.0  27.4  0.01  25.9 188.8   7.9 163.4  0.09  0.06
       4  3  44.9  22.2  33.6  59.3  20.0        22.9 179.4   7.5 580.7  0.13  0.10
       4  4  77.7  22.6  50.8  47.5  24.0        23.7 131.3   5.5 599.2  0.29  0.20
       4  5  74.4  45.1  65.3  20.8  22.8        32.0 303.6  12.7 542.8  0.39  0.26
       4  6  72.0  29.0  53.2  37.9  24.0        31.2 196.0   8.2 490.4  0.29  0.20
       4  7  59.7  28.1  42.5  40.0  17.9        40.1 431.6  18.0 565.3  0.31  0.20
       4  8  66.9  18.4  43.1  43.4  18.0        12.8  83.4   3.5 612.5  0.20  0.15
       4  9  75.8  27.2  52.8  38.2  24.1        20.9 131.0   5.5 518.5  0.27  0.19
       4 10  64.1  38.8  52.8  38.0  26.3        25.6 228.9   9.5 454.6  0.26  0.18
       4 11  63.6  36.3  48.4  52.1  30.8        18.3 145.3   6.1 584.6  0.21  0.16
       4 12  74.4  29.1  51.5  48.4  27.0        21.9 108.3   4.5 414.5  0.22  0.16
       4 13  77.4  35.2  58.5  30.4  24.2        21.2 135.9   5.7 481.7  0.28  0.20
       4 14  75.0  33.6  51.3  46.4  28.8        29.2 172.1   7.2 407.1  0.29  0.20
       4 15  34.0  26.3  30.0  86.3  26.3        13.4 129.3   5.4 138.7  0.04  0.03
       4 16  62.4  26.0  42.1  71.4  32.5  0.03  13.6 115.6   4.8 541.2  0.17  0.13
       4 17  76.4  31.8  54.7  49.1  30.8        18.3 133.2   5.5 595.5  0.27  0.20
       4 18  78.8  34.7  55.6  35.8  25.6        34.1 223.9   9.3 458.4  0.38  0.25
       4 19  52.2  41.7  48.3  30.7  19.0        37.0 332.9  13.9 161.1  0.24  0.15
       4 20  69.5  31.9  52.7  42.9  28.4        18.4 152.8   6.4 628.5  0.26  0.19
       4 21  74.6  32.9  56.0  38.8  27.9        15.8 104.6   4.4 547.7  0.24  0.18
       4 22  71.8  41.1  54.6  52.4  35.9  0.13  28.8 173.5   7.2 261.5  0.23  0.16
       4 23  63.3  44.2  53.9  70.9  44.0  0.01  22.3 180.4   7.5 346.6  0.15  0.12
       4 24  62.3  38.4  49.1  61.2  34.7  0.01  31.1 171.9   7.2 429.1  0.19  0.14
       4 25  65.2  32.3  50.0  43.5  26.8        18.5 136.6   5.7 625.6  0.23  0.18
       4 26  77.2  33.3  56.8  45.9  31.4        22.4 135.1   5.6 572.3  0.28  0.21
       4 27  65.2  39.8  52.8  48.1  32.3        11.4  86.9   3.6 633.1  0.20  0.17
       4 28  70.3  35.1  52.6  51.9  34.9        13.7  99.4   4.1 569.0  0.21  0.17
       4 29  74.0  41.7  52.4  71.0  42.3  0.10  39.6 222.0   9.3 395.2  0.26  0.18
       4 30  53.5  33.0  45.7  62.3  32.9        26.9 250.5  10.4 260.3  0.13  0.10
       5  1  68.1  32.3  50.7  53.7  32.0        12.6  90.2   3.8 656.3  0.21  0.17
       5  2  74.1  35.7  56.3  54.1  37.5        17.5 110.0   4.6 660.0  0.24  0.19
       5  3  78.6  40.0  61.3  50.2  39.8        16.5 125.0   5.2 654.7  0.27  0.21
       5  4  87.6  43.5  67.9  44.2  39.4        19.3 138.4   5.8 670.9  0.35  0.26
       5  5  88.7  44.5  69.2  42.0  39.8        18.9 111.3   4.6 672.9  0.32  0.25
       5  6  77.9  46.7  64.4  51.3  44.8        17.8 131.7   5.5 565.8  0.25  0.20
       5  7  80.6  51.3  63.3  60.5  47.4        30.3 188.3   7.8 457.6  0.30  0.21
       5  8  54.8  41.4  44.3  86.1  40.3  0.08  23.2 138.8   5.8 128.9  0.09  0.06
       5  9  68.6  35.9  52.4  65.3  38.6        17.8 116.1   4.8 610.8  0.21  0.17
       5 10  74.3  44.8  59.6  59.0  44.4        22.6 173.7   7.2 663.6  0.27  0.21
       5 11  62.2  41.0  51.1  64.1  39.4  0.04  29.5 247.9  10.3 414.7  0.19  0.14
       5 12  55.0  34.3  46.3  30.0  15.3        36.8 319.1  13.3 655.7  0.28  0.20
       5 13  64.0  25.4  47.0  43.9  22.3        16.4  83.6   3.5 612.8  0.20  0.16
       5 14  68.1  37.3  55.1  38.4  29.0        16.6 109.9   4.6 580.9  0.23  0.18
       5 15  81.8  38.6  62.6  35.9  30.6        18.8 117.2   4.9 584.3  0.30  0.22
       5 16  83.3  42.8  63.5  44.8  41.2        17.7 124.1   5.2 648.5  0.31  0.23
       5 17  63.0  40.5  51.4  82.2  46.7  1.25  34.6 306.4  12.8 102.9  0.11  0.07
       5 18  54.4  41.4  47.5  65.6  36.2        25.8 190.2   7.9 400.1  0.15  0.12
       5 19  67.9  36.4  53.4  65.6  41.0        11.8  83.6   3.5 647.0  0.19  0.17
       5 20  66.6  46.4  56.6  65.3  44.2  0.01  21.6 131.8   5.5 486.0  0.19  0.15
       5 21  77.4  40.4  61.2  58.0  43.4        14.6  85.7   3.6 641.5  0.23  0.19
       5 22  82.6  51.1  69.1  43.7  44.1        15.5 105.9   4.4 554.8  0.27  0.21
       5 23  89.2  51.6  72.5  43.4  46.4        17.1 103.1   4.3 664.3  0.31  0.25
       5 24  71.3  51.0  62.8  59.1  47.6  0.18  16.1 116.1   4.8 395.5  0.18  0.15
       5 25  74.7  50.2  59.8  78.5  52.4  0.11  19.7  94.8   4.0 489.9  0.18  0.16
       5 26  71.8  50.9  61.9  66.1  49.3        18.9 122.8   5.1 431.9  0.19  0.15
       5 27  76.6  43.6  62.0  58.0  44.0        15.3  97.1   4.0 709.8  0.25  0.21
       5 28  89.4  44.8  69.8  46.7  45.3  0.01  28.2 147.7   6.2 571.5  0.34  0.25
       5 29  93.4  57.3  76.7  36.6  45.9        19.5 141.6   5.9 668.8  0.39  0.29
       5 30  73.0  54.3  62.7  71.5  53.0        19.5 143.1   6.0 506.3  0.21  0.17
       5 31  77.1  52.5  61.9  80.2  55.2        14.0 123.5   5.1 498.9  0.20  0.17
       6  1  68.5  46.2  58.6  43.6  35.9        24.5 171.9   7.2 706.0  0.28  0.22
       6  2  78.8  43.4  62.4  55.0  45.8        17.6 121.4   5.1 644.7  0.26  0.21
       6  3  89.5  46.7  71.1  44.9  42.3        19.7  98.2   4.1 649.1  0.31  0.25
       6  4  73.2  55.1  64.5  53.3  46.5        18.6 141.7   5.9 489.2  0.24  0.19
       6  5  79.3  45.0  62.1  61.6  47.7        13.0 104.0   4.3 654.8  0.25  0.21
       6  6  93.6  47.7  71.5  47.8  44.9        21.4  95.2   4.0 640.9  0.33  0.25
       6  7  96.1  52.5  77.1  26.0  34.0        13.6  93.3   3.9 738.4  0.37  0.28
       6  8  95.8  52.3  74.6  34.0  41.1        24.4 119.4   5.0 607.1  0.38  0.28
       6  9  87.5  53.4  72.1  38.4  42.6  0.01  19.4 115.4   4.8 554.1  0.31  0.24
       6 10  81.9  51.0  67.3  36.3  38.5        24.1 167.4   7.0 713.0  0.37  0.28
       6 11  87.1  51.9  70.4  42.3  43.0        18.5 142.1   5.9 632.9  0.35  0.26
       6 12  90.1  47.4  70.9  40.6  39.6        15.5  96.2   4.0 602.0  0.31  0.24
       6 13  80.1  52.7  67.0  36.3  37.9        34.2 296.3  12.3 541.7  0.43  0.29
       6 14  79.1  43.1  64.5  45.2  40.5        14.4 113.7   4.7 637.0  0.27  0.22
       6 15  88.8  52.3  64.8  46.4  41.2        33.4 196.7   8.2 503.9  0.43  0.30
       6 16  54.7  47.6  50.1  68.7  40.2        14.9 128.4   5.3 138.7  0.10  0.08
       6 17  62.7  42.5  51.9  76.3  44.0  0.41  15.1 120.1   5.0 596.8  0.17  0.15
       6 18  83.7  42.2  62.0  63.3  47.1        24.6  99.3   4.1 584.2  0.26  0.21
       6 19  79.5  54.2  65.6  56.4  48.2  0.01  23.9 136.1   5.7 388.5  0.24  0.18
       6 20  78.4  48.7  63.7  47.3  39.8        24.1 167.3   7.0 731.2  0.34  0.26
       6 21  80.4  42.7  63.4  51.0  41.7        12.5  79.2   3.3 724.5  0.27  0.22
       6 22  89.5  48.2  70.6  45.3  44.3        12.8  75.8   3.2 637.8  0.28  0.23
       6 23  88.2  57.9  73.1  39.7  45.0        19.4 120.8   5.0 600.1  0.33  0.25
       6 24  88.4  52.3  72.5  44.4  46.3        20.6 102.9   4.3 585.0  0.30  0.23
       6 25  77.3  53.1  63.7  68.7  52.5  0.12  19.9 110.4   4.6 295.5  0.17  0.13
       6 26  58.9  52.1  55.4  87.9  51.8  0.10  12.2  93.4   3.9 131.5  0.06  0.05
       6 27  68.1  52.9  59.2  85.8  54.7  0.04  18.8  98.1   4.1 387.0  0.13  0.12
       6 28  69.3  47.7  59.5  76.1  51.4        13.5  88.8   3.7 576.6  0.18  0.16
       6 29  89.0  50.0  69.0  59.1  50.0        19.6 108.4   4.5 632.5  0.31  0.24
       6 30  87.9  50.9  70.2  58.9  52.0        18.0 100.0   4.2 700.1  0.30  0.25
       7  1  87.3  53.8  71.8  53.7  51.9  0.02  26.2 108.1   4.5 572.2  0.28  0.22
       7  2  88.9  53.8  73.7  48.0  50.2        17.7 112.3   4.7 641.2  0.31  0.25
       7  3  86.7  61.8  73.6  54.4  54.6        12.3  96.4   4.0 520.8  0.26  0.21
       7  4  89.9  52.1  74.6  45.8  47.3        16.4  93.7   3.9 722.0  0.32  0.26
       7  5  87.2  58.2  75.6  50.8  55.0        18.8 123.7   5.2 671.9  0.31  0.25
       7  6  93.3  58.9  77.6  55.7  57.0        16.5 119.0   5.0 700.2  0.34  0.27
       7  7  92.3  61.2  77.0  40.7  48.7        25.6 116.1   4.8 532.7  0.33  0.25
       7  8  90.7  63.2  75.7  49.4  53.9        19.0 102.7   4.3 503.8  0.29  0.22
       7  9  88.2  61.9  76.5  47.7  53.8        21.9  88.5   3.7 649.8  0.29  0.24
       7 10  88.4  58.9  73.2  63.7  58.1        21.8 104.2   4.3 646.9  0.29  0.24
       7 11  90.6  58.4  75.5  54.4  54.6        12.8  98.7   4.1 656.1  0.30  0.25
       7 12  88.1  59.6  72.3  58.6  56.0        31.6 148.6   6.2 591.5  0.32  0.25
       7 13  91.7  55.3  73.3  61.5  56.6        13.7  69.4   2.9 633.9  0.27  0.23
       7 14  93.8  57.9  76.7  52.1  54.8        12.0  77.4   3.2 646.6  0.29  0.24
       7 15  94.2  59.6  77.9  47.3  53.5        22.9 108.0   4.5 523.0  0.31  0.24
       7 16  82.7  61.3  71.0  66.8  58.7  0.22  20.7 121.9   5.1 421.0  0.22  0.18
       7 17  72.5  58.9  64.6  88.4  61.1  0.14  14.1  97.7   4.1 283.5  0.11  0.10
       7 18  90.1  55.2  72.4  60.2  55.1        16.3  86.5   3.6 681.3  0.29  0.24
       7 19  87.5  55.7  71.4  57.9  53.4        13.8 103.1   4.3 606.8  0.28  0.23
       7 20  83.9  56.3  70.2  57.5  54.1        20.1 110.8   4.6 622.2  0.27  0.22
       7 21  84.1  54.8  69.3  65.9  56.2        17.3  86.6   3.6 543.0  0.23  0.19
       7 22  86.3  53.1  70.1  61.4  53.9        12.4  77.4   3.2 631.2  0.25  0.21
       7 23  94.1  53.0  74.1  53.2  51.2        24.9  89.1   3.7 608.8  0.30  0.24
       7 24  94.8  53.9  75.3  41.4  46.4  0.01  24.2 116.2   4.8 445.2  0.32  0.23
       7 25  89.6  54.6  73.8  47.5  50.5        22.4  88.8   3.7 558.3  0.27  0.22
       7 26  92.0  57.5  74.5  47.7  50.7        17.6  99.8   4.2 490.7  0.29  0.22
       7 27  90.1  57.5  74.0  51.0  53.0        15.5  93.5   3.9 485.5  0.26  0.20
       7 28  86.8  58.5  73.4  57.5  56.0        13.3 100.0   4.2 597.0  0.27  0.22
       7 29  88.7  55.0  72.7  55.9  53.3        12.8  71.5   3.0 620.5  0.26  0.22
       7 30  87.9  55.7  72.0  54.3  52.3        12.1  76.9   3.2 604.8  0.26  0.21
       7 31  87.1  54.2  71.9  52.3  51.1        11.6  74.3   3.1 618.0  0.25  0.21
       8  1  94.3  53.6  74.8  48.2  50.7        31.0  89.1   3.7 575.1  0.29  0.23
       8  2  86.6  60.9  75.4  49.1  54.0        16.4 106.1   4.4 440.2  0.25  0.19
       8  3  87.1  60.6  74.5  61.1  59.2        14.3  96.6   4.0 437.6  0.22  0.18
       8  4  90.3  58.4  71.0  69.2  58.9  0.43  25.5  98.6   4.1 439.1  0.24  0.19
       8  5  90.1  60.2  73.4  58.4  55.6        24.3 117.6   4.9 514.7  0.29  0.22
       8  6  85.9  52.5  70.7  54.0  50.7        13.9 109.2   4.5 651.3  0.28  0.23
       8  7  89.0  50.6  71.7  53.5  50.7        17.6  80.9   3.4 485.3  0.24  0.19
       8  8  94.0  56.5  75.9  40.6  47.1        16.4  90.0   3.8 639.0  0.31  0.25
       8  9  90.6  56.0  74.0  52.6  55.3        15.2 115.5   4.8 626.7  0.30  0.24
       8 10  84.9  54.0  70.8  66.3  57.8        14.9  75.5   3.1 591.1  0.22  0.19
       8 11  92.5  57.1  74.7  58.6  56.9        21.9  84.3   3.5 502.3  0.25  0.20
       8 12  78.2  63.4  71.7  56.2  54.8        20.2 109.3   4.6 273.3  0.18  0.14
       8 13  87.7  56.0  72.2  60.2  55.9        11.9  76.7   3.2 553.2  0.23  0.19
       8 14  92.2  56.1  76.0  47.0  51.6        12.8  92.2   3.8 499.8  0.27  0.21
       8 15  88.7  62.7  74.4  53.7  56.0  0.07  19.9 123.6   5.2 547.1  0.29  0.22
       8 16  85.0  62.3  70.4  71.6  60.3        17.7 112.2   4.7 335.1  0.20  0.15
       8 17  72.8  60.2  65.0  73.3  56.0        12.4  87.5   3.6 304.3  0.14  0.12
       8 18  75.7  56.7  65.0  80.5  58.5        11.3  86.9   3.6 416.0  0.15  0.13
       8 19  86.9  54.4  70.3  63.2  54.7        13.9  86.0   3.6 582.7  0.24  0.20
       8 20  85.4  54.5  69.1  60.7  53.8        23.9 100.0   4.2 427.2  0.22  0.17
       8 21  75.6  54.8  65.4  64.7  53.2        13.6 111.3   4.6 512.9  0.20  0.16
       8 22  86.3  52.7  67.3  64.1  52.5  0.01  29.8 106.8   4.5 473.8  0.24  0.19
       8 23  84.7  51.7  68.5  56.3  50.0        10.3  75.6   3.1 535.0  0.22  0.18
       8 24  89.5  51.4  70.1  57.0  52.1        16.1  80.5   3.4 512.5  0.24  0.19
       8 25  85.4  54.4  69.0  63.5  54.7        18.3 103.9   4.3 362.8  0.21  0.16
       8 26  84.6  54.1  70.0  62.8  55.2        18.1  89.6   3.7 499.7  0.21  0.17
       8 27  84.9  53.5  67.8  72.4  57.0  0.03  17.5  72.5   3.0 464.3  0.19  0.16
       8 28  83.8  55.2  67.9  71.8  57.1        18.9  92.4   3.9 398.4  0.19  0.15
       8 29  82.0  55.6  69.2  70.3  58.2        27.0 122.8   5.1 508.2  0.21  0.17
       8 30  83.8  53.9  67.8  66.4  54.8        20.9  99.9   4.2 428.7  0.21  0.16
       8 31  69.8  49.8  60.5  74.4  52.2        16.5 111.6   4.7 423.6  0.15  0.12
       9  1  79.7  51.1  64.0  77.2  55.6  0.04  27.8  83.5   3.5 430.3  0.17  0.14
       9  2  81.2  52.1  66.1  62.2  50.5        16.2 109.8   4.6 567.7  0.24  0.19
       9  3  83.6  48.2  66.7  49.6  44.5        16.4  98.5   4.1 537.6  0.24  0.19
       9  4  87.3  50.0  68.5  56.4  49.8        13.9  97.8   4.1 537.4  0.25  0.19
       9  5  88.5  52.9  67.6  68.4  55.3  0.06  35.9 133.2   5.5 515.2  0.27  0.20
       9  6  87.7  52.3  67.9  61.5  51.7  0.02  35.4 131.1   5.5 505.9  0.28  0.20
       9  7  73.6  42.4  59.1  59.1  43.8        25.1 123.2   5.1 588.6  0.21  0.17
       9  8  81.4  45.0  62.3  64.6  49.3  0.02  32.2  95.3   4.0 378.6  0.19  0.14
       9  9  84.1  43.3  65.5  51.6  45.3        19.1 103.0   4.3 505.7  0.23  0.18
       9 10  83.3  44.0  62.8  51.6  43.2        17.6 109.7   4.6 560.8  0.25  0.19
       9 11  74.1  45.4  60.7  46.3  38.9        17.0 113.8   4.7 530.9  0.22  0.17
       9 12  80.7  40.3  59.6  59.7  43.5        13.7  97.6   4.1 579.8  0.23  0.18
       9 13  87.8  43.8  64.9  50.0  43.0        17.1  92.5   3.9 581.0  0.26  0.20
       9 14  79.4  46.0  63.8  47.6  42.7        19.3 157.8   6.6 556.9  0.27  0.20
       9 15  86.8  44.2  64.4  54.2  46.1        12.6  86.4   3.6 535.4  0.23  0.18
       9 16  94.5  49.6  70.2  38.5  41.8        12.9  83.7   3.5 527.0  0.28  0.20
       9 17  93.3  49.8  70.0  39.8  42.6        27.0 116.3   4.8 464.9  0.31  0.21
       9 18  83.7  53.0  70.2  37.0  42.3        23.8 149.6   6.2 423.8  0.28  0.19
       9 19  72.3  46.7  62.2  54.0  44.0  0.35  24.0 202.5   8.4 390.4  0.22  0.15
       9 20  59.0  40.3  49.1  67.4  38.1  0.05  23.7 146.5   6.1 524.5  0.15  0.12
       9 21  63.0  35.1  49.5  81.0  44.5  0.15  20.6 117.1   4.9 232.8  0.09  0.07
       9 22  46.4  32.0  38.5  87.6  35.5  0.19  18.4 199.0   8.3 118.6  0.05  0.04
       9 23  38.4  31.7  34.3  93.7  32.7  0.15  17.9 165.7   6.9 142.4  0.04  0.03
       9 24  44.4  29.7  34.3  85.0  30.0  0.26  11.5  94.0   3.9 377.8  0.08  0.06
       9 25  64.1  25.0  42.6  70.7  32.3        17.3  69.6   2.9 531.5  0.14  0.11
       9 26  70.9  30.8  49.2  67.2  36.8        10.6  73.7   3.1 518.4  0.16  0.13
       9 27  77.0  34.9  54.1  60.6  37.6        10.7  81.2   3.4 513.9  0.19  0.14
       9 28  78.3  36.0  55.1  63.2  40.6        13.3  95.9   4.0 491.6  0.20  0.15
       9 29  78.7  44.0  59.2  63.0  45.2        17.1  80.7   3.4 310.2  0.16  0.12
       9 30  78.8  43.4  59.6  61.2  44.3        13.7  81.3   3.4 383.3  0.17  0.13
      10  1  84.3  45.9  64.3  49.1  42.1        26.5  95.1   4.0 456.7  0.22  0.16
      10  2  77.5  39.1  58.6  64.5  45.9        22.0 111.8   4.7 449.1  0.18  0.13
      10  3  68.2  44.2  53.9  72.4  44.9  0.04  25.8 117.9   4.9 212.2  0.12  0.09
      10  4  60.5  43.3  50.3  91.1  47.8        18.6 101.8   4.2 165.7  0.06  0.05
      10  5  50.9  31.7  39.3  86.5  36.1  0.01  21.5 212.2   8.8  97.8  0.07  0.05
      10  6  37.3  29.7  32.9  87.2  29.5        11.2 105.0   4.4 119.7  0.04  0.03
      10  7  44.5  32.6  37.5  78.1  31.0        13.4 118.3   4.9 178.9  0.06  0.05
      10  8  55.0  23.4  38.4  71.6  29.5        22.7 135.6   5.7 449.6  0.12  0.09
      10  9  60.0  22.1  38.7  73.4  30.5        12.4  97.7   4.1 443.0  0.12  0.09
      10 10  69.0  27.9  48.3  62.7  34.3        18.9 114.4   4.8 428.1  0.16  0.11
      10 11  78.2  33.2  52.2  62.5  38.1        16.7 129.3   5.4 430.3  0.22  0.15
      10 12  69.7  40.8  55.5  52.5  37.2        23.8 117.4   4.9 408.0  0.17  0.12
      10 13  66.0  36.3  50.6  61.6  36.5  0.01  18.6  99.8   4.2 360.2  0.13  0.10
      10 14  57.9  31.7  44.0  63.8  31.8        19.3  97.3   4.1 264.6  0.10  0.07
      10 15  64.5  26.8  43.4  65.9  31.4        11.5  86.9   3.6 414.4  0.13  0.09
      10 16  66.5  29.6  45.7  60.3  30.8        16.8 110.5   4.6 409.6  0.16  0.11
      10 17  71.7  29.2  47.3  55.6  29.2        11.7  73.2   3.0 404.2  0.15  0.10
      10 18  75.2  29.5  49.0  58.7  32.8         9.4  85.4   3.6 403.4  0.17  0.12
      10 19  74.8  32.6  53.6  43.9  29.4        22.6  97.4   4.1 362.9  0.18  0.12
      10 20  64.1  31.6  49.0  54.5  32.3        18.2 125.5   5.2 382.9  0.14  0.10
      10 21  71.0  29.7  49.7  56.4  32.2        21.3 127.3   5.3 381.9  0.18  0.12
      10 22  52.1  39.8  43.6  86.7  40.0  0.24  30.1 235.7   9.8  56.3  0.07  0.05
      10 23  49.3  40.1  44.6  88.2  41.4        16.9  91.2   3.8 132.4  0.04  0.03
      10 24  62.8  42.9  51.1  81.1  45.2        27.5 119.5   5.0 237.0  0.09  0.07
      10 25  66.4  31.2  47.0  67.0  34.9        24.3  89.3   3.7 348.3  0.12  0.08
      10 26  63.7  30.8  45.5  66.3  33.0        11.6  75.6   3.1 363.8  0.10  0.08
      10 27  57.0  30.5  44.9  81.7  39.9        15.1 110.3   4.6 300.8  0.07  0.05
      10 28  60.7  39.5  49.1  86.1  45.0        17.0 103.9   4.3 165.0  0.06  0.05
      10 29  65.5  33.9  51.3  63.9  38.0        21.1 177.6   7.4 290.2  0.14  0.09
      10 30  58.7  33.6  43.5  75.5  35.5        12.5 113.7   4.7 263.9  0.10  0.07
      10 31  46.1  32.5  41.0  84.7  36.9  0.02  28.6 175.9   7.3  45.2  0.03  0.03
      11  1  52.7  32.9  43.0  52.8  26.7        36.2 325.7  13.6 273.6            
      11  2  49.5  28.9  37.6  51.1  20.5        20.4 141.0   5.9 289.5            
      11  3  51.5  20.8  35.5  66.6  24.9        12.1  69.5   2.9 291.9            
      11  4  60.0  14.9  34.0  66.7  22.9         9.4  60.1   2.5 335.4            
      11  5  40.0  24.1  33.2  82.4  28.6  0.18  24.4 177.5   7.4  41.0            
      11  6  34.4  19.3  28.0  58.2  14.8        31.2 317.4  13.2 139.0            
      11  7  37.9  24.7  30.6  42.9  10.6        36.8 366.2  15.3 295.4            
      11  8  45.1  15.9  29.1  62.0  16.3        20.7 103.4   4.3 321.6            
      11  9  45.0  21.8  31.7  58.2  18.1        20.8 162.3   6.8 298.4            
      11 10  29.1  19.0  22.8  80.6  17.7        17.5 190.9   8.0  72.9            
      11 11  20.1   0.8  14.2  85.8  11.2        16.3 152.7   6.4 168.3            
      11 12  24.3   1.0  12.5  84.3   9.3  0.04   7.6  49.5   2.1 253.8            
      11 13  28.4  -3.3  10.7  76.2   5.4         7.8  52.4   2.2 290.0            
      11 14  31.1   1.3  15.6  71.9   8.4         8.6  71.5   3.0 297.5            
      11 15  40.0   9.1  24.2  63.6  13.2        34.9 235.2   9.8 186.6            
      11 16  31.7   5.6  18.7  70.8  10.6        17.2 118.9   5.0 290.3            
      11 17  31.1   3.8  16.3  72.8   9.3        26.7 130.2   5.4 220.0            
      11 18  38.3   0.0  20.7  65.9  10.7        10.8  72.8   3.0 251.3            
      11 19  39.6  10.9  24.9  66.4  15.0        20.4 111.0   4.6 249.9            
      11 20  41.8   8.4  23.4  69.5  14.0         9.6  80.4   3.4 285.2            
      11 21  53.5  13.1  29.9  61.5  16.5        10.7  97.4   4.1 264.5            
      11 22  58.1  22.2  35.2  53.7  17.4        19.8 100.9   4.2 238.8            
      11 23  50.9  16.5  30.0  60.3  16.4        11.8  94.4   3.9 218.3            
      11 24  55.1  10.8  31.6  54.5  14.5        30.8 137.0   5.7 274.7            
      11 25  46.6  16.9  31.8  56.9  17.3        15.1 139.2   5.8 263.9            
      11 26  45.8  12.7  28.0  67.9  18.4        10.7  72.5   3.0  96.1            
      11 27  48.5  21.0  33.7  63.2  21.6        17.2 110.6   4.6 227.2            
      11 28  42.5  17.2  30.7  58.4  17.2        33.9 225.7   9.4 185.6            
      11 29  39.0  11.0  22.8  67.3  12.7        12.9  92.7   3.9 245.3            
      11 30  50.6  15.5  34.9  45.1  12.2        43.5 335.3  14.0 262.0            
      12  1  45.3  12.4  26.5  56.0  11.3        13.1 113.6   4.7 254.5            
      12  2  42.2   7.7  21.9  64.2  10.7        10.3  88.4   3.7 250.4            
      12  3  51.5  10.7  28.0  58.7  13.9         9.9  82.1   3.4 177.6            
      12  4  43.5  13.5  25.9  60.7  12.9        15.7 107.5   4.5 247.2            
      12  5  46.8  13.4  25.3  72.7  17.6  0.01  33.8 163.6   6.8  77.0            
      12  6  51.6   8.0  26.1  70.4  17.5        11.3  84.2   3.5 241.1            
      12  7  62.4  21.2  38.8  52.4  20.5        28.6 166.8   7.0 162.1            
      12  8  43.0  22.6  32.0  75.5  25.0        10.5  77.9   3.2 184.2            
      12  9  55.2  22.2  35.6  62.3  23.0        13.6  83.5   3.5 209.6            
      12 10  31.5   4.1  15.3  82.3  11.2        31.7 200.6   8.4  49.0            
      12 11  13.5 -11.2   3.3  73.4  -3.0        13.2  88.5   3.7 248.0            
      12 12  21.9  -0.6  10.3  75.3   4.4        11.3  83.0   3.5 201.7            
      12 13  23.7  -1.5  11.8  77.6   6.7        10.4  62.4   2.6 184.8            
      12 14  47.1   4.0  22.5  69.4  14.1        11.5  79.0   3.3 178.7            
      12 15  48.1  15.4  29.6  55.5  13.9        35.1 232.8   9.7 161.4            
      12 16  25.3   6.7  15.5  60.8   4.0        37.3 209.1   8.7 233.4            
      12 17  55.9   8.6  27.4  56.9  12.6        48.3 279.9  11.7 206.7            
      12 18  35.4   4.3  24.7  42.6   4.3        42.8 334.7  13.9 239.2            
      12 19  50.0   4.7  27.4  45.4   6.6        13.9  81.6   3.4 201.3            
      12 20  41.2   4.0  23.6  53.9   9.1        35.8 241.7  10.1 184.8            
      12 21  29.7  -3.1  12.1  65.3   2.6         8.6  75.6   3.1 241.5            
      12 22  54.6   7.1  30.1  54.8  14.6        31.9 158.3   6.6 231.9            
      12 23  45.8  10.7  26.2  68.7  16.6        10.7  97.3   4.1 234.9            
      12 24  34.8   9.1  21.2  73.5  14.4        13.3 113.4   4.7 143.1            
      12 25  27.3  15.0  21.1  83.1  17.1        18.3 136.8   5.7  80.5            
      12 26  40.3  -0.4  16.3  75.4  10.7  0.02  11.3  71.6   3.0 245.4            
      12 27  53.9  11.1  33.6  60.9  20.9        11.7  84.3   3.5 240.1            
      12 28  48.1  15.2  33.2  54.2  18.2        32.1 260.3  10.8 145.6            
      12 29  36.7   7.2  22.6  66.2  12.7        11.9  78.5   3.3 212.2            
      12 30  33.2  14.4  25.0  73.6  17.7         7.5  47.7   2.0  70.1            
      12 31  34.2   3.7  19.9  87.1  17.3  0.20   6.8  31.2   1.3 175.8            

      Total                                6.75                         52.22 39.98
        Max  96.1  63.4  77.9  95.4  61.1        56.1 527.4  22.0 738.4
        Min  13.5 -11.2   3.3  20.8  -3.0         6.8  31.2   1.3  41.0
        Ave  64.0  33.4  48.4  59.4  32.5        20.2 134.5   5.6 390.4
