                                                                    15-JUN-00
      Cellular-linked Weather Station near EATON, Colorado               1999
      -----------------------------------------------------------------------------
               Temperature      Rel   Dew             Wind        Solar StandrdASCE
            ----------------- Humid Point  Prec -----------------   Rad   ETr   ETo
       Date   Max   Min   Ave   Ave   Ave Total   Max Total   Ave Total Alflf Grass
      MoDay     F     F     F     %     F  inch   mph miles   mph Langl  inch  inch
      ----- ----- ----- ----- ----- ----- ----- ----- ----- ----- ----- ----- -----
       1  1  43.2  21.9  32.5  79.1  27.1        33.7 284.9  11.9 144.0            
       1  2  30.6  12.5  20.6  68.2  11.8        39.4 303.1  12.6 150.3            
       1  3  25.0   9.1  16.4  67.6   7.5        16.2 134.4   5.6 178.9            
       1  4  31.0  15.9  22.8  69.2  14.4         8.7  69.7   2.9  83.6            
       1  5  50.8  25.7  37.7  53.9  21.2        32.5 190.1   7.9 172.7            
       1  6  56.9  20.6  33.8  68.5  23.4        24.6 149.9   6.2 234.4            
       1  7  44.1  20.9  29.6  83.0  24.7  0.01  25.9  91.7   3.8 127.0            
       1  8  37.4  17.9  27.7  78.2  21.6        33.0 175.9   7.3 113.7            
       1  9  41.5  18.1  28.2  78.9  21.8        19.4  62.1   2.6 216.3            
       1 10  51.6  26.9  36.9  58.0  22.3        12.1  87.2   3.6 249.4            
       1 11  63.0  29.9  44.2  47.3  23.4        22.2  99.7   4.2 208.1            
       1 12  51.9  21.4  39.1  50.8  20.9        25.1 174.9   7.3 157.3            
       1 13  46.6  20.5  30.9  78.8  24.1        23.8 117.1   4.9 113.4            
       1 14  57.9  21.0  34.1  66.4  19.6        30.5  94.4   3.9 115.9            
       1 15  57.0  28.1  41.6  41.1  18.2        34.3 153.3   6.4 127.2            
       1 16  40.5  18.7  29.6  75.4  22.6  0.01  44.2 103.9   4.3 142.3            
       1 17  42.2  24.8  32.8  42.6  11.7        38.8 307.0  12.8 262.9            
       1 18  61.9  18.4  37.8  53.5  21.8        33.3 211.6   8.8 229.6            
       1 19  53.1  28.9  39.8  67.3  29.3        15.8 136.8   5.7 270.1            
       1 20  53.4  27.2  39.6  53.3  22.9        13.7 105.8   4.4 196.2            
       1 21  44.4  23.3  33.0  77.2  26.3        24.7 199.4   8.3 136.2            
       1 22  42.7  17.7  29.0  71.1  20.4        23.2 160.6   6.7 283.9            
       1 23  55.7  17.1  32.3  65.8  21.1        15.9  84.9   3.5 264.3            
       1 24  38.2  14.8  23.5  88.4  20.7        21.4 125.5   5.2 104.0            
       1 25  27.4   9.5  18.4  91.8  16.9         7.0  63.3   2.6 169.2            
       1 26  44.7  10.1  26.3  75.3  19.5        23.7 109.0   4.5 233.0            
       1 27  39.5  18.6  29.0  71.3  20.9  0.01  13.0 105.5   4.4 304.8            
       1 28  40.5  20.6  29.2  79.4  23.4         8.0  58.6   2.4 284.8            
       1 29  44.0  15.6  28.0  71.8  19.3         8.8  73.7   3.1 288.2            
       1 30  42.6  22.8  32.2  77.4  25.7        13.2  65.1   2.7 144.0            
       1 31  45.5  29.9  34.9  89.1  31.9         9.3  61.2   2.5 210.7            
       2  1  42.5  24.9  33.4  70.8  24.6        32.8 219.0   9.1 131.6            
       2  2  54.9  19.3  34.5  58.0  19.0        12.0  81.9   3.4 276.5            
       2  3  49.7  24.5  40.2  40.7  16.7  0.01  43.0 362.9  15.1 325.3            
       2  4  55.3  21.2  34.5  62.6  21.8        11.6  93.9   3.9 314.4            
       2  5  54.1  26.2  39.0  65.1  27.6        19.6 108.5   4.5 349.7            
       2  6  53.5  23.6  35.7  70.0  25.3        13.9 101.9   4.2 305.8            
       2  7  62.2  27.7  44.4  52.3  25.9        26.7 147.2   6.1 293.3            
       2  8  62.2  25.8  45.6  40.8  22.4        28.5 186.7   7.8 267.1            
       2  9  62.3  21.4  37.2  54.6  20.4        12.9  84.5   3.5 343.2            
       2 10  68.8  22.8  35.9  60.6  21.2  0.01  49.4 369.0  15.4 318.7            
       2 11  31.9   9.3  21.5  42.8   1.4        42.7 331.0  13.8 345.1            
       2 12  48.5   8.8  26.2  46.1   5.9        12.9 103.5   4.3 362.1            
       2 13  64.7  17.2  35.2  47.2  13.7         8.8  84.4   3.5 334.5            
       2 14  62.7  18.6  40.4  36.0  11.9        26.6 133.5   5.6 275.2            
       2 15  45.3  21.5  36.7  54.3  19.8        21.7 178.8   7.5 159.3            
       2 16  44.8  17.5  28.5  82.3  23.6        10.2  63.8   2.7 186.6            
       2 17  50.5  19.3  33.8  54.1  17.4        41.3 207.0   8.6 200.9            
       2 18  46.4  25.7  35.2  40.0  12.2        41.3 242.9  10.1 384.2            
       2 19  51.3  19.6  35.6  40.7  11.8        41.3 296.5  12.4 402.8            
       2 20  43.4  18.5  32.8  41.8  11.8        25.7 222.5   9.3 312.4            
       2 21  47.9  12.3  28.5  59.5  15.2        21.3 124.2   5.2 318.1            
       2 22  41.4  23.4  34.1  33.1   7.7        46.9 448.7  18.7 289.5            
       2 23  58.2  19.3  37.3  33.8   9.5        17.3 110.3   4.6 367.9            
       2 24  62.0  27.3  42.5  39.3  17.6        16.5 101.8   4.2 308.3            
       2 25  66.5  25.3  45.4  35.8  16.1        34.9 122.0   5.1 395.5            
       2 26  54.8  30.6  41.7  29.9  12.2        43.5 383.7  16.0 414.9            
       2 27  52.6  21.4  36.0  25.0   1.3        24.0 130.1   5.4 445.2            
       2 28  66.7  21.2  44.3  31.1  14.1        29.8 161.0   6.7 370.0            
       3  1  68.2  26.5  47.2  36.8  19.7        44.0 256.0  10.7 340.3  0.17  0.18
       3  2  46.8  16.0  33.7  45.8  13.5        31.2 239.8  10.0 384.4  0.12  0.10
       3  3  61.2  12.4  35.5  36.1   9.0        13.1 115.8   4.8 395.9  0.12  0.13
       3  4  51.9  25.8  37.6  61.4  24.5  0.01  24.5 137.2   5.7 372.9  0.09  0.09
       3  5  40.6  21.2  31.5  59.1  17.9        36.4 281.7  11.7 392.1  0.11  0.08
       3  6  42.4  18.7  28.3  65.1  17.2        23.3 170.6   7.1 393.5  0.09  0.08
       3  7  53.2  16.1  33.8  67.3  22.8        20.2 131.1   5.5 440.0  0.10  0.09
       3  8  49.8  20.9  38.5  50.1  20.0        37.9 382.7  15.9 443.0  0.14  0.11
       3  9  58.3  17.7  38.0  51.6  19.3        22.4 152.7   6.4 460.4  0.12  0.12
       3 10  55.5  25.1  42.3  37.0  15.0        39.3 338.2  14.1 423.3  0.17  0.15
       3 11  45.9  20.8  29.6  77.4  23.0        28.8 247.2  10.3 297.7  0.10  0.08
       3 12  30.0  24.9  27.2  93.5  25.6  0.01  15.6 122.3   5.1 265.4  0.05  0.04
       3 13  53.3  11.8  31.9  77.7  24.9         9.4  67.4   2.8 474.0  0.09  0.08
       3 14  68.1  23.5  43.8  58.8  26.5        11.8  78.5   3.3 494.4  0.10  0.10
       3 15  64.3  29.4  42.5  60.4  27.7         9.1  88.7   3.7 192.2  0.07  0.08
       3 16  70.4  27.9  50.0  36.0  18.8        18.8 130.5   5.4 369.0  0.13  0.14
       3 17  49.8  23.8  37.4  44.8  17.3        36.7 178.9   7.5 491.5  0.14  0.12
       3 18  58.4  19.7  38.0  46.3  17.0        24.4 170.4   7.1 489.4  0.16  0.14
       3 19  58.5  23.1  40.2  58.2  26.2        13.3  95.6   4.0 511.0  0.12  0.11
       3 20  66.8  25.3  46.6  46.5  23.1        19.9 129.0   5.4 519.4  0.14  0.14
       3 21  69.7  25.7  45.7  53.7  27.4        36.0 201.4   8.4 480.0  0.18  0.18
       3 22  61.4  27.0  44.0  62.5  29.6  0.01  37.0 230.2   9.6 370.4  0.14  0.13
       3 23  63.8  23.1  43.6  57.5  26.5        14.5  96.7   4.0 516.7  0.14  0.13
       3 24  63.8  28.5  46.4  58.9  30.8        19.3 156.1   6.5 499.4  0.15  0.14
       3 25  67.8  26.1  45.9  58.9  29.8        30.0 209.1   8.7 528.2  0.19  0.17
       3 26  71.4  27.9  49.7  54.7  30.4        25.3 179.8   7.5 461.2  0.17  0.17
       3 27  64.7  36.4  49.6  43.7  28.7  0.01  39.8 364.4  15.2 309.9  0.21  0.19
       3 28  58.0  27.6  41.5  33.4  13.1        28.6 226.3   9.4 480.7  0.20  0.17
       3 29  67.2  19.2  44.6  43.1  18.7        18.2 120.5   5.0 561.9  0.18  0.16
       3 30  77.9  28.1  51.8  31.5  14.6  0.01  29.2 196.7   8.2 550.6  0.24  0.25
       3 31  70.1  32.5  52.0  30.9  19.7        33.2 176.6   7.4 491.3  0.19  0.19
       4  1  40.9  25.7  34.3  76.2  27.6        26.5 292.9  12.2  88.3  0.07  0.05
       4  2  29.5  21.8  25.1  93.3  23.4        16.0 141.5   5.9 356.3  0.08  0.06
       4  3  42.8  21.5  29.8  86.1  25.9  0.07  16.3 110.7   4.6 468.6  0.10  0.08
       4  4  51.4  24.0  37.0  66.4  25.1  0.01  30.7 117.8   4.9 469.8  0.10  0.09
       4  5  58.1  32.7  43.2  57.1  26.2  0.01  40.3 277.2  11.6 494.0  0.17  0.14
       4  6  65.4  25.3  45.2  49.8  24.2  0.04  20.2 142.0   5.9 562.5  0.16  0.15
       4  7  69.7  30.5  51.7  40.0  26.2  0.02  37.9 251.8  10.5 537.1  0.22  0.20
       4  8  62.2  33.0  50.9  39.9  25.9  0.01  54.0 448.4  18.7 468.6  0.25  0.20
       4  9  65.8  26.2  44.2  51.7  24.9        51.5 280.2  11.7 344.9  0.21  0.19
       4 10  51.5  29.7  42.7  27.9  11.6        47.4 502.8  20.9 364.7  0.26  0.18
       4 11  58.3  19.3  41.5  43.1  18.4        20.2 165.6   6.9 542.2  0.18  0.15
       4 12  68.2  26.8  49.2  43.0  25.1        15.7 120.2   5.0 530.0  0.17  0.15
       4 13  68.5  34.4  54.3  47.2  33.0        29.6 183.0   7.6 525.0  0.18  0.16
       4 14  52.0  31.8  39.8  72.6  31.8  0.01  34.1 384.8  16.0 339.2  0.16  0.11
       4 15  41.1  24.8  31.7  54.2  15.8        43.0 433.2  18.1 572.2  0.21  0.13
       4 16  42.2  22.2  30.6  52.2  14.4        39.5 375.7  15.7 377.9  0.17  0.11
       4 17  62.6  17.3  40.0  42.2  17.0        26.4 182.9   7.6 653.1  0.21  0.17
       4 18  71.7  28.3  53.8  36.1  22.8        30.0 259.2  10.8 621.3  0.24  0.22
       4 19  74.1  32.3  55.8  38.6  27.9        34.0 143.9   6.0 479.9  0.17  0.16
       4 20  71.0  45.3  58.2  41.3  34.1        23.8 149.5   6.2 436.7  0.18  0.16
       4 21  64.5  41.8  52.0  52.4  33.0  0.25  28.8 222.8   9.3 521.8  0.22  0.19
       4 22  42.8  35.3  39.4  92.5  37.5  0.68  24.6 244.9  10.2 123.4  0.06  0.04
       4 23  37.0  32.3  34.4  94.9  33.1  0.36  15.5 142.9   6.0 102.9  0.05  0.03
       4 24  47.0  34.3  40.1  89.8  37.3  0.12  21.6 186.0   7.8 221.7  0.07  0.05
       4 25  49.1  32.0  38.0  93.0  36.2  1.10  18.0 111.2   4.6 405.0  0.09  0.07
       4 26  58.5  31.7  44.3  81.2  38.5  0.01  15.6 100.9   4.2 428.1  0.11  0.09
       4 27  68.5  37.7  52.6  73.0  43.3  0.05  27.0 117.9   4.9 554.5  0.15  0.13
       4 28  61.3  41.9  50.9  86.7  47.0  0.28  31.1 186.9   7.8 221.9  0.07  0.06
       4 29  47.8  43.7  45.4  97.4  44.7  1.26  27.0 349.5  14.6  72.8  0.03  0.02
       4 30  47.1  41.3  44.4  97.6  43.8  2.16  20.2 169.3   7.1  43.6  0.02  0.02
       5  1  52.2  39.4  43.5  95.5  42.4  0.41  23.8 108.2   4.5 172.8  0.06  0.05
       5  2  57.3  39.5  45.8  87.8  42.3  0.47  14.7 120.5   5.0 313.1  0.10  0.08
       5  3  68.6  37.2  50.3  71.9  40.4  0.03  29.7 157.0   6.5 486.9  0.17  0.14
       5  4  57.8  36.3  48.3  45.0  26.8        37.3 408.8  17.0 677.1  0.29  0.20
       5  5  52.2  35.2  42.9  50.1  25.2        45.2 491.7  20.5 641.7  0.29  0.17
       5  6  57.8  34.9  45.4  36.1  19.2        40.3 449.4  18.7 705.0  0.35  0.23
       5  7  71.4  32.8  52.3  46.9  31.1        14.1 106.3   4.4 715.0  0.23  0.19
       5  8  77.7  39.3  60.2  45.2  35.1        25.8 190.5   7.9 678.4  0.27  0.23
       5  9  78.0  40.3  59.3  52.1  39.2        35.4 194.0   8.1 594.7  0.26  0.22
       5 10  53.3  31.0  42.7  63.2  30.4  0.35  34.4 319.4  13.3 386.4  0.19  0.13
       5 11  54.4  28.6  43.4  46.9  22.6        22.8 110.8   4.6 721.0  0.22  0.17
       5 12  66.2  28.1  49.3  54.2  30.3        19.0 116.7   4.9 693.0  0.22  0.17
       5 13  70.9  40.0  55.7  58.0  40.2        31.4 194.0   8.1 467.3  0.20  0.16
       5 14  66.8  43.6  54.6  60.4  40.5  0.06  32.7 176.8   7.4 555.5  0.20  0.16
       5 15  70.7  38.5  55.6  59.3  39.2        25.1 132.1   5.5 645.5  0.23  0.18
       5 16  60.3  40.2  48.1  64.1  35.8  0.18  24.3 235.4   9.8 286.7  0.18  0.13
       5 17  63.5  36.8  49.4  63.4  35.9        13.4 115.7   4.8 706.0  0.22  0.17
       5 18  76.6  34.1  55.8  57.2  37.8        19.6 105.9   4.4 722.0  0.26  0.20
       5 19  81.7  43.0  62.9  52.6  41.9        26.7 143.9   6.0 477.9  0.23  0.19
       5 20  66.6  49.2  56.0  74.5  47.7  0.07  33.4 202.3   8.4 344.1  0.16  0.13
       5 21  79.0  47.2  62.0  68.2  49.4  0.04  14.7  90.8   3.8 472.1  0.20  0.15
       5 22  80.4  48.2  62.4  67.1  50.1  0.02  32.4 179.1   7.5 510.3  0.25  0.20
       5 23  73.2  51.8  61.5  67.9  50.1        25.0  89.1   3.7 610.4  0.21  0.17
       5 24  71.0  48.2  58.8  75.1  50.4  0.02  19.6 139.2   5.8 310.4  0.15  0.12
       5 25  63.3  46.8  55.5  79.2  48.9  0.01  21.8 127.3   5.3 403.9  0.15  0.12
       5 26  73.0  39.2  57.5  67.4  45.5        18.6 109.5   4.6 653.7  0.23  0.18
       5 27  65.5  51.2  56.9  77.5  49.8  0.01  21.0 114.7   4.8 294.0  0.13  0.10
       5 28  74.6  43.3  58.7  73.2  48.5        18.0  85.6   3.6 553.5  0.20  0.15
       5 29  80.1  45.5  60.2  73.4  50.5        27.0 122.4   5.1 506.3  0.23  0.17
       5 30  73.8  48.8  60.5  71.6  50.5        31.9 120.9   5.0 568.2  0.21  0.16
       5 31  65.6  48.9  54.9  76.9  47.6        28.3 181.9   7.6 332.7  0.17  0.12
       6  1  75.0  45.1  59.4  51.0  40.4        18.0 137.3   5.7 686.1  0.28  0.21
       6  2  81.0  45.5  63.5  60.2  47.3  0.06  34.9 170.4   7.1 608.4  0.28  0.21
       6  3  84.1  43.2  64.1  50.4  42.3        17.7 114.8   4.8 713.0  0.30  0.23
       6  4  88.1  47.3  67.8  38.8  37.9        28.9 172.7   7.2 687.9  0.37  0.29
       6  5  70.7  45.1  54.8  60.7  40.8  0.04  44.6 231.9   9.7 412.4  0.27  0.20
       6  6  77.5  39.0  60.5  47.0  36.8        29.4 144.0   6.0 627.7  0.29  0.22
       6  7  87.6  43.7  68.5  38.9  36.8        26.0 165.4   6.9 757.0  0.37  0.28
       6  8  90.7  46.3  71.2  31.9  33.1        18.3 129.9   5.4 766.0  0.36  0.28
       6  9  75.3  54.8  63.5  52.0  44.5  0.02  27.9 249.8  10.4 647.0  0.34  0.25
       6 10  71.2  50.1  58.9  77.8  51.5  0.09  22.5 137.5   5.7 409.4  0.20  0.15
       6 11  74.8  42.7  57.5  73.0  47.2  0.49  23.9 137.5   5.7 669.8  0.27  0.20
       6 12  72.5  49.3  57.9  79.0  51.0  0.09  25.2 122.3   5.1 434.7  0.19  0.14
       6 13  69.2  47.4  57.2  78.6  50.2        18.7 107.2   4.5 482.4  0.18  0.14
       6 14  72.5  52.1  61.0  76.8  53.1        26.5 140.5   5.9 474.4  0.19  0.14
       6 15  63.5  48.5  55.2  86.4  51.1  0.14  20.5 117.4   4.9 206.1  0.10  0.07
       6 16  60.5  49.6  53.9  85.9  49.7  0.01  11.1 111.8   4.7 237.2  0.10  0.08
       6 17  76.0  48.4  59.6  80.3  52.9  0.09  35.5 115.8   4.8 561.7  0.21  0.16
       6 18  82.2  49.8  66.1  66.7  52.8        18.1  90.7   3.8 685.1  0.25  0.19
       6 19  86.5  54.2  69.3  60.8  53.2        31.9 127.7   5.3 624.3  0.28  0.21
       6 20  86.4  54.1  69.8  59.8  53.5        22.9 100.0   4.2 642.9  0.28  0.21
       6 21  85.8  52.9  68.3  57.1  51.1  0.01  29.6 163.4   6.8 580.6  0.31  0.24
       6 22  85.7  52.1  69.0  57.6  51.1  0.01  30.7 119.9   5.0 621.6  0.30  0.22
       6 23  88.0  53.2  70.3  57.9  52.1        13.1  80.9   3.4 763.0  0.32  0.24
       6 24  86.9  54.5  72.0  46.9  48.3        16.6  97.9   4.1 773.0  0.33  0.25
       6 25  89.9  55.4  72.8  54.1  53.8        19.5  90.3   3.8 672.7  0.30  0.23
       6 26  83.2  53.8  70.6  58.2  54.7        27.1 137.3   5.7 736.0  0.31  0.24
       6 27  81.1  58.2  68.3  71.2  58.2        22.1 147.2   6.1 534.1  0.26  0.19
       6 28  73.0  48.9  61.8  57.5  46.0        32.2 175.7   7.3 745.0  0.32  0.23
       6 29  82.1  47.3  66.8  54.3  47.5        26.0 145.5   6.1 675.4  0.31  0.23
       6 30  78.9  52.3  64.9  67.8  52.5  0.01  30.1 136.4   5.7 394.1  0.22  0.16
       7  1  88.5  47.0  66.2  70.8  55.8        17.2 123.1   5.1 683.5  0.31  0.23
       7  2  90.8  57.2  71.7  62.7  57.2        18.9 106.7   4.4 516.8  0.27  0.20
       7  3  95.8  55.7  74.1  55.6  54.8        17.8  93.0   3.9 711.0  0.34  0.25
       7  4  94.1  54.9  74.1  58.3  57.2         9.9  71.7   3.0 726.0  0.31  0.23
       7  5  80.6  56.2  68.7  62.7  55.2        25.2 158.1   6.6 741.0  0.32  0.24
       7  6  84.9  58.8  69.8  78.7  62.8        18.0 108.9   4.5 567.3  0.25  0.19
       7  7  90.6  57.8  74.3  65.4  60.3        15.6  91.5   3.8 739.0  0.31  0.24
       7  8  81.3  59.0  69.7  71.0  59.6        22.6 117.0   4.9 363.1  0.19  0.14
       7  9  77.8  54.7  66.7  60.2  51.8        23.2 133.9   5.6 730.0  0.30  0.23
       7 10  80.1  48.7  64.5  65.3  52.3        17.8 120.4   5.0 735.0  0.30  0.23
       7 11  81.9  49.8  65.7  66.9  54.0  0.06  28.8  98.2   4.1 644.9  0.26  0.20
       7 12  83.6  51.9  68.0  68.3  55.5        12.6  69.1   2.9 746.0  0.27  0.21
       7 13  90.0  51.2  70.9  63.9  56.5        10.5  79.3   3.3 686.1  0.28  0.21
       7 14  88.9  58.8  71.7  64.0  58.7        27.1  98.3   4.1 413.4  0.23  0.17
       7 15  87.2  56.3  71.3  61.4  55.5        19.4 107.9   4.5 438.2  0.24  0.18
       7 16  70.7  58.8  65.3  74.6  57.0        20.5 162.7   6.8 328.8  0.17  0.13
       7 17  85.0  60.7  70.0  78.9  62.1  0.10  18.9 126.1   5.3 555.2  0.25  0.19
       7 18  84.3  56.1  69.8  72.1  59.3        11.8  74.3   3.1 439.0  0.20  0.15
       7 19  86.6  59.3  69.1  73.1  58.8  0.05  22.1 110.4   4.6 529.5  0.26  0.19
       7 20  86.0  55.6  70.6  70.0  58.5        14.3  79.2   3.3 727.0  0.28  0.22
       7 21  90.4  55.7  73.3  63.3  57.3        16.0  92.0   3.8 717.0  0.30  0.23
       7 22  89.1  59.0  71.5  64.7  57.6  0.23  33.8 129.4   5.4 476.0  0.27  0.21
       7 23  93.3  56.0  75.3  50.5  52.7        15.8 113.3   4.7 720.0  0.34  0.26
       7 24  90.3  55.6  70.2  68.3  57.9        26.8 114.5   4.8 595.9  0.30  0.23
       7 25  87.1  58.7  71.4  71.9  60.4        25.8 110.5   4.6 605.5  0.27  0.21
       7 26  88.2  55.5  73.3  58.1  54.8        16.7 105.3   4.4 689.6  0.30  0.23
       7 27  89.5  59.3  74.0  67.1  61.1        13.8  92.5   3.9 657.1  0.27  0.22
       7 28  92.2  63.9  74.8  65.8  61.2  0.02  26.5 107.4   4.5 655.3  0.31  0.24
       7 29  86.6  60.3  71.4  74.0  61.8        22.3  91.6   3.8 455.6  0.22  0.18
       7 30  81.9  62.2  70.8  67.4  58.7  0.13  21.2 146.7   6.1 343.6  0.21  0.16
       7 31  77.2  58.8  64.8  89.6  61.4  0.09  20.3  72.4   3.0 302.1  0.15  0.12
       8  1  65.2  57.7  60.7  88.7  57.3        18.6 155.6   6.5 314.8  0.13  0.10
       8  2  73.9  55.8  62.5  84.1  57.2         9.2  80.3   3.3 469.5  0.18  0.14
       8  3  78.4  55.1  66.3  81.6  59.9         9.6  64.6   2.7 582.4  0.19  0.16
       8  4  71.9  58.5  63.1  91.7  60.7  0.44  24.0 105.1   4.4 277.7  0.11  0.09
       8  5  70.4  56.5  62.5  92.6  60.4  0.08  16.3 106.0   4.4 365.6  0.13  0.10
       8  6  80.7  57.2  69.1  80.6  62.2        12.9  68.5   2.9 660.5  0.21  0.18
       8  7  82.8  56.1  68.4  71.5  58.0        17.2  85.6   3.6 628.2  0.23  0.19
       8  8  86.3  52.7  68.9  74.5  59.6        11.5  69.4   2.9 677.3  0.24  0.20
       8  9  84.5  54.3  69.4  63.6  54.7        22.1 143.7   6.0 498.5  0.25  0.19
       8 10  82.0  59.5  67.5  82.0  61.5  0.15  27.7 100.5   4.2 499.3  0.21  0.17
       8 11  85.6  55.7  69.5  70.6  58.4        17.2  77.3   3.2 662.3  0.25  0.20
       8 12  81.0  50.0  66.6  58.0  50.1        18.0 120.4   5.0 578.6  0.25  0.20
       8 13  79.5  50.7  63.7  79.0  56.4        12.6  80.7   3.4 588.9  0.22  0.18
       8 14  83.2  52.5  68.7  70.4  57.6        22.6  92.1   3.8 561.0  0.21  0.17
       8 15  85.6  56.2  70.5  67.4  58.3         8.7  47.1   2.0 501.7  0.18  0.15
       8 16  85.2  53.1  70.6  58.6  54.6        13.1  92.2   3.8 631.5  0.24  0.20
       8 17  82.0  56.0  66.8  73.6  57.4  0.04  22.6 101.0   4.2 416.4  0.20  0.16
       8 18  82.4  48.9  66.2  70.0  55.3        10.9  67.4   2.8 661.1  0.24  0.20
       8 19  85.7  51.4  67.6  70.8  56.9        15.0  79.9   3.3 575.7  0.23  0.19
       8 20  84.0  54.4  66.4  76.2  58.3  0.06  21.1  91.2   3.8 408.2  0.19  0.15
       8 21  88.5  54.4  68.2  74.1  58.7  0.04  24.3  73.3   3.1 472.0  0.20  0.16
       8 22  83.5  54.9  68.6  69.8  56.2        21.0 100.1   4.2 611.6  0.24  0.20
       8 23  81.7  51.3  66.4  68.5  54.7        16.9  91.7   3.8 634.7  0.24  0.20
       8 24  88.7  52.3  69.3  69.2  57.6         9.8  67.7   2.8 624.5  0.23  0.20
       8 25  85.4  59.3  68.6  69.5  57.9        24.4  89.6   3.7 334.9  0.17  0.14
       8 26  89.5  55.3  70.9  69.4  59.3         9.3  74.5   3.1 590.9  0.23  0.19
       8 27  88.9  55.9  70.2  72.7  60.2  0.41  22.1  99.4   4.1 501.8  0.22  0.18
       8 28  74.9  57.8  65.9  89.6  62.6  0.06  11.4  56.5   2.4 327.4  0.12  0.10
       8 29  81.7  56.3  68.7  78.1  60.6        13.8  69.6   2.9 587.0  0.20  0.18
       8 30  85.9  51.5  69.1  71.0  57.6        10.5  73.7   3.1 588.6  0.22  0.18
       8 31  85.4  54.3  68.6  73.1  58.6  0.34  23.9 110.4   4.6 461.7  0.20  0.17
       9  1  80.6  54.4  65.2  84.1  59.9  0.01  18.8  95.0   4.0 474.7  0.18  0.15
       9  2  75.5  57.4  64.4  86.2  60.1  0.09  21.3  85.6   3.6 440.9  0.16  0.13
       9  3  75.4  53.8  62.0  80.8  55.5  0.34  24.2 103.9   4.3 508.4  0.19  0.16
       9  4  72.1  48.4  58.2  79.2  51.3        14.2  71.7   3.0 510.7  0.17  0.14
       9  5  76.4  46.5  60.1  78.1  52.4        10.2  65.7   2.7 589.1  0.19  0.16
       9  6  80.7  45.6  63.2  71.3  52.1         9.6  69.1   2.9 598.9  0.19  0.17
       9  7  79.3  45.5  62.8  60.2  47.2        17.8 134.8   5.6 579.2  0.23  0.19
       9  8  72.8  46.4  58.4  59.4  42.3        17.0  82.1   3.4 581.0  0.20  0.17
       9  9  78.6  40.6  59.4  61.5  43.6        11.7  78.6   3.3 579.6  0.20  0.17
       9 10  84.0  44.8  62.1  61.8  45.9        27.3 119.7   5.0 421.8  0.21  0.17
       9 11  74.2  47.0  58.2  70.5  48.1  0.04  28.1 124.8   5.2 314.7  0.15  0.13
       9 12  62.4  43.7  51.7  67.0  40.6        14.3  70.4   2.9 400.2  0.14  0.11
       9 13  66.3  38.0  51.1  61.0  36.9        17.2  76.8   3.2 555.2  0.17  0.14
       9 14  67.5  40.3  54.4  54.7  36.9        13.7 103.9   4.3 544.3  0.17  0.14
       9 15  71.6  36.6  54.5  67.7  42.3        14.5 100.0   4.2 501.8  0.16  0.13
       9 16  73.8  45.0  57.1  74.1  46.8        12.6  90.2   3.8 476.0  0.15  0.13
       9 17  79.9  42.0  58.4  64.1  42.4        13.1  90.4   3.8 521.4  0.19  0.16
       9 18  82.3  38.8  60.9  51.1  38.8        28.4  79.0   3.3 517.6  0.18  0.16
       9 19  61.0  42.6  47.2  85.4  42.8  0.23  34.0 150.1   6.3  54.6  0.09  0.07
       9 20  55.7  39.6  46.0  92.1  43.7  0.20  11.2  81.8   3.4 201.3  0.07  0.06
       9 21  73.1  32.6  51.6  72.1  40.3  0.01  11.7  66.8   2.8 537.7  0.16  0.13
       9 22  78.3  37.0  56.7  64.1  41.4        11.9  68.6   2.9 530.9  0.15  0.13
       9 23  80.4  45.7  62.8  49.6  40.7        11.2  78.9   3.3 465.9  0.15  0.13
       9 24  79.5  48.8  61.4  56.8  43.8        36.8 127.5   5.3 394.3  0.18  0.16
       9 25  83.7  42.4  62.5  56.8  44.1        28.0 108.3   4.5 504.2  0.20  0.18
       9 26  62.6  37.0  47.7  69.3  37.2  0.14  29.3 140.0   5.8 423.6  0.17  0.13
       9 27  51.8  37.1  41.7  86.8  37.8  0.12  17.2 146.1   6.1 242.2  0.10  0.08
       9 28  46.1  31.0  37.2  83.5  32.1  0.53  20.4 148.8   6.2 320.6  0.10  0.07
       9 29  66.1  26.0  43.0  75.4  34.5        11.8  77.5   3.2 499.6  0.13  0.11
       9 30  63.2  37.3  49.9  62.3  36.5        19.9 130.7   5.4 485.3  0.13  0.11
      10  1  58.2  31.7  41.4  77.2  34.1        30.3 172.1   7.2 381.7  0.13  0.10
      10  2  49.0  32.0  38.5  81.9  33.5        23.5 140.6   5.9 251.2  0.08  0.06
      10  3  50.3  31.1  39.8  77.3  33.1        23.6  91.2   3.8 250.3  0.07  0.06
      10  4  72.8  26.5  47.2  66.2  33.6        11.9  90.5   3.8 476.0  0.14  0.12
      10  5  72.9  31.9  51.8  51.6  32.7        14.4 104.4   4.3 467.3  0.14  0.13
      10  6  80.8  41.7  58.3  59.3  42.4  0.01  22.3 109.4   4.6 345.6  0.13  0.12
      10  7  64.6  39.8  53.1  69.4  42.7  0.02  21.1 114.1   4.8 205.8  0.08  0.07
      10  8  67.0  35.4  50.5  61.3  36.0        15.6 102.3   4.3 439.2  0.14  0.12
      10  9  79.2  33.7  55.5  58.0  37.3        10.9  91.9   3.8 448.7  0.16  0.14
      10 10  67.8  36.8  52.0  69.3  41.7        14.5 107.3   4.5 435.6  0.13  0.11
      10 11  81.1  35.4  55.5  59.5  37.4        13.0 108.5   4.5 435.5  0.17  0.16
      10 12  82.1  39.3  58.6  43.1  32.6        21.5 104.3   4.3 392.8  0.16  0.15
      10 13  72.9  35.8  53.0  62.6  39.7        19.8  82.9   3.5 415.7  0.13  0.12
      10 14  79.0  34.7  54.0  52.7  32.4        13.8  76.3   3.2 374.7  0.14  0.13
      10 15  51.2  34.7  43.7  68.1  33.6  0.13  27.0 164.0   6.8 157.8  0.09  0.07
      10 16  34.8  24.0  31.5  91.3  29.3  0.25  22.1 155.5   6.5  78.9  0.04  0.03
      10 17  51.6  19.2  33.8  73.1  24.7        16.1  76.1   3.2 416.3  0.09  0.08
      10 18  44.6  34.5  39.8  77.9  33.4        17.7 119.6   5.0 131.0  0.03  0.03
      10 19  54.0  27.3  39.4  73.9  30.8        13.1  73.0   3.0 376.2  0.07  0.06
      10 20  66.9  26.4  43.7  65.1  30.1        11.1  75.1   3.1 396.8  0.10  0.09
      10 21  74.4  28.3  49.0  52.4  28.0        17.9  96.0   4.0 399.7  0.13  0.12
      10 22  69.2  30.5  47.5  55.3  29.3         9.7  85.0   3.5 388.8  0.11  0.10
      10 23  68.6  29.1  45.9  61.5  30.8        10.2  92.1   3.8 383.9  0.12  0.11
      10 24  77.5  25.6  48.9  51.9  27.4        11.4  70.2   2.9 369.8  0.12  0.11
      10 25  71.5  32.7  50.5  38.6  23.6        15.5 107.3   4.5 371.6  0.13  0.12
      10 26  79.5  29.8  48.5  49.8  26.7         9.6  82.6   3.4 367.6  0.14  0.13
      10 27  74.1  29.1  46.8  51.7  26.6  0.02  34.8 169.9   7.1 355.5  0.19  0.17
      10 28  56.6  22.9  39.7  69.2  29.7        10.1  76.4   3.2 308.1  0.08  0.07
      10 29  54.2  31.3  46.8  44.5  25.4        44.5 315.0  13.1 230.4  0.14  0.11
      10 30  64.2  25.6  41.8  54.5  24.5        12.6 105.7   4.4 352.6  0.11  0.10
      10 31  71.4  24.5  44.8  57.0  28.1        11.7  82.3   3.4 351.3  0.11  0.10
      11  1  52.8  16.9  37.3  38.3  13.7        38.1 233.7   9.7 335.9            
      11  2  56.5   9.5  32.3  53.1  15.0        13.4  75.8   3.2 339.0            
      11  3  65.5  26.6  43.2  39.5  18.0        13.3 118.8   5.0 309.1            
      11  4  67.8  22.3  42.5  49.8  22.9        11.0  82.6   3.4 203.1            
      11  5  58.9  24.1  38.8  58.7  24.5        16.7 107.1   4.5 321.8            
      11  6  73.4  23.0  44.5  51.7  23.1        13.1 106.9   4.5 322.4            
      11  7  75.2  23.5  44.8  44.6  21.0         9.2  82.4   3.4 321.3            
      11  8  77.0  30.6  50.2  41.2  23.9        11.3  85.8   3.6 304.4            
      11  9  68.1  30.9  49.7  39.3  23.5        28.9 154.8   6.5 296.3            
      11 10  67.7  26.3  43.6  48.0  23.0         8.2  86.1   3.6 301.2            
      11 11  66.6  28.1  44.3  49.6  25.0         9.9  83.4   3.5 178.7            
      11 12  72.2  25.3  43.9  45.9  21.3         8.1  77.2   3.2 302.0            
      11 13  77.5  24.9  47.1  37.5  18.9        10.1  87.2   3.6 302.6            
      11 14  71.6  26.3  45.5  40.6  19.5        14.7  89.0   3.7 294.4            
      11 15  73.9  25.0  44.4  42.7  19.7         9.4  88.7   3.7 295.8            
      11 16  73.1  25.2  45.1  39.6  18.3        12.1  97.9   4.1 280.7            
      11 17  70.3  27.7  46.9  42.8  23.8        15.3 104.3   4.3 273.2            
      11 18  57.8  34.1  46.9  34.8  20.3        37.6 367.5  15.3 252.0            
      11 19  55.6  17.8  36.2  47.5  16.5        20.4  92.3   3.8 269.0            
      11 20  64.3  25.1  42.6  47.5  22.7        27.3 154.5   6.4 189.0            
      11 21  49.6  28.2  38.7  53.8  21.9  0.09  20.8 160.8   6.7 218.5            
      11 22  31.7  12.2  26.6  96.5  26.2  0.23  20.1 152.5   6.4 162.6            
      11 23  33.9   5.6  17.6  84.7  14.1        10.0  94.8   4.0 270.6            
      11 24  32.7  -1.2  12.4  73.9   6.1        10.5  81.7   3.4 276.3            
      11 25  37.6   7.1  23.4  79.2  18.5        10.8  66.3   2.8 188.4            
      11 26  61.2  24.7  42.4  60.9  29.5  0.01  20.2 106.6   4.4 259.9            
      11 27  50.0  29.8  38.0  82.6  33.0        21.0 107.6   4.5 228.9            
      11 28  54.5  26.8  37.1  81.5  31.6  0.01  11.5  86.9   3.6 217.6            
      11 29  35.4  24.6  29.4  98.4  29.2  0.01   7.3  53.2   2.2  99.2            
      11 30  46.1  23.3  33.8  91.6  32.1        12.9  56.6   2.4  90.5            
      12  1  58.1  30.4  39.9  64.6  28.2        24.6 123.7   5.2 154.2            
      12  2  52.4  25.7  39.8  59.2  25.6        25.6 181.4   7.6 238.3            
      12  3  38.5  27.9  33.2  79.2  27.5  0.04  36.8 375.6  15.7 126.9            
      12  4  39.5  16.8  28.5  61.2  15.5        29.0 192.0   8.0 215.6            
      12  5  49.3  10.8  25.8  70.3  16.6         9.9  69.4   2.9 249.1            
      12  6  52.6  22.9  34.3  56.1  17.7        15.3 101.5   4.2 242.1            
      12  7  53.2  21.2  31.5  60.5  17.9        26.2 144.1   6.0 169.4            
      12  8  36.7  14.7  26.9  77.8  20.8  0.01  11.1 103.8   4.3 161.0            
      12  9  39.5   8.8  22.9  65.5  12.4        10.2  83.7   3.5 232.1            
      12 10  48.8  14.9  29.3  60.7  15.7        18.5  93.9   3.9 213.8            
      12 11  41.1  17.0  28.4  66.7  18.2        15.7 104.4   4.3 230.5            
      12 12  46.3  17.8  29.1  57.2  14.1  0.01  14.2 102.1   4.3 240.8            
      12 13  40.1  16.5  28.9  64.5  17.9        38.3 120.5   5.0  51.7            
      12 14  35.3  23.3  27.9  34.4   2.6        43.3 432.0  18.0 236.2            
      12 15  44.2  16.0  30.0  35.9   5.2        16.8 114.0   4.8 167.4            
      12 16  59.2  19.5  37.9  45.0  16.3        29.2 149.9   6.2 228.8            
      12 17  47.2  15.8  34.7  57.4  20.7        30.2 181.4   7.6 187.4            
      12 18  52.4  14.4  31.0  60.7  17.0        36.7 179.2   7.5 192.4            
      12 19  37.7  11.8  23.9  61.8  12.0        33.8 213.5   8.9 169.8            
      12 20  36.5  14.3  23.1  65.2  11.8        30.3 135.7   5.7 105.3            
      12 21  37.2  11.9  26.0  69.3  17.3  0.02  29.8 173.4   7.2 124.1            
      12 22  42.7  11.1  28.4  60.7  15.1        36.9 185.3   7.7  89.6            
      12 23  55.3  26.8  40.9  42.8  19.0        29.5 202.5   8.4 233.6            
      12 24  60.9  21.2  38.7  47.8  18.9        21.5 137.8   5.7 229.4            
      12 25  60.9  20.9  37.5  44.9  16.1        11.8  94.0   3.9 231.1            
      12 26  52.6  19.1  32.8  46.8  13.2         8.7  77.3   3.2 236.5            
      12 27  57.7  23.7  40.3  39.3  16.0        27.9 205.3   8.6 223.2            
      12 28  63.2  22.0  38.6  45.9  17.0        15.4 120.8   5.0 239.7            
      12 29  60.6  18.2  37.6  40.0  13.0        12.9 101.7   4.2 242.9            
      12 30  55.9  18.3  32.4  48.6  13.2        13.9 120.0   5.0 239.4            
      12 31  56.4  13.6  30.9  52.0  13.4        12.4  95.0   4.0 204.6            

      Total                               14.14                         46.33 37.43
        Max  95.8  63.9  75.3  98.4  62.8        54.0 502.8  20.9 773.0
        Min  25.0  -1.2  12.4  25.0   1.3         7.0  47.1   2.0  43.6
        Ave  64.7  34.4  48.5  62.2  34.0        22.2 142.2   5.9 402.6
