                                                                    12-JAN-01
      Cellular-linked Weather Station near WIGGINS, Colorado             2000
      -----------------------------------------------------------------------------
               Temperature      Rel   Dew             Wind        Solar StandrdASCE
            ----------------- Humid Point  Prec -----------------   Rad   ETr   ETo
       Date   Max   Min   Ave   Ave   Ave Total   Max Total   Ave Total Alflf Grass
      MoDay     F     F     F     %     F  inch   mph miles   mph Langl  inch  inch
      ----- ----- ----- ----- ----- ----- ----- ----- ----- ----- ----- ----- -----
       1  1  56.8  20.5  35.8  51.3  17.0        21.5 129.9   5.4 223.3            
       1  2  46.6  15.6  31.7  64.0  20.2        30.8 156.3   6.5 210.4            
       1  3  31.8   9.2  24.0  58.4  11.6  0.01  29.7 321.8  13.4 198.9            
       1  4  45.0   2.0  21.2  62.6  10.5        11.6  84.9   3.5 249.2            
       1  5  44.1  19.0  31.4  51.0  14.2        35.6 213.9   8.9 250.9            
       1  6  41.6   6.8  23.1  47.7   3.7        24.5 113.1   4.7 261.9            
       1  7  37.3   6.6  21.2  58.9   7.7        10.4  75.8   3.2 141.4            
       1  8  51.2  11.9  28.9  57.0  13.4        18.9  99.5   4.1 246.1            
       1  9  44.7  25.0  34.9  35.4   9.3        39.3 227.2   9.5 231.7            
       1 10  39.4  13.2  25.6  68.1  16.1        22.1 144.4   6.0  57.0            
       1 11  62.0   9.8  31.6  57.6  14.1        34.2 144.0   6.0 209.8            
       1 12  52.0  20.1  38.5  48.2  19.7        35.4 228.9   9.5 257.1            
       1 13  50.4  13.4  28.8  60.0  14.6        25.9 158.1   6.6 226.5            
       1 14  58.1  15.7  29.0  62.0  15.5        11.8  90.0   3.8 179.7            
       1 15  58.5  20.7  34.3  49.1  15.0        18.7 102.4   4.3 188.9            
       1 16  42.1  23.3  31.4  66.4  21.2        22.1 119.4   5.0 163.8            
       1 17  60.6  19.4  37.7  62.3  24.4        17.9 120.5   5.0 221.8            
       1 18  45.8  22.4  33.1  75.9  26.1        14.0  95.0   4.0 110.9            
       1 19  51.1  13.9  31.0  71.3  22.5  0.01  34.3 178.9   7.5 204.7            
       1 20  44.4  11.4  25.6  70.9  16.7        10.4  72.9   3.0 197.0            
       1 21  47.6  22.6  34.3  66.7  24.2        18.9 107.0   4.5 105.4            
       1 22  49.9  19.6  32.8  60.3  19.1        12.8  78.1   3.3 273.1            
       1 23  46.7  14.1  27.4  58.7  13.2        23.4 138.1   5.8 289.1            
       1 24  53.1  13.4  30.0  56.8  15.0        31.7 166.1   6.9 136.0            
       1 25  36.8  18.6  28.1  61.8  16.3        14.3 122.7   5.1 107.4            
       1 26  42.1  18.5  29.4  62.9  17.8        11.7 117.5   4.9 235.7            
       1 27  34.2  19.7  27.0  86.0  23.7  0.03  13.4  67.1   2.8 130.5            
       1 28  34.4  12.6  24.4  69.0  15.4  0.06  25.2 187.8   7.8 281.6            
       1 29  31.1  10.7  21.3  80.5  16.1        15.4  92.2   3.8 173.9            
       1 30  42.8   4.6  20.5  67.9  10.1         9.3  56.2   2.3 316.0            
       1 31  48.6   6.0  22.6  58.9   7.1        11.0  88.1   3.7 331.1            
       2  1  53.2   7.3  25.8  55.3   8.7        10.4  90.3   3.8 325.1            
       2  2  67.7  17.4  37.4  46.1  14.0        16.7 100.0   4.2 253.5            
       2  3  46.8  18.5  33.2  63.2  21.2        22.4 212.7   8.9 234.2            
       2  4  39.5   9.9  24.7  55.0   9.5        20.8 142.1   5.9 327.0            
       2  5  59.1  12.7  31.3  50.3  12.4        14.9  98.5   4.1 294.3            
       2  6  59.2  16.5  34.8  50.8  15.8        20.3 110.1   4.6 246.6            
       2  7  57.5  14.3  33.2  54.3  16.2        12.9  90.5   3.8 345.5            
       2  8  59.8  13.9  35.1  49.5  15.1         8.9  66.9   2.8 225.9            
       2  9  57.7  25.4  39.2  42.4  16.3        10.7  80.9   3.4 155.8            
       2 10  45.4  21.8  33.8  69.6  24.7        17.4 175.9   7.3 294.9            
       2 11  26.5  12.8  22.4  95.1  21.4  0.01  18.6 201.6   8.4 188.9            
       2 12  33.9  18.4  24.4  93.3  22.9  0.01  17.4 141.5   5.9 181.1            
       2 13  45.2  22.0  30.4  77.3  23.5        12.0 116.9   4.9 317.1            
       2 14  67.5  17.9  40.2  57.2  23.9        14.5  98.0   4.1 336.7            
       2 15  56.8  24.8  44.7  40.6  20.4  0.04  46.6 397.1  16.5 377.0            
       2 16  59.5  20.0  40.2  51.8  20.8        23.5 196.6   8.2 325.4            
       2 17  36.2  22.4  28.9  76.2  22.1  0.03  22.1 194.0   8.1 144.5            
       2 18  37.0  15.0  25.2  81.4  20.0  0.01  17.5 110.5   4.6 357.3            
       2 19  45.8  10.1  26.2  74.9  18.6        16.4 117.0   4.9 399.7            
       2 20  49.6  11.8  30.5  70.1  20.8        13.4  84.9   3.5 252.6            
       2 21  69.2  21.5  42.5  57.4  24.7        16.3 112.5   4.7 384.0            
       2 22  61.5  25.6  42.8  65.9  31.1  0.04  28.1 171.9   7.2 278.7            
       2 23  65.2  33.8  47.5  56.2  30.6  0.06  24.6 139.6   5.8 409.2            
       2 24  66.5  25.6  44.5  58.3  26.8        25.2 166.1   6.9 350.5            
       2 25  49.8  33.9  40.6  35.5  14.4  0.02  40.8 471.8  19.7 282.5            
       2 26  53.0  26.4  40.2  28.9   8.1        38.9 286.8  11.9 410.8            
       2 27  63.7  15.5  38.7  47.5  17.0        23.2 162.0   6.8 415.1            
       2 28  72.3  21.9  46.3  44.2  20.3  0.01  33.9 200.1   8.3 366.2            
       2 29  58.0  29.9  44.7  47.7  25.0        26.2 193.0   8.0 384.5            
       3  1  55.0  24.1  38.4  58.6  23.9        12.6  95.8   4.0 300.2  0.11  0.08
       3  2  38.2  29.8  34.3  88.0  31.3        17.2 124.9   5.2 117.1  0.03  0.03
       3  3  61.6  20.7  37.9  73.6  28.3        11.0  88.6   3.7 399.6  0.12  0.09
       3  4  68.8  22.0  42.4  57.2  24.3        14.1  97.6   4.1 470.4  0.18  0.13
       3  5  74.4  20.4  44.7  54.3  25.7  0.04  43.8 204.0   8.5 408.3  0.30  0.19
       3  6  64.7  21.4  45.7  45.7  22.3        29.3 156.2   6.5 313.5  0.19  0.13
       3  7  54.0  29.3  42.2  76.1  36.9  0.15  44.3 229.3   9.6 134.4  0.08  0.06
       3  8  56.4  27.0  42.8  46.9  21.4  0.01  56.0 535.9  22.3 425.5  0.26  0.16
       3  9  37.6  25.3  30.7  85.5  26.9        21.9 230.8   9.6 189.8  0.05  0.04
       3 10  42.4  23.0  33.0  77.4  26.3  0.01  25.9 184.6   7.7 289.4  0.07  0.05
       3 11  57.5  15.4  38.6  53.5  18.6        20.7 116.8   4.9 486.0  0.15  0.11
       3 12  51.0  25.3  40.0  53.5  23.3  0.01  26.9 199.1   8.3 365.6  0.14  0.10
       3 13  57.7  16.5  37.3  58.8  21.5        17.3 119.7   5.0 497.7  0.15  0.11
       3 14  61.3  26.3  43.5  55.8  26.1        21.1 148.2   6.2 367.4  0.17  0.12
       3 15  46.7  25.1  35.1  82.4  29.6  0.18  21.8 234.0   9.8 111.6  0.08  0.05
       3 16  46.6  23.1  31.5  84.9  27.2  0.04  12.4  96.9   4.0 523.6  0.09  0.08
       3 17  53.6  26.0  39.0  66.8  28.3  0.04  27.2 180.7   7.5 433.8  0.13  0.10
       3 18  45.7  24.3  36.1  53.4  20.1  0.01  33.2 317.1  13.2 347.1  0.14  0.10
       3 19  65.0  19.3  42.0  53.6  23.0        17.4 107.5   4.5 451.0  0.17  0.13
       3 20  42.5  28.5  32.5  82.1  27.4  0.02  33.4 311.8  13.0  67.6  0.08  0.05
       3 21  37.2  28.3  31.6  92.8  29.8  0.09  12.7 108.4   4.5 232.5  0.04  0.04
       3 22  50.2  24.4  37.1  83.9  32.6  0.01  13.1 110.4   4.6 335.6  0.08  0.06
       3 23  65.9  29.8  44.8  69.5  32.9        14.0 107.7   4.5 483.4  0.17  0.13
       3 24  59.9  32.3  46.7  50.1  27.2  0.05  20.8 147.9   6.2 555.3  0.19  0.14
       3 25  66.1  28.8  47.2  55.3  28.8        16.4 136.6   5.7 449.3  0.19  0.14
       3 26  62.9  32.5  48.3  56.1  31.6  0.04  35.6 187.2   7.8 553.6  0.20  0.15
       3 27  71.5  26.0  48.4  53.4  27.0        14.5  85.4   3.6 591.8  0.20  0.16
       3 28  63.4  32.2  46.5  46.8  25.8        39.2 301.5  12.6 428.4  0.27  0.18
       3 29  59.8  35.3  45.5  50.8  25.1  0.01  35.3 221.3   9.2 540.5  0.23  0.16
       3 30  41.3  30.8  35.0  92.9  33.1  0.14  28.1 193.8   8.1  99.6  0.04  0.03
       3 31  37.7  30.3  33.0  94.3  31.5  0.27  15.9  89.1   3.7 236.9  0.04  0.04
       4  1  49.9  26.7  37.0  72.9  28.1  0.06  19.6 167.6   7.0 477.5  0.12  0.10
       4  2  47.3  28.0  34.7  77.8  28.4  0.06  29.4 232.1   9.7 200.7  0.10  0.07
       4  3  47.5  23.6  33.8  58.7  19.1  0.01  34.4 271.1  11.3 599.9  0.17  0.12
       4  4  78.5  21.9  49.0  53.0  25.7        30.7 138.4   5.8 617.3  0.31  0.21
       4  5  77.5  32.0  56.5  41.6  28.1        41.9 250.5  10.4 582.4  0.37  0.25
       4  6  74.3  33.5  55.3  39.0  27.0        24.8 183.3   7.6 554.2  0.30  0.21
       4  7  59.4  24.3  41.3  43.2  19.3        47.4 467.3  19.5 524.8  0.29  0.19
       4  8  69.6  16.7  43.3  45.4  17.5        17.2 102.9   4.3 645.7  0.23  0.17
       4  9  79.8  27.3  53.2  44.4  26.6        27.2 190.7   7.9 610.1  0.36  0.25
       4 10  65.5  31.7  50.3  46.6  28.0        32.7 248.2  10.3 614.8  0.27  0.19
       4 11  64.7  29.9  46.7  53.7  29.5        27.8 222.4   9.3 605.2  0.25  0.18
       4 12  75.7  31.4  53.0  47.7  28.7        21.5 122.4   5.1 584.4  0.26  0.19
       4 13  80.1  31.5  56.5  38.1  26.0  0.01  27.5 141.0   5.9 520.9  0.31  0.21
       4 14  79.9  30.8  49.6  53.3  30.5  0.01  35.5 204.9   8.5 448.9  0.36  0.24
       4 15  31.9  24.3  28.6  85.4  24.7  0.07  14.5 160.5   6.7 175.3  0.04  0.03
       4 16  60.9  14.2  37.3  78.7  31.4  0.01  14.0  95.6   4.0 653.5  0.15  0.13
       4 17  79.3  31.5  55.2  50.9  31.7  0.02  23.0 176.9   7.4 668.0  0.34  0.24
       4 18  83.9  37.0  58.1  40.4  28.7  0.04  53.3 269.1  11.2 548.3  0.47  0.31
       4 19  53.8  31.0  43.1  50.0  25.2        37.9 297.8  12.4 182.1  0.18  0.12
       4 20  71.2  33.8  51.3  41.7  27.4        23.2 218.1   9.1 620.6  0.32  0.22
       4 21  77.5  32.5  56.2  39.9  28.0        14.0 104.2   4.3 604.1  0.26  0.20
       4 22  79.6  38.8  57.7  50.6  37.0        36.5 237.0   9.9 490.3  0.35  0.24
       4 23  68.8  49.4  54.8  74.2  46.2  0.28  25.9 231.4   9.6 327.0  0.21  0.15
       4 24  66.7  37.8  50.0  66.9  38.3  0.12  39.5 211.5   8.8 510.3  0.22  0.16
       4 25  66.7  29.4  49.3  53.3  29.7        15.6 124.2   5.2 682.6  0.23  0.18
       4 26  77.9  35.9  56.3  52.4  35.1        29.7 202.9   8.5 570.7  0.33  0.23
       4 27  68.7  41.8  53.9  47.5  31.5        15.6 111.2   4.6 694.3  0.25  0.19
       4 28  74.5  34.2  54.6  54.4  37.1  0.01  29.2 271.0  11.3 625.2  0.32  0.23
       4 29  81.6  40.8  56.8  64.4  42.6  0.32  60.3 348.3  14.5 528.1  0.42  0.28
       4 30  52.2  37.7  44.7  77.5  37.7  0.22  32.4 283.7  11.8 190.0  0.10  0.08
       5  1  66.1  34.4  49.4  63.6  35.3        16.1 134.0   5.6 647.9  0.21  0.17
       5  2  75.5  35.1  56.1  55.7  37.1        23.9 189.5   7.9 722.0  0.31  0.23
       5  3  78.4  39.5  61.8  56.1  43.3        21.6 179.2   7.5 714.0  0.30  0.23
       5  4  90.5  44.6  67.8  51.9  43.4        22.9 160.3   6.7 729.0  0.40  0.29
       5  5  90.7  49.9  71.8  51.7  48.3  0.01  22.5 182.8   7.6 731.0  0.40  0.30
       5  6  78.7  51.8  66.0  59.0  50.4        21.4 184.6   7.7 579.6  0.28  0.21
       5  7  84.9  51.9  64.7  64.5  50.7        37.3 198.9   8.3 538.7  0.34  0.24
       5  8  51.9  41.6  45.9  79.6  39.9  0.21  25.0 164.7   6.9 163.9  0.09  0.06
       5  9  70.3  36.7  54.0  62.9  38.6  0.05  20.4 152.3   6.3 712.0  0.25  0.20
       5 10  77.5  48.8  63.2  51.7  43.9        28.1 230.2   9.6 723.0  0.34  0.26
       5 11  65.8  41.6  54.4  50.2  34.9        36.9 394.2  16.4 701.0  0.32  0.23
       5 12  59.4  34.0  48.2  29.8  16.3        35.8 352.9  14.7 604.1  0.32  0.22
       5 13  67.8  24.5  48.2  43.9  21.5        18.9  89.6   3.7 684.2  0.23  0.18
       5 14  73.6  36.4  55.7  41.6  30.0        20.5 144.8   6.0 712.0  0.30  0.22
       5 15  84.0  37.4  61.9  42.8  34.3        15.5 116.9   4.9 539.1  0.30  0.22
       5 16  90.4  39.8  64.9  43.5  38.0        36.4 223.4   9.3 742.0  0.49  0.34
       5 17  63.8  39.7  51.7  83.3  47.0  1.29  47.9 362.4  15.1  69.1  0.11  0.07
       5 18  55.7  39.2  46.4  65.9  34.7        36.5 251.5  10.5 496.1  0.18  0.14
       5 19  71.0  37.5  55.0  61.3  38.8        15.4  64.9   2.7 736.0  0.22  0.19
       5 20  68.7  46.2  56.3  70.1  45.5  0.21  29.9 136.7   5.7 599.9  0.21  0.17
       5 21  78.9  42.3  61.2  63.0  45.6  0.02  17.8 105.4   4.4 651.1  0.25  0.21
       5 22  83.9  52.1  69.0  50.8  47.4  0.01  19.1 114.2   4.8 592.8  0.28  0.22
       5 23  89.5  51.6  71.9  50.8  49.5        19.0 128.9   5.4 755.0  0.35  0.28
       5 24  79.5  50.5  65.3  54.0  47.2  0.20  30.5 131.2   5.5 545.5  0.26  0.20
       5 25  79.2  49.7  63.1  72.3  52.9  0.10  43.6 180.7   7.5 572.8  0.26  0.20
       5 26  75.5  52.0  62.7  71.0  51.9  0.29  27.3 136.7   5.7 514.6  0.22  0.18
       5 27  79.5  47.7  63.2  60.8  46.2        15.2 100.3   4.2 772.0  0.28  0.24
       5 28  92.0  51.0  73.2  43.3  45.7  0.03  44.6 163.6   6.8 720.0  0.41  0.30
       5 29  96.8  61.2  78.8  38.2  47.6        22.9 170.0   7.1 708.0  0.46  0.34
       5 30  75.4  54.5  62.7  70.7  52.4  0.01  21.1 197.3   8.2 576.6  0.26  0.20
       5 31  81.7  52.3  64.0  77.1  55.4        29.7 265.3  11.1 582.7  0.31  0.23
       6  1  72.9  49.0  61.0  44.6  38.1        36.8 218.6   9.1 768.0  0.34  0.26
       6  2  80.3  45.6  64.4  51.7  45.5        32.4 300.4  12.5 740.0  0.39  0.28
       6  3  93.1  53.5  74.0  43.8  43.7        31.9 139.1   5.8 712.0  0.40  0.30
       6  4  74.9  54.5  65.7  51.8  46.2  0.01  26.6 215.3   9.0 675.5  0.32  0.24
       6  5  83.0  46.7  65.1  56.6  47.7        26.7 271.9  11.3 728.0  0.39  0.29
       6  6  98.0  49.6  74.0  44.3  44.4        16.4 118.5   4.9 709.0  0.40  0.30
       6  7  99.0  52.3  78.1  30.0  37.8        19.1 100.0   4.2 800.0  0.41  0.31
       6  8  98.3  55.8  79.1  27.7  38.2        27.3 181.6   7.6 783.0  0.52  0.37
       6  9  91.5  53.4  72.6  42.3  45.0  0.01  27.9 145.5   6.1 579.6  0.37  0.27
       6 10  83.9  55.0  70.5  31.5  37.6        34.8 179.4   7.5 676.7  0.40  0.29
       6 11  89.3  56.1  71.7  48.0  48.4        36.5 249.4  10.4 752.0  0.47  0.34
       6 12  93.5  52.0  72.9  45.0  45.4  0.01  14.7  85.6   3.6 732.0  0.34  0.27
       6 13  82.7  52.3  67.4  40.0  41.0  0.01  43.6 314.1  13.1 578.9  0.45  0.31
       6 14  82.5  45.4  65.5  44.1  40.3        19.5 137.6   5.7 741.0  0.34  0.26
       6 15  89.2  50.5  65.1  47.3  42.3        37.3 243.8  10.2 608.2  0.49  0.33
       6 16  56.1  48.0  52.3  66.0  41.2  0.01  17.5 166.3   6.9 175.0  0.12  0.09
       6 17  63.3  45.8  52.7  79.3  45.8  0.42  16.7 127.0   5.3 554.0  0.17  0.15
       6 18  89.2  45.8  65.8  58.5  46.9  0.02  31.5 137.3   5.7 717.0  0.36  0.28
       6 19  84.2  53.6  67.2  60.0  50.2  0.01  31.1 142.8   6.0 597.7  0.31  0.24
       6 20  80.1  49.7  64.3  50.0  41.8        25.3 157.7   6.6 789.0  0.35  0.27
       6 21  84.3  42.1  65.0  47.7  39.6        17.5  93.1   3.9 790.0  0.31  0.25
       6 22  95.1  51.7  74.5  43.3  47.1        30.3 138.0   5.8 770.0  0.41  0.31
       6 23  91.7  60.0  73.0  49.5  51.0        28.7 114.4   4.8 593.8  0.34  0.26
       6 24  94.2  51.7  72.9  49.1  48.9        19.5 128.2   5.3 680.0  0.37  0.29
       6 25  81.0  57.5  67.2  60.4  52.3  0.01  26.2 183.3   7.6 435.2  0.28  0.21
       6 26  69.2  53.2  59.2  74.3  50.7  0.04  18.3 148.3   6.2 273.2  0.16  0.12
       6 27  71.2  55.1  60.8  84.3  55.9  0.38  22.4 214.6   8.9 441.7  0.18  0.14
       6 28  71.3  51.1  61.2  76.0  52.8  0.01  15.5  95.5   4.0 639.2  0.20  0.18
       6 29  92.7  57.9  71.9  56.3  51.8  0.02  22.7 190.2   7.9 748.0  0.45  0.33
       6 30  91.5  52.5  72.3  55.2  51.2        20.2 137.5   5.7 760.0  0.37  0.29
       7  1  94.7  55.0  74.9  48.7  51.4  0.01  26.7 114.2   4.8 669.5  0.35  0.27
       7  2  97.0  55.8  76.6  47.4  51.0  0.02  30.6 137.8   5.7 733.0  0.41  0.31
       7  3  92.3  67.0  77.7  50.3  56.6        23.2 167.0   7.0 591.4  0.38  0.28
       7  4  95.8  57.8  77.1  47.2  50.7        18.0 108.1   4.5 765.0  0.38  0.30
       7  5  92.8  64.8  78.3  60.4  60.8  0.01  24.8 167.0   7.0 760.0  0.39  0.31
       7  6  97.3  63.4  79.0  61.0  60.6        25.1 146.8   6.1 717.0  0.40  0.31
       7  7 100.3  65.3  80.9  42.4  54.6  0.01  24.4 135.0   5.6 563.4  0.40  0.29
       7  8  94.7  59.3  75.7  53.0  54.6        20.3 105.6   4.4 545.8  0.31  0.24
       7  9  94.1  64.0  78.9  44.5  53.6  0.12  28.8 129.5   5.4 683.9  0.37  0.29
       7 10  92.6  59.4  73.7  67.1  59.9  0.37  44.5 153.1   6.4 702.0  0.36  0.28
       7 11  93.3  61.0  75.6  59.3  57.7        17.8 105.1   4.4 754.0  0.34  0.28
       7 12  91.2  62.3  71.6  69.8  60.3  0.22  29.3 182.5   7.6 614.2  0.36  0.27
       7 13  92.0  57.9  74.3  67.3  60.6        15.9 107.6   4.5 715.0  0.31  0.26
       7 14  95.5  60.8  77.9  60.7  61.1        11.7  78.9   3.3 699.2  0.30  0.26
       7 15  96.6  61.3  78.3  52.6  57.6        24.8 126.4   5.3 631.8  0.36  0.28
       7 16  83.4  61.3  71.8  69.3  60.7        31.1 154.1   6.4 452.6  0.24  0.19
       7 17  72.5  60.1  64.7  92.2  62.4  0.07  18.4 139.6   5.8 274.1  0.11  0.10
       7 18  90.2  58.5  71.9  67.7  58.0  0.01  21.7 113.8   4.7 709.0  0.32  0.26
       7 19  88.2  60.0  71.4  60.4  54.9        17.0 121.2   5.0 695.4  0.33  0.26
       7 20  83.6  58.6  68.8  73.4  59.8  0.09  37.2 144.7   6.0 613.4  0.27  0.22
       7 21  87.1  54.8  68.1  74.8  58.5  0.09  31.7 120.6   5.0 665.2  0.28  0.23
       7 22  88.6  55.2  70.2  70.4  57.8        13.3  82.2   3.4 685.3  0.27  0.23
       7 23  91.9  55.7  73.8  60.9  56.6        15.6 117.5   4.9 717.0  0.33  0.27
       7 24  98.4  54.5  77.9  40.9  47.4  0.02  35.4 143.6   6.0 551.5  0.40  0.29
       7 25  90.4  56.6  75.2  51.9  54.8        14.3 113.7   4.7 709.0  0.32  0.26
       7 26  97.0  59.0  77.5  45.3  51.9        23.2 113.0   4.7 604.0  0.35  0.27
       7 27  94.4  58.4  74.8  54.1  55.0        26.8 104.3   4.3 615.8  0.32  0.25
       7 28  90.7  58.1  73.6  60.6  57.3        17.4 112.7   4.7 684.2  0.31  0.25
       7 29  88.9  54.9  72.0  63.0  56.4        13.1  78.8   3.3 666.2  0.27  0.23
       7 30  88.9  56.1  72.0  62.5  56.2        13.8  79.8   3.3 680.3  0.27  0.23
       7 31  88.4  53.5  71.6  58.8  53.4        11.0  66.2   2.8 682.7  0.26  0.22
       8  1  92.4  52.0  73.6  52.5  52.6        11.2  85.6   3.6 621.7  0.28  0.23
       8  2  91.4  60.1  77.0  51.3  56.6        13.6  99.4   4.1 567.5  0.28  0.22
       8  3  92.9  60.8  74.3  65.9  60.7  0.57  32.3 118.8   5.0 574.8  0.30  0.24
       8  4  91.0  62.3  73.0  69.8  61.5  0.02  36.7 118.2   4.9 553.3  0.28  0.22
       8  5  94.1  61.7  74.1  60.1  57.1        22.8 128.8   5.4 523.7  0.33  0.24
       8  6  87.9  54.0  71.0  57.0  52.3        20.2 118.0   4.9 690.5  0.31  0.25
       8  7  98.4  52.8  73.6  53.2  51.3        22.6 109.8   4.6 636.3  0.36  0.27
       8  8  99.0  52.8  76.1  43.9  47.4        15.4  93.0   3.9 681.5  0.35  0.27
       8  9  92.0  54.7  72.9  63.2  58.5        21.5 132.9   5.5 616.1  0.31  0.24
       8 10  87.6  56.8  71.9  66.8  58.6        19.0 138.4   5.8 661.6  0.29  0.24
       8 11  96.4  58.0  76.0  58.9  58.0        19.1  88.1   3.7 619.5  0.30  0.24
       8 12  86.7  62.2  74.1  58.2  57.5        18.9 104.0   4.3 450.2  0.24  0.19
       8 13  92.6  58.0  75.0  59.7  58.1        17.1  96.0   4.0 647.8  0.29  0.24
       8 14  97.2  58.0  78.1  44.7  52.1        22.7 103.3   4.3 640.2  0.34  0.26
       8 15  92.0  58.5  75.2  57.9  58.0  0.01  17.6 109.8   4.6 627.2  0.30  0.24
       8 16  93.4  64.2  72.6  73.5  62.2  0.11  25.4 126.5   5.3 418.0  0.28  0.21
       8 17  75.1  60.9  66.8  69.8  56.0  0.14  13.5  79.9   3.3 324.7  0.15  0.12
       8 18  80.5  58.1  68.1  77.5  60.0  0.04  23.0 193.7   8.1 527.8  0.23  0.18
       8 19  91.8  55.4  72.2  63.2  55.6        17.1  82.4   3.4 625.6  0.27  0.22
       8 20  92.5  58.0  73.9  53.5  53.9        24.3 112.2   4.7 570.6  0.30  0.23
       8 21  77.8  54.8  66.2  72.5  56.9  0.01  25.3 116.0   4.8 391.9  0.17  0.14
       8 22  93.3  55.1  71.5  58.3  52.5  0.01  26.1 117.4   4.9 542.6  0.31  0.23
       8 23  89.0  52.9  70.8  57.7  52.2         9.4  84.6   3.5 565.3  0.25  0.20
       8 24  94.3  53.4  73.0  58.2  55.1        23.6  95.4   4.0 548.4  0.28  0.22
       8 25  94.1  57.3  73.8  54.7  54.1        24.8 136.6   5.7 480.5  0.32  0.23
       8 26  91.5  57.4  69.9  71.2  58.3  0.36  28.4 110.8   4.6 465.8  0.26  0.20
       8 27  88.1  57.1  70.3  73.3  59.6  0.41  27.3 109.5   4.6 566.3  0.25  0.20
       8 28  91.4  59.1  70.9  69.9  59.0  0.01  27.3 112.5   4.7 496.1  0.27  0.21
       8 29  85.0  59.1  69.8  75.0  60.6  0.19  19.9 161.9   6.7 560.8  0.26  0.20
       8 30  90.5  58.2  71.6  67.2  58.1        19.4  89.8   3.7 481.4  0.24  0.19
       8 31  64.4  52.4  58.7  85.8  54.5  0.10  21.9 120.3   5.0 233.1  0.09  0.07
       9  1  80.2  53.5  65.8  82.5  59.9  0.01  15.4 112.4   4.7 464.7  0.17  0.15
       9  2  84.1  54.5  67.6  64.9  53.5        14.8 105.0   4.4 571.7  0.24  0.19
       9  3  87.3  51.0  68.2  56.9  49.0        15.9 110.6   4.6 548.8  0.27  0.20
       9  4  91.4  56.9  69.8  63.9  54.4  0.22  36.6 129.8   5.4 565.4  0.31  0.23
       9  5  92.4  59.8  72.1  69.2  59.2  0.03  42.7 176.3   7.3 484.9  0.33  0.23
       9  6  88.9  54.6  70.8  63.7  55.7  0.01  34.3 115.1   4.8 408.0  0.24  0.18
       9  7  78.7  47.4  63.2  48.2  41.5        19.6 147.0   6.1 585.2  0.27  0.20
       9  8  88.0  53.9  68.8  53.6  50.0        25.1 108.4   4.5 424.6  0.25  0.18
       9  9  87.9  49.3  70.0  43.3  43.1        27.3 132.6   5.5 516.4  0.30  0.21
       9 10  91.6  47.3  67.5  43.3  40.9        13.1  93.8   3.9 557.4  0.29  0.21
       9 11  76.4  45.5  61.7  49.0  40.1        17.5 138.1   5.8 479.2  0.24  0.17
       9 12  85.2  41.3  63.4  53.7  42.7        13.8  85.3   3.6 565.7  0.24  0.18
       9 13  92.5  47.9  69.0  42.0  40.3        16.2 121.0   5.0 538.8  0.33  0.23
       9 14  82.4  45.1  65.2  47.7  43.2        21.8 172.8   7.2 542.5  0.30  0.21
       9 15  91.5  49.6  67.7  49.0  44.9        11.3 116.4   4.8 543.1  0.31  0.22
       9 16  97.2  47.8  70.1  43.3  40.9        20.5 101.4   4.2 539.6  0.33  0.23
       9 17  97.4  51.6  73.4  36.0  40.2        24.8  73.9   3.1 488.5  0.26  0.19
       9 18  85.3  58.0  71.2  38.1  43.1        22.7 126.4   5.3 393.5  0.27  0.19
       9 19  73.4  46.8  60.5  61.0  46.0  0.56  24.5 171.6   7.2 418.7  0.21  0.15
       9 20  61.7  43.0  50.1  67.1  38.6  0.22  23.3 184.4   7.7 527.8  0.18  0.14
       9 21  69.3  39.5  53.6  74.5  46.0  0.10  18.0 141.9   5.9 323.3  0.14  0.11
       9 22  50.8  35.1  41.9  90.8  39.5  0.02  20.2 185.9   7.7  92.3  0.05  0.04
       9 23  39.3  32.1  35.7  95.7  34.7  0.08  20.4 209.3   8.7 132.1  0.03  0.02
       9 24  45.4  30.3  35.4  88.2  32.0  0.17  15.7 121.6   5.1 255.2  0.07  0.05
       9 25  65.3  27.1  44.2  71.1  33.1        12.0  58.4   2.4 523.5  0.13  0.11
       9 26  75.7  33.2  51.1  66.3  36.8        10.9  43.0   1.8 516.9  0.15  0.12
       9 27  77.6  35.2  54.0  62.6  36.8        14.2  57.3   2.4 504.3  0.17  0.13
       9 28  81.5  34.8  56.4  59.9  38.1        14.8  70.7   2.9 490.9  0.19  0.14
       9 29  82.4  45.2  61.8  60.3  45.4  0.01  39.5 105.4   4.4 329.6  0.20  0.14
       9 30  81.3  44.9  61.5  61.0  44.6        13.7  53.1   2.2 410.0  0.15  0.12
      10  1  86.1  46.5  64.7  52.2  42.2        23.8  83.7   3.5 455.1  0.22  0.16
      10  2  78.9  41.9  60.6  62.9  46.0  0.01  20.9 119.9   5.0 420.0  0.19  0.14
      10  3  73.5  45.2  56.7  69.5  45.9        26.1 133.9   5.6 342.8  0.17  0.12
      10  4  67.0  48.7  54.6  84.9  49.7        22.9 156.1   6.5 243.2  0.12  0.09
      10  5  50.1  31.3  39.2  89.8  37.1  0.01  27.3 233.8   9.7  74.9  0.06  0.04
      10  6  39.8  29.0  34.2  83.0  29.4        13.6 139.2   5.8 189.6  0.05  0.04
      10  7  48.0  29.1  38.7  71.7  29.6        14.4 133.5   5.6 295.9  0.08  0.06
      10  8  55.1  25.9  40.6  66.0  28.6  0.01  26.7 225.5   9.4 454.9  0.15  0.10
      10  9  66.4  23.6  42.2  68.8  31.2        19.4 129.9   5.4 455.3  0.17  0.12
      10 10  74.3  26.4  48.9  62.1  33.9        25.4 144.7   6.0 435.9  0.22  0.15
      10 11  80.9  32.0  56.5  54.7  35.7        25.0 148.6   6.2 437.7  0.26  0.17
      10 12  73.1  43.1  57.8  47.3  36.2        30.5 150.3   6.3 422.9  0.22  0.15
      10 13  64.7  34.0  48.3  62.8  34.5        23.2 119.8   5.0 427.3  0.15  0.11
      10 14  62.9  28.7  45.8  60.1  30.4        17.6  72.4   3.0 362.4  0.11  0.08
      10 15  67.7  33.0  50.4  58.7  34.4        19.8 141.2   5.9 386.7  0.17  0.12
      10 16  70.3  31.3  49.7  53.5  30.3        10.5  93.2   3.9 409.1  0.16  0.11
      10 17  71.7  29.7  48.8  48.8  26.8        11.7  80.3   3.3 401.6  0.16  0.11
      10 18  80.1  29.5  51.7  51.7  31.4        12.7  81.7   3.4 405.8  0.19  0.13
      10 19  79.2  33.2  54.2  43.3  27.5        14.4 100.1   4.2 389.5  0.21  0.14
      10 20  65.8  35.2  50.9  51.4  32.5        16.3 138.5   5.8 386.1  0.16  0.11
      10 21  76.3  32.0  52.4  56.6  34.3  0.01  27.2 159.1   6.6 385.1  0.23  0.15
      10 22  52.7  41.6  46.7  92.1  44.8  0.15  27.4 209.6   8.7 100.2  0.04  0.03
      10 23  52.0  41.2  46.0  93.8  44.4  0.04  18.6 134.0   5.6 143.0  0.04  0.03
      10 24  66.4  45.8  54.3  80.2  47.7        18.2 163.0   6.8 345.0  0.12  0.09
      10 25  66.7  33.2  48.4  67.8  35.9        12.5  83.9   3.5 374.4  0.12  0.09
      10 26  65.4  30.4  47.0  70.3  36.0        12.5  88.8   3.7 366.2  0.11  0.08
      10 27  59.9  32.0  46.7  88.4  44.1  0.04  25.3 172.7   7.2 217.7  0.06  0.05
      10 28  61.2  45.4  52.4  93.2  50.5  0.29  24.3 175.8   7.3 108.8  0.05  0.04
      10 29  59.5  40.1  50.1  86.1  45.9  0.44  35.6 158.2   6.6 233.6  0.07  0.05
      10 30  63.2  34.3  46.0  84.1  41.0        14.8  87.5   3.6 293.8  0.09  0.06
      10 31  46.2  33.1  41.2  95.8  40.3  0.11  27.4 120.8   5.0  56.5  0.02  0.02
      11  1  52.9  34.5  42.5  64.2  30.9  0.05  40.3 295.0  12.3 278.0            
      11  2  48.8  31.5  39.2  60.2  26.1        16.8 106.0   4.4 217.2            
      11  3  50.2  28.0  38.1  76.0  30.8        11.8  82.7   3.4 202.9            
      11  4  57.9  22.4  38.3  78.8  32.3        19.2  97.7   4.1 334.5            
      11  5  43.4  29.5  34.6  90.0  32.1  0.44  27.2 223.6   9.3  42.3            
      11  6  31.7  22.8  27.2  70.1  18.6  0.01  29.7 319.5  13.3 148.4            
      11  7  34.4  21.1  28.7  52.2  13.1  0.01  32.4 325.3  13.6 245.0            
      11  8  44.0  17.0  29.0  64.5  17.0        14.8  96.0   4.0 331.0            
      11  9  45.8  23.3  32.4  65.7  21.5        16.7 162.6   6.8 315.6            
      11 10  27.6  21.3  24.3  87.9  21.2  0.01  22.9 282.4  11.8  39.3            
      11 11  24.7  -4.3  14.6  90.9  13.7  0.14  16.1 159.5   6.6 172.0            
      11 12  24.5 -11.7   4.8  86.3   3.8         6.0  49.9   2.1 267.3            
      11 13  31.7  -6.3   7.5  81.0   4.3         5.7  44.1   1.8 316.8            
      11 14  37.1  -4.0  11.8  79.1   7.4         7.8  63.9   2.7 293.8            
      11 15  34.8   5.7  20.0  77.6  14.8  0.04  24.7 195.2   8.1 199.0            
      11 16  36.7   3.6  18.3  70.0   9.6        11.1  67.0   2.8 300.6            
      11 17  31.6  -1.7  13.3  77.9   8.5  0.02  31.9 145.9   6.1 292.1            
      11 18  35.7  -2.1  19.3  69.6  11.3        21.4  83.1   3.5 275.4            
      11 19  43.5   7.7  25.9  69.0  16.7        17.2 102.8   4.3 295.1            
      11 20  48.5   6.5  21.6  73.0  13.3         7.8  61.9   2.6 297.6            
      11 21  50.2  11.6  27.0  73.6  18.8        11.8  87.4   3.6 275.4            
      11 22  44.7  20.1  30.5  76.8  23.9        13.7  77.4   3.2 215.2            
      11 23  44.5  19.9  29.5  72.6  21.2         9.0  96.5   4.0 252.2            
      11 24  54.3  14.7  30.9  69.4  21.0        23.9 134.1   5.6 280.8            
      11 25  43.7  19.5  31.0  70.0  21.5        16.0 122.4   5.1 269.1            
      11 26  45.0  17.0  28.5  80.3  23.1        16.4  91.9   3.8 122.1            
      11 27  50.3  24.2  33.6  77.6  26.7        24.0 115.7   4.8 196.7            
      11 28  41.0  22.0  32.2  60.0  19.3        25.1 157.9   6.6 184.0            
      11 29  44.5  15.0  27.3  72.4  19.0        17.2 101.5   4.2 257.7            
      11 30  51.9  18.1  33.4  62.6  18.7  0.01  41.9 263.5  11.0 266.4            
      12  1  44.5  18.9  28.7  69.4  18.8        11.8 102.1   4.3 262.7            
      12  2  44.2  11.1  25.7  74.5  18.1        15.3 108.0   4.5 262.1            
      12  3  55.3  14.2  29.0  70.5  18.9         9.6  83.7   3.5 245.9            
      12  4  45.9  18.4  28.4  67.5  17.7        12.2  89.0   3.7 255.1            
      12  5  38.4  16.4  25.9  83.9  22.2  0.01  27.7 180.9   7.5  54.6            
      12  6  48.2  12.7  28.4  76.0  22.3        16.5 109.0   4.5 248.4            
      12  7  57.7  23.3  36.1  68.7  25.2        28.7 144.7   6.0 203.1            
      12  8  41.5  28.0  33.3  84.0  28.8        24.0 205.3   8.6 176.1            
      12  9  56.5  27.5  36.1  76.0  28.2        11.7  77.3   3.2 210.9            
      12 10  33.5   3.8  14.6  87.0  12.2  0.02  31.2 232.7   9.7  58.4            
      12 11  15.2  -4.2   3.8  77.1  -1.7        11.5 102.4   4.3 259.9            
      12 12  20.0   1.6   9.2  81.1   4.7        11.7  73.2   3.0 176.6            
      12 13  22.2   4.3  13.2  82.9   9.1         9.6  52.4   2.2 193.1            
      12 14  42.4   2.1  22.5  77.5  17.5        12.5  68.3   2.8 237.4            
      12 15  40.2  13.5  26.9  72.9  18.6  0.01  38.7 155.9   6.5 142.6            
      12 16  25.3   8.7  16.8  63.4   6.3        35.1 192.2   8.0 240.3            
      12 17  53.9   8.4  26.0  64.6  14.9        51.6 271.4  11.3 212.4            
      12 18  34.1   9.9  24.6  59.5  11.8        42.7 308.1  12.8 185.9            
      12 19  47.2   7.3  25.1  66.3  15.1        11.0  69.8   2.9 198.6            
      12 20  37.4   6.6  23.7  59.6  11.7        36.1 233.8   9.7 175.2            
      12 21  32.0   0.6  14.5  68.9   5.6        13.1  79.2   3.3 250.4            
      12 22  54.7   9.9  29.9  62.5  17.5        26.9 133.2   5.5 234.6            
      12 23  48.8  13.9  30.1  71.0  20.8        10.3  83.1   3.5 242.3            
      12 24  29.2  11.9  20.5  83.0  16.2        18.6 147.1   6.1 127.8            
      12 25  25.2  16.8  20.8  86.1  17.4        16.1 139.0   5.8  80.7            
      12 26  37.0   6.3  19.8  79.5  14.5        12.9 113.1   4.7 246.1            
      12 27  54.7  13.5  29.3  71.2  19.9        11.2  97.7   4.1 240.0            
      12 28  44.0  22.5  34.1  57.8  20.7  0.02  35.9 278.2  11.6 141.5            
      12 29  35.5  13.1  24.8  68.9  15.5        14.2 102.9   4.3 204.9            
      12 30  38.0  21.0  27.2  78.2  21.0  0.07  11.5  80.7   3.4 133.2            
      12 31  35.8   3.9  19.8  93.5  19.3  0.09   9.7  54.3   2.3 218.5            

      Total                               12.60                         60.93 45.75
        Max 100.3  67.0  80.9  95.8  62.4        60.3 535.9  22.3 800.0
        Min  15.2 -11.7   3.8  27.7  -1.7         5.7  43.0   1.8  39.3
        Ave  66.0  34.3  49.1  62.5  34.2        22.8 149.3   6.2 423.4
