      2002                                                                03-JAN-03
      Weather Station near WIGGINS, CO  alfalfa hay site at Bender farm            
      -----------------------------------------------------------------------------
               Temperature      Rel   Dew             Wind        Solar StandrdASCE
            ----------------- Humid Point  Prec -----------------   Rad   ETr   ETo
       Date   Max   Min   Ave   Ave   Ave Total   Max Total   Ave Total Alflf Grass
      MoDay     F     F     F     %     F  inch   mph miles   mph Langl  inch  inch
      ----- ----- ----- ----- ----- ----- ----- ----- ----- ----- ----- ----- -----
       1  1  27.0   0.9  17.3  84.2  13.9        15.9  69.0   2.9 117.9            
       1  2  35.8  -6.3   9.9  73.3   3.1        11.0  72.4   3.0 245.2            
       1  3  54.0   2.7  22.1  65.3  10.6        10.6  84.8   3.5 238.1            
       1  4  38.9  17.3  29.7  74.2  22.7        29.4 208.4   8.7  88.5            
       1  5  44.7  10.8  29.3  55.8  13.5        24.6 131.4   5.5 211.2            
       1  6  49.5  11.1  30.0  57.7  15.4        20.1  91.7   3.8 222.8            
       1  7  62.9  14.8  32.9  65.0  20.2        20.8 113.5   4.7 220.6            
       1  8  59.2  23.8  37.8  56.0  21.2        15.6  86.7   3.6  99.2            
       1  9  57.9  21.6  36.3  68.8  25.8  0.05  21.9 110.1   4.6 138.4            
       1 10  36.3  11.0  27.1  93.9  26.2  0.22  11.2 114.5   4.8 186.5            
       1 11  48.1   8.0  25.5  75.6  18.8  0.01  24.9 174.0   7.3 189.0            
       1 12  47.1  15.9  30.1  72.4  21.8        16.6  96.5   4.0 219.9            
       1 13  45.5  24.5  35.7  49.2  17.5        46.0 340.5  14.2 187.9            
       1 14  37.6  12.6  24.5  71.3  15.7        15.1 124.7   5.2 222.4            
       1 15  25.2  10.9  16.4  85.6  12.8        18.9 150.7   6.3 130.1            
       1 16  34.0   8.9  20.0  66.1   9.8        14.5  95.0   4.0 261.7            
       1 17  34.4   5.9  19.1  61.7   6.5        14.4  85.0   3.5 256.8            
       1 18  35.7   6.4  18.0  61.0   5.2        32.6 165.9   6.9 222.8            
       1 19  43.1  -0.4  18.5  53.6   0.7        15.3  91.8   3.8 279.3            
       1 20  39.8   9.6  23.2  47.2   2.6        40.3 188.3   7.8 263.4            
       1 21  55.0   6.8  28.0  51.6   8.9        16.0  89.9   3.7 276.9            
       1 22  59.1  10.9  30.7  59.2  14.8        30.5 166.2   6.9 241.6            
       1 23  31.1   3.5  21.6  76.6  15.4        18.7 154.3   6.4 208.0            
       1 24  42.1  -0.3  17.5  66.7   6.7        14.2 103.9   4.3 290.3            
       1 25  60.2  10.2  33.3  56.2  15.6        18.0 112.6   4.7 257.5            
       1 26  65.0  20.2  37.5  53.0  18.9        13.0  71.4   3.0 191.1            
       1 27  62.4  14.1  32.5  57.0  14.3        19.4 111.3   4.6 227.2            
       1 28  34.1  10.8  19.1  80.7  13.8        22.1 154.5   6.4 179.7            
       1 29  35.5   5.8  19.9  71.3  11.6        12.9 101.7   4.2 206.2            
       1 30  30.1  13.2  21.0  67.8  11.5        13.2  82.0   3.4 207.4            
       1 31  32.5   8.0  20.8  39.7  -0.6        33.3 268.3  11.2 276.3            
       2  1  47.6   1.3  21.7  56.8   5.5        10.4  60.7   2.5 320.4            
       2  2  48.2  11.4  25.5  56.9   9.5        15.9 117.6   4.9 236.6            
       2  3  46.9   7.3  24.4  55.5   7.7        12.5  81.4   3.4 329.3            
       2  4  51.1   8.0  26.0  54.1   7.9        34.2 184.1   7.7 329.3            
       2  5  41.3   8.9  24.8  57.6  10.2        17.1 130.8   5.5 324.7            
       2  6  54.9   4.0  26.4  49.3   4.6        30.9 149.3   6.2 341.6            
       2  7  54.8   5.4  28.2  49.6   8.4        11.5  78.0   3.3 253.2            
       2  8  56.9  12.6  31.4  45.3   9.5        44.8 262.2  10.9 205.0            
       2  9  32.8  19.1  27.4  64.0  17.0        52.4 577.2  24.1 108.6            
       2 10  48.8  14.9  27.6  38.6   2.6        19.1 139.4   5.8 354.7            
       2 11  65.0  16.6  35.3  41.6   9.2        37.6 189.0   7.9 163.8            
       2 12  38.1  13.9  26.6  58.0  13.1        10.1  82.3   3.4 234.9            
       2 13  54.5   6.8  30.0  48.0   6.2        17.2 118.3   4.9 369.2            
       2 14  44.4  18.1  30.4  47.5  12.4        39.0 238.4   9.9 135.0            
       2 15  55.5   8.3  28.7  49.8   5.5        18.6  96.9   4.0 380.2            
       2 16  58.3   4.8  30.5  38.3   3.2        18.6 143.4   6.0 363.9            
       2 17  67.8  18.5  40.6  33.6   9.4        19.5 122.3   5.1 356.8            
       2 18  59.3  25.9  42.0  43.0  20.0        27.8 140.5   5.9 308.9            
       2 19  52.4  19.2  35.8  50.9  17.9        33.4 193.4   8.1 310.6            
       2 20  53.1  19.2  34.9  61.1  21.9        30.1 179.6   7.5 172.3            
       2 21  47.8  18.0  32.2  48.0  12.7        31.4 219.6   9.2 403.9            
       2 22  70.2  15.2  40.3  38.6  11.5        17.4  99.6   4.2 364.5            
       2 23  72.4  26.9  48.1  33.4  16.4        26.7 157.5   6.6 222.3            
       2 24  42.2  19.0  31.1  71.4  22.8        23.4 189.0   7.9 202.5            
       2 25  19.7   4.4  10.0  70.8   3.3        29.7 322.7  13.4 419.3            
       2 26  30.7  -5.9  11.6  58.4  -0.6        28.2 161.4   6.7 440.2            
       2 27  35.9   4.8  21.7  64.9  10.7        33.5 247.1  10.3 347.1            
       2 28  49.8   9.3  25.2  73.6  16.5        31.3 203.6   8.5 334.2            
       3  1  21.8  -0.1   9.1  87.5   6.7        27.0 231.4   9.6 275.2  0.03  0.03
       3  2  14.4 -14.1  -0.5  78.5  -4.8  0.04  11.6 113.6   4.7 460.5  0.03  0.03
       3  3  29.4  -8.1   8.2  68.7   0.6        24.3 149.5   6.2 470.5  0.07  0.05
       3  4  47.6  -0.1  23.0  68.9  15.4        14.8  96.8   4.0 470.3  0.09  0.07
       3  5  55.8  15.4  31.9  69.0  21.6         9.7  72.6   3.0 422.6  0.11  0.08
       3  6  41.6  22.9  31.4  80.0  25.9        20.5 191.9   8.0 397.8  0.08  0.06
       3  7  60.2  21.1  37.7  70.7  27.3        19.1 124.5   5.2 444.2  0.14  0.10
       3  8  29.4   6.0  19.6  90.7  18.9        39.9 308.1  12.8  77.5  0.01  0.01
       3  9  45.2  -1.0  23.3  62.8  13.3  0.01  22.4 155.7   6.5 490.7  0.11  0.08
       3 10  61.2  17.7  35.0  64.7  21.9        12.2  89.4   3.7 426.5  0.14  0.10
       3 11  59.3  28.1  43.2  47.5  21.9        32.4 231.4   9.6 477.9  0.22  0.15
       3 12  68.3  27.6  46.2  49.7  24.2        14.4 102.8   4.3 333.8  0.18  0.12
       3 13  54.7  26.4  41.1  64.3  29.0        30.5 297.9  12.4 432.8  0.16  0.11
       3 14  33.3  23.3  26.9  82.7  22.3  0.03  21.9 159.8   6.7 257.6  0.05  0.04
       3 15  36.9  13.5  24.8  73.7  17.0        14.1  92.0   3.8 304.8  0.06  0.05
       3 16  49.9  22.6  34.2  59.3  20.0        34.0 278.2  11.6 389.3  0.16  0.11
       3 17  49.0  14.2  31.4  66.0  19.2        22.1 164.9   6.9 398.2  0.12  0.09
       3 18  44.7  17.9  29.5  74.8  21.3        20.6 125.5   5.2 378.2  0.09  0.07
       3 19  52.8  14.2  31.8  63.4  18.2        12.4  76.6   3.2 508.7  0.12  0.09
       3 20  66.8  16.8  38.5  52.1  16.3        28.9 203.3   8.5 514.0  0.27  0.18
       3 21  30.7   9.9  18.3  63.5   7.3        17.6 150.5   6.3 403.4  0.08  0.06
       3 22  63.3  12.9  36.1  51.6  15.7        16.8 124.0   5.2 529.3  0.20  0.14
       3 23  71.8  26.3  44.7  46.6  21.6        31.2 172.2   7.2 404.5  0.28  0.18
       3 24  35.0  18.6  26.1  84.1  21.9        18.4 207.6   8.7  97.5  0.05  0.03
       3 25  39.1  15.9  25.0  87.2  21.8  0.02  14.5 147.8   6.2 497.0  0.08  0.06
       3 26  62.6  19.8  38.9  66.9  25.8        13.3  90.6   3.8 543.2  0.16  0.12
       3 27  69.2  26.6  48.4  46.3  23.8        36.3 212.9   8.9 536.8  0.28  0.19
       3 28  71.6  26.4  47.7  50.0  24.3        22.1 137.9   5.7 567.2  0.25  0.18
       3 29  57.6  25.3  40.9  57.8  24.9        18.7 120.5   5.0 553.0  0.16  0.12
       3 30  59.5  27.7  42.3  52.9  24.3        14.5 131.5   5.5 459.9  0.17  0.13
       3 31  70.8  31.0  45.8  58.0  28.6        20.3 129.2   5.4 476.4  0.23  0.16
       4  1  86.3  27.0  54.4  41.8  21.8  0.01  39.3 215.3   9.0 569.0  0.46  0.30
       4  2  30.4  23.3  26.9  48.8  10.3        25.5 214.9   9.0 279.5  0.10  0.07
       4  3  47.9  22.9  35.0  32.6   7.5        26.2 302.7  12.6 530.9  0.21  0.14
       4  4  61.2  18.6  39.7  35.2  12.2        15.0 128.3   5.3 627.8  0.22  0.16
       4  5  67.5  25.3  47.2  42.2  23.3        20.0 151.4   6.3 621.1  0.25  0.18
       4  6  77.6  32.5  57.1  43.9  28.8        18.3 110.1   4.6 478.8  0.24  0.18
       4  7  68.8  41.8  54.3  54.1  37.3  0.08  30.5 144.0   6.0 417.6  0.20  0.15
       4  8  50.9  40.3  45.2  85.5  41.1  0.09  19.9 190.7   7.9 186.7  0.07  0.06
       4  9  73.3  32.0  52.0  61.4  34.2        17.2 134.0   5.6 572.9  0.24  0.18
       4 10  75.1  40.5  57.6  43.4  33.3  0.02  31.2 152.6   6.4 371.3  0.25  0.18
       4 11  68.6  40.6  55.7  49.5  33.9  0.06  31.6 186.4   7.8 564.7  0.25  0.18
       4 12  72.4  35.7  56.0  48.5  32.3        20.4 114.2   4.8 592.4  0.23  0.18
       4 13  77.4  35.3  59.1  40.8  30.6        28.5 168.1   7.0 614.5  0.31  0.22
       4 14  82.5  37.1  61.3  34.5  28.2        18.3 105.9   4.4 425.8  0.26  0.19
       4 15  86.2  42.6  65.6  27.4  26.1  0.01  28.1 157.4   6.6 524.9  0.37  0.25
       4 16  66.7  38.6  57.0  27.6  22.6        39.9 263.7  11.0 380.8  0.29  0.20
       4 17  78.9  32.7  57.4  36.5  24.2        39.8 343.4  14.3 643.6  0.47  0.31
       4 18  69.7  32.0  50.4  38.5  24.6  0.01  38.8 248.0  10.3 604.8  0.32  0.22
       4 19  41.3  28.3  34.6  62.1  22.9        20.8 198.6   8.3 330.4  0.11  0.08
       4 20  42.0  34.6  37.2  69.0  27.7  0.01  26.7 288.9  12.0 121.1  0.10  0.07
       4 21  61.4  25.4  43.9  55.8  24.4        31.4 172.9   7.2 659.4  0.22  0.17
       4 22  69.9  26.8  49.9  29.8  14.9  0.01  22.9 133.4   5.6 663.0  0.27  0.20
       4 23  81.0  30.8  58.5  25.6  17.2        30.8 161.0   6.7 658.7  0.37  0.26
       4 24  57.0  28.4  44.0  41.4  20.4  0.01  32.6 240.0  10.0 671.9  0.24  0.17
       4 25  62.1  31.0  45.0  38.1  21.3        26.9 285.7  11.9 413.2  0.28  0.18
       4 26  70.8  31.1  48.2  61.5  35.1  0.04  33.1 289.3  12.1 468.0  0.29  0.20
       4 27  61.5  43.0  49.5  77.8  42.1  0.05  34.0 228.7   9.5 375.5  0.17  0.12
       4 28  72.5  28.7  52.7  53.9  31.8        32.4 159.5   6.6 647.4  0.27  0.20
       4 29  74.4  34.8  56.5  43.9  32.0        22.3 147.1   6.1 673.4  0.28  0.21
       4 30  73.2  36.9  55.9  60.4  41.3        24.6 223.4   9.3 679.0  0.28  0.21
       5  1  54.1  33.9  42.6  89.4  40.6  0.01  27.5 274.3  11.4  89.9  0.07  0.05
       5  2  62.0  33.5  46.2  63.5  32.5        21.9 123.3   5.1 666.5  0.20  0.16
       5  3  72.9  31.7  55.5  42.8  27.8        19.8 120.9   5.0 694.2  0.27  0.21
       5  4  69.9  39.1  54.8  50.9  35.8        29.0 226.0   9.4 658.7  0.29  0.21
       5  5  81.3  44.1  63.8  38.8  34.3  0.01  26.4 149.5   6.2 681.9  0.34  0.25
       5  6  82.8  37.6  63.3  37.3  31.8        31.9 135.4   5.6 647.5  0.33  0.24
       5  7  65.5  41.1  49.9  79.3  43.1  0.02  37.3 243.6  10.2 420.3  0.19  0.14
       5  8  63.5  35.5  50.7  45.7  28.0        31.1 251.8  10.5 528.4  0.26  0.19
       5  9  62.9  25.0  46.4  39.1  20.6        24.5 173.1   7.2 643.8  0.25  0.18
       5 10  69.1  35.2  53.0  51.5  35.4  0.09  31.6 228.5   9.5 475.7  0.25  0.18
       5 11  60.6  45.3  51.8  72.6  42.5        28.9 234.9   9.8 458.9  0.18  0.14
       5 12  59.6  41.2  48.9  64.2  36.4  0.01  21.6 124.6   5.2 374.7  0.15  0.12
       5 13  71.2  30.7  53.2  50.6  31.5        17.4 108.1   4.5 710.9  0.24  0.20
       5 14  80.2  39.9  59.3  42.2  34.3        21.6 103.0   4.3 482.2  0.26  0.19
       5 15  78.2  43.0  60.4  51.8  40.8        47.9 134.8   5.6 508.3  0.26  0.20
       5 16  58.1  43.6  48.9  85.1  44.2  0.18  23.9 184.2   7.7 256.7  0.11  0.09
       5 17  62.8  44.7  51.7  82.4  45.6  0.03  18.3 143.1   6.0 450.1  0.15  0.12
       5 18  76.8  43.3  60.1  61.0  45.1  0.01  20.8 196.2   8.2 611.7  0.29  0.21
       5 19  73.1  42.5  57.7  63.2  44.6  0.01  31.4 256.2  10.7 701.4  0.29  0.22
       5 20  70.5  47.3  56.1  72.3  46.6  0.01  23.8 250.8  10.4 384.8  0.23  0.16
       5 21  83.1  47.6  64.7  50.1  42.4  0.03  52.2 379.7  15.8 496.8  0.46  0.31
       5 22  70.1  40.6  58.3  25.1  20.5        36.6 290.4  12.1 733.8  0.39  0.28
       5 23  61.5  39.4  51.3  52.7  34.0        25.1 200.9   8.4 629.7  0.23  0.18
       5 24  51.6  38.3  43.2  80.1  37.5  0.01  21.3 152.6   6.4 283.8  0.10  0.08
       5 25  74.9  33.5  57.3  56.7  37.5  0.02  34.3  96.2   4.0 701.0  0.24  0.20
       5 26  79.5  41.9  64.3  40.1  36.6        19.8 131.2   5.5 683.8  0.30  0.24
       5 27  83.6  46.5  65.4  47.0  42.9        28.6 167.6   7.0 660.6  0.35  0.26
       5 28  84.1  43.8  66.3  46.7  41.9        27.1 105.8   4.4 613.5  0.28  0.22
       5 29  85.2  45.9  67.4  45.3  41.9        25.3 156.0   6.5 536.1  0.33  0.24
       5 30  91.8  47.0  71.4  46.0  47.3        14.6 101.5   4.2 716.3  0.33  0.26
       5 31  90.1  51.0  73.1  41.2  46.1        31.7 137.3   5.7 658.0  0.35  0.27
       6  1  92.8  53.9  72.6  48.3  49.7  0.01  43.5 127.5   5.3 521.4  0.33  0.25
       6  2  92.0  52.6  73.8  44.7  47.5        31.0 128.9   5.4 701.5  0.37  0.28
       6  3  72.1  54.7  62.6  78.4  55.1  0.45  27.6 208.4   8.7 324.3  0.17  0.13
       6  4  65.6  48.3  56.3  87.4  52.2  0.37  20.3 127.6   5.3 367.1  0.12  0.11
       6  5  76.7  46.0  61.3  71.1  49.3        20.4 103.9   4.3 741.9  0.25  0.21
       6  6  87.0  48.3  69.6  51.6  47.7        20.8 108.8   4.5 747.1  0.32  0.26
       6  7  94.1  52.6  72.2  48.5  49.2  0.01  28.0 136.6   5.7 677.4  0.39  0.29
       6  8  92.8  52.2  74.3  50.4  49.4        36.5 237.7   9.9 704.4  0.47  0.33
       6  9  93.9  60.1  79.5  32.0  44.7        32.4 218.1   9.1 671.4  0.49  0.35
       6 10  74.5  55.8  66.1  30.3  34.2  0.01  35.1 242.5  10.1 648.1  0.39  0.28
       6 11  76.4  54.2  66.0  44.9  42.9        16.6 112.6   4.7 676.2  0.28  0.23
       6 12  83.0  52.1  66.5  42.1  41.3        19.0 121.8   5.1 739.3  0.34  0.26
       6 13  73.6  51.1  62.3  53.7  44.4        19.2 117.8   4.9 602.2  0.25  0.20
       6 14  83.3  42.6  65.5  47.9  43.8        23.7 127.3   5.3 710.2  0.31  0.25
       6 15  82.3  55.7  67.3  63.5  52.6  0.04  27.9 201.1   8.4 527.2  0.31  0.23
       6 16  87.2  52.6  68.8  54.9  48.3  0.03  41.6 122.9   5.1 687.8  0.33  0.26
       6 17  97.3  50.5  75.3  40.8  42.1        16.1 111.6   4.7 734.2  0.40  0.30
       6 18  98.0  54.2  79.4  22.5  32.0        22.0 150.3   6.3 718.5  0.47  0.34
       6 19  89.6  56.3  74.9  33.3  43.0        35.3 226.3   9.4 664.7  0.46  0.33
       6 20  82.1  58.6  70.0  66.3  56.8  0.09  33.1 210.0   8.8 532.9  0.29  0.22
       6 21  95.1  60.7  78.3  37.1  47.4  0.01  39.2 166.3   6.9 563.9  0.42  0.30
       6 22  94.7  61.0  78.0  41.9  50.2        19.4 111.1   4.6 597.0  0.34  0.26
       6 23  93.9  59.1  77.2  35.7  45.2        19.4 139.8   5.8 729.7  0.41  0.31
       6 24  98.0  54.7  77.4  39.7  46.4        19.6 100.3   4.2 700.5  0.37  0.29
       6 25  91.2  59.1  75.2  43.6  49.4  0.01  39.2 189.2   7.9 520.1  0.39  0.28
       6 26  89.1  56.6  74.2  50.2  51.9        19.1 127.3   5.3 719.4  0.34  0.27
       6 27  92.2  57.3  76.8  42.8  49.7  0.01  19.7 130.7   5.4 679.7  0.36  0.28
       6 28  92.9  58.5  76.5  41.6  49.5        15.1  79.5   3.3 608.3  0.29  0.24
       6 29  98.4  55.7  77.5  44.0  50.5        17.5  93.2   3.9 706.7  0.36  0.28
       6 30  89.5  55.0  75.7  40.9  49.0  0.01  21.9 152.3   6.3 673.1  0.36  0.28
       7  1  96.7  56.0  78.5  42.5  51.3        19.9 128.4   5.3 664.3  0.38  0.29
       7  2  89.4  61.1  77.0  49.1  54.5        22.7 123.9   5.2 574.6  0.31  0.24
       7  3  90.0  61.2  73.7  56.7  56.4        25.7 129.7   5.4 440.5  0.29  0.22
       7  4  85.0  59.9  73.6  61.7  58.2  0.01  24.8 166.7   6.9 691.7  0.31  0.25
       7  5  84.0  60.1  72.6  67.0  60.2        18.8 183.0   7.6 665.3  0.30  0.24
       7  6  80.5  63.7  70.8  78.9  63.6        13.3 117.4   4.9 457.8  0.19  0.17
       7  7  89.2  60.1  74.6  66.1  61.2        17.5 121.3   5.1 624.5  0.29  0.24
       7  8  89.2  57.4  74.3  65.5  60.6        14.4  95.4   4.0 701.2  0.28  0.24
       7  9  90.4  59.0  75.8  56.5  57.1  0.01  28.7 145.3   6.1 723.7  0.35  0.28
       7 10  85.0  64.2  73.4  66.2  61.0        17.1 115.0   4.8 473.1  0.24  0.19
       7 11  83.7  55.9  70.3  60.4  55.2        17.3 120.6   5.0 718.6  0.29  0.24
       7 12  89.9  53.7  70.4  65.8  57.1         8.8  69.2   2.9 735.4  0.28  0.24
       7 13  88.5  52.9  70.0  61.3  54.7        14.3 100.1   4.2 717.7  0.30  0.25
       7 14  88.5  54.6  72.9  55.4  54.0        14.4 105.0   4.4 737.3  0.31  0.26
       7 15  88.7  62.7  76.8  48.7  55.2        21.6 162.0   6.8 725.0  0.37  0.29
       7 16  90.0  59.7  76.3  50.3  55.1        20.5 114.3   4.8 722.9  0.33  0.27
       7 17  88.6  57.3  74.7  51.0  54.1        15.1 121.5   5.1 709.6  0.32  0.26
       7 18  90.6  55.1  74.3  51.0  53.5        13.0  85.7   3.6 718.7  0.30  0.25
       7 19  98.1  59.5  78.9  43.4  51.8        16.7 129.5   5.4 708.6  0.40  0.31
       7 20  97.8  62.0  80.6  37.9  50.2        30.5 156.0   6.5 708.1  0.44  0.33
       7 21  84.1  58.7  72.6  56.6  56.0        22.2 169.0   7.0 506.8  0.28  0.21
       7 22  83.2  54.9  68.6  64.1  53.8        19.7 130.2   5.4 576.0  0.27  0.21
       7 23  89.9  63.7  74.9  53.0  55.5        24.1 209.9   8.7 585.8  0.39  0.29
       7 24  96.6  56.3  77.6  46.9  51.9        21.9 108.8   4.5 683.1  0.35  0.28
       7 25  96.7  57.9  76.5  41.8  49.1  0.01  46.3 175.4   7.3 525.8  0.43  0.30
       7 26  88.3  55.4  72.0  56.0  53.4        25.5  96.5   4.0 603.8  0.28  0.22
       7 27  91.7  53.9  74.3  43.4  47.0        20.3 115.6   4.8 643.6  0.34  0.26
       7 28  87.0  56.5  72.5  49.1  50.6        19.4 120.6   5.0 652.4  0.31  0.25
       7 29  91.6  49.9  73.0  49.7  49.4        15.2 105.6   4.4 702.8  0.32  0.26
       7 30  95.5  56.7  77.4  44.0  50.7        14.3 101.7   4.2 686.3  0.34  0.27
       7 31  98.1  55.9  81.2  33.8  47.2        43.9 118.4   4.9 675.5  0.37  0.28
       8  1  90.4  58.6  67.3  39.7  41.5  0.01  29.1 184.8   7.7 475.8  0.44  0.30
       8  2  85.9  52.1  70.3  45.0  47.4        29.5 230.9   9.6 623.4  0.39  0.28
       8  3  88.5  57.7  73.2  56.7  55.6        25.7 114.8   4.8 481.4  0.26  0.20
       8  4  87.0  62.8  73.3  62.4  59.1  0.01  26.0 137.8   5.7 583.7  0.29  0.23
       8  5  87.5  58.7  71.4  75.7  62.5        31.4 130.1   5.4 571.5  0.26  0.21
       8  6  89.4  55.3  72.2  65.5  57.9        16.9 102.5   4.3 616.0  0.27  0.22
       8  7  88.3  57.4  72.7  55.3  54.6        21.9 127.1   5.3 570.4  0.29  0.23
       8  8  86.2  58.2  71.7  62.7  56.5        25.1  84.2   3.5 600.7  0.25  0.21
       8  9  81.7  55.0  67.0  66.5  54.4        24.5 121.4   5.1 656.3  0.26  0.22
       8 10  86.9  53.4  70.4  67.5  56.8        19.4  95.9   4.0 595.8  0.25  0.21
       8 11  91.7  53.4  73.7  50.7  50.8        19.9  93.0   3.9 677.9  0.30  0.24
       8 12  71.6  54.0  62.9  53.6  45.3        30.2 206.0   8.6 567.9  0.27  0.20
       8 13  75.4  51.3  61.6  61.6  46.7        15.6  85.6   3.6 634.9  0.22  0.19
       8 14  89.9  44.4  67.4  51.8  46.3        15.4  88.6   3.7 662.9  0.29  0.23
       8 15  78.9  49.5  66.6  53.6  49.0  0.01  28.0 145.3   6.1 651.9  0.27  0.21
       8 16  95.0  53.2  74.0  50.5  52.3        35.7 118.9   5.0 649.5  0.34  0.26
       8 17  74.6  48.0  61.6  41.8  37.7        23.1 147.3   6.1 592.1  0.28  0.21
       8 18  85.9  46.4  63.8  53.1  44.5        23.7 104.0   4.3 367.9  0.25  0.18
       8 19  83.4  44.0  64.7  61.8  51.7  0.05  23.3 143.9   6.0 550.7  0.25  0.20
       8 20  85.5  58.7  71.3  67.3  58.7  0.01  22.0 112.5   4.7 521.8  0.24  0.19
       8 21  84.9  58.0  68.7  59.6  52.8  0.02  34.3 117.5   4.9 425.8  0.25  0.19
       8 22  83.8  54.2  67.0  71.1  55.8  0.05  50.3 103.8   4.3 576.5  0.24  0.19
       8 23  87.0  48.8  67.0  67.2  54.1        20.7  97.0   4.0 531.7  0.24  0.19
       8 24  83.0  57.9  67.9  71.0  57.3        21.6 166.1   6.9 518.2  0.26  0.20
       8 25  89.0  58.0  71.4  63.4  56.6        18.3 136.6   5.7 590.3  0.30  0.23
       8 26  89.3  57.3  72.6  65.8  59.2        35.8 182.2   7.6 613.7  0.32  0.24
       8 27  79.1  57.2  67.3  71.4  56.9  0.27  20.5 212.1   8.8 412.0  0.23  0.17
       8 28  81.9  60.3  69.2  71.9  59.0  0.01  23.2 191.9   8.0 444.2  0.24  0.18
       8 29  84.5  53.4  64.3  79.2  56.2  0.21  34.9 165.5   6.9 407.2  0.25  0.18
       8 30  84.6  51.0  66.7  72.1  54.7  0.01  13.2  93.4   3.9 585.4  0.23  0.19
       8 31  90.5  56.3  71.1  63.2  55.0        15.1 107.1   4.5 550.3  0.28  0.21
       9  1  91.2  58.0  71.8  50.7  48.6  0.01  17.4 123.9   5.2 477.5  0.31  0.22
       9  2  78.9  49.1  65.1  52.1  45.7  0.02  25.1 162.6   6.8 574.4  0.27  0.20
       9  3  88.7  50.5  69.3  55.7  50.0        23.2 160.7   6.7 458.4  0.31  0.22
       9  4  88.1  53.5  72.0  47.3  48.9        13.7  92.0   3.8 547.4  0.25  0.20
       9  5  90.7  49.7  70.2  48.5  46.6        11.0 102.5   4.3 564.5  0.28  0.21
       9  6  91.1  53.2  72.6  48.8  49.6        23.2 124.4   5.2 544.1  0.30  0.22
       9  7  89.3  57.5  74.6  52.4  53.8  0.01  26.5 149.1   6.2 438.6  0.28  0.21
       9  8  83.6  54.7  68.8  67.8  56.5  0.03  23.0 134.4   5.6 394.0  0.21  0.16
       9  9  72.3  57.9  64.6  78.9  57.4  0.01  20.8 176.0   7.3 289.0  0.14  0.11
       9 10  65.6  50.0  57.9  86.5  53.7        16.3 104.1   4.3 278.6  0.09  0.08
       9 11  74.9  50.0  62.4  76.3  54.1  0.01  23.6 191.9   8.0 444.2  0.19  0.14
       9 12  77.4  52.3  63.1  80.7  55.7  0.54  35.3 124.9   5.2 458.2  0.18  0.14
       9 13  71.9  51.6  60.4  82.4  54.4  0.01  11.9  82.4   3.4 285.3  0.11  0.09
       9 14  73.2  50.4  61.7  63.3  47.9  0.03  21.2 164.7   6.9 526.3  0.22  0.16
       9 15  84.1  42.6  61.7  63.8  46.5        11.8  84.0   3.5 537.5  0.22  0.17
       9 16  87.1  45.4  64.9  50.6  43.9        15.4 100.2   4.2 530.3  0.26  0.19
       9 17  78.5  44.8  63.1  49.4  42.0        30.0 117.7   4.9 379.2  0.21  0.15
       9 18  68.9  44.8  57.0  59.3  41.9  0.01  36.2 254.2  10.6 377.9  0.23  0.16
       9 19  67.7  40.6  54.1  59.7  38.8        24.4 168.6   7.0 451.6  0.20  0.14
       9 20  79.8  35.9  58.4  54.5  39.2        20.1  95.9   4.0 522.3  0.21  0.16
       9 21  61.1  38.6  50.6  60.0  36.8        30.5 194.4   8.1 481.6  0.17  0.13
       9 22  72.3  45.1  55.0  58.0  39.1        20.2  88.4   3.7 492.6  0.18  0.14
       9 23  65.5  38.1  52.2  53.3  35.2        16.6 135.7   5.7 495.8  0.18  0.13
       9 24  79.9  35.7  59.4  54.1  39.1        30.5  92.9   3.9 480.4  0.20  0.15
       9 25  59.0  44.3  50.6  68.4  40.4        22.4 146.9   6.1 392.3  0.14  0.10
       9 26  62.2  42.2  49.3  82.5  43.9  0.01  13.2 104.3   4.3 367.0  0.11  0.09
       9 27  79.1  34.1  55.0  67.8  41.3  0.01  24.8 114.8   4.8 398.8  0.21  0.15
       9 28  68.6  45.4  55.8  68.1  44.9        15.1  97.7   4.1 432.9  0.15  0.11
       9 29  76.6  38.3  56.5  66.1  42.6        18.6  96.1   4.0 411.7  0.17  0.13
       9 30  76.8  37.1  58.0  48.7  35.7        18.3  90.5   3.8 472.4  0.19  0.14
      10  1  65.3  39.8  53.5  55.9  37.9  0.02  25.9 232.4   9.7 412.0  0.20  0.14
      10  2  44.1  36.4  39.5  90.9  37.0        16.5 179.5   7.5 132.8  0.04  0.04
      10  3  62.6  37.8  46.2  80.4  39.9  0.03  37.8 242.2  10.1 365.4  0.16  0.11
      10  4  62.6  36.4  50.0  62.5  36.9        20.7 128.3   5.3 419.0  0.14  0.11
      10  5  70.7  33.0  52.9  53.0  34.1        21.0 120.8   5.0 441.3  0.18  0.13
      10  6  55.1  35.1  47.1  66.4  36.2        16.7 113.2   4.7 326.6  0.10  0.07
      10  7  75.1  29.5  51.0  60.3  35.0        10.2  70.3   2.9 435.6  0.16  0.12
      10  8  66.8  34.5  51.2  62.4  37.8        25.1 187.3   7.8 425.7  0.18  0.13
      10  9  74.3  37.1  55.1  69.5  44.3        14.2  65.2   2.7 418.6  0.13  0.10
      10 10  79.5  36.0  56.4  52.2  34.7        15.3  97.4   4.1 416.6  0.20  0.14
      10 11  80.7  34.6  54.8  45.1  31.6        34.6 121.5   5.1 362.9  0.24  0.16
      10 12  53.1  27.6  40.3  65.7  28.8        17.2 101.3   4.2 391.2  0.10  0.08
      10 13  67.3  22.9  44.1  58.3  28.7        15.5  90.2   3.8 412.0  0.15  0.10
      10 14  61.7  25.8  44.1  47.9  21.7  0.01  29.1 137.6   5.7 356.6  0.17  0.11
      10 15  62.4  21.8  41.0  46.1  19.5        15.8  89.4   3.7 398.7  0.14  0.10
      10 16  57.2  27.7  42.7  45.9  22.1  0.01  29.6 193.3   8.1 340.1  0.17  0.11
      10 17  65.8  20.9  42.4  46.2  19.9        12.5  80.3   3.3 391.8  0.14  0.10
      10 18  72.1  27.9  48.1  38.7  18.8        20.9 139.5   5.8 395.2  0.24  0.15
      10 19  67.5  24.5  45.1  47.9  24.6        14.2  85.8   3.6 384.9  0.15  0.10
      10 20  71.2  25.7  45.2  46.5  20.7        11.5  87.1   3.6 313.1  0.17  0.11
      10 21  58.3  27.2  42.8  59.4  29.0        18.7 126.2   5.3 365.5  0.12  0.08
      10 22  38.3  26.7  31.5  94.0  29.9        25.0 168.4   7.0  80.4  0.03  0.02
      10 23  27.9  24.4  26.0  97.9  25.4        15.1 190.6   7.9  67.0  0.01  0.01
      10 24  35.5  24.0  29.5  95.9  28.6        11.0 114.4   4.8 111.9  0.02  0.02
      10 25  57.2  31.1  38.9  77.3  30.6        11.1  99.7   4.2 258.1  0.10  0.07
      10 26  60.2  25.8  43.6  71.1  34.0  0.01  16.2 120.4   5.0 330.8  0.10  0.07
      10 27  49.6  29.7  41.4  95.0  39.9  0.30  14.8 123.9   5.2 175.2  0.03  0.03
      10 28  58.8  25.5  39.7  84.5  34.3  0.05  27.6 111.4   4.6 268.7  0.09  0.06
      10 29  39.1  17.2  28.2  99.4  28.6  0.38  27.8 258.6  10.8 127.2  0.02  0.02
      10 30  19.0  14.5  16.7  93.1  15.1  0.02  12.6 124.1   5.2 205.2  0.02  0.02
      10 31  19.6  13.6  17.2  96.3  16.3  0.14  19.4 193.7   8.1 128.0  0.01  0.01
      11  1  25.6   9.8  19.5  98.2  19.5  0.05  16.1 130.5   5.4 155.9            
      11  2  30.8  22.6  25.6  93.5  23.9  0.07  21.9 123.4   5.1 226.8            
      11  3  37.7  12.6  24.3  83.2  20.2        17.7 110.2   4.6 329.3            
      11  4  34.6  12.0  23.2  86.8  20.0        17.7  91.2   3.8 217.0            
      11  5  48.0  24.5  33.8  65.8  23.0        22.6 140.5   5.9 331.0            
      11  6  55.9  24.1  36.8  75.0  28.1         9.9  72.2   3.0 323.5            
      11  7  56.6  22.3  37.8  79.5  31.3        10.7  80.4   3.4 236.2            
      11  8  63.1  30.4  45.1  62.5  31.7        11.8  88.7   3.7 212.4            
      11  9  58.0  28.6  42.7  63.6  29.9  0.01  38.9 202.4   8.4 179.7            
      11 10  52.4  28.8  41.5  47.1  21.5        28.8 139.2   5.8 252.5            
      11 11  45.5  21.2  32.6  80.3  26.4        30.4 133.8   5.6 170.1            
      11 12  54.8  16.9  32.3  64.9  18.1        13.2  85.8   3.6 297.6            
      11 13  54.1  22.8  39.2  72.2  30.5        17.0  91.4   3.8  76.5            
      11 14  49.1  29.5  40.2  76.9  33.3  0.02  24.3 130.8   5.5 160.3            
      11 15  47.0  23.4  34.3  76.2  26.9        23.5 173.3   7.2 225.0            
      11 16  56.6  18.2  33.0  66.6  20.0        10.4  75.4   3.1 274.1            
      11 17  61.4  22.2  41.7  54.5  22.5        40.7 122.7   5.1 171.1            
      11 18  53.5  26.3  40.1  47.8  20.5        20.3 141.7   5.9 267.7            
      11 19  59.2  26.9  44.8  40.5  19.3        26.4 179.9   7.5 276.0            
      11 20  62.6  29.7  46.8  48.8  27.3        20.4 151.6   6.3 265.0            
      11 21  61.9  27.1  42.8  66.4  31.0        19.4 131.9   5.5 259.2            
      11 22  73.8  21.6  44.9  59.8  27.0        22.6  98.5   4.1 244.8            
      11 23  53.3  23.7  38.1  66.2  26.9  0.01  28.7 247.8  10.3 202.3            
      11 24  31.7  19.5  25.3  85.4  21.3  0.01  25.4 203.0   8.5  98.3            
      11 25  33.9  17.1  24.4  82.7  19.7  0.05  33.3 188.6   7.9 219.1            
      11 26  30.0  10.7  19.2  65.9   9.3        35.4 161.0   6.7 260.8            
      11 27  48.9  11.3  27.7  71.8  18.9        27.2 156.8   6.5 198.0            
      11 28  58.5  17.3  33.5  71.0  23.1        11.0  87.3   3.6 248.2            
      11 29  58.9  19.6  38.7  61.1  24.2        23.2 141.9   5.9 248.1            
      11 30  46.5  17.8  32.1  52.0  14.6        12.1  77.1   3.2 210.3            
      12  1  54.7  21.2  37.0  61.4  23.3        10.4  82.1   3.4 192.3            
      12  2  56.7  22.1  37.8  67.8  26.3        16.2 121.2   5.0 241.1            
      12  3  33.2  23.9  28.4  91.1  26.1  0.01  19.1 134.4   5.6  95.2            
      12  4  30.4  23.1  27.4  89.0  24.5        11.6  91.2   3.8  71.4            
      12  5  46.5  20.3  31.2  88.4  27.8  0.06  12.4  72.7   3.0 225.9            
      12  6  55.1  15.2  29.6  77.1  22.1         9.3  67.7   2.8 235.3            
      12  7  45.8  15.8  28.6  75.9  21.2         9.1  70.1   2.9 188.5            
      12  8  40.6  17.5  27.4  80.0  21.8         9.1  90.9   3.8 198.1            
      12  9  53.1  15.3  28.4  68.7  17.3         8.8  83.3   3.5 233.7            
      12 10  57.1  12.6  28.4  60.3  13.1         9.7  85.6   3.6 237.9            
      12 11  51.5  15.8  32.7  51.8  14.9        18.7 113.1   4.7 191.0            
      12 12  44.9  19.9  31.3  56.2  16.3  0.02  29.9 129.4   5.4 228.9            
      12 13  56.0  16.3  32.3  57.9  17.0        11.8  91.0   3.8 226.7            
      12 14  59.0  15.1  32.3  58.4  16.8         8.8  72.7   3.0 232.8            
      12 15  56.9  19.6  36.5  56.3  21.0        31.9 127.4   5.3 122.8            
      12 16  60.2  18.4  35.1  53.1  16.9        22.8 173.8   7.2 218.4            
      12 17  53.5  29.9  39.0  58.0  24.6  0.01  31.7 137.4   5.7 185.6            
      12 18  40.2  24.6  32.3  67.3  22.4        25.6 192.7   8.0 201.5            
      12 19  38.5  14.4  26.9  46.4   7.3  0.01  36.5 241.0  10.0 202.4            
      12 20  44.8   6.3  23.9  52.5   6.9        11.3 112.8   4.7 221.4            
      12 21  38.7  15.8  28.0  61.3  16.0        14.0 100.0   4.2 210.0            
      12 22  40.4  10.4  22.5  70.1  13.2        15.7 108.2   4.5 218.5            
      12 23  29.8   8.6  18.0  74.3  10.5        16.5 102.4   4.3 184.6            
      12 24  27.1   6.4  15.0  92.0  13.5         8.7  69.2   2.9 113.4            
      12 25  35.8   1.4  15.9  70.1   7.2        10.4  79.9   3.3 215.5            
      12 26  39.1  -0.6  16.9  59.2   2.8        13.8  98.5   4.1 232.2            
      12 27  56.0   6.4  29.3  50.8  11.5        11.4  88.8   3.7 175.2            
      12 28  46.3  22.3  31.5  59.0  18.2        13.6  78.7   3.3  88.4            
      12 29  55.5  17.8  33.0  61.5  19.7        30.0 108.4   4.5 103.5            
      12 30  48.6  13.6  33.7  38.2   9.5        44.1 247.2  10.3 234.8            
      12 31  45.2   8.2  26.0  60.8  13.6        25.1  99.1   4.1 133.8            

      Total                                4.96                         58.50 44.01
        Max  98.4  64.2  81.2  99.4  63.6        52.4 577.2  24.1 747.1
        Min  14.4 -14.1  -0.5  22.5  -4.8         8.7  60.7   2.5  67.0
        Ave  64.8  32.5  48.0  59.4  31.7        22.9 145.9   6.1 418.8
