                                                                    12-JAN-01
      Cellular-linked Weather Station near WIGGINS, Colorado             1998
      -----------------------------------------------------------------------------
               Temperature      Rel   Dew             Wind        Solar StandrdASCE
            ----------------- Humid Point  Prec -----------------   Rad   ETr   ETo
       Date   Max   Min   Ave   Ave   Ave Total   Max Total   Ave Total Alflf Grass
      MoDay     F     F     F     %     F  inch   mph miles   mph Langl  inch  inch
      ----- ----- ----- ----- ----- ----- ----- ----- ----- ----- ----- ----- -----
       1  1  56.0  23.6  37.4  72.9  28.8        10.7  93.2   3.9 242.8            
       1  2  54.1  24.1  35.0  80.3  29.1        11.8  82.0   3.4 167.6            
       1  3  34.8  21.4  24.7  89.9  22.3        20.8 116.6   4.9  54.8            
       1  4  43.6  21.1  27.6  90.3  25.0        12.0  92.1   3.8 161.6            
       1  5  45.3  17.8  30.5  79.7  24.7        17.3 107.4   4.5 207.2            
       1  6  35.8  11.5  26.6  79.0  21.0        15.3 136.4   5.7 219.2            
       1  7  39.9   3.6  17.6  76.1  11.1        11.4  83.7   3.5 246.9            
       1  8  46.7   9.1  23.5  70.9  15.1        10.7  83.2   3.5 253.6            
       1  9  23.7   8.6  16.0  76.7   9.7        16.9 144.6   6.0 234.5            
       1 10  21.9   4.7  14.2  84.6  10.8        11.3  79.9   3.3  95.7            
       1 11  40.5  14.1  22.9  80.6  17.5        14.8 100.4   4.2 164.2            
       1 12  20.1   6.5  13.0  91.9  11.5  0.02  17.4 108.1   4.5 119.0            
       1 13  36.2  12.3  22.3  85.1  18.6        23.3  90.9   3.8 132.3            
       1 14  45.9  16.3  30.8  55.8  14.9        19.6 133.0   5.5 254.6            
       1 15  43.5   6.5  25.0  72.5  16.9        18.2  70.2   2.9 119.8            
       1 16  44.2  17.0  32.2  56.0  16.8  0.02  27.2 153.2   6.4 250.0            
       1 17  43.6  17.7  32.5  70.8  23.7  0.01  32.9 150.5   6.3  74.6            
       1 18  50.1  21.3  33.8  57.3  18.6        26.8 148.4   6.2 265.7            
       1 19  42.1  16.6  27.1  78.6  20.9        10.1  61.7   2.6 205.7            
       1 20  46.4  16.0  31.1  66.0  19.2        34.7 184.5   7.7 196.7            
       1 21  41.9  10.2  24.6  69.6  15.1        15.2  72.4   3.0 234.5            
       1 22  43.3   5.1  24.0  57.9   9.2        14.4  79.6   3.3 252.1            
       1 23  43.8  15.7  29.7  50.9  12.0        27.8 188.1   7.8 289.7            
       1 24  47.8  11.4  28.0  67.5  17.9        21.5 100.5   4.2  97.4            
       1 25  49.6  19.0  36.0  58.1  21.1        28.9 180.7   7.5 175.7            
       1 26  54.7  12.8  30.1  60.5  15.4        12.0  83.5   3.5 295.1            
       1 27  55.3  14.7  31.1  62.8  17.5        10.7  60.9   2.5 258.8            
       1 28  51.9  16.1  30.1  69.5  20.4        26.1 103.9   4.3 232.0            
       1 29  54.7  11.8  29.8  69.3  19.2        14.0  94.3   3.9 307.6            
       1 30  57.6  16.6  33.7  57.9  17.6        12.6 122.5   5.1 285.9            
       1 31  43.2  24.3  35.1  72.3  27.0        15.8 126.7   5.3 148.4            
       2  1  49.8  14.9  28.6  73.9  19.7         9.0  66.9   2.8 249.9            
       2  2  45.6  15.9  28.6  69.4  19.0        13.1 103.2   4.3 208.6            
       2  3  48.1  20.8  30.3  85.4  25.9        15.9 127.2   5.3 230.6            
       2  4  41.3  18.8  30.4  86.7  27.0        26.1 190.3   7.9 177.7            
       2  5  43.8  28.8  33.5  78.3  27.1        19.2 209.5   8.7 126.7            
       2  6  47.9  21.0  32.2  78.6  25.4        10.5  80.7   3.4 309.1            
       2  7  50.6  14.2  30.7  80.6  25.2        12.1  73.3   3.1 282.7            
       2  8  55.6  16.3  34.2  69.2  23.2         8.1  58.0   2.4 295.1            
       2  9  43.7  32.7  37.4  79.3  31.5        18.0 109.4   4.6 129.5            
       2 10  45.4  25.5  35.0  62.3  23.0        24.9 202.7   8.4 241.6            
       2 11  48.2  10.8  28.2  63.0  14.4        12.0  78.8   3.3 356.3            
       2 12  48.3  18.1  29.9  60.8  15.7        14.9 104.2   4.3 362.0            
       2 13  52.5  15.5  30.8  65.2  18.4        19.3 114.6   4.8 347.1            
       2 14  52.4  23.2  36.4  67.8  25.2        18.6 113.3   4.7 337.5            
       2 15  34.6  25.8  30.6  97.1  29.9  0.04  14.8  84.3   3.5  81.7            
       2 16  35.8  31.8  33.4  98.0  32.9  0.14  17.2 144.9   6.0  94.4            
       2 17  47.9  31.0  36.2  85.7  31.8  0.01  17.5 103.2   4.3 254.3            
       2 18  48.4  26.6  35.1  73.8  26.4        18.9 115.1   4.8 268.9            
       2 19  49.5  22.2  35.7  58.2  20.9  0.01  23.0 184.3   7.7 377.1            
       2 20  48.8  15.1  30.5  65.6  18.4        11.9  80.2   3.3 403.1            
       2 21  53.7  16.1  32.0  66.0  19.5         9.6  85.4   3.6 386.9            
       2 22  61.0  20.5  38.8  61.5  24.2        17.7  97.5   4.1 330.7            
       2 23  54.6  23.3  39.6  64.4  27.1  0.01  19.7 107.4   4.5 381.7            
       2 24  67.2  23.6  44.1  59.0  28.0        33.1 239.2  10.0 376.3            
       2 25  45.0  32.6  39.4  44.8  19.9  0.02  45.7 485.3  20.2 138.8            
       2 26  39.4  22.6  31.3  33.8   5.6        37.3 449.5  18.7 387.0            
       2 27  33.1  17.6  26.7  40.3   5.4        37.3 406.9  17.0 253.1            
       2 28  36.5  19.9  27.7  34.0   2.1        45.2 429.1  17.9 439.9            
       3  1  39.2  18.9  28.9  36.3   4.6        39.4 384.2  16.0 343.1  0.16  0.10
       3  2  43.7  14.5  28.1  50.3  10.8        20.8  98.2   4.1 396.7  0.10  0.07
       3  3  52.9  11.4  32.3  55.6  15.9        20.3 116.7   4.9 427.0  0.12  0.09
       3  4  37.5  23.3  28.3  73.0  20.5        19.6 223.4   9.3 277.8  0.08  0.06
       3  5  46.0  14.3  30.6  66.6  19.2  0.01  16.7 127.9   5.3 440.0  0.10  0.07
       3  6  37.0  20.7  28.5  82.5  23.8  0.02  29.0 343.1  14.3 131.4  0.06  0.04
       3  7  25.8   8.4  17.9  80.0  13.3  0.06  28.8 314.8  13.1 299.9  0.04  0.03
       3  8  32.8   1.3  16.7  66.6   7.4        16.4 143.6   6.0 474.5  0.07  0.05
       3  9  32.4   8.4  19.2  70.2  10.2        11.5  93.4   3.9 463.1  0.06  0.05
       3 10  48.9   5.2  26.6  62.6  13.0  0.01  34.6 223.2   9.3 329.1  0.14  0.09
       3 11  37.2   1.5  16.2  72.1   9.8        15.9 150.0   6.3 358.3  0.08  0.05
       3 12  56.7  14.5  35.4  57.5  19.1        18.3 119.5   5.0 491.3  0.15  0.11
       3 13  65.3  15.3  39.5  53.5  18.9        14.7  92.1   3.8 510.4  0.17  0.13
       3 14  60.2  22.2  38.5  69.5  27.1        19.1 141.7   5.9 444.5  0.16  0.11
       3 15  62.0  21.9  41.0  64.0  27.0        18.4 158.9   6.6 498.0  0.18  0.13
       3 16  53.8  33.2  39.2  87.4  35.4        21.2 194.2   8.1 234.5  0.10  0.07
       3 17  57.6  29.8  40.6  80.1  33.8        21.2 188.6   7.9 440.9  0.14  0.10
       3 18  37.3  26.0  31.7  96.0  31.0  0.14  24.6 307.4  12.8  95.6  0.02  0.02
       3 19  40.0  26.4  31.1  81.2  25.9        21.3 171.4   7.1 238.7  0.07  0.05
       3 20  51.5  25.3  34.7  74.6  25.6        13.3 106.5   4.4 463.5  0.12  0.09
       3 21  61.7  22.2  40.6  59.8  24.2        15.1 104.3   4.3 540.5  0.17  0.12
       3 22  67.9  23.5  47.7  55.4  29.7        29.5 175.4   7.3 416.2  0.21  0.15
       3 23  71.0  36.3  54.4  52.6  35.2        18.9 129.4   5.4 393.1  0.20  0.14
       3 24  78.5  33.1  56.1  50.0  32.7        18.6 120.0   5.0 529.8  0.25  0.18
       3 25  79.8  35.4  58.3  38.6  28.4        22.4 151.8   6.3 549.9  0.30  0.21
       3 26  74.4  30.0  52.4  48.5  31.4  0.02  40.0 149.2   6.2 444.3  0.24  0.17
       3 27  67.3  39.1  53.0  53.6  34.1        31.9 210.5   8.8 445.4  0.24  0.16
       3 28  70.3  39.4  53.4  54.8  33.7        22.5 178.8   7.5 494.4  0.25  0.18
       3 29  54.5  32.0  42.6  72.5  34.1  0.01  34.1 266.6  11.1 455.6  0.14  0.11
       3 30  43.0  27.0  33.8  61.8  21.3        24.8 239.6  10.0 446.1  0.13  0.09
       3 31  51.4  18.1  35.8  53.7  18.4        35.7 272.3  11.3 528.8  0.18  0.12
       4  1  63.4  18.7  42.4  44.6  18.1        18.5 138.7   5.8 572.7  0.21  0.15
       4  2  45.9  36.3  40.8  67.7  30.6  0.18  30.4 262.5  10.9  88.5  0.10  0.07
       4  3  58.7  32.2  43.3  75.6  34.6  0.01  13.9  90.2   3.8 529.8  0.14  0.11
       4  4  68.2  31.8  48.7  59.5  32.4  0.04  28.6 243.9  10.2 561.6  0.26  0.18
       4  5  64.9  28.0  48.0  52.7  27.6        21.9 134.2   5.6 571.4  0.20  0.15
       4  6  55.8  38.4  45.8  60.2  31.7  0.11  24.1 169.9   7.1 299.9  0.15  0.11
       4  7  49.0  34.2  40.5  82.5  35.4  0.03  21.4 169.3   7.1 282.1  0.09  0.07
       4  8  54.6  29.2  40.8  73.0  31.6  0.02  34.3 179.4   7.5 511.0  0.14  0.11
       4  9  58.3  25.1  42.5  61.4  26.6        21.0 110.4   4.6 504.6  0.15  0.12
       4 10  65.2  25.6  46.8  49.8  24.6        17.8 137.3   5.7 613.9  0.22  0.16
       4 11  83.4  26.8  57.0  39.9  25.7        35.2 211.2   8.8 634.5  0.41  0.28
       4 12  66.9  41.7  55.6  41.4  30.3        31.4 190.1   7.9 442.9  0.25  0.17
       4 13  61.8  34.5  47.6  53.2  29.6  0.02  28.1 194.2   8.1 449.7  0.21  0.15
       4 14  43.9  34.2  38.2  93.7  36.6  0.21  14.8 149.3   6.2 134.5  0.04  0.04
       4 15  42.8  32.7  37.4  86.6  33.7  0.09  20.2 193.4   8.1 295.7  0.07  0.06
       4 16  46.4  27.4  35.9  66.9  24.9        17.0 119.5   5.0 500.6  0.12  0.10
       4 17  55.9  21.2  38.6  64.9  26.9  0.01  26.8 142.0   5.9 597.4  0.16  0.12
       4 18  52.3  35.1  42.2  58.8  27.2  0.02  22.8 194.0   8.1 584.1  0.18  0.14
       4 19  58.3  25.9  45.1  49.1  25.1        30.0 206.4   8.6 468.0  0.19  0.14
       4 20  56.1  26.2  43.5  54.1  26.4        19.8 121.4   5.1 558.6  0.16  0.13
       4 21  61.3  35.0  47.9  50.6  28.7        19.9 177.4   7.4 591.2  0.22  0.16
       4 22  69.8  25.5  48.3  46.9  24.7        20.0  94.3   3.9 675.0  0.23  0.18
       4 23  79.4  28.3  56.4  40.2  27.5        20.6 121.7   5.1 674.7  0.30  0.22
       4 24  79.1  40.4  59.9  40.5  32.3        32.1 159.1   6.6 505.2  0.31  0.22
       4 25  67.3  48.5  56.4  40.0  31.5        31.1 216.1   9.0 534.3  0.30  0.21
       4 26  60.5  38.0  49.1  48.2  29.1  0.01  28.5 253.4  10.6 581.6  0.25  0.18
       4 27  60.9  30.2  44.2  64.4  31.9        26.3 199.7   8.3 586.7  0.20  0.15
       4 28  61.0  27.9  45.3  49.0  22.9        22.2 131.4   5.5 705.0  0.22  0.17
       4 29  69.0  23.9  48.4  40.0  20.1        19.0 121.8   5.1 690.1  0.25  0.19
       4 30  74.8  31.6  55.5  42.9  30.1        26.7 174.6   7.3 631.4  0.30  0.22
       5  1  69.8  39.8  55.6  49.8  36.1        19.8 140.2   5.8 565.3  0.23  0.18
       5  2  69.4  34.0  52.2  54.1  33.7  0.01  28.0 110.1   4.6 691.5  0.23  0.18
       5  3  77.1  37.6  54.9  52.2  36.8        33.2 136.5   5.7 587.9  0.28  0.21
       5  4  78.0  39.4  57.4  60.4  41.1  0.08  25.9 216.0   9.0 576.6  0.32  0.23
       5  5  68.9  47.4  54.4  74.2  45.6  0.04  23.4 153.2   6.4 535.5  0.21  0.16
       5  6  63.5  44.0  51.3  83.0  45.9  0.05  28.4 168.1   7.0 416.4  0.15  0.12
       5  7  63.5  38.1  49.3  84.9  44.5  0.07  38.0 115.7   4.8 454.1  0.14  0.12
       5  8  61.8  44.3  50.3  80.6  44.1  0.08  27.0 206.2   8.6 531.1  0.17  0.14
       5  9  61.5  42.4  51.0  74.2  42.3        24.5 177.7   7.4 577.5  0.18  0.15
       5 10  75.3  43.8  59.2  69.7  47.6  0.01  30.2 238.4   9.9 658.9  0.28  0.21
       5 11  69.0  46.6  55.9  74.5  47.1  0.01  25.5 173.8   7.2 440.3  0.19  0.15
       5 12  72.7  36.5  55.6  64.4  42.1  0.01  26.0 172.9   7.2 569.5  0.24  0.18
       5 13  83.3  44.9  63.4  50.5  39.8  0.02  40.8 210.5   8.8 611.9  0.38  0.27
       5 14  74.5  47.0  58.6  54.4  40.7  0.01  30.7 255.6  10.7 614.2  0.33  0.24
       5 15  70.3  42.7  57.1  51.5  36.7        37.4 215.0   9.0 707.0  0.30  0.22
       5 16  77.2  36.9  59.1  50.0  36.9        21.3 157.1   6.5 688.1  0.30  0.23
       5 17  84.5  38.9  63.8  43.5  36.2        19.1  96.9   4.0 745.0  0.31  0.24
       5 18  84.1  41.0  65.0  42.1  39.4        22.8 121.7   5.1 589.8  0.30  0.23
       5 19  86.3  42.3  65.5  49.7  43.3        17.5 103.4   4.3 689.0  0.30  0.24
       5 20  84.5  49.2  66.5  61.1  50.1        29.3 185.3   7.7 600.4  0.33  0.24
       5 21  81.8  51.7  65.6  60.6  50.2  0.03  35.7 182.4   7.6 611.1  0.31  0.24
       5 22  69.9  48.3  55.8  83.7  50.6  0.64  37.6 179.6   7.5 348.1  0.17  0.13
       5 23  72.0  45.1  57.6  66.4  44.6        15.1 108.4   4.5 739.0  0.24  0.20
       5 24  70.4  42.7  54.5  77.4  46.6  0.25  35.2 101.6   4.2 450.7  0.17  0.14
       5 25  70.8  41.7  57.5  75.2  48.7        21.2 143.2   6.0 715.0  0.22  0.18
       5 26  81.1  50.3  64.3  63.7  50.0  0.03  31.1 230.0   9.6 607.4  0.33  0.24
       5 27  82.2  48.6  66.3  60.7  49.2        18.9 145.1   6.0 749.0  0.31  0.25
       5 28  85.5  51.5  67.5  53.6  48.1        23.7 131.2   5.5 732.0  0.33  0.26
       5 29  84.8  49.8  69.0  57.4  50.9        31.6 217.3   9.1 654.4  0.35  0.26
       5 30  85.2  52.4  68.4  55.1  48.6        18.1 104.5   4.4 572.4  0.28  0.22
       5 31  76.8  46.7  64.6  50.2  44.4        16.8 117.5   4.9 713.0  0.27  0.22
       6  1  85.6  45.7  68.9  42.3  40.5  0.01  30.7 163.4   6.8 748.0  0.37  0.28
       6  2  81.4  46.6  66.6  42.6  41.9        27.8 202.5   8.4 756.0  0.37  0.28
       6  3  50.8  40.3  44.2  81.1  38.8        20.2 208.7   8.7 186.7  0.09  0.07
       6  4  50.6  40.5  43.0  95.1  41.7  0.01  22.0 191.8   8.0 161.9  0.07  0.05
       6  5  55.6  38.4  44.3  80.9  38.3  0.05   9.4  83.8   3.5 350.5  0.11  0.09
       6  6  72.8  31.7  54.5  60.2  37.5  0.02  15.1 102.8   4.3 646.3  0.23  0.19
       6  7  82.6  44.6  62.2  62.6  47.2  0.04  31.5 229.5   9.6 643.6  0.35  0.26
       6  8  66.1  47.7  55.6  77.4  48.3  0.04  27.8 206.3   8.6 462.9  0.18  0.14
       6  9  79.4  39.4  58.2  69.4  45.6  0.03  36.8 216.6   9.0 603.7  0.31  0.23
       6 10  75.4  50.5  62.2  66.4  49.6        26.6 148.1   6.2 512.6  0.23  0.18
       6 11  78.5  49.7  65.2  47.7  42.1        26.1 159.1   6.6 747.0  0.33  0.26
       6 12  84.2  46.6  66.3  49.4  42.3        22.1 116.2   4.8 753.0  0.33  0.26
       6 13  81.3  50.6  64.8  47.9  42.8  0.01  36.0 194.1   8.1 422.0  0.32  0.23
       6 14  71.0  53.3  61.5  55.8  45.3  0.03  31.5 297.8  12.4 491.9  0.29  0.21
       6 15  73.8  43.0  59.9  48.2  37.8        22.6 160.3   6.7 685.5  0.29  0.23
       6 16  75.2  51.5  62.7  52.5  44.3        26.5 244.9  10.2 500.5  0.31  0.22
       6 17  68.3  47.2  55.5  73.5  46.8  0.02  31.7 170.8   7.1 346.8  0.18  0.13
       6 18  76.8  39.2  60.3  50.7  38.7        37.5 195.7   8.2 665.4  0.32  0.24
       6 19  89.2  44.5  68.8  40.8  39.4        19.6 128.3   5.3 762.0  0.37  0.29
       6 20  80.2  49.7  67.5  47.3  44.3  0.01  22.8 186.2   7.8 721.0  0.34  0.26
       6 21  81.9  52.0  66.3  64.0  52.3  0.02  36.0 152.7   6.4 563.3  0.28  0.21
       6 22  83.9  47.6  64.8  73.8  54.6  0.72  31.9 209.7   8.7 591.0  0.30  0.23
       6 23  86.8  50.8  68.6  62.4  52.1  1.18  34.0 105.6   4.4 765.0  0.31  0.26
       6 24  87.0  53.8  69.8  50.7  45.8        20.9 138.9   5.8 747.0  0.37  0.28
       6 25  89.8  48.2  70.4  47.5  45.3        21.9 155.9   6.5 770.0  0.39  0.30
       6 26  91.5  51.0  74.2  43.1  45.6        20.0 139.5   5.8 777.0  0.39  0.30
       6 27  87.3  54.0  72.9  37.0  44.2        23.2 121.7   5.1 758.0  0.35  0.28
       6 28  92.2  50.1  72.7  48.5  51.5        18.4 102.4   4.3 750.0  0.33  0.27
       6 29  90.4  58.8  75.9  49.3  52.3        17.7 162.7   6.8 755.2  0.39  0.30
       6 30  87.3  57.8  71.5  60.5  56.2        27.1 185.1   7.7 677.4  0.35  0.27
       7  1  89.1  58.6  72.2  68.9  60.1  0.12  34.3 239.1  10.0 673.1  0.37  0.28
       7  2  93.1  60.6  75.7  55.6  57.0        36.2 204.8   8.5 714.0  0.42  0.32
       7  3  86.4  62.2  72.9  65.0  60.0        21.4 113.0   4.7 671.6  0.29  0.24
       7  4  84.7  58.0  69.1  81.9  62.8  0.01  27.5 119.5   5.0 547.5  0.23  0.19
       7  5  89.9  56.4  72.8  70.0  60.2        14.5 104.3   4.3 716.0  0.30  0.25
       7  6  81.7  60.2  71.3  62.6  57.1        23.3 136.8   5.7 406.8  0.23  0.18
       7  7  86.7  55.0  69.9  68.7  58.1        23.7 100.6   4.2 521.7  0.24  0.20
       7  8  80.3  62.1  69.6  79.2  62.4        16.1 147.9   6.2 516.7  0.22  0.18
       7  9  82.4  62.4  70.3  81.0  63.6        19.4  95.1   4.0 581.3  0.22  0.19
       7 10  82.8  59.7  71.2  76.7  62.5        19.6  95.6   4.0 684.4  0.24  0.22
       7 11  92.4  60.4  74.1  68.2  61.2  0.02  24.1  85.9   3.6 731.0  0.30  0.26
       7 12  89.4  55.4  73.8  64.2  59.0        12.3  88.5   3.7 739.0  0.29  0.25
       7 13  97.2  57.5  77.0  52.8  55.4  0.01  17.8 102.5   4.3 747.0  0.36  0.29
       7 14  93.9  60.9  77.7  44.3  53.0        22.2 121.9   5.1 624.7  0.35  0.27
       7 15  87.4  56.6  71.0  62.6  56.3  1.29  35.1 167.6   7.0 643.2  0.33  0.25
       7 16  88.0  58.5  72.3  67.6  60.0  0.02  20.0 165.5   6.9 723.0  0.33  0.26
       7 17  91.7  56.7  74.5  61.6  58.2        13.7  88.0   3.7 739.0  0.30  0.26
       7 18  96.8  54.2  76.0  56.1  57.2        13.8  87.5   3.6 740.0  0.33  0.27
       7 19  96.7  58.5  78.9  49.7  56.9        16.6 107.8   4.5 720.0  0.35  0.28
       7 20 101.3  59.5  79.8  47.0  55.3         9.7  98.8   4.1 730.0  0.38  0.30
       7 21  93.2  57.4  74.0  56.2  56.3  0.03  43.6 174.9   7.3 570.6  0.37  0.27
       7 22  79.7  61.7  69.6  79.1  62.3  0.18  25.1 139.1   5.8 414.2  0.19  0.16
       7 23  83.1  60.3  69.2  81.8  62.7  0.06  21.7 100.1   4.2 503.4  0.21  0.18
       7 24  81.6  61.9  68.6  87.2  64.3  1.67  36.6 140.9   5.9 492.9  0.20  0.17
       7 25  84.1  63.7  69.5  86.3  64.7  0.22  25.8  85.3   3.6 518.0  0.21  0.18
       7 26  81.9  64.1  71.0  79.4  63.6  0.01  12.9 115.3   4.8 529.9  0.22  0.18
       7 27  81.9  57.7  70.7  72.2  59.9        11.0  83.1   3.5 700.0  0.24  0.22
       7 28  83.5  56.5  70.5  72.3  59.8        14.8  94.3   3.9 672.5  0.25  0.21
       7 29  81.3  61.9  67.8  87.4  63.7  0.17  33.3 101.6   4.2 453.4  0.18  0.16
       7 30  67.4  59.7  63.5  93.0  61.5  0.06  18.7 131.8   5.5 184.9  0.07  0.06
       7 31  79.3  58.3  68.0  81.5  61.8  0.02  23.5 224.9   9.4 555.9  0.22  0.18
       8  1  81.3  60.2  68.4  85.0  63.4  0.50  40.6 121.5   5.1 408.7  0.18  0.15
       8  2  83.3  54.2  67.4  71.7  56.6  0.07  22.6 112.4   4.7 616.9  0.25  0.21
       8  3  73.9  57.9  65.3  78.4  58.1  0.05  23.6 112.3   4.7 418.5  0.16  0.14
       8  4  71.0  59.9  63.8  81.1  57.7        19.6 140.4   5.8 303.9  0.14  0.11
       8  5  76.0  55.8  65.5  79.3  58.3        15.7  62.2   2.6 650.1  0.20  0.18
       8  6  80.2  53.0  66.1  77.5  58.0        11.1  84.2   3.5 676.2  0.22  0.20
       8  7  82.8  53.4  67.9  75.5  58.9         9.1  74.9   3.1 681.3  0.23  0.20
       8  8  88.6  54.7  71.3  72.6  61.2  0.01  28.6  97.2   4.0 656.1  0.26  0.22
       8  9  87.0  60.8  69.2  77.6  60.9  0.44  40.9  80.8   3.4 543.4  0.23  0.19
       8 10  78.2  56.1  67.7  80.2  61.0  0.03  24.8  82.0   3.4 523.1  0.18  0.16
       8 11  82.7  58.4  67.2  83.0  61.5  0.32  36.4  90.7   3.8 510.2  0.20  0.17
       8 12  81.6  54.7  67.4  71.5  55.9  0.01  21.8 118.9   5.0 671.0  0.26  0.21
       8 13  85.7  53.7  68.4  71.9  57.6         9.6  83.7   3.5 651.1  0.24  0.21
       8 14  84.0  53.6  66.7  73.1  57.2  0.05  32.1  91.7   3.8 495.7  0.21  0.17
       8 15  82.9  52.9  67.8  73.7  58.6        19.0  71.0   3.0 605.5  0.21  0.18
       8 16  91.8  52.7  68.9  70.5  57.6  0.09  31.1  73.0   3.0 550.5  0.24  0.20
       8 17  87.8  52.9  70.4  67.6  57.8        11.8  80.9   3.4 642.3  0.25  0.21
       8 18  91.9  56.5  72.6  67.6  60.2  0.31  26.3  91.9   3.8 610.4  0.27  0.22
       8 19  84.8  62.0  69.8  77.2  61.8        14.5  82.2   3.4 429.8  0.19  0.16
       8 20  84.8  56.8  70.6  72.7  60.6        12.3  92.1   3.8 621.5  0.23  0.20
       8 21  88.3  58.4  70.9  76.0  62.0  0.01  16.2  79.8   3.3 557.7  0.22  0.19
       8 22  87.2  56.1  70.1  73.4  60.1         9.5  69.5   2.9 605.3  0.22  0.19
       8 23  91.5  56.8  73.5  59.0  56.9  0.01  17.6  89.2   3.7 619.1  0.27  0.22
       8 24  87.9  59.6  71.9  59.4  55.1        16.4 105.2   4.4 531.5  0.26  0.21
       8 25  87.7  55.2  70.1  68.7  57.9        21.6 150.0   6.3 552.0  0.28  0.21
       8 26  87.3  57.6  71.4  69.3  59.6  0.01  13.0  76.7   3.2 603.6  0.23  0.20
       8 27  86.7  54.8  71.7  52.8  52.2        18.1 101.6   4.2 444.0  0.23  0.18
       8 28  88.3  48.3  67.3  55.7  47.1        11.1  80.6   3.4 631.6  0.26  0.21
       8 29  91.7  47.5  68.5  55.8  48.0         8.6  72.5   3.0 622.4  0.26  0.21
       8 30  95.5  52.8  72.4  53.7  51.1        11.7  88.8   3.7 577.2  0.29  0.22
       8 31  83.2  57.1  70.7  60.3  55.6        28.4 128.1   5.3 484.7  0.23  0.18
       9  1  81.7  57.0  68.6  65.1  55.1        14.2 100.3   4.2 503.7  0.21  0.17
       9  2  87.4  48.3  67.8  61.7  50.9        14.2  82.3   3.4 596.9  0.24  0.19
       9  3  94.6  50.9  72.0  52.3  49.6        11.8  96.9   4.0 601.5  0.30  0.23
       9  4  94.3  51.5  71.9  48.3  47.9        18.9 108.7   4.5 595.6  0.32  0.24
       9  5  94.7  54.7  72.9  49.2  50.7        10.8  78.5   3.3 590.5  0.27  0.21
       9  6  92.7  50.0  70.4  54.3  50.9        12.3  75.9   3.2 583.5  0.26  0.20
       9  7  78.2  60.0  67.9  77.5  60.2        13.4  91.3   3.8 431.2  0.16  0.14
       9  8  90.2  57.4  71.1  66.0  57.3        12.9 106.5   4.4 545.8  0.26  0.20
       9  9  90.6  50.7  69.5  54.8  50.8         9.6  85.6   3.6 546.2  0.25  0.19
       9 10  91.6  51.5  70.8  51.2  49.6        10.4  75.8   3.2 551.0  0.25  0.19
       9 11  88.6  49.7  69.7  56.0  51.1        15.4  97.2   4.0 531.1  0.24  0.19
       9 12  86.0  54.0  68.0  64.4  54.5        27.2 123.7   5.2 466.9  0.24  0.18
       9 13  80.6  52.0  63.8  74.4  54.5  0.01  27.1 100.5   4.2 412.8  0.18  0.14
       9 14  74.6  49.4  60.3  79.7  53.3        23.3 116.2   4.8 395.5  0.16  0.12
       9 15  76.6  43.7  60.6  72.1  50.0        13.3  90.9   3.8 539.2  0.18  0.15
       9 16  83.0  48.5  64.8  64.2  50.5        15.1 112.7   4.7 530.1  0.23  0.18
       9 17  87.6  45.0  65.7  56.3  47.1         9.9  68.1   2.8 539.4  0.21  0.17
       9 18  89.2  47.2  68.1  49.8  46.0        12.1  88.9   3.7 523.6  0.24  0.18
       9 19  81.4  49.4  66.5  44.6  41.4        19.3 117.9   4.9 472.1  0.24  0.18
       9 20  75.2  49.0  61.1  72.2  51.0  0.12  29.5 187.2   7.8 445.8  0.20  0.15
       9 21  52.2  45.5  47.1  95.2  45.8  0.11  26.9 188.8   7.9  75.8  0.05  0.04
       9 22  68.6  45.4  53.5  85.2  48.9  0.01  25.4 188.7   7.9 410.4  0.16  0.12
       9 23  72.1  45.9  57.6  83.1  51.9        16.7  91.8   3.8 321.5  0.12  0.10
       9 24  80.3  46.7  63.2  71.6  51.8  0.02  16.1  88.9   3.7 482.3  0.18  0.14
       9 25  90.8  46.5  68.6  58.2  49.1        26.7 143.3   6.0 499.6  0.30  0.21
       9 26  77.1  41.3  62.3  50.0  41.2        17.7 121.7   5.1 497.6  0.21  0.16
       9 27  76.5  45.3  60.1  63.9  46.8        13.1  91.2   3.8 490.1  0.18  0.14
       9 28  86.2  41.8  62.0  58.9  44.0        11.1  75.2   3.1 488.5  0.21  0.16
       9 29  79.3  48.7  62.2  56.1  45.3  0.01  19.6  96.6   4.0 263.9  0.17  0.12
       9 30  63.2  47.5  56.3  68.5  45.6        22.2 178.0   7.4 289.2  0.13  0.10
      10  1  55.7  44.0  47.7  78.1  41.0  0.06  24.8 270.9  11.3 215.6  0.12  0.08
      10  2  52.9  40.0  44.4  93.4  42.6  1.10  13.4 111.5   4.6 199.8  0.06  0.05
      10  3  60.5  42.4  48.5  95.6  47.5  0.03  24.1 191.4   8.0 166.1  0.08  0.06
      10  4  55.2  42.2  47.2  80.2  41.1  0.25  28.9 238.6   9.9 224.9  0.11  0.08
      10  5  50.3  34.7  44.4  58.1  30.2  0.01  39.5 330.7  13.8 253.4  0.14  0.09
      10  6  61.4  27.8  44.8  67.2  32.9        27.6 138.1   5.8 359.3  0.14  0.10
      10  7  73.0  29.8  50.2  63.5  35.0        14.2  96.0   4.0 450.3  0.17  0.12
      10  8  77.0  38.8  54.6  64.6  40.3        12.5  83.7   3.5 425.2  0.17  0.12
      10  9  78.3  42.7  57.5  52.2  35.9        11.8 116.7   4.9 438.7  0.23  0.15
      10 10  78.8  35.9  56.1  58.3  39.2        16.4 109.2   4.5 422.3  0.20  0.14
      10 11  68.7  38.8  54.4  33.8  24.5  0.01  32.8 249.5  10.4 433.8  0.29  0.19
      10 12  64.2  35.1  45.3  65.6  33.5        11.5  91.1   3.8 261.5  0.12  0.09
      10 13  75.9  32.1  51.9  61.8  37.0        15.3 119.0   5.0 343.4  0.19  0.13
      10 14  74.5  41.0  57.1  56.5  39.3        21.4 142.6   5.9 341.2  0.20  0.13
      10 15  66.8  45.7  54.9  74.7  46.7        17.8 128.2   5.3 305.2  0.12  0.09
      10 16  54.9  40.5  48.5  89.4  45.7  0.18  30.9 171.9   7.2 103.1  0.04  0.04
      10 17  49.0  31.3  40.4  77.8  33.7  0.01  35.6 255.8  10.7 194.4  0.08  0.06
      10 18  64.9  25.6  41.7  68.7  29.5        11.2  75.5   3.1 406.5  0.12  0.09
      10 19  60.1  25.9  43.0  73.1  34.3        12.5  76.8   3.2 391.2  0.09  0.07
      10 20  53.5  29.5  42.9  76.2  35.2        14.0  98.1   4.1 166.3  0.06  0.05
      10 21  63.2  24.0  43.5  66.5  31.2        22.2 153.4   6.4 378.2  0.15  0.10
      10 22  68.2  33.9  49.8  59.6  35.5        13.2  90.7   3.8 370.7  0.13  0.09
      10 23  70.0  39.3  53.1  69.1  41.6        23.5 120.2   5.0 358.6  0.14  0.10
      10 24  69.0  34.5  49.3  69.7  37.7        12.1  89.4   3.7 368.4  0.13  0.09
      10 25  62.8  33.3  46.8  73.2  38.1         9.1  68.1   2.8 213.1  0.08  0.06
      10 26  65.0  42.9  51.5  82.3  45.9         7.6  50.0   2.1 212.3  0.07  0.05
      10 27  55.5  40.8  49.7  95.4  48.7  0.25  17.5 115.7   4.8  92.5  0.02  0.02
      10 28  55.7  46.2  50.7  80.0  44.7  0.10  30.3 166.5   6.9  68.2  0.07  0.05
      10 29  62.6  37.5  48.7  68.4  38.1        15.2 118.4   4.9 333.5  0.11  0.08
      10 30  42.9  37.1  39.9  95.0  38.6        20.8 233.0   9.7  35.5  0.02  0.02
      10 31  37.5  34.5  36.5  96.8  35.6  0.03  15.6 115.3   4.8  59.8  0.02  0.02
      11  1  43.2  34.2  38.4  93.4  36.7  0.01   8.6  21.1   0.9  71.5            
      11  2  39.0  32.2  35.0  96.4  34.2  0.19  13.1  65.5   2.7  74.5            
      11  3  38.9  31.3  34.0  91.7  31.8  0.01  10.4  51.3   2.1 107.8            
      11  4  47.2  31.6  36.9  84.9  32.3        13.1  82.3   3.4 228.7            
      11  5  47.8  30.4  36.5  90.2  33.7  0.01  18.6  87.6   3.6 192.1            
      11  6  51.6  35.5  40.3  90.5  37.7  0.02  20.1 219.6   9.2 225.3            
      11  7  50.3  27.9  37.0  85.3  32.6        18.0 159.4   6.6 188.0            
      11  8  47.6  26.0  34.6  88.4  31.5        16.0 117.9   4.9 225.0            
      11  9  36.9  21.8  29.7  87.2  26.8  0.09  30.2 321.8  13.4  88.1            
      11 10  42.3  18.0  29.0  58.4  14.4  0.01  34.4 253.6  10.6 304.0            
      11 11  41.0  16.9  28.1  71.1  19.3        10.4  55.1   2.3 186.5            
      11 12  54.4  22.3  35.2  70.3  24.7        24.5 100.0   4.2 299.6            
      11 13  65.8  23.4  40.5  65.9  27.3        10.4  72.5   3.0 289.1            
      11 14  64.4  28.1  42.7  68.6  31.1        11.3  70.8   3.0 277.5            
      11 15  72.6  27.7  48.6  56.5  29.1        24.5 151.1   6.3 233.9            
      11 16  63.0  27.4  44.2  56.5  27.5        23.3 128.5   5.4 274.0            
      11 17  51.5  27.9  35.8  80.5  29.8        16.7  56.4   2.4 154.1            
      11 18  57.3  33.3  44.9  47.5  24.3  0.01  30.8 246.9  10.3 266.9            
      11 19  47.1  22.4  34.5  80.4  28.7        16.8  98.1   4.1 233.4            
      11 20  51.7  14.9  29.9  71.7  19.8        14.3  84.0   3.5 256.2            
      11 21  51.6  18.4  33.3  73.5  25.1         9.6  50.4   2.1 123.3            
      11 22  74.3  26.8  43.9  60.9  27.3        25.4 128.0   5.3 240.3            
      11 23  57.0  26.1  40.1  58.3  25.0  0.01  28.9 175.7   7.3 238.2            
      11 24  72.3  24.6  44.6  50.5  21.1        36.8 214.6   8.9 250.1            
      11 25  63.4  20.9  39.6  55.7  22.5        16.4 108.5   4.5 219.2            
      11 26  69.5  21.9  42.7  59.0  27.2        13.9  91.8   3.8 255.5            
      11 27  72.5  26.4  43.5  61.8  28.2        12.0  88.5   3.7 245.8            
      11 28  53.9  28.6  39.5  74.5  31.6        12.6  80.0   3.3  99.3            
      11 29  59.7  29.3  41.2  71.4  31.5        13.2  77.0   3.2 127.4            
      11 30  66.3  20.6  41.6  61.1  26.0        19.0 106.8   4.5 250.7            
      12  1  66.5  23.6  39.1  62.4  24.9        10.6  78.6   3.3 210.9            
      12  2  69.7  21.9  40.3  61.5  25.2        14.0  99.1   4.1 243.6            
      12  3  64.5  23.6  39.6  61.6  24.9        18.6 126.9   5.3 247.9            
      12  4  57.2  20.5  35.9  72.2  27.0        15.2  69.7   2.9 191.5            
      12  5  45.1  19.5  31.7  65.3  19.8        25.3 175.5   7.3 227.7            
      12  6  37.4  15.6  24.7  75.5  17.5        11.4  60.7   2.5 174.1            
      12  7  36.1   9.1  23.1  54.0   7.7        16.5 104.3   4.3 237.7            
      12  8  48.5   5.5  24.1  54.3   6.8        10.2  72.2   3.0 235.9            
      12  9  31.7  20.0  26.9  81.6  22.0  0.04  26.1 212.0   8.8  80.2            
      12 10  33.6   6.4  20.8  87.7  17.9  0.01  11.5  94.9   4.0 197.6            
      12 11  44.9   4.1  21.1  77.0  15.5        10.9  97.5   4.1 231.1            
      12 12  48.9  13.8  28.4  73.3  20.4  0.01  20.5 100.8   4.2 161.0            
      12 13  54.3  14.5  30.0  71.2  20.3        11.8  76.4   3.2 242.0            
      12 14  55.9  15.0  31.2  69.6  20.4        12.5  88.9   3.7 243.7            
      12 15  46.3  18.5  30.0  75.5  22.7        10.9  83.4   3.5 238.3            
      12 16  47.4  17.1  29.8  73.3  21.3        16.1  44.6   1.9 218.8            
      12 17  61.8  15.2  32.8  65.2  20.4        14.2  66.1   2.8 237.7            
      12 18  42.1   8.5  25.8  72.2  18.6  0.07  31.9 192.9   8.0 164.6            
      12 19   8.5   0.7   3.5  79.8  -1.1  0.04  18.0 198.3   8.3 143.5            
      12 20   4.6  -3.3   0.1  79.9  -4.5  0.10  17.7 182.6   7.6 208.8            
      12 21   7.8 -27.2  -6.9  79.3  -9.6  0.06   9.9  86.1   3.6 208.4            
      12 22   2.1 -29.0 -13.5  75.4 -16.3        10.0  95.0   4.0 258.8            
      12 23  13.7 -20.9  -7.7  78.1 -10.3        11.7  81.9   3.4 254.1            
      12 24  13.9 -20.4  -4.5  80.6  -6.6         9.8  77.3   3.2 164.6            
      12 25  36.8  -5.9  12.9  77.4   8.6        13.2  90.6   3.8 204.5            
      12 26  44.3  10.3  26.0  70.4  17.6        15.7  82.5   3.4 193.6            
      12 27  39.0  13.1  26.0  72.2  18.4        14.8 101.5   4.2 209.5            
      12 28  48.7  16.9  35.0  65.5  24.5        24.8 170.0   7.1 189.4            
      12 29  41.7  25.9  33.0  84.7  28.8        14.2 139.4   5.8 204.0            
      12 30  57.3  23.6  36.7  76.5  29.5  0.01  35.0 220.1   9.2 217.8            
      12 31  42.4  25.2  32.9  85.3  28.9        16.5 109.7   4.6 147.5            

      Total                               13.64                         53.02 41.00
        Max 101.3  64.1  79.8  98.0  64.7        45.7 485.3  20.2 777.0
        Min   2.1 -29.0 -13.5  33.8 -16.3         7.6  21.1   0.9  35.5
        Ave  64.3  34.7  48.5  66.8  35.9        21.0 138.0   5.7 413.2
