                                                                    12-JAN-01
      Cellular-linked Weather Station near WIGGINS, Colorado             1996
      -----------------------------------------------------------------------------
               Temperature      Rel   Dew             Wind        Solar StandrdASCE
            ----------------- Humid Point  Prec -----------------   Rad   ETr   ETo
       Date   Max   Min   Ave   Ave   Ave Total   Max Total   Ave Total Alflf Grass
      MoDay     F     F     F     %     F  inch   mph miles   mph Langl  inch  inch
      ----- ----- ----- ----- ----- ----- ----- ----- ----- ----- ----- ----- -----
       1  1  31.7  17.7  24.6  71.6  16.6        27.1 222.4   9.3 111.6            
       1  2  28.0  10.8  18.3  55.8   4.7  0.01  25.6 183.4   7.6 203.2            
       1  3  57.5  18.8  33.8  52.8  16.9        44.3 233.5   9.7 154.3            
       1  4  33.2   7.7  20.0  83.5  16.6  0.02  18.4 204.9   8.5  57.8            
       1  5  14.0  -6.7   7.3  81.4   3.2        12.1 116.0   4.8 160.3            
       1  6  21.0  -9.0   3.6  80.6   0.1         8.3  72.2   3.0 220.8            
       1  7  32.7   5.8  18.4  74.9  11.7         9.4  85.7   3.6 238.1            
       1  8  58.6  14.5  36.7  56.0  21.4  0.02  24.1 137.5   5.7 207.8            
       1  9  50.8  19.8  32.6  73.3  24.5         8.0  62.2   2.6 203.7            
       1 10  51.5  22.6  32.5  74.8  25.0  0.03  39.1 231.0   9.6 103.7            
       1 11  51.3  13.0  28.9  67.8  18.5        10.0  73.3   3.1 204.3            
       1 12  67.4  17.9  35.3  58.9  18.5         8.8  81.9   3.4 258.7            
       1 13  69.4  18.9  37.1  53.6  17.7        12.4  95.4   4.0 257.1            
       1 14  61.5  17.3  34.7  56.1  17.7        13.8  99.9   4.2 259.2            
       1 15  61.3  18.0  32.8  60.5  18.4        12.0  88.1   3.7 188.2            
       1 16  58.5  21.8  39.6  46.9  18.8        36.4 196.1   8.2 221.7            
       1 17  46.0   1.7  20.7  50.3   8.5  0.03  43.5 426.9  17.8  76.4            
       1 18  23.5   0.2   9.8  49.3  -5.3        30.2 211.2   8.8 272.4            
       1 19  47.4   7.0  24.2  48.6   5.9        26.7 131.6   5.5 237.4            
       1 20  46.2  14.0  27.0  46.6   6.1        34.6 196.0   8.2 256.3            
       1 21  58.0   8.0  30.1  43.8   6.9        29.8 136.4   5.7 273.9            
       1 22  23.6   8.6  14.9  79.5   9.7  0.01  21.2 137.5   5.7  88.7            
       1 23  35.1  -0.7  15.8  64.2   4.9  0.01  28.3 171.9   7.2 267.6            
       1 24  48.4   5.3  28.0  44.0   6.9        35.2 256.1  10.7 264.1            
       1 25  34.5   0.0  15.5  65.2   4.6  0.03  25.5 220.2   9.2 104.2            
       1 26  21.1 -18.1   0.9  70.0  -4.8        12.2  94.1   3.9 288.9            
       1 27  35.2 -10.4  10.8  63.1   1.9        15.6  87.5   3.6 286.5            
       1 28  45.7   2.3  19.5  62.5   8.7  0.05  40.6 211.0   8.8 242.5            
       1 29  28.6   2.8  12.0  65.6   3.2        21.7 177.7   7.4 168.5            
       1 30   5.5  -3.2   1.2  74.6  -4.6  0.11  14.8 138.7   5.8 179.5            
       1 31  18.2   2.1   7.8  83.3   4.2  0.09   9.1  61.4   2.6 112.7            
       2  1  22.2 -19.0  -1.9  75.1  -5.5  0.01  17.8 109.9   4.6 220.3            
       2  2   0.7 -19.7  -7.5  70.7 -14.1        10.1  94.2   3.9 311.8            
       2  3  12.3 -25.9 -10.8  68.3 -15.7         9.9  81.6   3.4 337.0            
       2  4  31.7 -17.4   7.7  66.4   3.7        14.9  94.6   3.9 320.3            
       2  5  47.2  12.4  31.8  72.8  24.3        10.7  87.9   3.7 317.8            
       2  6  52.6  21.4  36.3  69.1  26.4        13.3 119.0   5.0 185.5            
       2  7  59.0  25.8  39.8  67.2  29.4        13.0  91.2   3.8 228.6            
       2  8  63.2  28.6  40.9  68.3  30.0        10.7  77.2   3.2 271.2            
       2  9  69.4  24.7  44.4  56.0  26.5        24.8 126.8   5.3 340.2            
       2 10  43.2  17.7  33.1  53.1  17.7  0.01  27.4 225.5   9.4 171.5            
       2 11  53.2  13.4  28.9  58.7  12.7        13.3  93.8   3.9 345.3            
       2 12  60.0  14.4  32.6  49.8  10.8        10.7 105.9   4.4 367.9            
       2 13  64.0  17.0  37.7  44.5  13.9        11.0  98.9   4.1 338.8            
       2 14  53.1  24.8  39.5  51.6  22.3        34.7 219.6   9.2 114.9            
       2 15  42.6  17.4  28.5  58.8  15.8        36.4 227.3   9.5 253.4            
       2 16  63.2  13.2  34.4  47.3  13.3        13.7  89.2   3.7 372.5            
       2 17  61.7  21.3  41.9  43.7  19.5        15.6 121.1   5.0 353.8            
       2 18  60.9  30.2  45.6  47.1  24.8        35.8 241.1  10.0 283.1            
       2 19  63.5  21.8  42.9  48.3  21.0        38.6 256.6  10.7 364.1            
       2 20  63.1  25.6  41.1  61.5  28.1        28.6 122.0   5.1 216.8            
       2 21  62.8  34.0  46.5  61.8  32.5        16.8 102.2   4.3 279.7            
       2 22  69.1  28.1  46.1  45.5  21.7  0.01  44.2 360.3  15.0 366.8            
       2 23  54.0  23.9  37.0  21.5  -0.8        40.5 306.6  12.8 408.4            
       2 24  67.0  19.1  41.7  25.9   3.4        20.5 121.4   5.1 389.1            
       2 25  49.5  16.7  30.5  52.2  13.9  0.01  25.7 217.6   9.1 409.2            
       2 26  20.3  14.2  17.7  80.4  12.7        15.4 169.8   7.1 138.5            
       2 27  19.8   8.2  13.6  66.5   4.7  0.01  18.3 192.3   8.0 260.4            
       2 28  20.9   2.2  12.2  59.9   0.7        10.3  79.5   3.3 369.1            
       2 29  41.0   6.1  22.3  51.5   5.0  0.01  28.3 133.1   5.5 435.9            
       3  1  46.2  20.8  32.9  35.1   7.4  0.01  48.0 325.3  13.6 238.8  0.18  0.12
       3  2  51.1  19.2  33.9  45.3  13.8        28.9 189.3   7.9 306.5  0.15  0.10
       3  3  61.8  10.5  37.0  38.9   8.1        19.6 130.2   5.4 424.5  0.19  0.13
       3  4  61.3  22.1  39.2  40.9  14.7  0.01  27.3 132.0   5.5 203.0  0.17  0.11
       3  5  54.4  13.8  27.7  67.9  17.4        32.3 224.5   9.4 350.9  0.17  0.11
       3  6  25.4   6.7  13.7  55.8   0.2        19.6 178.8   7.5 401.2  0.07  0.05
       3  7  27.6   5.0  15.9  64.3   5.5        21.2 158.0   6.6 367.5  0.06  0.04
       3  8  37.5   8.4  24.0  65.6  13.6        16.5 115.0   4.8 370.4  0.07  0.05
       3  9  62.9  16.3  37.2  57.1  20.1        11.8  75.4   3.1 459.4  0.14  0.10
       3 10  77.5  20.0  45.9  41.0  19.0        15.3  89.1   3.7 425.6  0.22  0.15
       3 11  72.3  33.3  53.0  30.3  19.2  0.01  26.4 156.0   6.5 437.2  0.26  0.18
       3 12  60.0  29.6  47.8  50.2  28.6        24.8 123.1   5.1 215.6  0.13  0.09
       3 13  65.2  24.5  41.9  68.8  29.8  0.11  33.3 196.0   8.2 349.8  0.20  0.13
       3 14  39.0  27.2  32.9  92.4  30.9  0.54  17.8 140.2   5.8 170.5  0.04  0.03
       3 15  51.2  26.5  37.3  77.3  30.3        14.9 140.9   5.9 492.1  0.11  0.09
       3 16  50.4  28.5  40.4  58.1  25.7  0.04  31.0 265.2  11.1 424.4  0.15  0.11
       3 17  43.3  30.9  35.3  72.4  26.8  0.02  37.0 261.5  10.9 344.0  0.11  0.08
       3 18  41.3  27.3  32.8  62.3  20.7  0.01  41.9 328.9  13.7 380.8  0.13  0.09
       3 19  42.7  21.2  31.3  50.1  13.7        34.0 281.6  11.7 460.7  0.15  0.10
       3 20  58.7  15.3  35.2  53.5  16.9        14.1  92.1   3.8 531.0  0.15  0.11
       3 21  56.3  23.3  40.8  55.3  24.8        31.7 210.8   8.8 514.5  0.17  0.13
       3 22  69.0  25.5  45.8  45.3  23.1        30.5 200.6   8.4 434.2  0.27  0.18
       3 23  62.3  22.9  41.2  54.3  24.7  0.02  38.9 280.5  11.7 433.9  0.24  0.16
       3 24  23.1   6.4  14.1  66.7   5.3  0.05  42.4 519.7  21.7 348.8  0.06  0.04
       3 25  26.4   2.0  13.6  54.6   0.5        23.5 204.6   8.5 547.5  0.08  0.06
       3 26  49.4   7.2  27.7  55.6  12.0        12.4  77.8   3.2 568.9  0.12  0.09
       3 27  57.6  16.2  38.1  53.4  19.9        19.1 125.6   5.2 496.1  0.16  0.12
       3 28  66.8  25.7  44.6  51.3  25.2        24.8 177.8   7.4 550.6  0.24  0.17
       3 29  58.1  32.2  40.7  76.1  32.8  0.01  21.0 163.7   6.8 366.0  0.15  0.11
       3 30  54.2  28.2  40.7  53.7  23.0        26.5 170.0   7.1 552.6  0.17  0.13
       3 31  62.1  24.0  44.0  47.1  22.9        20.4 133.8   5.6 564.9  0.19  0.14
       4  1  74.5  25.8  49.4  39.3  20.8        13.9  92.9   3.9 471.0  0.22  0.16
       4  2  78.2  25.7  55.4  34.4  21.1        24.9 143.0   6.0 533.4  0.29  0.20
       4  3  58.3  37.6  47.8  43.3  25.6        37.7 357.5  14.9 495.5  0.26  0.18
       4  4  44.0  29.3  35.9  67.1  25.7  0.01  24.7 248.6  10.4 164.4  0.10  0.07
       4  5  53.2  25.7  37.8  63.3  24.6        16.3 117.2   4.9 553.2  0.15  0.11
       4  6  68.4  22.9  47.9  47.5  24.2        28.1 172.3   7.2 573.2  0.25  0.18
       4  7  68.0  41.9  56.3  39.4  30.8  0.01  27.6 208.4   8.7 385.5  0.26  0.18
       4  8  73.9  36.4  55.7  50.1  34.6        29.2 173.0   7.2 490.0  0.26  0.19
       4  9  79.6  31.2  55.3  47.8  30.8        11.1  71.4   3.0 606.4  0.23  0.18
       4 10  83.2  38.0  61.8  37.7  31.3  0.01  58.7 136.1   5.7 505.8  0.31  0.22
       4 11  59.2  35.2  45.8  65.9  35.0  0.02  39.8 293.0  12.2 371.8  0.18  0.13
       4 12  64.4  31.9  47.5  50.1  26.5  0.11  38.9 166.1   6.9 562.9  0.23  0.17
       4 13  43.4  32.1  36.5  82.5  31.6  0.26  31.4 307.2  12.8 227.4  0.08  0.06
       4 14  48.6  31.0  38.4  66.1  27.2  0.03  40.3 380.8  15.9 503.0  0.16  0.12
       4 15  62.3  25.4  44.5  51.3  24.2        21.5 141.8   5.9 653.9  0.21  0.16
       4 16  73.0  33.5  52.7  44.5  26.8        17.2 142.5   5.9 595.7  0.28  0.20
       4 17  70.6  34.8  54.8  38.8  26.5        43.0 284.8  11.9 628.8  0.34  0.24
       4 18  65.2  33.2  50.4  36.0  21.9  0.02  31.7 176.1   7.3 534.7  0.25  0.18
       4 19  50.5  29.4  40.9  59.5  27.1  0.02  50.9 319.2  13.3 370.5  0.16  0.11
       4 20  57.1  19.3  41.3  51.0  21.5        30.5 172.9   7.2 470.6  0.18  0.13
       4 21  53.9  31.0  41.5  52.3  23.6        27.0 241.2  10.1 554.2  0.20  0.15
       4 22  58.0  22.9  41.4  59.6  25.7        28.3 109.5   4.6 561.5  0.16  0.13
       4 23  74.5  28.8  52.4  47.1  29.1        18.9 114.1   4.8 615.1  0.25  0.19
       4 24  85.2  39.0  63.8  36.9  32.3        39.7 219.5   9.1 479.4  0.40  0.27
       4 25  64.6  39.4  53.9  25.0  17.5        50.8 535.2  22.3 663.9  0.42  0.28
       4 26  72.7  32.6  54.5  31.5  23.1        41.1 269.6  11.2 602.7  0.37  0.25
       4 27  65.1  37.3  49.5  52.0  31.3        35.0 220.1   9.2 487.9  0.25  0.18
       4 28  49.9  26.6  38.5  60.1  25.1        33.8 388.4  16.2 408.5  0.17  0.12
       4 29  59.3  18.9  42.3  43.5  17.7  0.01  31.0 164.1   6.8 578.9  0.21  0.16
       4 30  56.2  36.0  46.2  62.2  33.5  0.01  30.4 188.9   7.9 426.0  0.16  0.12
       5  1  65.9  38.5  51.1  61.7  37.4  0.01  16.7 121.7   5.1 568.0  0.20  0.16
       5  2  73.2  38.3  53.4  57.8  36.8  0.02  26.1 181.8   7.6 582.5  0.28  0.20
       5  3  72.5  37.7  55.7  49.2  33.5        22.2 186.2   7.8 625.2  0.29  0.21
       5  4  73.7  37.9  55.8  59.8  41.6        30.7 280.7  11.7 649.6  0.30  0.22
       5  5  66.2  34.0  51.2  59.3  36.6        30.0 250.0  10.4 653.5  0.25  0.18
       5  6  69.8  47.1  56.8  70.3  46.1        27.5 218.0   9.1 588.9  0.24  0.18
       5  7  72.2  46.4  56.9  77.5  49.0        22.6 230.2   9.6 398.3  0.21  0.15
       5  8  77.4  48.7  61.0  72.4  49.9  0.42  37.0 185.5   7.7 573.1  0.26  0.20
       5  9  57.9  41.2  51.0  92.2  49.2  0.38  29.1 194.5   8.1 164.3  0.05  0.04
       5 10  66.0  36.5  48.8  80.5  43.0  0.02  29.7 197.6   8.2 489.3  0.18  0.14
       5 11  72.2  46.0  57.5  70.1  46.3        21.6 207.4   8.6 617.8  0.25  0.19
       5 12  66.5  41.7  54.2  74.6  46.0        22.6 188.5   7.9 626.5  0.19  0.16
       5 13  79.6  44.3  61.5  66.8  48.6        25.1 198.8   8.3 662.6  0.30  0.23
       5 14  85.6  47.0  67.4  55.3  47.0        17.0 144.4   6.0 521.1  0.30  0.22
       5 15  87.1  50.5  70.2  52.8  49.4        16.1 127.8   5.3 640.7  0.31  0.24
       5 16  90.9  51.1  71.8  53.2  49.6  0.02  35.8 150.0   6.3 635.4  0.36  0.27
       5 17  81.4  54.8  69.2  36.9  40.4        25.6 162.5   6.8 669.1  0.35  0.26
       5 18  89.0  50.3  69.2  39.3  41.2        32.6 220.3   9.2 620.5  0.45  0.31
       5 19  76.2  48.1  59.3  51.0  39.9  0.01  30.2 226.5   9.4 659.4  0.35  0.25
       5 20  68.1  47.0  56.2  58.3  40.2  0.05  22.9 191.2   8.0 631.7  0.26  0.20
       5 21  75.3  47.7  62.0  56.8  44.9  0.01  24.3 188.7   7.9 577.4  0.28  0.21
       5 22  85.3  50.8  66.3  52.0  46.9        29.4 177.4   7.4 685.3  0.37  0.27
       5 23  63.1  51.2  56.2  87.7  52.6  0.40  24.7 203.0   8.5 154.5  0.09  0.07
       5 24  54.0  48.0  52.0  94.1  50.3  0.04  20.5 241.0  10.0  96.0  0.03  0.03
       5 25  49.3  45.6  47.6  95.8  46.5  0.57  20.0 183.5   7.6  82.8  0.03  0.03
       5 26  52.0  42.0  47.3  88.9  44.3  1.30  23.5 228.7   9.5 185.1  0.06  0.05
       5 27  50.8  40.1  45.4  77.2  38.6        36.7 340.6  14.2 346.6  0.12  0.09
       5 28  49.3  36.8  42.6  86.1  38.8  0.01  18.0 142.9   6.0 208.5  0.07  0.06
       5 29  73.9  40.2  54.1  77.6  46.4  0.02  26.5 187.4   7.8 590.0  0.24  0.19
       5 30  81.1  52.5  63.7  67.4  51.7        25.7 208.7   8.7 645.4  0.32  0.24
       5 31  78.3  46.3  61.0  63.3  45.5        26.5 131.9   5.5 579.0  0.26  0.20
       6  1  75.6  46.5  62.7  49.0  40.3  0.01  33.6 147.5   6.1 695.5  0.29  0.23
       6  2  76.8  44.3  61.7  42.9  36.5        19.4 130.6   5.4 703.0  0.30  0.23
       6  3  80.7  46.1  64.2  47.9  41.2        14.7  93.6   3.9 731.0  0.29  0.23
       6  4  84.0  48.9  67.8  50.3  46.1  0.01  30.0 153.8   6.4 611.3  0.32  0.24
       6  5  83.1  49.6  69.5  48.3  46.5        24.2 175.3   7.3 684.0  0.34  0.26
       6  6  72.7  52.7  62.5  49.4  41.6  0.02  38.4 289.5  12.1 721.0  0.36  0.26
       6  7  75.7  42.8  60.2  56.3  42.0        17.0 110.6   4.6 754.0  0.27  0.22
       6  8  87.4  46.2  67.7  45.9  42.3        38.2 140.9   5.9 684.4  0.36  0.27
       6  9  88.2  52.4  70.7  47.6  47.8        22.5 137.4   5.7 556.0  0.32  0.24
       6 10  88.7  51.3  70.2  49.8  47.7        41.4 159.1   6.6 628.0  0.36  0.27
       6 11  90.5  57.1  70.3  50.1  49.2  0.01  26.2 137.8   5.7 651.5  0.37  0.28
       6 12  81.2  51.7  66.1  62.5  51.5  0.03  27.9 156.4   6.5 665.2  0.29  0.23
       6 13  85.0  54.4  68.5  62.9  53.7  0.01  25.0 148.1   6.2 647.5  0.31  0.24
       6 14  82.6  53.5  68.1  64.1  54.5        23.5 129.4   5.4 530.7  0.25  0.20
       6 15  66.0  59.0  61.8  86.1  57.5  0.47  20.8 133.2   5.5 147.6  0.09  0.07
       6 16  78.6  58.2  66.9  72.1  56.6  0.02  24.1 100.9   4.2 650.7  0.24  0.21
       6 17  86.5  53.2  69.9  61.3  53.8  0.16  23.6 125.8   5.2 712.0  0.31  0.25
       6 18  93.7  56.9  73.0  55.0  53.3  0.01  24.8 122.2   5.1 751.0  0.38  0.29
       6 19  84.7  50.3  69.1  56.9  51.1  0.01  23.5 158.2   6.6 746.0  0.33  0.26
       6 20  87.3  57.7  69.4  68.8  57.9        38.2 145.7   6.1 619.1  0.31  0.24
       6 21  80.6  57.4  66.3  75.2  57.3  0.13  21.9 134.6   5.6 431.5  0.22  0.17
       6 22  78.1  57.9  66.2  77.0  58.3  0.02  27.3 149.8   6.2 336.2  0.18  0.14
       6 23  79.0  48.9  66.1  62.7  51.3  0.19  23.7 145.0   6.0 739.0  0.28  0.23
       6 24  84.2  59.3  69.7  71.6  59.6  0.45  45.3 241.1  10.0 516.0  0.30  0.22
       6 25  85.8  56.9  70.4  62.1  56.3  0.01  31.0 159.4   6.6 633.7  0.31  0.24
       6 26  87.8  57.2  73.6  59.2  57.0        18.8 143.3   6.0 736.0  0.33  0.27
       6 27  85.2  58.7  72.4  64.2  58.8        19.2 111.9   4.7 460.0  0.23  0.19
       6 28  83.7  57.0  67.7  74.5  58.5  0.01  33.1 128.4   5.3 490.8  0.24  0.19
       6 29  80.3  54.9  68.0  61.2  52.9        16.1  99.8   4.2 668.9  0.26  0.22
       6 30  82.5  53.9  69.9  61.1  55.1  0.02  24.4 201.3   8.4 739.0  0.32  0.26
       7  1  95.7  54.1  73.6  60.5  56.1        13.9  95.1   4.0 721.0  0.34  0.27
       7  2  94.3  53.1  74.1  56.8  55.0        15.2  78.4   3.3 755.0  0.32  0.27
       7  3  97.0  55.8  76.0  49.3  53.7        26.3  97.2   4.0 646.4  0.34  0.26
       7  4  95.5  56.0  74.7  57.8  57.2        25.9  93.0   3.9 640.3  0.31  0.25
       7  5  91.4  61.2  73.8  66.3  60.8  0.17  29.8 110.8   4.6 538.8  0.28  0.22
       7  6  83.3  59.3  71.0  74.3  61.9  0.07  24.8 145.4   6.1 696.8  0.27  0.23
       7  7  87.5  56.4  71.7  71.6  60.8        17.2  83.3   3.5 733.0  0.27  0.24
       7  8  70.4  60.1  64.7  70.0  54.7        19.4 155.8   6.5 448.5  0.19  0.16
       7  9  69.1  56.8  61.8  91.3  59.2  1.23  19.2 184.4   7.7 163.3  0.09  0.07
       7 10  84.6  55.5  68.4  79.3  61.2  0.01  16.4 128.6   5.4 700.0  0.27  0.23
       7 11  82.2  55.8  70.0  72.3  59.5  0.02  22.6 144.4   6.0 735.0  0.27  0.23
       7 12  78.2  59.6  67.0  80.7  60.3  0.06  16.5 121.6   5.1 562.1  0.21  0.18
       7 13  80.9  56.5  66.2  81.9  60.0  0.38  39.1 125.5   5.2 536.0  0.22  0.18
       7 14  79.8  52.3  65.3  72.0  54.9        22.2  98.8   4.1 747.0  0.26  0.22
       7 15  92.8  55.0  71.6  66.8  58.4        20.8  99.0   4.1 655.1  0.30  0.25
       7 16  90.6  60.6  73.6  65.6  59.2        14.5  86.5   3.6 579.7  0.27  0.22
       7 17  93.1  60.5  76.9  51.9  56.1        24.5 106.9   4.5 693.1  0.33  0.27
       7 18  91.6  60.2  72.9  64.8  58.9        19.6 121.4   5.1 405.2  0.27  0.20
       7 19  87.9  59.5  73.0  70.0  61.3        24.2 127.7   5.3 689.4  0.29  0.24
       7 20  94.1  60.2  75.8  62.7  58.9  0.03  22.5  90.0   3.8 682.1  0.31  0.26
       7 21  92.8  57.9  74.8  54.8  54.1        15.4 121.2   5.0 743.0  0.36  0.28
       7 22  79.4  56.3  69.3  65.2  56.9  0.03  24.1 194.3   8.1 717.0  0.28  0.23
       7 23  82.7  56.8  66.7  76.2  58.3  0.22  22.4 111.1   4.6 485.2  0.22  0.18
       7 24  76.7  52.7  64.1  76.1  55.5        18.2 112.8   4.7 567.4  0.21  0.18
       7 25  86.9  55.7  68.6  70.5  57.4  0.01  31.0 132.0   5.5 583.5  0.28  0.22
       7 26  80.8  56.2  67.0  70.2  56.3        33.4 133.5   5.6 625.2  0.26  0.21
       7 27  87.3  51.8  70.2  65.6  56.8        16.2  93.7   3.9 698.7  0.27  0.23
       7 28  85.1  57.6  70.5  71.1  60.0  0.01  20.5 122.1   5.1 538.7  0.24  0.20
       7 29  72.3  60.4  64.1  89.5  60.8  0.32  10.7  79.5   3.3 226.6  0.10  0.09
       7 30  82.2  55.6  68.5  78.4  60.8  1.09  37.5 100.1   4.2 623.1  0.22  0.20
       7 31  80.5  54.5  67.2  81.9  61.1  0.05  33.1 143.0   6.0 633.4  0.22  0.19
       8  1  86.2  57.1  70.4  73.4  60.3        18.9  98.0   4.1 684.5  0.26  0.22
       8  2  90.1  61.2  75.6  55.6  57.6  0.01  27.8 115.6   4.8 664.1  0.31  0.25
       8  3  89.2  56.5  71.9  64.8  58.9        23.0 115.9   4.8 407.7  0.24  0.18
       8  4  85.4  53.9  68.5  66.8  55.9  0.14  21.3 100.7   4.2 562.0  0.24  0.20
       8  5  88.5  52.6  69.8  61.9  53.0        18.3 100.6   4.2 692.3  0.29  0.24
       8  6  87.0  53.8  69.7  57.3  51.7  0.03  25.9 136.9   5.7 616.4  0.31  0.24
       8  7  77.7  49.7  65.1  58.7  50.2        16.2 105.0   4.4 624.3  0.23  0.19
       8  8  81.4  55.8  69.5  70.1  58.2        20.2 170.6   7.1 643.6  0.26  0.21
       8  9  84.2  58.8  70.2  68.5  58.2        21.2 163.4   6.8 608.5  0.28  0.22
       8 10  86.8  58.3  69.6  64.2  55.4  0.02  28.1 118.4   4.9 554.8  0.28  0.22
       8 11  86.4  50.4  68.3  61.6  52.6        11.3  75.4   3.1 673.6  0.25  0.21
       8 12  95.2  49.9  71.9  53.8  51.8        12.3  82.7   3.4 646.9  0.30  0.24
       8 13  89.4  54.1  72.7  51.3  52.5        15.2 105.7   4.4 592.3  0.28  0.22
       8 14  76.7  60.2  68.0  82.5  62.5  0.01  17.0  86.7   3.6 328.8  0.13  0.11
       8 15  87.5  57.0  67.8  75.4  58.6  0.43  46.0 100.9   4.2 539.2  0.25  0.20
       8 16  83.1  56.3  69.7  65.8  55.8        18.3  99.1   4.1 649.4  0.25  0.21
       8 17  84.4  51.2  69.1  66.4  55.5        18.3 108.5   4.5 652.3  0.25  0.21
       8 18  86.9  57.2  70.2  68.9  58.0  0.02  22.0 130.1   5.4 544.3  0.26  0.21
       8 19  76.0  54.0  64.6  74.6  55.8        16.1 102.7   4.3 510.9  0.18  0.16
       8 20  92.3  55.4  71.6  61.4  55.3        22.4 128.5   5.4 599.6  0.32  0.24
       8 21  86.8  57.6  71.5  64.8  57.2  0.01  27.0 119.1   5.0 461.7  0.24  0.19
       8 22  75.9  57.6  66.6  76.4  58.5        17.1 119.4   5.0 490.1  0.18  0.15
       8 23  80.0  58.8  68.3  75.0  59.4        15.3 116.0   4.8 515.5  0.20  0.17
       8 24  86.7  51.1  68.7  69.9  57.2        14.8  89.2   3.7 594.0  0.23  0.19
       8 25  86.0  54.0  69.8  66.4  56.3        15.3  70.2   2.9 601.6  0.22  0.19
       8 26  82.0  51.9  68.0  66.7  54.9        14.9  96.9   4.0 618.3  0.23  0.19
       8 27  82.8  53.4  66.3  73.2  56.2        18.3 111.1   4.6 454.2  0.21  0.16
       8 28  84.9  57.1  68.4  71.9  57.9        27.6 103.5   4.3 460.9  0.22  0.17
       8 29  79.2  55.6  65.2  83.1  59.6  0.33  29.2 178.8   7.5 372.7  0.18  0.14
       8 30  71.8  52.5  60.3  84.9  55.3        12.4  85.8   3.6 396.0  0.13  0.12
       8 31  81.4  49.3  64.4  76.8  55.7        15.3  92.7   3.9 553.2  0.20  0.17
       9  1  86.3  51.3  69.1  63.6  53.4        17.2 128.5   5.4 574.0  0.27  0.21
       9  2  84.7  50.9  66.7  68.8  54.4        13.5 102.8   4.3 535.2  0.23  0.18
       9  3  89.5  49.9  67.7  59.0  48.6        14.3 102.5   4.3 568.2  0.28  0.21
       9  4  94.1  49.5  70.7  55.3  49.9  0.01  19.4 131.4   5.5 558.0  0.33  0.24
       9  5  94.3  59.4  74.9  52.2  52.8  0.01  28.9 178.7   7.4 536.6  0.38  0.27
       9  6  66.6  53.3  60.8  74.4  52.4        22.7 161.1   6.7 141.3  0.11  0.08
       9  7  77.5  46.3  60.0  68.4  47.3        12.4  87.8   3.7 537.8  0.20  0.16
       9  8  87.0  43.9  64.0  54.5  42.6  0.03  16.7 105.0   4.4 540.8  0.27  0.20
       9  9  89.5  45.6  67.6  49.6  42.3        10.7  77.9   3.2 563.5  0.25  0.19
       9 10  90.8  47.2  67.6  50.3  44.4        19.0  80.9   3.4 540.2  0.26  0.19
       9 11  70.2  52.5  61.8  79.1  55.3        17.0 123.8   5.2 261.6  0.11  0.09
       9 12  76.5  55.1  63.1  66.9  51.2  0.01  18.5 195.4   8.1 428.6  0.24  0.17
       9 13  76.9  52.3  62.2  74.1  52.6  0.03  24.4 198.9   8.3 360.4  0.21  0.15
       9 14  73.0  51.2  60.3  82.5  54.4  0.03  20.8 147.9   6.2 355.1  0.15  0.12
       9 15  69.6  53.6  59.4  85.0  54.4  0.48  18.0 118.6   4.9 379.3  0.13  0.11
       9 16  72.9  50.0  59.4  81.8  53.1  0.05  25.6 199.0   8.3 450.0  0.18  0.14
       9 17  63.5  47.3  55.5  81.1  49.6  0.82  21.5 194.2   8.1 141.4  0.09  0.07
       9 18  63.4  40.7  52.2  78.6  44.9  0.58  33.8 124.1   5.2 443.4  0.13  0.10
       9 19  63.0  39.2  51.3  59.1  35.9  0.59  30.0 302.0  12.6 450.8  0.22  0.15
       9 20  62.0  40.3  52.7  63.5  40.1  0.03  29.1 157.1   6.5 347.6  0.14  0.11
       9 21  75.7  35.2  55.8  65.0  41.6        14.1  84.1   3.5 464.4  0.17  0.13
       9 22  74.1  39.8  56.4  69.4  45.9        15.7  66.1   2.8 288.0  0.12  0.10
       9 23  60.3  44.5  52.5  72.2  43.7        17.9 112.8   4.7 316.1  0.11  0.09
       9 24  70.5  47.0  56.3  77.6  48.7  0.03  38.3 120.6   5.0 338.4  0.14  0.11
       9 25  60.6  36.5  48.3  87.9  45.4  0.04  29.4 153.4   6.4 131.1  0.07  0.05
       9 26  52.0  35.0  40.1  78.8  33.4  0.17  16.4 129.5   5.4 289.7  0.10  0.07
       9 27  56.4  30.1  43.3  62.0  30.0  0.06  22.1 172.0   7.2 480.6  0.15  0.11
       9 28  71.7  41.5  57.3  56.3  40.6        16.7 112.3   4.7 479.8  0.18  0.13
       9 29  79.1  39.5  58.1  61.2  42.1        16.5 123.0   5.1 477.4  0.22  0.16
       9 30  82.8  42.3  60.4  59.3  43.1        13.0  79.9   3.3 456.3  0.19  0.14
      10  1  83.8  43.6  61.9  52.1  40.7        24.1 132.0   5.5 469.3  0.26  0.18
      10  2  57.4  45.2  49.8  66.7  39.0        21.4 183.4   7.6 347.8  0.14  0.10
      10  3  71.8  43.4  54.5  66.1  43.2        17.1 124.4   5.2 365.4  0.17  0.12
      10  4  76.8  43.2  57.2  72.4  46.8        10.6  76.8   3.2 432.0  0.15  0.12
      10  5  80.3  41.1  58.0  67.0  44.8        10.7  67.0   2.8 425.3  0.16  0.12
      10  6  69.9  41.8  56.0  64.7  43.4        12.5  94.5   3.9 419.9  0.14  0.11
      10  7  67.1  44.2  52.3  77.0  44.7        15.7 105.0   4.4 321.7  0.13  0.09
      10  8  74.6  36.5  54.0  61.0  37.0        19.0 121.1   5.0 424.5  0.20  0.14
      10  9  72.3  35.3  52.3  60.9  36.7        10.4  88.9   3.7 407.3  0.16  0.11
      10 10  80.7  37.0  55.4  58.8  38.9        14.1  95.2   4.0 405.5  0.20  0.14
      10 11  89.0  37.2  60.2  52.7  37.0        17.5  91.5   3.8 409.1  0.24  0.16
      10 12  86.3  40.2  60.5  46.8  36.7        11.6  84.2   3.5 401.0  0.21  0.15
      10 13  83.5  37.6  58.3  52.6  37.8        10.7  77.9   3.2 389.3  0.19  0.13
      10 14  72.6  38.0  53.6  56.8  36.8        13.4 101.2   4.2 230.1  0.15  0.10
      10 15  78.1  31.5  51.7  55.0  33.0        12.4  69.6   2.9 376.6  0.16  0.11
      10 16  64.3  32.7  45.0  65.2  32.3  0.05  29.9 162.5   6.8 286.8  0.17  0.11
      10 17  46.3  21.8  36.8  50.1  19.3        31.4 262.1  10.9 276.4  0.12  0.08
      10 18  72.5  16.4  42.2  50.4  19.7        17.0 108.5   4.5 389.6  0.20  0.13
      10 19  74.5  28.8  50.1  48.2  28.2        34.0 196.4   8.2 301.8  0.27  0.17
      10 20  47.4  33.2  41.3  40.7  18.3        28.8 242.1  10.1 173.4  0.15  0.10
      10 21  45.3  22.8  32.8  51.6  15.5        26.0 200.9   8.4 319.0  0.13  0.08
      10 22  61.4  13.4  36.8  46.5  15.4        28.9 173.4   7.2 368.2  0.19  0.12
      10 23  58.4  24.5  43.3  41.6  18.7        14.5 106.2   4.4 294.1  0.13  0.09
      10 24  65.1  23.9  45.1  44.8  22.6        17.6  89.6   3.7 244.2  0.13  0.09
      10 25  63.4  28.9  46.7  48.6  27.3        22.0 180.3   7.5 240.0  0.17  0.11
      10 26  45.3  30.6  38.1  80.1  32.7  0.37  39.0 332.5  13.9 188.9  0.07  0.05
      10 27  46.7  26.9  34.6  76.8  27.9        15.3  95.6   4.0 299.2  0.07  0.05
      10 28  64.1  25.4  43.2  79.5  37.5        24.3 145.8   6.1 304.1  0.12  0.08
      10 29  58.8  28.4  45.8  64.2  33.0        50.2 334.7  13.9 228.1  0.15  0.10
      10 30  40.7  26.7  33.0  78.5  26.8        18.6 169.9   7.1 231.6  0.06  0.04
      10 31  30.8  27.3  29.5  93.7  28.0        14.7 141.3   5.9  39.8  0.02  0.01
      11  1  54.6  22.8  37.2  69.5  26.3        17.1 118.1   4.9 301.5            
      11  2  64.2  22.4  40.1  64.1  26.8         7.8  62.3   2.6 332.4            
      11  3  61.7  22.9  43.2  61.6  29.0        17.3 110.3   4.6 236.9            
      11  4  63.3  29.1  48.5  46.8  27.0        30.0 206.0   8.6 327.5            
      11  5  58.7  29.3  41.2  61.1  28.0        28.4 179.9   7.5 267.2            
      11  6  45.9  25.9  34.9  48.7  16.9  0.01  29.3 149.8   6.2 232.7            
      11  7  51.3  17.1  34.4  47.9  15.4        41.9 315.9  13.2 313.8            
      11  8  52.1  13.4  32.9  52.2  15.9        12.6  97.2   4.0 287.6            
      11  9  63.6  24.1  41.6  56.0  24.1        21.8 134.2   5.6 287.5            
      11 10  69.8  20.0  39.7  61.6  23.7        22.7  99.3   4.1 252.1            
      11 11  42.0  19.3  28.2  72.9  20.1        16.2 142.0   5.9 283.2            
      11 12  61.6  15.2  34.6  67.5  23.4         9.7  82.8   3.5 287.8            
      11 13  36.3  26.9  30.8  82.1  25.9        16.7 176.0   7.3 210.1            
      11 14  44.0  28.3  34.5  83.7  29.8        16.8 178.5   7.4 136.8            
      11 15  38.4  29.1  32.4  94.5  31.0  0.01  15.3 136.5   5.7  66.3            
      11 16  29.2   5.7  18.1  84.2  14.8  0.06  23.9 205.4   8.6 194.5            
      11 17  39.1   3.2  19.9  82.1  17.0        12.1  91.1   3.8 194.6            
      11 18  48.8  19.0  31.4  83.1  27.1        12.9  92.0   3.8 174.8            
      11 19  73.9  28.0  45.8  66.0  32.2        17.1  89.2   3.7 262.2            
      11 20  68.5  26.9  44.7  62.3  28.8  0.01  24.5 180.2   7.5 273.0            
      11 21  40.8  24.3  29.5  89.9  26.8         9.4  69.2   2.9 119.8            
      11 22  47.5  21.2  32.3  87.5  29.0        10.0  83.0   3.5 165.5            
      11 23  33.9  10.6  25.0  86.3  22.3        19.6 160.3   6.7  87.4            
      11 24  41.5   8.1  22.5  74.5  15.2        13.4  85.1   3.5 258.9            
      11 25  54.2  13.6  33.0  69.8  22.7        20.9 137.1   5.7 233.7            
      11 26  35.5  21.6  26.7  81.8  21.8        15.9 115.9   4.8 153.4            
      11 27  44.5  15.6  26.8  75.4  18.8        13.5  84.8   3.5 197.2            
      11 28  55.8  12.8  29.4  64.9  16.2        10.4  72.4   3.0 258.6            
      11 29  42.3  16.3  29.8  77.5  23.7  0.02  20.9 207.4   8.6 171.4            
      11 30  38.0  10.4  24.4  75.9  17.5  0.03  17.8 143.4   6.0 232.1            
      12  1  50.0   7.3  28.6  61.2  16.0        14.8  74.8   3.1 213.0            
      12  2  40.5  12.7  29.9  40.4   7.3  0.04  39.3 316.4  13.2 184.2            
      12  3  46.7   5.0  22.0  52.2   5.0        10.2  90.7   3.8 249.0            
      12  4  35.3   8.4  21.8  43.6   0.1        38.5 255.7  10.7 219.5            
      12  5  55.3   8.8  33.6  46.7  15.9        32.7 218.1   9.1 148.8            
      12  6  39.7  19.6  30.0  56.1  15.4  0.01  22.9 104.1   4.3  80.3            
      12  7  47.7  16.0  31.1  45.4   9.1        33.8 246.6  10.3 239.7            
      12  8  65.9  15.9  36.5  51.8  19.7        12.0  76.9   3.2 172.3            
      12  9  56.3  23.1  37.8  58.1  23.1        12.1  60.4   2.5 132.0            
      12 10  63.3  31.6  42.0  52.8  24.7        27.6 119.8   5.0 127.0            
      12 11  56.4  19.6  36.6  56.4  20.3        34.9 179.3   7.5 177.7            
      12 12  61.0  19.6  36.6  57.0  20.8        17.8 107.3   4.5 227.0            
      12 13  53.5  20.4  35.0  67.2  24.5        18.3 124.6   5.2 229.0            
      12 14  40.3  19.9  31.8  45.6  12.7        42.2 397.0  16.5 221.4            
      12 15  40.6  10.7  24.6  39.2   0.7        16.6 115.8   4.8 238.0            
      12 16  36.8   9.7  22.5  47.7   6.7  0.01  33.1 289.0  12.0  64.1            
      12 17  16.7   0.5  10.1  43.3  -8.0        42.7 395.3  16.5 178.7            
      12 18  13.1  -7.1   3.7  54.7  -9.4        30.5 190.6   7.9 243.6            
      12 19  35.9  -7.6  13.5  60.0   2.7        19.1  95.8   4.0 141.5            
      12 20  44.6   1.1  20.2  64.7   9.5         9.8  62.5   2.6 107.7            
      12 21  44.5  23.0  32.1  54.5  16.5        12.6 100.2   4.2  88.3            
      12 22  45.9  15.7  24.2  81.7  18.6        21.7 155.0   6.5 197.6            
      12 23  18.6   0.3  11.2  79.7   6.5        11.4  92.2   3.8 101.9            
      12 24  48.1  -0.5  20.7  62.7   7.6  0.02  34.3 139.4   5.8 222.5            
      12 25  37.6   4.1  16.0  68.2   6.7        25.0 165.0   6.9 209.1            
      12 26  27.2  -0.8  12.7  57.1   0.2        14.5  94.1   3.9 201.9            
      12 27  60.8  13.5  33.3  49.5  15.5        15.6 104.4   4.3 178.4            
      12 28  58.0  15.5  35.4  47.7  14.4        26.5 112.6   4.7 219.0            
      12 29  65.5  17.4  37.6  43.4  15.2        15.2  87.8   3.7 223.1            
      12 30  56.1  21.9  36.7  54.2  21.0        13.1  96.0   4.0 102.9            
      12 31  53.4  26.9  38.9  55.5  23.9        20.5 132.2   5.5 137.8            

      Total                               14.99                         53.62 40.82
        Max  97.0  61.2  76.9  95.8  62.5        58.7 535.2  22.3 755.0
        Min   0.7 -25.9 -10.8  21.5 -15.7         7.8  60.4   2.5  39.8
        Ave  63.7  32.7  47.2  62.1  32.8        23.2 154.5   6.4 404.2
