                                                                    17-JAN-02
      Cellular-linked Weather Station near WIGGINS, Colorado             2001
      -----------------------------------------------------------------------------
               Temperature      Rel   Dew             Wind        Solar StandrdASCE
            ----------------- Humid Point  Prec -----------------   Rad   ETr   ETo
       Date   Max   Min   Ave   Ave   Ave Total   Max Total   Ave Total Alflf Grass
      MoDay     F     F     F     %     F  inch   mph miles   mph Langl  inch  inch
      ----- ----- ----- ----- ----- ----- ----- ----- ----- ----- ----- ----- -----
       1  1  22.7   6.8  14.4  92.6  13.2  0.01  11.7  70.8   3.0 140.5            
       1  2  35.1   9.0  18.4  85.2  15.1  0.01  12.4 126.5   5.3 252.9            
       1  3  47.3   8.2  26.5  74.8  19.5        11.3 106.1   4.4 248.0            
       1  4  56.7  14.9  31.9  70.7  22.3  0.02  17.7 122.8   5.1 224.2            
       1  5  55.6  20.8  33.5  73.6  25.7        12.1  85.8   3.6 253.2            
       1  6  49.3  24.1  32.9  76.1  25.7        13.7  96.5   4.0 169.0            
       1  7  42.8  19.3  31.2  65.7  20.4        14.3 116.5   4.9 257.8            
       1  8  48.5  13.2  27.0  68.3  16.5         8.4  76.1   3.2 268.6            
       1  9  56.9   8.5  28.1  59.2  12.7  0.02  26.6 118.9   5.0 249.4            
       1 10  56.9  13.4  31.9  61.0  17.7        11.0  77.7   3.2 253.8            
       1 11  48.3  18.8  31.5  64.9  20.1        12.1 111.4   4.6 269.0            
       1 12  59.0  10.6  30.1  62.9  16.5        15.6  96.3   4.0 266.0            
       1 13  36.8  23.3  30.9  66.8  21.0  0.01  32.8 310.8  12.9  77.7            
       1 14  42.2  15.8  31.8  45.6  12.0        29.7 236.6   9.9 245.4            
       1 15  39.3   6.7  22.7  63.8  11.1        10.8  84.8   3.5 267.8            
       1 16  23.8  11.9  19.7  93.5  18.2        15.3 139.9   5.8 121.7            
       1 17  21.8  -4.9  10.2  89.6   8.8        12.4  95.7   4.0 201.5            
       1 18  36.7  13.1  27.0  73.3  19.5  0.02  19.0 155.9   6.5 191.6            
       1 19  35.2  10.7  23.0  79.4  17.3        11.2  81.9   3.4 282.6            
       1 20  43.5  12.8  29.2  69.7  19.6  0.03  33.5 216.0   9.0 206.4            
       1 21  48.3  14.5  29.0  64.0  16.3        17.5 108.7   4.5 290.0            
       1 22  51.2  12.1  28.3  67.0  17.0        21.9 102.8   4.3 197.5            
       1 23  44.6  19.6  30.2  76.8  23.2        16.8 127.6   5.3 211.5            
       1 24  42.3  16.5  27.8  74.5  20.2  0.01  21.8 148.8   6.2 278.0            
       1 25  43.1  21.7  31.5  69.1  22.1        24.2 169.3   7.1 177.5            
       1 26  40.2  19.8  30.6  56.4  16.4        29.9 228.9   9.5 259.9            
       1 27  35.7  19.4  27.1  86.2  23.5  0.13  17.1 213.7   8.9 131.1            
       1 28  25.8  21.9  22.8  95.9  21.9  0.05  17.0 141.7   5.9 158.6            
       1 29  35.8  21.5  28.5  79.4  22.5  0.10  36.6 256.8  10.7 211.1            
       1 30  32.4  16.8  28.8  60.0  16.7        36.5 363.8  15.2 190.7            
       1 31  39.4   1.1  15.5  73.5   8.3        10.2  88.1   3.7 331.1            
       2  1  35.2   5.1  19.6  74.0  12.5        11.9  86.6   3.6 305.0            
       2  2  47.4   9.2  25.9  77.0  20.8        12.7  82.7   3.4 293.4            
       2  3  42.7  24.2  35.0  75.1  27.7        33.6 170.2   7.1 138.9            
       2  4  41.9  24.3  31.9  68.1  22.4        16.4 107.8   4.5 321.2            
       2  5  58.8  19.6  35.2  76.5  27.3  0.01  30.2 120.3   5.0 321.6            
       2  6  50.3  27.3  35.1  83.2  29.9        26.8 237.5   9.9 324.9            
       2  7  32.3  16.3  23.7  94.8  23.0        21.3 195.7   8.2  49.6            
       2  8  16.5   6.4  10.8  83.5   7.1  0.15  21.3 224.0   9.3 260.9            
       2  9  20.7 -18.8   3.7  73.1  -2.0        14.0  95.3   4.0 381.3            
       2 10  37.5  -8.5  11.4  75.4   7.1        25.4 110.1   4.6 362.5            
       2 11  40.2   2.9  16.9  85.4  14.1        13.8  65.7   2.7 320.8            
       2 12  46.0   7.1  27.5  77.5  21.6        23.2 138.1   5.8 369.3            
       2 13  48.5  14.1  28.2  83.9  23.9  0.03  29.2 196.2   8.2 370.6            
       2 14  15.2   3.3  11.7  86.6   8.5  0.06  12.4 100.2   4.2 259.2            
       2 15  36.4  -1.0  16.8  80.5  13.5  0.01  13.4  82.4   3.4 394.5            
       2 16  25.8  18.3  22.1  94.4  20.8  0.02  23.5 194.7   8.1 108.5            
       2 17  38.8  22.6  27.3  89.8  24.6         9.1  72.1   3.0 270.5            
       2 18  47.8  21.6  32.0  86.9  28.6        10.2  98.8   4.1 242.9            
       2 19  56.7  28.1  37.9  77.4  30.8        18.0 108.4   4.5 346.8            
       2 20  33.9  25.3  28.7  97.3  28.0        21.3 182.5   7.6 130.0            
       2 21  43.2  25.8  31.2  92.3  29.2        12.7  93.4   3.9 241.0            
       2 22  51.8  22.9  37.0  72.7  27.7        14.0 107.7   4.5 310.4            
       2 23  47.5  30.2  36.2  96.1  35.5        20.4 215.8   9.0 203.7            
       2 24  34.2  22.1  30.5  90.5  28.0  0.17  27.8 194.8   8.1 216.4            
       2 25  51.8  12.9  30.9  77.9  24.5        13.5  97.7   4.1 416.6            
       2 26  31.5  20.9  25.8  90.2  23.4        19.4 181.0   7.5 213.4            
       2 27  21.0   8.8  15.5  87.0  12.6  0.02  16.4 173.2   7.2 270.3            
       2 28  35.5   7.4  22.0  80.7  17.8         6.8  55.6   2.3 350.8            
       3  1  54.0  22.4  34.9  67.3  23.4        34.0 157.5   6.6 444.7  0.14  0.10
       3  2  52.7  21.3  35.3  70.2  25.3        18.3 105.0   4.4 445.1  0.11  0.08
       3  3  52.2  23.3  35.2  70.3  24.9        16.5 112.3   4.7 408.4  0.11  0.08
       3  4  50.2  23.8  34.7  70.5  24.9        10.7  82.0   3.4 470.0  0.10  0.08
       3  5  60.9  22.4  40.0  65.1  27.5        14.2 119.9   5.0 378.2  0.14  0.10
       3  6  60.9  31.9  44.0  63.5  30.3        19.7 114.9   4.8 366.0  0.14  0.10
       3  7  60.3  26.8  42.8  70.5  32.3        18.1 144.6   6.0 414.3  0.14  0.10
       3  8  59.5  23.6  40.7  71.8  30.6        11.2  81.7   3.4 457.5  0.12  0.09
       3  9  64.9  26.5  45.8  58.6  29.1        18.6 104.5   4.4 455.7  0.16  0.11
       3 10  49.9  26.8  34.2  85.7  29.8  0.20  22.4 174.5   7.3  75.3  0.08  0.06
       3 11  27.3  19.4  24.0  96.6  23.2  0.09  15.9 169.8   7.1 325.4  0.03  0.03
       3 12  50.0  15.2  32.7  75.5  25.1  0.06  33.0 147.9   6.2 456.6  0.10  0.08
       3 13  54.4  26.2  38.7  69.1  28.2        17.1 114.0   4.8 472.3  0.12  0.09
       3 14  53.6  23.9  35.9  68.9  25.3  0.01  41.1 246.5  10.3 244.3  0.15  0.10
       3 15  40.3  21.2  31.2  64.6  20.2        46.9 381.5  15.9 455.2  0.11  0.08
       3 16  47.0  16.8  31.5  67.8  20.5        19.2 156.1   6.5 473.1  0.11  0.08
       3 17  36.7  23.4  29.9  89.7  27.3  0.06  25.3 259.9  10.8 285.2  0.05  0.04
       3 18  51.1  23.1  34.9  75.2  26.3        24.7 187.8   7.8 357.1  0.12  0.09
       3 19  62.3  22.1  40.6  61.0  24.5        14.9  80.0   3.3 518.0  0.15  0.11
       3 20  70.3  27.4  49.5  58.2  33.2        22.1 133.9   5.6 429.9  0.19  0.14
       3 21  65.0  37.2  49.2  75.6  40.6        23.3 146.0   6.1 361.6  0.15  0.11
       3 22  65.9  35.3  48.8  72.6  37.8  0.02  16.7 115.1   4.8 508.8  0.16  0.13
       3 23  59.9  30.4  39.7  78.7  32.7  0.03  26.7 227.1   9.5 475.5  0.18  0.13
       3 24  34.3  28.0  30.9  87.1  27.5        18.7 241.5  10.1 123.3  0.04  0.03
       3 25  34.6  29.0  31.4  91.8  29.3  0.03  19.6 194.0   8.1 104.0  0.03  0.03
       3 26  46.2  29.7  36.5  86.7  32.8        17.5 160.9   6.7 281.7  0.07  0.06
       3 27  58.4  27.8  39.6  74.0  30.3  0.02  29.3 142.2   5.9 390.1  0.15  0.11
       3 28  52.8  21.8  39.2  71.9  29.9        20.5 113.6   4.7 334.6  0.10  0.08
       3 29  50.8  31.5  40.9  75.2  33.2        13.0  81.2   3.4 270.8  0.08  0.07
       3 30  59.8  26.4  40.5  71.5  29.7  0.01  33.9 234.8   9.8 438.5  0.19  0.13
       3 31  48.8  25.9  34.9  80.8  28.7  0.26  14.2 120.4   5.0 591.0  0.12  0.10
       4  1  68.3  27.2  48.2  59.9  31.7        28.6 190.1   7.9 446.7  0.22  0.16
       4  2  68.3  34.2  50.7  68.1  40.3  0.01  36.8 297.8  12.4 454.2  0.22  0.16
       4  3  69.3  37.1  51.9  78.8  44.6  0.01  39.2 263.3  11.0 388.4  0.19  0.14
       4  4  56.3  41.0  48.0  87.7  44.3        19.7 182.7   7.6 228.9  0.08  0.07
       4  5  65.2  45.3  51.7  81.4  45.6        21.2 154.2   6.4 292.7  0.14  0.10
       4  6  71.1  40.7  49.9  77.7  42.0  0.02  49.4 238.5   9.9 325.8  0.23  0.16
       4  7  68.7  38.0  53.7  38.3  26.7        33.6 228.2   9.5 526.0  0.30  0.20
       4  8  67.4  33.2  48.1  65.5  34.5        24.5 119.6   5.0 477.7  0.19  0.14
       4  9  66.8  24.9  44.8  59.4  28.6  0.01  33.4 251.7  10.5 496.0  0.26  0.18
       4 10  42.8  34.0  39.4  81.7  34.2  0.40  26.5 201.3   8.4 108.3  0.05  0.04
       4 11  44.2  31.5  35.9  87.0  32.3  0.56  54.7 482.0  20.1 197.6  0.08  0.06
       4 12  51.1  28.5  38.6  79.5  32.8        25.7 161.1   6.7 552.6  0.12  0.10
       4 13  58.7  32.1  44.9  55.1  27.3        19.6 149.5   6.2 645.3  0.20  0.15
       4 14  63.4  28.4  46.0  59.2  30.3  0.01  30.8 139.4   5.8 522.8  0.19  0.14
       4 15  61.6  27.2  44.9  51.9  26.8        30.0 171.5   7.1 642.3  0.22  0.16
       4 16  43.8  28.2  35.7  73.9  28.1  0.01  27.0 137.8   5.7 231.4  0.08  0.06
       4 17  61.8  26.6  44.8  63.1  31.7        26.5 263.7  11.0 575.1  0.21  0.15
       4 18  82.7  32.6  57.1  50.9  32.6        16.1 152.2   6.3 602.6  0.33  0.24
       4 19  79.1  40.0  60.3  40.7  30.3  0.01  40.5 218.1   9.1 635.7  0.38  0.26
       4 20  65.1  33.9  50.4  59.0  36.0  0.01  33.6 216.7   9.0 310.3  0.19  0.13
       4 21  59.5  28.7  44.8  77.4  37.2  0.12  33.8 260.6  10.9 492.4  0.16  0.12
       4 22  44.0  27.8  33.7  94.6  32.5  0.28  34.6 408.2  17.0 134.2  0.06  0.04
       4 23  58.6  24.8  41.3  68.6  30.8        19.1 150.4   6.3 681.2  0.18  0.14
       4 24  66.2  32.8  51.0  60.8  35.5        20.7 139.0   5.8 577.0  0.20  0.16
       4 25  73.1  34.4  54.8  57.5  36.2        15.8  92.0   3.8 691.5  0.23  0.19
       4 26  78.2  38.6  58.9  54.8  38.4        11.3  98.1   4.1 690.9  0.26  0.21
       4 27  84.1  41.1  61.8  50.8  39.4        30.1 174.5   7.3 625.3  0.35  0.25
       4 28  84.2  42.4  62.2  53.3  42.4  0.01  37.8 146.6   6.1 584.9  0.32  0.23
       4 29  82.1  42.6  63.0  52.8  41.6        32.0 137.8   5.7 594.9  0.29  0.22
       4 30  76.7  40.9  60.7  48.5  37.2        28.9 137.3   5.7 665.3  0.28  0.22
       5  1  87.2  44.3  65.7  38.9  37.4        36.0 234.8   9.8 587.9  0.44  0.30
       5  2  50.9  34.4  37.9  88.9  34.6  0.22  34.2 248.2  10.3  50.4  0.09  0.06
       5  3  41.1  32.1  37.0  96.8  36.3  0.31  17.2 181.1   7.5  87.6  0.02  0.02
       5  4  45.3  39.4  42.5  96.5  41.5  0.66  14.8 167.3   7.0 104.6  0.03  0.03
       5  5  48.1  41.0  44.3  93.9  42.7  1.25  35.7 329.0  13.7  73.0  0.04  0.03
       5  6  60.3  41.3  49.7  73.5  40.9  0.02  33.4 251.7  10.5 647.6  0.19  0.15
       5  7  65.7  38.8  51.4  59.9  36.3        21.3 117.6   4.9 725.0  0.22  0.18
       5  8  77.0  39.8  59.4  55.4  38.7        17.1 109.4   4.6 740.0  0.28  0.22
       5  9  83.6  40.4  60.0  58.5  41.8        30.4 113.2   4.7 568.5  0.28  0.21
       5 10  78.9  42.4  60.5  63.6  46.3        20.4 153.0   6.4 520.3  0.25  0.19
       5 11  72.4  46.1  58.4  68.9  46.9        23.5 150.5   6.3 672.9  0.24  0.19
       5 12  85.4  43.5  65.8  56.9  45.8        13.8  99.8   4.2 740.0  0.30  0.24
       5 13  90.5  43.8  67.6  51.6  44.6        15.2  87.0   3.6 738.0  0.31  0.25
       5 14  86.0  45.5  64.3  64.6  50.1  0.28  31.4 112.0   4.7 607.1  0.28  0.22
       5 15  88.2  48.5  67.7  59.5  49.7        13.5  81.7   3.4 645.9  0.27  0.22
       5 16  81.0  51.5  65.6  57.0  48.3  0.02  32.4 162.4   6.8 463.1  0.28  0.20
       5 17  64.3  48.5  54.2  83.1  49.1  0.30  25.2 173.5   7.2 159.5  0.11  0.08
       5 18  79.5  43.0  59.2  72.8  48.1  0.01  18.7  98.3   4.1 624.6  0.24  0.20
       5 19  63.3  51.4  57.5  85.7  53.2  0.18  16.5 122.3   5.1 256.0  0.09  0.08
       5 20  69.3  33.4  49.2  77.2  41.4  0.09  52.2 266.8  11.1 519.8  0.23  0.17
       5 21  57.8  32.3  45.3  54.1  28.1        30.9 258.3  10.8 560.8  0.22  0.16
       5 22  72.8  36.3  55.6  53.5  35.8        36.9 252.8  10.5 712.0  0.33  0.24
       5 23  79.3  39.3  59.6  51.3  37.1  0.01  36.3 290.8  12.1 750.0  0.41  0.29
       5 24  74.6  36.9  56.7  47.1  32.2        32.4 267.4  11.1 776.0  0.38  0.27
       5 25  74.0  33.2  54.1  61.7  39.0        17.3 111.3   4.6 738.0  0.25  0.20
       5 26  79.7  41.2  58.9  68.1  46.7  0.01  37.2 113.3   4.7 501.5  0.23  0.18
       5 27  80.0  51.7  61.0  79.2  53.5  0.04  24.3 165.8   6.9 482.8  0.25  0.19
       5 28  82.4  44.1  61.3  75.7  51.7  0.61  33.8 203.9   8.5 400.1  0.27  0.19
       5 29  73.5  52.2  61.7  80.5  55.0  0.18  22.8 137.1   5.7 508.5  0.19  0.16
       5 30  69.6  50.8  58.7  81.6  52.8  0.18  27.7 176.6   7.4 374.6  0.16  0.13
       5 31  76.4  45.7  59.5  78.7  51.5  0.02  13.9  67.7   2.8 636.9  0.20  0.18
       6  1  83.2  49.0  66.0  59.5  48.3        17.8 111.3   4.6 761.0  0.30  0.25
       6  2  91.1  48.2  68.4  57.9  50.4  0.01  28.6 226.2   9.4 687.5  0.43  0.31
       6  3  67.6  52.1  57.9  88.5  54.5  0.09  26.3 269.8  11.2 217.4  0.13  0.09
       6  4  57.5  47.0  52.2  95.6  51.0  0.08  23.8 236.9   9.9 199.9  0.06  0.05
       6  5  75.2  43.0  58.9  72.1  48.0  0.02  27.5 157.6   6.6 695.6  0.25  0.21
       6  6  83.7  52.6  67.9  65.1  53.4        17.7 177.6   7.4 764.0  0.33  0.26
       6  7  82.8  60.6  69.3  75.8  60.5  0.16  47.6 190.1   7.9 548.7  0.27  0.21
       6  8  85.4  56.2  70.0  66.3  57.5        23.8 206.1   8.6 771.0  0.35  0.27
       6  9  89.5  58.1  71.5  60.8  55.1        18.9 129.5   5.4 577.5  0.31  0.24
       6 10  93.1  51.3  74.3  48.1  48.8        17.8 138.0   5.8 761.0  0.39  0.30
       6 11  93.6  55.2  75.4  49.0  52.4        41.9 210.2   8.8 722.0  0.44  0.33
       6 12  88.3  61.9  72.6  61.7  57.3  0.01  36.2 170.4   7.1 562.9  0.33  0.25
       6 13  69.4  43.0  53.2  59.6  36.9  0.76  27.5 275.5  11.5 340.4  0.28  0.19
       6 14  69.5  38.4  54.8  60.7  38.9  0.03  32.5 188.6   7.9 756.0  0.27  0.21
       6 15  83.3  41.6  64.1  50.3  40.3        24.3 136.2   5.7 763.0  0.34  0.26
       6 16  82.4  49.3  66.1  54.1  47.9        17.0 154.8   6.5 692.2  0.32  0.25
       6 17  94.7  48.8  73.4  46.6  45.9        21.3 161.5   6.7 795.0  0.44  0.33
       6 18  92.9  53.2  72.0  43.9  45.3        27.0 203.0   8.5 724.0  0.47  0.34
       6 19  73.1  53.9  62.2  54.2  44.6        22.4 204.0   8.5 613.2  0.30  0.23
       6 20  75.7  53.5  63.2  67.2  51.6        24.3 226.4   9.4 669.9  0.29  0.22
       6 21  81.7  47.8  65.5  60.4  48.9        15.8  99.0   4.1 757.0  0.28  0.24
       6 22  91.0  53.6  71.5  54.1  50.9  0.01  34.6 100.0   4.2 685.1  0.32  0.26
       6 23  96.3  53.1  75.4  44.9  47.3        18.3 130.6   5.4 768.0  0.41  0.32
       6 24  98.4  54.9  78.5  39.7  48.1        35.9 130.7   5.4 745.0  0.42  0.32
       6 25  95.6  59.3  78.9  43.9  52.1  0.10  37.7 117.9   4.9 705.0  0.37  0.29
       6 26  94.2  60.8  78.5  47.0  54.3        26.2 201.8   8.4 685.2  0.44  0.32
       6 27  90.3  57.9  75.3  54.2  55.7        21.5 119.4   5.0 754.0  0.34  0.28
       6 28  96.8  58.3  77.5  49.8  52.6        14.4  95.6   4.0 763.0  0.36  0.29
       6 29  97.4  56.5  76.6  49.5  52.8        28.1 110.7   4.6 527.2  0.33  0.25
       6 30 100.5  63.3  78.4  49.2  55.8  0.02  24.9 187.8   7.8 644.6  0.49  0.35
       7  1 101.6  59.1  78.7  52.6  56.1  0.03  43.5 198.0   8.3 721.0  0.51  0.37
       7  2  99.3  59.0  76.6  52.9  54.8        27.8 138.5   5.8 621.2  0.40  0.30
       7  3  88.6  60.5  73.7  59.3  58.1  0.01  30.3 150.7   6.3 536.2  0.30  0.23
       7  4  99.0  54.9  76.5  56.1  56.1        24.8 119.1   5.0 704.0  0.38  0.30
       7  5  94.7  64.4  79.3  50.7  58.3        32.0 189.9   7.9 684.3  0.42  0.31
       7  6  98.8  63.3  81.6  50.3  58.4        35.8 123.0   5.1 715.0  0.38  0.30
       7  7  95.5  62.2  79.0  57.6  60.9  0.01  37.6 136.3   5.7 661.9  0.35  0.28
       7  8  94.7  63.8  77.6  58.0  59.8        36.5 181.0   7.5 636.1  0.39  0.30
       7  9  91.1  60.0  74.4  67.6  62.2  0.09  32.9 142.3   5.9 601.0  0.30  0.24
       7 10  85.0  60.4  72.3  72.9  62.5  0.33  38.1 175.2   7.3 703.0  0.29  0.24
       7 11  86.4  59.5  71.4  75.0  62.3  0.03  22.7 114.5   4.8 685.3  0.27  0.23
       7 12  90.2  60.6  73.4  70.9  61.9        24.5 130.1   5.4 568.9  0.29  0.23
       7 13  84.7  60.9  70.3  79.7  62.8  0.78  36.0 144.9   6.0 546.8  0.25  0.20
       7 14  83.0  59.6  69.6  80.9  62.9  0.01  20.8 112.2   4.7 607.2  0.23  0.20
       7 15  86.2  58.5  71.8  70.1  59.7        13.4  84.9   3.5 673.5  0.26  0.23
       7 16  92.8  57.1  74.4  55.9  54.1        15.8 109.9   4.6 758.0  0.35  0.28
       7 17  92.7  57.1  74.1  52.9  53.2        16.4 105.3   4.4 562.8  0.31  0.24
       7 18  94.7  55.5  75.4  54.0  54.2  0.01  25.3  90.2   3.8 686.4  0.32  0.26
       7 19  92.6  58.7  75.4  55.2  56.5        20.9 114.3   4.8 610.0  0.31  0.25
       7 20  98.4  60.3  77.1  58.1  58.1        11.0  89.0   3.7 707.0  0.34  0.28
       7 21 100.1  61.0  77.3  56.2  57.5        21.1 115.6   4.8 593.5  0.36  0.28
       7 22  98.4  64.6  79.2  47.9  54.1        15.1  90.9   3.8 735.0  0.36  0.29
       7 23  81.2  59.1  69.1  80.0  62.6  0.27  30.7 143.7   6.0 362.5  0.18  0.14
       7 24  84.1  57.7  69.4  78.5  61.7  0.12  31.0 131.0   5.5 634.7  0.25  0.21
       7 25  86.2  55.4  71.0  72.0  60.3        14.8 127.3   5.3 730.0  0.28  0.24
       7 26  84.2  61.3  70.5  76.7  62.4  0.02  33.7 164.9   6.9 483.8  0.24  0.19
       7 27  87.7  62.6  73.4  68.5  60.3        13.1  97.7   4.1 664.8  0.28  0.23
       7 28  93.5  58.2  75.4  58.0  56.1        15.1 123.5   5.1 721.0  0.35  0.28
       7 29  95.9  60.2  77.5  51.9  56.2  0.01  17.5 110.2   4.6 720.0  0.35  0.28
       7 30  97.9  55.3  76.6  54.2  56.5        16.4 101.3   4.2 685.8  0.34  0.27
       7 31  92.2  61.5  75.8  56.9  57.6  0.04  34.4 118.1   4.9 570.6  0.31  0.24
       8  1  88.6  59.1  71.7  75.0  61.7  0.64  32.6 110.1   4.6 548.3  0.25  0.21
       8  2  85.1  63.3  72.6  78.3  65.0  0.03  22.4 104.5   4.4 570.0  0.23  0.20
       8  3  89.6  60.7  75.3  69.2  63.2        14.2  93.4   3.9 694.2  0.27  0.24
       8  4  94.2  61.5  77.5  63.5  62.7        15.4  77.2   3.2 681.3  0.28  0.24
       8  5  96.3  65.7  79.2  61.8  62.8        16.9  95.9   4.0 658.1  0.31  0.26
       8  6  92.1  65.2  75.1  71.2  63.8  0.02  25.6 109.7   4.6 579.2  0.28  0.23
       8  7  93.7  59.1  74.2  66.2  59.9  0.01  16.4  99.2   4.1 664.4  0.30  0.25
       8  8  94.6  55.5  73.9  57.5  55.5  0.04  24.7 107.8   4.5 666.2  0.33  0.26
       8  9  75.3  55.7  66.8  63.4  53.4  0.01  22.6 175.4   7.3 374.0  0.20  0.16
       8 10  79.9  52.7  64.4  74.4  55.6        17.9 135.7   5.7 527.6  0.22  0.18
       8 11  90.0  52.8  70.0  66.1  55.2        12.6  75.6   3.1 666.7  0.27  0.22
       8 12  91.9  55.3  71.7  64.3  56.7        20.0 127.7   5.3 647.6  0.32  0.25
       8 13  88.1  54.4  69.5  71.8  59.0  0.02  23.6 135.9   5.7 555.2  0.27  0.21
       8 14  81.0  61.7  70.9  64.4  57.4        19.3 135.8   5.7 415.2  0.22  0.17
       8 15  83.7  57.8  67.8  64.9  54.1        29.1 139.3   5.8 389.8  0.25  0.18
       8 16  81.8  52.0  65.0  69.2  53.0        23.5  84.1   3.5 450.6  0.20  0.16
       8 17  85.8  48.3  66.5  61.4  49.1        17.0  97.2   4.0 603.1  0.26  0.21
       8 18  91.4  47.0  69.0  54.9  48.1        10.7  95.5   4.0 657.1  0.30  0.24
       8 19  96.6  49.4  70.3  54.0  48.7  0.01  31.5 104.6   4.4 518.5  0.32  0.24
       8 20  92.1  56.8  72.5  52.9  52.2  0.01  33.8 108.4   4.5 452.4  0.28  0.21
       8 21  90.3  59.0  71.8  57.0  53.4        17.2  85.7   3.6 552.3  0.27  0.21
       8 22  88.3  53.8  69.7  58.1  52.4        27.6 114.3   4.8 372.3  0.25  0.18
       8 23  77.6  58.9  65.2  81.6  58.9  0.24  13.1  90.4   3.8 351.7  0.15  0.13
       8 24  91.6  51.0  68.8  70.2  56.5  0.01  13.1  84.1   3.5 583.8  0.26  0.21
       8 25  83.6  55.5  70.1  61.7  54.7  0.04  22.0 141.0   5.9 401.2  0.23  0.17
       8 26  93.1  47.2  69.6  56.5  49.1        18.8 100.5   4.2 632.1  0.31  0.23
       8 27  95.5  50.9  73.1  46.1  47.7        19.0 136.2   5.7 625.0  0.37  0.27
       8 28  94.5  56.0  74.2  39.4  45.9        23.3 160.2   6.7 584.7  0.40  0.28
       8 29  94.5  48.5  70.1  52.4  48.1        15.6 103.1   4.3 572.0  0.31  0.23
       8 30  79.7  51.1  66.3  59.1  51.0        17.2  87.1   3.6 526.0  0.20  0.17
       8 31  84.9  54.5  66.9  68.8  55.0  0.01  24.8 140.9   5.9 483.6  0.26  0.19
       9  1  89.9  50.3  67.5  60.7  50.2  0.03  34.3 138.7   5.8 486.0  0.30  0.22
       9  2  94.5  50.2  70.9  51.1  46.8        19.6 116.8   4.9 557.9  0.33  0.24
       9  3  92.1  48.4  69.5  51.8  48.1        11.3  91.3   3.8 590.1  0.28  0.21
       9  4  91.4  52.3  72.0  46.2  46.7        21.1 136.7   5.7 597.4  0.34  0.25
       9  5  89.4  53.3  72.4  50.0  50.0        23.2 187.9   7.8 575.0  0.35  0.25
       9  6  89.5  50.4  67.5  58.8  49.6        35.2 114.0   4.8 457.3  0.27  0.20
       9  7  74.3  46.8  58.9  46.5  35.8  0.01  32.4 218.1   9.1 561.2  0.32  0.22
       9  8  54.8  40.5  47.0  81.9  41.3  0.66  21.2 151.4   6.3 230.5  0.09  0.07
       9  9  73.1  34.2  52.5  66.0  38.3        13.5  87.3   3.6 599.3  0.20  0.16
       9 10  83.1  39.6  59.8  61.5  43.7         8.6  73.6   3.1 601.4  0.22  0.18
       9 11  89.5  46.4  65.9  49.7  41.4        13.4 107.5   4.5 560.8  0.30  0.22
       9 12  84.6  44.3  64.0  54.3  45.6        22.4 163.1   6.8 567.1  0.30  0.22
       9 13  87.7  51.2  67.6  59.7  50.9        27.3 176.0   7.3 500.0  0.31  0.22
       9 14  83.6  54.9  64.0  77.8  55.8        29.6 123.3   5.1 445.1  0.22  0.17
       9 15  65.0  53.7  57.6  91.4  55.0  0.04  18.9 139.5   5.8 258.5  0.09  0.08
       9 16  79.1  49.7  62.4  79.8  55.1        14.3 111.2   4.6 444.6  0.18  0.14
       9 17  66.5  53.5  58.7  93.4  56.8  0.35  12.7 107.8   4.5 188.6  0.07  0.06
       9 18  67.1  46.2  55.4  89.2  52.1  0.06  17.0  95.8   4.0 362.9  0.11  0.09
       9 19  83.1  44.0  61.5  66.8  47.0  0.01  12.7  76.1   3.2 525.7  0.20  0.16
       9 20  77.6  48.3  62.7  61.9  47.8        13.8 111.5   4.6 531.5  0.21  0.16
       9 21  87.6  44.6  64.3  63.0  47.9        13.1 107.7   4.5 514.9  0.25  0.19
       9 22  81.3  47.2  62.0  57.9  43.3  0.04  22.6 155.4   6.5 487.7  0.28  0.19
       9 23  72.6  36.2  54.6  67.5  42.0        11.7 107.9   4.5 474.9  0.17  0.13
       9 24  81.6  37.1  58.2  67.0  45.1        15.9 134.5   5.6 490.5  0.24  0.17
       9 25  86.6  38.5  61.1  63.8  45.5        14.4 117.9   4.9 490.1  0.25  0.18
       9 26  95.9  41.7  64.9  54.5  41.8        16.8  94.8   4.0 453.3  0.29  0.20
       9 27  97.0  46.1  68.4  46.6  42.2        12.2 115.5   4.8 475.5  0.33  0.23
       9 28  90.0  41.5  64.9  60.5  48.0  0.01  19.3 166.1   6.9 458.6  0.31  0.21
       9 29  83.4  50.6  63.0  66.7  50.5  0.01  14.2 119.2   5.0 263.9  0.20  0.14
       9 30  82.5  46.1  62.3  70.5  51.0        11.8  93.7   3.9 437.0  0.19  0.14
      10  1  87.7  41.8  62.0  64.7  46.9        13.9 111.0   4.6 436.6  0.24  0.17
      10  2  88.9  42.2  62.9  49.8  38.1  0.04  17.1 140.6   5.9 441.8  0.32  0.21
      10  3  84.5  35.2  59.0  54.0  38.7        15.8 121.8   5.1 421.1  0.25  0.17
      10  4  56.7  34.8  47.8  73.2  39.1  0.08  20.0 209.8   8.7 110.2  0.09  0.06
      10  5  55.8  29.7  39.9  82.8  34.3        13.1 111.6   4.7 337.9  0.10  0.07
      10  6  74.7  24.8  46.0  69.6  33.5        10.6 102.7   4.3 450.5  0.19  0.13
      10  7  80.6  34.4  54.2  65.0  40.1        11.5 121.4   5.1 360.9  0.22  0.15
      10  8  84.6  36.0  59.0  59.4  41.0  0.03  19.4 137.4   5.7 380.3  0.26  0.17
      10  9  72.8  42.0  52.2  72.7  42.6  0.27  25.9 184.0   7.7 333.1  0.21  0.14
      10 10  62.4  32.4  44.9  71.7  34.8  0.01  17.8 151.4   6.3 411.6  0.15  0.11
      10 11  66.4  25.0  45.3  68.8  34.1        23.4 114.8   4.8 314.5  0.14  0.10
      10 12  56.1  30.6  44.0  52.7  26.6        29.5 284.5  11.9 293.2  0.18  0.12
      10 13  59.7  25.3  43.3  67.1  32.7  0.01  27.8 206.5   8.6 219.6  0.13  0.09
      10 14  65.3  35.3  47.8  69.4  36.5  0.01  16.0 115.4   4.8 342.6  0.14  0.10
      10 15  57.4  28.3  39.3  82.4  33.8  0.29  31.1 180.3   7.5 412.8  0.12  0.09
      10 16  68.3  22.3  40.6  79.6  33.9        10.1  92.3   3.8 388.3  0.14  0.10
      10 17  79.3  29.6  47.7  76.3  39.3        10.7 106.4   4.4 307.1  0.19  0.13
      10 18  59.1  30.1  43.5  72.8  34.6        15.3 114.3   4.8 372.5  0.11  0.08
      10 19  68.2  24.8  45.1  63.8  30.4        17.7 116.0   4.8 387.3  0.16  0.11
      10 20  53.5  28.9  41.9  76.3  34.5        12.1  82.7   3.4 208.6  0.06  0.05
      10 21  61.6  31.5  46.0  71.5  36.6        14.9 110.3   4.6 299.7  0.10  0.08
      10 22  72.7  31.2  50.9  63.4  36.8        27.1 140.2   5.8 315.3  0.18  0.12
      10 23  72.5  30.4  49.0  58.2  31.8  0.01  33.3 204.9   8.5 319.5  0.24  0.16
      10 24  54.9  31.0  43.5  31.9  14.4  0.01  31.9 299.5  12.5 380.8  0.23  0.14
      10 25  62.2  17.4  38.2  48.0  17.5        15.9 125.2   5.2 355.9  0.16  0.11
      10 26  62.8  18.3  38.6  51.5  19.5        13.4 123.8   5.2 365.9  0.16  0.10
      10 27  79.5  21.4  43.7  54.1  25.0        11.7 119.7   5.0 352.9  0.25  0.16
      10 28  79.3  29.2  49.3  59.7  34.4        13.1 127.0   5.3 281.5  0.22  0.14
      10 29  58.3  30.3  43.7  71.7  34.8        11.6  96.8   4.0 280.8  0.09  0.06
      10 30  72.2  31.4  46.3  75.1  37.8        12.5 115.6   4.8 211.6  0.15  0.10
      10 31  72.5  29.7  49.2  62.0  34.3        26.0 175.9   7.3 211.0  0.20  0.13
      11  1  69.3  26.4  45.4  58.9  29.6        11.4  94.7   3.9 273.0            
      11  2  70.1  24.7  43.2  64.1  30.0        15.1 105.9   4.4 321.1            
      11  3  71.5  26.3  44.3  62.3  30.0        14.6  86.9   3.6 311.3            
      11  4  75.0  21.8  41.7  68.5  30.2        15.9 113.1   4.7 319.7            
      11  5  76.1  25.3  44.9  61.9  29.3         9.8 107.6   4.5 312.3            
      11  6  76.4  31.5  48.2  58.9  33.2        10.2 104.3   4.3 297.1            
      11  7  75.1  28.5  43.0  72.8  33.3  0.02  25.4 210.2   8.8 228.4            
      11  8  50.2  19.6  33.0  90.6  30.6  0.04  11.2 108.1   4.5 312.2            
      11  9  64.7  17.5  33.1  80.2  26.3        12.1 138.0   5.8 318.1            
      11 10  61.8  16.2  33.8  73.4  24.2         9.9 108.4   4.5 313.2            
      11 11  68.6  13.4  35.8  71.5  25.4         9.9  97.8   4.1 296.4            
      11 12  68.9  26.3  42.6  70.8  32.0         9.6 102.2   4.3 285.7            
      11 13  69.2  28.6  41.1  77.5  33.4         8.2  70.7   2.9 242.2            
      11 14  69.6  25.0  41.6  72.2  31.4        10.1  99.0   4.1 278.7            
      11 15  65.7  20.7  41.5  76.0  33.9  0.01  14.2 135.6   5.7 279.4            
      11 16  69.8  21.0  43.9  81.5  38.4  0.01  20.9 201.1   8.4 270.6            
      11 17  61.2  25.5  37.5  88.7  34.3        13.2 129.9   5.4 267.7            
      11 18  51.6  27.0  34.3  89.9  31.4  0.08  23.9 202.7   8.4 129.0            
      11 19  49.0  13.6  27.8  94.9  27.6  0.01  11.8  98.5   4.1 262.2            
      11 20  63.0  16.9  31.3  88.8  28.6        11.8 121.8   5.1 280.5            
      11 21  59.9  14.1  31.2  79.7  24.5        11.4 116.9   4.9 257.0            
      11 22  59.3  20.8  36.1  76.6  28.3        18.3 127.0   5.3 140.4            
      11 23  42.6  33.5  38.8  86.8  35.2  0.19  27.4 260.0  10.8  46.7            
      11 24  48.8  21.8  34.6  72.1  25.6        25.5 230.0   9.6 235.4            
      11 25  33.7  24.3  29.5  93.0  27.8  0.01  22.5 194.9   8.1  73.0            
      11 26  27.9  -2.3  17.8  92.7  17.0        30.5 299.1  12.5 222.9            
      11 27  24.6  -5.8   8.3  84.0   5.2        14.0 125.5   5.2 269.1            
      11 28  27.0 -10.0   3.6  83.9   1.7        10.5 103.1   4.3 262.4            
      11 29  35.0  -2.1  14.4  86.3  12.2  0.01   9.4  94.0   3.9 209.6            
      11 30  41.0   5.6  23.6  85.2  20.2  0.09  15.3 113.3   4.7 206.1            
      12  1  41.8   7.6  24.7  81.8  20.5        15.6 137.4   5.7 256.4            
      12  2  52.7  18.1  33.4  77.0  26.8  0.05  15.5 128.3   5.3 249.4            
      12  3  51.3  25.7  34.9  85.7  31.2        13.7  88.3   3.7 110.6            
      12  4  48.5  20.8  31.9  86.4  28.3        15.3 100.2   4.2 207.3            
      12  5  48.6  19.0  32.8  59.4  18.7  0.02  23.8 189.5   7.9 248.6            
      12  6  57.3  15.9  34.5  66.8  22.5        17.5 131.6   5.5 239.4            
      12  7  46.5  17.3  32.6  68.3  22.2  0.01  22.9 163.5   6.8 230.6            
      12  8  51.0   7.9  24.4  74.5  15.8        11.6 117.6   4.9 239.1            
      12  9  58.0  10.9  27.1  77.2  19.5        10.2 102.0   4.3 239.7            
      12 10  43.5  13.6  25.7  83.2  21.0        13.7 103.5   4.3 228.9            
      12 11  50.0   9.9  27.5  75.1  19.2  0.01  15.1 118.9   5.0 214.9            
      12 12  33.6  11.4  22.3  84.5  18.2        11.3  88.6   3.7 153.9            
      12 13  40.1   4.7  18.0  81.6  13.2        10.1 101.0   4.2 219.1            
      12 14  51.7   9.4  27.3  72.9  19.0         9.6  97.9   4.1 204.4            
      12 15  45.2  12.9  27.7  77.7  20.7        18.0 112.9   4.7 138.9            
      12 16  40.0   1.6  20.3  83.7  16.6  0.02  11.9  73.3   3.1 221.3            
      12 17  56.9  12.2  27.5  77.4  20.9         9.5  73.0   3.0 208.7            
      12 18  41.4  12.6  26.5  76.8  20.0        27.2 161.4   6.7 203.5            
      12 19  53.1   8.3  25.4  70.8  15.4        11.3  77.6   3.2 216.9            
      12 20  45.3  12.1  27.0  73.9  19.2        18.6 137.4   5.7 199.0            
      12 21  55.2  13.4  32.6  63.6  19.5        29.1 166.7   6.9 203.3            
      12 22  38.4  17.5  27.8  65.0  17.2        25.9 169.8   7.1 225.9            
      12 23  45.4   5.8  21.9  68.5  11.8        16.1  90.1   3.8 231.4            
      12 24  39.8   4.9  22.0  61.3   8.7        23.8 126.0   5.3 228.2            
      12 25  40.4  10.2  26.6  49.9   8.7        32.8 159.6   6.7 134.9            
      12 26  52.6  15.3  30.7  49.3  11.1        25.6 124.0   5.2 234.0            
      12 27  47.7  10.9  28.0  48.2   9.3        18.2 118.4   4.9 233.7            
      12 28  38.7   9.0  22.0  74.9  15.6        31.8 128.3   5.3  58.3            
      12 29  36.0  16.6  25.0  56.3  11.1        16.4  98.5   4.1 219.6            
      12 30  29.9   9.3  20.8  70.0  12.3        11.2  96.1   4.0 180.8            
      12 31  36.4   5.0  20.2  74.4  12.9        13.0  98.3   4.1 218.8            

      Total                               14.22                         57.89 43.91
        Max 101.6  65.7  81.6  97.3  65.0        54.7 482.0  20.1 795.0
        Min  15.2 -18.8   3.6  31.9  -2.0         6.8  55.6   2.3  46.7
        Ave  66.1  33.9  48.5  68.6  36.4        21.4 144.8   6.0 416.0
