                                                                    12-JAN-01
      Cellular-linked Weather Station near WIGGINS, Colorado             1997
      -----------------------------------------------------------------------------
               Temperature      Rel   Dew             Wind        Solar StandrdASCE
            ----------------- Humid Point  Prec -----------------   Rad   ETr   ETo
       Date   Max   Min   Ave   Ave   Ave Total   Max Total   Ave Total Alflf Grass
      MoDay     F     F     F     %     F  inch   mph miles   mph Langl  inch  inch
      ----- ----- ----- ----- ----- ----- ----- ----- ----- ----- ----- ----- -----
       1  1  48.4  20.0  32.2  71.6  23.6        10.7  80.4   3.4 116.9            
       1  2  73.0  30.1  44.5  53.0  26.6        15.0 107.9   4.5 147.5            
       1  3  51.3  27.5  38.3  77.3  31.9        21.6 123.4   5.1 105.2            
       1  4  39.8  20.5  32.9  43.4  12.4        48.8 415.1  17.3 232.7            
       1  5  34.1   9.1  22.0  45.1   2.6        14.4 121.8   5.1 225.1            
       1  6  30.8   5.3  18.7  46.5   1.1        14.6  95.0   4.0 243.0            
       1  7  41.3  -2.1  20.4  58.5   5.9        22.1 101.5   4.2 229.6            
       1  8  38.1  19.0  27.2  76.3  20.4  0.03  16.1 131.4   5.5 222.7            
       1  9  28.6  11.5  22.8  82.2  18.3  0.14  17.8 137.7   5.7  85.9            
       1 10  11.7   5.8   7.9  79.2   2.8  0.10  29.1 190.5   7.9 138.8            
       1 11   6.0  -5.5  -0.2  81.6  -4.1  0.13  14.3 135.8   5.7 181.3            
       1 12  -1.8 -14.3  -6.9  78.4 -11.6  0.07  14.3 193.3   8.1 221.1            
       1 13   6.9 -12.4  -2.4  74.9  -7.6  0.03  19.7 197.6   8.2 203.9            
       1 14  14.5 -13.6   0.5  77.7  -2.7        14.6  96.6   4.0 226.0            
       1 15  32.7  12.5  24.3  71.4  16.5        33.7 328.9  13.7 251.6            
       1 16  15.5  -5.9   6.6  78.6   1.7        17.8 110.1   4.6 283.3            
       1 17  17.8 -10.7   1.8  78.7  -1.9        13.1  98.2   4.1 269.0            
       1 18  45.1  10.5  26.5  73.0  20.2        15.8 118.3   4.9 229.1            
       1 19  47.0  12.8  26.6  82.8  22.2         9.4  78.3   3.3 273.6            
       1 20  41.8  16.0  28.4  84.7  24.7        11.0  92.7   3.9 218.3            
       1 21  47.3  24.7  34.0  66.1  23.4  0.01  26.9 138.0   5.8 212.7            
       1 22  41.0  13.5  28.5  62.8  17.7        12.7 119.7   5.0 259.7            
       1 23  36.8  16.2  25.7  82.5  21.2  0.01  21.3  92.0   3.8 113.5            
       1 24  37.6  10.2  23.0  61.1   9.5        32.4 219.9   9.2 298.6            
       1 25  28.6   6.5  16.5  74.8  10.2  0.01  20.1 191.6   8.0 249.1            
       1 26  42.1   8.9  24.3  76.2  18.8  0.01  25.3  95.2   4.0 142.0            
       1 27  25.3   2.4  15.4  80.9  10.6        22.2 120.3   5.0 262.4            
       1 28  38.3   1.6  15.8  83.8  13.3        13.1  99.2   4.1 176.5            
       1 29  43.4  25.9  34.8  76.3  27.8  0.04  25.5 131.9   5.5 298.1            
       1 30  46.7  18.3  32.7  76.7  26.0        14.1  98.1   4.1 269.5            
       1 31  58.9  30.1  42.9  65.7  31.8        12.4  99.3   4.1 198.7            
       2  1  60.6  28.1  42.5  59.7  27.7        22.1 117.1   4.9 251.6            
       2  2  48.0  24.0  34.2  76.6  27.1        16.4  98.4   4.1 195.7            
       2  3  44.5  25.8  33.4  60.7  19.7  0.03  40.2 322.8  13.4 249.7            
       2  4  37.1  19.9  27.5  59.7  14.7        26.2 168.7   7.0 276.5            
       2  5  36.0  15.5  24.8  77.6  18.6        19.2 205.2   8.6 277.3            
       2  6  26.3  20.2  23.3  91.8  21.3  0.18  15.1 141.6   5.9  87.2            
       2  7  28.5   3.4  17.4  82.3  13.2  0.01  12.4  99.5   4.1 344.5            
       2  8  37.4  -2.3  15.8  76.9  10.7         9.1  59.8   2.5 356.7            
       2  9  41.5   5.9  22.7  67.9  12.9        13.1  91.6   3.8 328.5            
       2 10  36.2   7.9  25.7  68.7  17.0        11.8  82.8   3.5 329.2            
       2 11  38.3  23.5  29.6  80.5  23.9  0.02  16.1 137.3   5.7 162.0            
       2 12  37.3  22.6  29.2  85.3  25.2  0.04  19.1 188.9   7.9 237.0            
       2 13  41.7  22.1  30.9  70.8  21.8  0.04  18.6 159.6   6.7 348.6            
       2 14  50.1  19.7  32.3  65.1  20.0        15.9 105.2   4.4 321.4            
       2 15  51.4  26.8  36.8  64.9  25.1  0.02  36.9 219.0   9.1 328.3            
       2 16  60.0  21.5  37.7  66.8  26.1        10.8  93.2   3.9 374.0            
       2 17  65.4  29.6  43.1  61.5  28.0        10.3  77.3   3.2 281.8            
       2 18  55.0  26.1  36.3  76.9  29.1        23.8 147.6   6.2 251.4            
       2 19  55.8  17.6  32.6  82.0  27.9        13.1  90.4   3.8 390.8            
       2 20  43.6  23.6  34.0  65.5  22.6  0.03  24.5 200.9   8.4 187.7            
       2 21  41.6  21.6  30.7  61.4  17.5        22.4 192.2   8.0 278.0            
       2 22  43.0  15.5  28.4  58.8  13.1  0.01  26.2 121.8   5.1 401.0            
       2 23  21.4  14.5  17.6  85.5  14.0        17.2 138.6   5.8 203.8            
       2 24  32.2  11.1  20.3  73.0  12.2  0.02  12.6  85.2   3.5 426.6            
       2 25  47.0  11.9  27.7  64.9  16.2  0.02  19.1  79.6   3.3 411.5            
       2 26  33.0  24.5  29.2  81.2  24.2  0.01  28.6 155.3   6.5 129.4            
       2 27  48.2  18.5  31.3  72.4  22.5        13.8 130.0   5.4 257.4            
       2 28  32.0  13.0  26.0  86.0  22.4  0.09  22.9 205.5   8.6  67.2            
       3  1  37.9  -0.4  20.5  79.3  16.0        10.8  94.6   3.9 447.0  0.06  0.05
       3  2  55.9  23.4  36.8  64.8  24.0  0.02  18.4 112.9   4.7 422.8  0.13  0.09
       3  3  48.0  22.0  34.6  50.8  14.7  0.03  37.6 272.5  11.4 438.9  0.17  0.11
       3  4  28.6  10.2  22.8  94.0  21.6  0.09  16.4 142.4   5.9 258.5  0.02  0.02
       3  5  46.7   1.7  22.4  74.9  15.5        11.3  70.5   2.9 459.5  0.08  0.06
       3  6  62.4  19.0  36.6  59.7  20.4        15.1  95.5   4.0 419.6  0.15  0.11
       3  7  60.9  21.2  41.4  44.7  17.6  0.04  30.4 152.2   6.3 476.2  0.19  0.13
       3  8  65.3  22.2  44.1  45.6  20.1  0.01  26.2 153.8   6.4 457.8  0.21  0.14
       3  9  57.9  21.0  39.3  55.0  21.6        18.3 138.3   5.8 483.9  0.16  0.11
       3 10  69.7  23.7  46.0  43.5  18.5        30.0 143.8   6.0 472.2  0.24  0.16
       3 11  75.7  25.1  49.1  35.0  17.0        18.3 166.3   6.9 498.3  0.31  0.20
       3 12  69.2  30.4  45.5  50.8  25.8        21.0 141.8   5.9 260.4  0.21  0.14
       3 13  37.2  18.1  28.4  67.9  19.5  0.01  25.1 244.8  10.2 179.8  0.07  0.05
       3 14  24.9  10.7  17.8  56.5   4.7  0.01  27.3 217.8   9.1 315.6  0.07  0.05
       3 15  46.4  14.9  28.8  44.2   9.2        21.1 192.7   8.0 482.0  0.15  0.10
       3 16  73.9  20.8  45.7  47.5  20.8         9.4  70.4   2.9 438.8  0.18  0.13
       3 17  68.7  34.8  50.2  47.4  28.0        31.4 181.0   7.5 270.6  0.23  0.15
       3 18  64.3  31.8  47.2  43.8  23.3        33.6 200.9   8.4 526.4  0.25  0.17
       3 19  76.5  25.0  51.6  38.6  22.0  0.01  26.5 160.7   6.7 514.4  0.29  0.20
       3 20  82.2  29.4  55.0  35.5  22.9        13.1  79.0   3.3 456.8  0.23  0.16
       3 21  60.3  28.7  50.7  36.7  24.8        26.6 200.7   8.4 494.4  0.20  0.14
       3 22  71.3  22.0  46.1  40.8  19.5        21.8 125.2   5.2 543.0  0.24  0.17
       3 23  67.0  24.6  45.4  40.1  21.3  0.01  16.0 155.6   6.5 445.4  0.23  0.16
       3 24  45.3  21.5  36.0  64.9  25.7  0.01  39.7 271.0  11.3 156.3  0.09  0.06
       3 25  53.2  16.8  34.8  52.3  15.7        15.7 115.4   4.8 565.5  0.15  0.11
       3 26  71.2  21.0  47.1  46.0  22.2        17.5 118.0   4.9 569.3  0.23  0.17
       3 27  73.6  25.8  47.0  43.9  21.8  0.02  57.2 282.9  11.8 465.6  0.37  0.24
       3 28  59.7  30.7  45.8  35.3  17.5        26.1 221.3   9.2 575.0  0.25  0.17
       3 29  51.7  23.5  41.2  35.6  15.0        33.9 305.3  12.7 449.4  0.20  0.14
       3 30  69.3  14.5  43.2  33.0  10.5        21.5 125.3   5.2 590.5  0.25  0.18
       3 31  76.2  23.8  52.6  29.4  15.4        27.0 157.6   6.6 561.0  0.31  0.21
       4  1  56.0  33.6  45.8  30.2  14.8        24.0 238.6   9.9 467.8  0.24  0.16
       4  2  38.2  30.5  33.8  85.9  29.9  0.03  22.3 190.9   8.0 140.6  0.05  0.04
       4  3  71.1  25.6  47.0  63.2  33.2  0.04  27.8 185.0   7.7 588.8  0.25  0.18
       4  4  64.9  28.8  46.2  72.4  36.8  0.15  39.8 287.7  12.0 352.6  0.19  0.13
       4  5  34.7  25.1  28.7  68.1  19.3        46.0 577.2  24.1 565.6  0.11  0.08
       4  6  45.8  22.2  33.3  44.9  13.7        33.1 269.8  11.2 543.1  0.17  0.12
       4  7  58.6  16.4  35.7  51.6  15.5        26.8 160.3   6.7 574.6  0.20  0.15
       4  8  38.0  16.8  25.5  59.4  12.9        25.3 279.3  11.6 318.1  0.11  0.08
       4  9  34.0  18.4  25.6  80.1  20.2        28.6 364.4  15.2 118.7  0.06  0.04
       4 10  22.8  15.7  18.9  87.6  15.8  0.02  15.4 180.6   7.5 221.6  0.03  0.03
       4 11  21.8  10.0  15.4  78.9   9.9  0.10  21.3 184.2   7.7 508.3  0.05  0.05
       4 12  34.3   7.8  20.6  62.2   8.7        18.8 180.1   7.5 645.8  0.10  0.08
       4 13  52.4  10.1  31.2  51.1  10.3  0.01  14.9 101.6   4.2 658.3  0.16  0.12
       4 14  63.4  17.5  42.0  46.8  19.4        27.1 121.6   5.1 558.0  0.20  0.15
       4 15  62.2  36.3  48.9  51.9  30.5        27.2 155.2   6.5 382.7  0.19  0.14
       4 16  67.9  33.1  50.5  54.1  30.9        24.3 104.3   4.3 650.7  0.21  0.17
       4 17  76.3  28.2  53.7  41.1  23.9        17.6 108.8   4.5 666.0  0.27  0.20
       4 18  74.2  35.9  55.9  41.2  31.3        28.0 158.8   6.6 569.6  0.28  0.20
       4 19  80.2  43.5  62.9  34.3  30.1  0.01  29.1 190.7   7.9 579.6  0.36  0.25
       4 20  71.3  42.5  59.1  48.2  37.9        25.9 216.3   9.0 421.4  0.26  0.18
       4 21  61.2  40.7  53.7  37.0  26.8  0.02  35.5 350.4  14.6 397.2  0.28  0.19
       4 22  61.0  31.6  47.1  47.9  25.1        32.1 201.2   8.4 599.7  0.23  0.17
       4 23  62.7  31.1  48.0  48.9  27.6        34.5 235.4   9.8 584.3  0.25  0.18
       4 24  44.2  37.7  39.9  87.5  36.4  0.44  34.3 357.4  14.9 154.1  0.07  0.05
       4 25  51.6  30.5  40.2  76.1  32.3        22.9 177.3   7.4 468.6  0.13  0.10
       4 26  57.8  29.9  42.1  72.0  32.2        24.8 154.6   6.4 435.4  0.15  0.12
       4 27  68.6  27.7  49.3  57.6  31.5        15.3 103.7   4.3 664.3  0.21  0.17
       4 28  69.2  43.0  55.6  57.1  38.8        23.6 158.7   6.6 468.0  0.22  0.17
       4 29  65.5  40.5  53.1  66.2  40.6  0.02  31.9 188.9   7.9 307.3  0.17  0.13
       4 30  60.9  35.3  46.8  63.5  33.4  0.01  23.2 144.6   6.0 643.9  0.20  0.16
       5  1  62.9  39.3  50.4  47.1  30.1  0.01  34.1 251.6  10.5 423.3  0.25  0.17
       5  2  54.6  32.2  43.8  52.4  26.4        38.6 409.4  17.1 536.5  0.23  0.16
       5  3  66.7  26.9  47.6  51.0  27.1        14.7  89.7   3.7 625.1  0.20  0.16
       5  4  81.4  31.9  58.9  40.2  30.2        36.9 158.4   6.6 608.9  0.34  0.24
       5  5  74.2  44.3  59.5  44.0  35.6        24.0 181.4   7.6 681.4  0.31  0.23
       5  6  82.3  42.7  63.0  42.1  36.8        22.9 136.7   5.7 612.9  0.32  0.23
       5  7  74.5  49.4  62.7  37.9  36.0  0.01  29.1 218.2   9.1 553.7  0.33  0.24
       5  8  61.4  42.8  51.8  41.9  29.1        18.0 156.6   6.5 621.1  0.24  0.18
       5  9  74.6  31.3  54.0  45.9  31.3        23.0 147.6   6.2 700.0  0.29  0.22
       5 10  80.0  35.9  62.0  38.7  31.4        22.1 128.4   5.3 679.7  0.31  0.23
       5 11  62.8  41.5  51.8  49.1  32.8  0.01  24.5 209.5   8.7 365.5  0.22  0.16
       5 12  69.7  31.9  51.4  51.6  30.2        23.9 154.2   6.4 637.1  0.26  0.20
       5 13  75.9  33.5  57.0  41.1  30.4        28.9 208.5   8.7 583.3  0.33  0.23
       5 14  70.2  36.9  55.5  52.7  37.4        25.3 103.8   4.3 509.8  0.20  0.16
       5 15  78.2  40.9  59.5  64.1  44.6        27.3  96.3   4.0 588.8  0.23  0.19
       5 16  82.8  44.2  64.1  52.8  43.3        37.8 129.4   5.4 499.8  0.28  0.21
       5 17  85.7  48.8  67.5  46.1  43.6        23.0 119.6   5.0 554.0  0.30  0.23
       5 18  77.4  42.9  59.5  55.7  42.5  0.02  30.6 201.2   8.4 424.0  0.28  0.20
       5 19  66.6  42.4  52.4  69.2  41.6  0.02  19.7 161.2   6.7 599.3  0.22  0.17
       5 20  79.4  40.7  59.4  63.1  44.8  0.02  28.5 244.1  10.2 529.0  0.32  0.23
       5 21  76.9  50.9  61.3  69.2  50.4        31.0 264.6  11.0 489.6  0.28  0.21
       5 22  61.8  52.4  56.5  88.0  53.0  0.03  15.9 169.1   7.0 165.8  0.08  0.07
       5 23  69.4  51.7  58.3  75.0  49.8  0.03  22.1 194.2   8.1 489.7  0.21  0.16
       5 24  75.3  45.9  60.2  75.3  51.6  0.02  25.6 191.4   8.0 465.8  0.21  0.16
       5 25  65.0  47.7  55.0  81.4  49.2  0.25  21.8 167.1   7.0 404.4  0.15  0.12
       5 26  54.6  39.8  49.6  85.9  45.5  0.46  34.7 183.8   7.7 253.1  0.07  0.06
       5 27  64.3  42.2  51.6  81.8  45.9  0.15  21.5  90.8   3.8 486.3  0.15  0.13
       5 28  66.2  40.2  53.5  79.3  47.0  0.01  17.9 127.3   5.3 588.8  0.17  0.15
       5 29  65.0  51.2  55.9  87.6  52.2  0.18  17.1  87.1   3.6 274.3  0.10  0.09
       5 30  73.2  47.9  60.4  76.9  52.3        12.9  86.0   3.6 549.8  0.18  0.16
       5 31  83.1  49.0  66.3  67.6  53.4        13.0  94.8   4.0 631.0  0.25  0.21
       6  1  89.4  56.3  71.0  60.3  54.3  0.04  28.0 194.4   8.1 553.1  0.36  0.26
       6  2  77.7  56.4  65.1  78.5  57.5  0.25  26.8 214.6   8.9 444.9  0.22  0.17
       6  3  72.4  51.8  61.9  74.9  53.0  0.01  17.2 139.5   5.8 636.4  0.22  0.18
       6  4  76.5  47.8  61.7  72.8  51.8  0.03  26.7 214.7   8.9 672.4  0.27  0.21
       6  5  81.1  53.9  67.5  69.5  56.3        20.2 208.7   8.7 612.9  0.28  0.22
       6  6  75.8  56.7  65.6  75.0  56.9        25.3 215.1   9.0 412.2  0.21  0.16
       6  7  78.1  57.0  65.3  72.1  55.3  0.03  29.1 194.1   8.1 544.3  0.26  0.20
       6  8  73.9  56.2  63.3  77.8  55.6  0.19  26.2 200.0   8.3 406.2  0.20  0.15
       6  9  63.9  54.2  57.4  89.5  54.2  0.99  20.9 180.7   7.5 265.2  0.11  0.09
       6 10  71.9  51.9  60.3  83.5  55.2  0.42  28.6 239.2  10.0 569.0  0.20  0.17
       6 11  79.9  51.4  65.8  67.4  52.3  0.01  15.6 115.0   4.8 722.0  0.27  0.23
       6 12  75.4  50.6  61.5  78.2  54.1  0.15  25.1 129.6   5.4 444.4  0.19  0.15
       6 13  69.4  53.9  60.2  81.9  54.4        20.8 151.3   6.3 449.4  0.17  0.14
       6 14  80.9  57.1  65.2  76.8  56.9  0.16  35.0 218.2   9.1 592.5  0.29  0.22
       6 15  79.5  49.5  61.8  72.7  51.6        22.8 109.6   4.6 596.3  0.24  0.20
       6 16  78.2  50.4  62.3  71.5  51.5  0.01  21.8  88.6   3.7 654.6  0.24  0.20
       6 17  78.8  50.4  64.9  69.7  53.1        16.6 106.4   4.4 609.3  0.23  0.20
       6 18  90.3  52.9  68.4  68.8  55.3  0.01  23.4  92.4   3.9 629.4  0.29  0.23
       6 19  92.9  58.6  75.0  56.0  55.1        16.7 109.8   4.6 621.9  0.32  0.25
       6 20  90.9  53.1  73.6  55.0  53.8        22.2 108.9   4.5 671.5  0.31  0.25
       6 21  85.7  59.0  72.1  53.0  52.3  0.01  23.5 181.0   7.5 620.0  0.35  0.26
       6 22  94.5  58.5  77.8  42.9  50.7  0.01  32.0 233.8   9.7 605.5  0.47  0.33
       6 23  88.6  57.6  73.6  55.5  55.3  0.01  35.7 157.2   6.5 650.3  0.34  0.26
       6 24  80.8  55.1  67.5  64.7  53.7  0.03  27.0 175.1   7.3 648.7  0.29  0.23
       6 25  84.7  50.6  65.4  72.3  54.4  0.02  34.8 167.1   7.0 668.4  0.31  0.24
       6 26  88.9  52.9  69.8  62.3  53.0  0.01  15.5 108.9   4.5 753.0  0.33  0.27
       6 27  91.5  50.8  70.7  53.2  49.6        22.6 109.4   4.6 662.5  0.33  0.26
       6 28  89.5  51.8  71.6  51.1  50.1        21.8  99.7   4.2 597.0  0.29  0.23
       6 29  88.8  54.2  71.5  53.8  51.8        17.1 115.5   4.8 749.0  0.33  0.27
       6 30  90.4  58.4  74.2  50.5  52.0  0.02  18.2 134.1   5.6 755.0  0.37  0.29
       7  1  84.3  52.3  71.7  37.1  39.1        33.4 296.0  12.3 779.0  0.48  0.34
       7  2  82.0  44.5  65.6  44.8  41.7        25.9 197.9   8.2 740.0  0.37  0.28
       7  3  72.3  53.2  62.2  55.7  45.7  0.01  22.9 164.0   6.8 715.0  0.28  0.23
       7  4  80.9  47.7  65.8  56.3  47.6        19.1 124.3   5.2 720.0  0.29  0.24
       7  5  79.1  50.1  64.3  61.9  50.1  0.03  22.2 114.7   4.8 551.1  0.24  0.19
       7  6  88.6  50.8  68.9  60.7  52.3  0.01  28.7 142.9   6.0 583.2  0.32  0.24
       7  7  85.1  52.3  71.6  55.9  53.3  0.02  23.1 177.7   7.4 739.0  0.34  0.27
       7  8  87.4  56.5  70.5  58.6  54.3        25.4 132.9   5.5 636.7  0.31  0.25
       7  9  88.4  51.9  70.5  59.7  53.7        14.4 117.2   4.9 732.0  0.32  0.26
       7 10  92.5  54.4  72.6  55.4  54.5        21.8  94.0   3.9 650.6  0.31  0.25
       7 11  81.2  55.8  66.8  69.0  55.9        15.1  96.2   4.0 271.6  0.17  0.13
       7 12  88.5  52.9  70.9  60.2  54.3  0.01  30.2 130.0   5.4 605.2  0.30  0.24
       7 13  86.5  55.4  70.9  43.4  46.6        20.1 141.7   5.9 723.0  0.36  0.28
       7 14  87.0  57.1  72.3  54.2  53.6  0.09  14.9 112.5   4.7 723.0  0.31  0.26
       7 15  93.8  56.2  75.2  48.3  51.1  0.01  16.1  96.0   4.0 726.0  0.34  0.27
       7 16  93.6  52.9  72.7  54.3  52.9  0.01  24.8  89.4   3.7 647.2  0.31  0.25
       7 17  98.5  52.3  75.0  50.3  52.8        33.2  81.7   3.4 671.4  0.33  0.26
       7 18  92.8  55.5  76.3  42.2  50.0        22.4 136.5   5.7 713.0  0.37  0.29
       7 19  85.0  58.5  67.6  78.9  60.3  1.24  34.8 115.8   4.8 402.0  0.21  0.17
       7 20  80.6  56.0  68.0  79.9  61.1  0.01  10.0  70.3   2.9 674.7  0.22  0.20
       7 21  84.9  55.7  71.3  70.6  60.3  0.03  23.2 112.2   4.7 623.6  0.25  0.21
       7 22  88.4  60.8  74.0  69.3  62.5        12.6  97.7   4.1 643.1  0.27  0.23
       7 23  91.1  58.7  74.5  66.2  60.9  0.07  35.8 106.0   4.4 660.3  0.29  0.24
       7 24  89.7  63.0  75.1  68.2  62.7         9.2  70.2   2.9 661.3  0.26  0.23
       7 25  91.2  61.0  72.2  70.7  60.9  0.15  32.4 109.6   4.6 429.6  0.25  0.20
       7 26  90.5  56.0  71.8  70.4  59.7        22.9 105.3   4.4 640.6  0.28  0.23
       7 27  82.1  63.7  70.5  78.3  62.8  0.24  16.3  96.3   4.0 328.4  0.17  0.14
       7 28  74.9  60.7  66.6  88.0  62.8  2.29  22.3 135.2   5.6 298.0  0.13  0.11
       7 29  78.8  61.1  68.6  83.5  63.1  0.17  20.7 197.2   8.2 430.7  0.19  0.16
       7 30  83.5  62.7  70.5  80.9  63.8  0.82  31.8 127.8   5.3 540.0  0.23  0.19
       7 31  85.4  60.1  69.6  84.0  63.9  0.03  24.4  73.4   3.1 488.1  0.19  0.17
       8  1  86.0  62.5  72.5  74.1  62.6  0.01  26.2 100.2   4.2 658.3  0.26  0.22
       8  2  86.0  61.3  72.1  75.1  63.2        21.0  93.1   3.9 558.7  0.23  0.20
       8  3  88.4  56.2  72.6  71.7  62.0        13.0  76.6   3.2 678.8  0.25  0.22
       8  4  80.4  61.4  70.1  75.2  61.3  0.02  20.8 144.9   6.0 542.0  0.23  0.19
       8  5  69.9  60.0  64.1  91.3  61.5  0.24  20.5 172.0   7.2 168.0  0.09  0.07
       8  6  72.1  58.3  62.8  85.2  57.9  0.36  18.3 120.0   5.0 384.5  0.15  0.13
       8  7  78.5  54.2  66.1  74.9  57.0  0.02  15.2  93.8   3.9 637.0  0.22  0.19
       8  8  90.6  53.5  70.7  67.2  58.0  0.01  16.1  94.9   4.0 587.9  0.26  0.21
       8  9  72.5  59.1  64.1  71.1  54.1  0.04  29.3 146.5   6.1 490.9  0.21  0.17
       8 10  61.8  56.5  59.5  93.9  57.8  0.68  19.6 178.7   7.4 120.0  0.05  0.04
       8 11  69.2  56.5  60.8  94.3  59.1  0.06  12.2 105.5   4.4 295.0  0.10  0.09
       8 12  75.9  51.4  62.7  83.3  57.0  0.19  16.1  63.4   2.6 581.5  0.18  0.16
       8 13  83.9  51.9  64.8  78.3  56.8  0.05  29.7  88.9   3.7 569.6  0.22  0.19
       8 14  79.6  51.1  67.1  59.6  51.2        23.8 127.6   5.3 535.3  0.23  0.19
       8 15  88.8  50.2  70.2  64.7  56.1        12.2  78.0   3.3 651.1  0.25  0.21
       8 16  77.2  55.7  64.6  79.7  57.9  0.08  21.5 123.9   5.2 442.3  0.18  0.15
       8 17  75.5  56.8  64.3  81.4  58.1        22.4 150.5   6.3 452.9  0.18  0.15
       8 18  82.7  55.9  65.6  80.8  59.0  0.04  30.8 120.0   5.0 454.9  0.21  0.17
       8 19  79.1  51.6  64.7  77.3  56.7  0.05  24.5  86.5   3.6 479.1  0.18  0.15
       8 20  80.8  52.6  67.3  78.8  59.7        10.7  69.1   2.9 621.2  0.20  0.18
       8 21  86.4  53.7  69.0  70.7  57.8  0.01  30.3 120.4   5.0 506.2  0.24  0.19
       8 22  83.7  52.5  68.0  70.4  56.8        13.7  70.3   2.9 590.1  0.21  0.18
       8 23  89.0  52.0  69.0  72.0  58.5         8.6  55.2   2.3 621.7  0.22  0.19
       8 24  92.1  52.6  72.5  64.9  58.6  0.01  22.9  73.4   3.1 591.7  0.24  0.20
       8 25  88.6  54.7  72.4  68.3  60.4        24.2  87.8   3.7 589.2  0.23  0.20
       8 26  94.5  63.0  72.8  72.6  62.8         9.6  67.4   2.8 494.1  0.23  0.19
       8 27  87.2  58.5  71.5  74.2  61.4        11.4  82.8   3.5 601.6  0.23  0.20
       8 28  88.3  56.8  73.1  63.8  58.5        14.3  80.3   3.3 566.5  0.23  0.19
       8 29  90.8  56.8  70.8  65.7  57.0        22.5  96.8   4.0 577.5  0.27  0.21
       8 30  84.7  54.3  68.9  68.9  57.3        12.4  92.3   3.8 493.2  0.21  0.17
       8 31  86.3  59.9  71.1  64.5  57.3        18.6 143.4   6.0 512.8  0.27  0.21
       9  1  87.2  55.8  70.2  65.4  56.0  0.01  24.5 152.3   6.3 455.0  0.27  0.20
       9  2  69.8  58.3  63.4  86.5  59.2  0.17  13.2  99.3   4.1 179.5  0.08  0.07
       9  3  81.3  58.8  69.0  77.7  61.1  0.02  18.3 189.2   7.9 533.6  0.23  0.18
       9  4  85.4  56.0  68.3  77.9  60.2  0.01  27.3 119.1   5.0 488.6  0.22  0.17
       9  5  84.7  55.8  68.1  74.6  57.8  0.02  19.1  89.4   3.7 553.5  0.22  0.18
       9  6  88.6  55.3  68.3  69.7  56.0  0.02  25.9  81.2   3.4 476.7  0.22  0.17
       9  7  86.2  53.4  66.2  66.3  52.3        32.1 124.8   5.2 467.6  0.26  0.19
       9  8  87.7  48.2  67.2  58.9  49.1  0.01  24.4 123.7   5.2 518.0  0.27  0.20
       9  9  76.8  50.2  62.3  69.0  51.2        12.4  86.5   3.6 541.5  0.19  0.16
       9 10  85.8  48.3  65.1  68.7  52.4        11.0  87.1   3.6 546.1  0.22  0.18
       9 11  88.8  52.5  66.5  65.7  53.2        29.1 105.5   4.4 418.4  0.24  0.18
       9 12  84.6  53.9  67.9  63.1  52.4        10.8  67.4   2.8 494.7  0.20  0.16
       9 13  87.2  49.7  69.2  54.6  49.6        18.6 103.1   4.3 536.8  0.25  0.19
       9 14  89.2  56.0  69.8  60.5  53.0        12.4  83.1   3.5 472.6  0.23  0.18
       9 15  89.2  50.5  69.7  55.1  49.5        34.3 105.9   4.4 509.5  0.26  0.19
       9 16  71.5  52.3  63.6  53.6  46.0        30.0 110.0   4.6 231.5  0.15  0.11
       9 17  83.1  43.0  63.3  56.6  44.1        15.4 110.9   4.6 519.6  0.24  0.18
       9 18  85.8  49.1  64.4  62.1  49.9        32.2 106.3   4.4 390.6  0.22  0.16
       9 19  65.6  44.8  54.0  72.8  45.1  0.01  27.0 165.0   6.9 323.0  0.15  0.11
       9 20  50.3  44.8  47.3  88.9  44.1  0.05  22.1 175.6   7.3  94.7  0.05  0.04
       9 21  62.8  45.9  52.1  81.3  46.5        20.1 201.0   8.4 284.7  0.13  0.09
       9 22  59.3  47.6  53.2  86.2  49.0        14.6 132.8   5.5 144.2  0.07  0.05
       9 23  56.0  48.2  51.3  85.3  46.9  0.02  15.3 112.5   4.7 205.5  0.07  0.06
       9 24  70.4  43.5  54.4  77.5  46.5        13.4  54.9   2.3 456.1  0.13  0.11
       9 25  79.4  40.0  57.3  66.2  43.5        10.8  79.6   3.3 501.0  0.19  0.14
       9 26  83.7  44.5  62.7  64.6  49.1        17.5  67.3   2.8 393.7  0.17  0.13
       9 27  80.9  41.6  59.2  66.8  46.8  0.04  29.3 144.2   6.0 466.6  0.23  0.17
       9 28  75.2  32.5  52.5  62.0  36.5        12.3  73.2   3.0 488.7  0.17  0.13
       9 29  79.8  36.0  56.5  57.6  38.3         9.1  70.5   2.9 479.9  0.18  0.14
       9 30  84.2  37.5  58.8  55.2  39.7        10.5  55.5   2.3 468.9  0.18  0.13
      10  1  85.7  43.1  62.9  55.7  43.9        11.5  85.0   3.5 459.5  0.21  0.15
      10  2  85.7  42.6  63.5  54.8  44.3        14.3  84.2   3.5 441.9  0.20  0.15
      10  3  80.4  46.5  60.6  56.5  43.4        27.8 135.6   5.7 413.4  0.24  0.16
      10  4  84.5  36.9  59.8  52.8  38.3        19.8 117.6   4.9 455.0  0.25  0.17
      10  5  84.0  36.5  59.3  47.9  35.8  0.01  23.4 144.9   6.0 452.3  0.29  0.19
      10  6  68.1  40.4  54.9  50.7  36.1        15.7 101.0   4.2 436.2  0.16  0.12
      10  7  81.6  32.3  59.0  54.0  39.3  0.01  28.6 143.2   6.0 399.9  0.24  0.16
      10  8  66.3  36.3  52.8  57.7  38.4  0.07  30.5 235.2   9.8 140.0  0.17  0.11
      10  9  68.8  29.7  49.8  58.3  33.3        23.2 185.4   7.7 435.9  0.21  0.14
      10 10  80.6  31.3  56.5  58.7  39.9        29.4 166.6   6.9 322.3  0.24  0.16
      10 11  83.2  50.2  67.7  50.1  47.3  0.02  41.2 343.3  14.3 360.6  0.36  0.23
      10 12  51.4  33.3  41.1  68.9  31.2  0.14  48.3 413.2  17.2 220.9  0.14  0.09
      10 13  57.3  24.3  40.4  60.9  25.6        19.4 125.9   5.2 423.7  0.13  0.09
      10 14  68.3  25.9  45.3  57.9  28.1        12.2  56.0   2.3 417.2  0.12  0.09
      10 15  66.5  32.4  47.2  60.8  31.8        16.6 137.3   5.7 394.3  0.17  0.12
      10 16  70.7  28.6  46.4  64.4  32.3         9.1  58.4   2.4 403.1  0.12  0.09
      10 17  80.1  30.5  51.1  53.4  29.7         8.4  74.6   3.1 403.0  0.18  0.13
      10 18  75.7  33.6  53.8  46.7  29.1  0.01  26.7 165.0   6.9 402.2  0.25  0.16
      10 19  52.2  42.4  46.3  70.5  37.1        20.0 176.3   7.3 184.1  0.10  0.07
      10 20  56.1  44.6  48.4  65.5  37.2        23.5 224.6   9.4 222.7  0.14  0.09
      10 21  58.7  36.0  46.3  72.1  37.3         9.9  76.8   3.2 324.5  0.09  0.07
      10 22  68.7  26.2  45.7  63.1  30.1        13.1  81.8   3.4 368.0  0.13  0.09
      10 23  64.7  35.1  51.3  44.4  28.8  0.02  26.2 171.2   7.1 315.7  0.18  0.12
      10 24  44.2  19.5  31.4  94.6  30.7  0.42  31.3 323.3  13.5  56.8  0.04  0.03
      10 25  22.7   8.5  18.9  88.5  16.3  0.01  39.8 437.0  18.2 128.7  0.01  0.01
      10 26  37.3  -1.8  11.8  81.3   8.0  0.06   8.8  85.8   3.6 377.3  0.06  0.04
      10 27  42.6   6.0  22.3  82.4  18.6  0.07   9.6  85.4   3.6 365.0  0.06  0.04
      10 28  47.4  17.6  30.7  82.0  25.7  0.01  10.2  79.5   3.3 363.9  0.06  0.05
      10 29  53.5  20.7  33.6  82.1  28.5         9.6  77.5   3.2 263.5  0.07  0.05
      10 30  55.5  26.2  38.2  79.9  32.1        10.7  82.0   3.4 279.8  0.07  0.05
      10 31  61.9  30.6  43.4  68.8  33.2  0.06  36.8 228.7   9.5 212.0  0.16  0.10
      11  1  53.8  29.3  40.2  56.2  24.0        38.4 251.6  10.5 286.6            
      11  2  49.6  27.5  38.1  53.8  21.4  0.01  41.9 315.7  13.2 266.6            
      11  3  60.5  17.7  38.4  61.5  23.9        12.4  81.5   3.4 315.7            
      11  4  63.0  32.3  44.9  60.0  29.2        36.5 213.4   8.9 238.7            
      11  5  59.4  26.3  38.5  72.3  28.9         9.6  79.8   3.3 322.6            
      11  6  64.6  24.4  39.9  70.7  29.2         9.3  78.8   3.3 318.6            
      11  7  67.9  24.4  41.7  67.8  29.1         9.1  85.1   3.5 315.8            
      11  8  47.3  32.9  39.0  76.1  32.0        20.0 225.1   9.4 166.6            
      11  9  33.8  22.4  28.3  95.9  27.3  0.03  15.7 146.5   6.1 173.8            
      11 10  32.3  20.2  26.0  88.7  23.0  0.04  17.2 119.0   5.0 144.2            
      11 11  28.6  21.9  25.0  84.0  20.9  0.03  16.1 148.8   6.2 123.3            
      11 12  32.0  15.3  25.1  89.8  22.6        13.3 130.7   5.4 278.4            
      11 13  41.0  14.6  24.2  75.9  17.7  0.20  24.2 178.4   7.4 277.4            
      11 14  22.6  10.8  15.9  62.5   5.3        30.8 336.9  14.0 295.0            
      11 15  28.1   2.1  13.6  71.4   5.8        12.5  82.8   3.5 297.5            
      11 16  40.0   2.4  18.8  69.6   9.9         8.8  71.9   3.0 297.7            
      11 17  46.3   9.9  26.2  72.6  17.9        10.6  88.5   3.7 284.5            
      11 18  51.1  19.4  32.3  64.9  19.3        26.4 129.8   5.4 283.5            
      11 19  56.6  18.4  34.0  69.7  23.3        12.9  74.0   3.1 282.6            
      11 20  52.8  25.4  38.0  62.8  25.6        31.1 141.9   5.9 186.9            
      11 21  39.6  17.6  29.8  79.3  23.9        16.4  95.8   4.0 137.5            
      11 22  44.6  15.4  28.6  76.7  21.5        11.0  77.5   3.2 224.8            
      11 23  32.7  13.4  23.8  90.4  21.9        11.8  75.5   3.1  87.3            
      11 24  58.8  17.9  33.8  73.6  25.4         9.2  66.1   2.8 273.0            
      11 25  64.2  22.6  39.3  60.0  24.0        14.5 104.4   4.3 212.6            
      11 26  44.1  23.6  35.3  68.1  25.2  0.01  26.0 192.4   8.0  99.0            
      11 27  52.5  25.1  39.7  76.0  32.7  0.07  24.3 160.8   6.7 118.0            
      11 28  51.7  29.8  39.2  72.2  30.5  0.01  19.0 128.5   5.4 130.0            
      11 29  52.2  25.3  35.8  69.8  25.9        19.1 154.4   6.4 253.4            
      11 30  47.8  17.1  30.5  78.8  24.2        11.9  87.3   3.6 232.1            
      12  1  49.8  23.9  33.5  76.5  26.2        14.3  96.7   4.0 197.1            
      12  2  33.0  24.7  30.2  89.9  27.6  0.08  18.5 141.2   5.9  48.3            
      12  3  33.2  10.9  22.9  84.7  19.0  0.01  12.4 100.5   4.2 230.3            
      12  4  40.1  10.2  24.6  70.5  15.2  0.05  26.6 116.7   4.9 250.1            
      12  5  32.4  11.3  19.8  77.5  13.5         7.0  38.0   1.6 241.7            
      12  6  34.3   9.9  20.8  84.3  16.9         8.4  50.3   2.1 190.6            
      12  7  33.2  13.9  21.9  90.6  19.7         5.8  38.5   1.6 126.7            
      12  8  48.8  16.0  29.9  75.5  22.3        12.3  65.7   2.7 224.5            
      12  9  29.1  22.6  26.4  91.7  24.4  0.14  20.9 164.5   6.9 135.6            
      12 10  27.4  22.6  25.1  83.1  20.7  0.22  35.8 354.3  14.8 130.8            
      12 11  30.8  10.9  21.8  59.6  10.1        34.8 281.3  11.7 246.5            
      12 12  43.3   2.5  23.8  53.8   9.7        16.2 158.3   6.6 242.8            
      12 13  44.4  16.9  28.7  62.2  17.5        16.8 128.6   5.4 241.7            
      12 14  48.9  14.2  27.2  77.0  20.8         8.0  71.5   3.0 243.0            
      12 15  53.3  16.3  32.4  70.4  23.1        20.6 123.7   5.2 224.7            
      12 16  47.3  19.0  30.5  73.3  22.3        11.7  86.2   3.6 238.7            
      12 17  44.5  19.3  29.0  85.5  25.2         8.5  60.1   2.5 142.5            
      12 18  43.9  19.9  29.2  83.4  24.7         8.4  71.9   3.0 172.1            
      12 19  31.8  20.5  26.6  87.7  23.5        15.3 109.6   4.6  48.9            
      12 20  31.1  14.5  23.2  94.1  22.1         8.5  67.3   2.8 105.6            
      12 21  27.6  15.1  21.5  96.1  20.7         8.8  76.4   3.2  84.1            
      12 22  39.3  17.0  26.2  75.6  18.6        16.9 118.1   4.9 201.2            
      12 23  39.2   9.4  23.0  81.2  18.3        15.3  65.5   2.7 228.8            
      12 24  30.2  22.6  26.2  72.7  18.5        20.7 248.2  10.3  86.4            
      12 25  29.6  10.8  20.4  82.2  16.0  0.01  17.4 139.0   5.8 207.0            
      12 26  37.5   7.8  25.0  67.6  15.7  0.02  24.9 203.8   8.5 219.9            
      12 27  43.4   7.3  23.0  67.0  12.8  0.03  51.6 308.7  12.9 128.2            
      12 28  38.6  22.5  30.0  46.2  11.3        36.5 354.4  14.8 211.6            
      12 29  46.7  27.5  37.3  62.2  25.1        28.6 154.4   6.4 151.5            
      12 30  43.7  21.4  35.0  68.5  25.0        35.1 186.6   7.8 196.0            
      12 31  51.6  17.7  30.1  83.1  25.6        11.4  68.6   2.9 236.4            

      Total                               15.20                         52.61 40.24
        Max  98.5  63.7  77.8  96.1  63.9        57.2 577.2  24.1 779.0
        Min  -1.8 -14.3  -6.9  29.4 -11.6         5.8  38.0   1.6  48.3
        Ave  62.1  33.4  47.0  66.5  34.4        21.5 145.8   6.1 401.9
