                                                                    12-JAN-01
      Cellular-linked Weather Station near WIGGINS, Colorado             1999
      -----------------------------------------------------------------------------
               Temperature      Rel   Dew             Wind        Solar StandrdASCE
            ----------------- Humid Point  Prec -----------------   Rad   ETr   ETo
       Date   Max   Min   Ave   Ave   Ave Total   Max Total   Ave Total Alflf Grass
      MoDay     F     F     F     %     F  inch   mph miles   mph Langl  inch  inch
      ----- ----- ----- ----- ----- ----- ----- ----- ----- ----- ----- ----- -----
       1  1  42.9  23.0  32.1  80.9  27.0  0.02  40.0 267.1  11.1 120.1            
       1  2  29.8  12.7  21.4  60.7  10.0  0.01  37.3 377.9  15.7 154.2            
       1  3  25.8  11.2  16.5  61.5   5.5        25.7 170.4   7.1 225.3            
       1  4  35.7  15.7  25.4  67.3  16.2        13.0 107.1   4.5 116.8            
       1  5  51.6  25.4  36.3  64.7  24.3        24.1  97.5   4.1 118.8            
       1  6  55.7  19.5  28.1  81.3  22.6        27.0 166.3   6.9 225.2            
       1  7  40.2  19.7  26.6  85.0  22.5        14.0  75.0   3.1 158.3            
       1  8  32.7  12.3  25.3  82.3  20.6        21.0 143.0   6.0 192.1            
       1  9  42.1  10.7  24.0  86.6  21.2        14.6  70.4   2.9 174.0            
       1 10  53.4  22.4  36.4  60.4  22.4        15.9  91.0   3.8 250.3            
       1 11  63.2  22.1  39.2  60.0  23.8        17.0  90.5   3.8 202.4            
       1 12  50.0  19.9  37.0  59.6  22.7        28.9 172.1   7.2 155.9            
       1 13  45.7  16.4  28.9  82.6  23.4        21.0 108.7   4.5 100.3            
       1 14  51.0  22.7  30.3  81.7  24.7        10.2  90.2   3.8 165.6            
       1 15  57.8  26.0  38.7  59.2  23.5  0.02  34.3 136.9   5.7 117.2            
       1 16  46.2  20.2  33.0  72.8  24.5        13.6  97.0   4.0 170.8            
       1 17  42.5  17.7  33.1  44.5  12.7        40.3 322.5  13.4 227.6            
       1 18  62.2  15.1  37.7  56.7  22.5        24.9 150.4   6.3 225.3            
       1 19  52.7  28.9  39.7  71.1  30.8        21.9 136.2   5.7 230.0            
       1 20  55.3  26.9  40.0  58.8  25.1        20.6 130.0   5.4 208.3            
       1 21  49.6  21.0  34.2  71.8  25.1  0.01  27.4 221.0   9.2 255.8            
       1 22  42.5  15.7  30.1  76.3  23.4  0.02  15.3 143.9   6.0 280.1            
       1 23  54.5  14.2  31.5  68.1  21.4        15.8  80.3   3.3 236.3            
       1 24  34.9  17.0  24.7  79.4  19.3  0.01  20.4 119.0   5.0 176.1            
       1 25  33.7  16.4  24.5  85.2  20.7         6.7  50.2   2.1 139.3            
       1 26  45.9  18.9  31.4  71.3  22.6  0.01  26.5 137.7   5.7 220.1            
       1 27  44.3  16.9  29.3  66.6  19.1        14.8 100.6   4.2 273.7            
       1 28  42.6  14.0  26.1  75.7  18.7        11.1  73.6   3.1 298.1            
       1 29  44.1  11.8  26.6  73.1  18.1        10.4  71.8   3.0 246.7            
       1 30  42.1  22.0  32.0  79.0  26.0         9.4  66.4   2.8  88.5            
       1 31  53.3  27.4  37.7  81.3  32.1        14.9 103.7   4.3 268.6            
       2  1  44.5  18.3  31.1  77.2  24.0  0.01  32.8 213.8   8.9 113.4            
       2  2  55.4  10.8  32.8  56.7  15.3        18.5 109.8   4.6 276.5            
       2  3  48.5  20.5  39.3  40.9  16.4        46.5 390.9  16.3 323.3            
       2  4  57.5  18.2  35.6  52.9  18.2        13.4 121.5   5.1 310.0            
       2  5  54.3  22.1  37.0  65.4  25.1        22.2 106.4   4.4 294.0            
       2  6  54.5  22.9  36.1  62.3  23.1        13.5 103.3   4.3 330.9            
       2  7  65.7  22.4  40.4  58.0  24.1        15.6 108.7   4.5 218.6            
       2  8  65.1  28.0  43.5  46.2  22.8        27.0 171.1   7.1 338.4            
       2  9  69.3  21.5  44.2  43.7  20.9  0.01  24.0 209.8   8.7 348.1            
       2 10  72.6  22.5  44.2  48.0  20.5  0.02  49.8 436.7  18.2 330.9            
       2 11  29.9   6.8  20.8  49.6   4.3  0.01  40.6 397.9  16.6 366.3            
       2 12  49.2   3.3  24.6  53.3   7.1        14.4  73.7   3.1 365.9            
       2 13  64.2  15.6  34.0  58.1  18.2         9.4  74.9   3.1 297.8            
       2 14  66.1  16.3  38.3  47.8  15.2  0.01  14.5  96.9   4.0 318.4            
       2 15  44.6  18.5  31.7  64.4  20.1        16.3 119.6   5.0 120.4            
       2 16  52.2  19.1  31.0  67.7  18.8         9.8  71.6   3.0 320.1            
       2 17  51.7  16.2  35.1  48.9  15.7  0.01  34.7 194.4   8.1 142.1            
       2 18  45.3  25.3  35.4  42.0  13.1        38.3 277.4  11.6 395.8            
       2 19  54.2  19.9  36.4  39.0  11.6        43.6 263.8  11.0 379.5            
       2 20  45.1  14.5  29.5  53.9  13.7        26.3 192.1   8.0 360.0            
       2 21  47.9   9.9  30.8  58.7  17.0        32.4 250.7  10.4 319.6            
       2 22  41.1  18.8  34.0  39.5  11.6  0.01  45.0 354.9  14.8 182.9            
       2 23  59.4  11.3  34.4  41.4   9.5        18.6 107.1   4.5 378.6            
       2 24  61.8  19.1  40.2  43.3  16.7        16.8  97.9   4.1 327.0            
       2 25  66.8  21.2  42.1  43.1  17.3        12.4 101.8   4.2 383.6            
       2 26  58.0  22.1  41.7  32.5  12.7        42.6 314.4  13.1 390.2            
       2 27  52.1  18.8  36.4  23.1   0.3        24.0 207.7   8.7 451.5            
       2 28  66.4  16.2  41.7  34.9  14.0  0.01  21.3 137.1   5.7 309.9            
       3  1  69.1  28.1  47.0  40.6  21.8        40.0 213.8   8.9 294.2  0.27  0.17
       3  2  45.2  13.2  33.6  46.0  14.1        30.3 266.3  11.1 420.5  0.13  0.09
       3  3  66.9  11.7  38.5  36.1  10.7  0.01  13.7  97.4   4.1 417.1  0.18  0.12
       3  4  50.6  25.6  38.5  55.4  22.7  0.01  26.6 172.9   7.2 379.7  0.13  0.09
       3  5  40.8  22.4  31.9  63.4  19.6  0.04  38.0 301.5  12.6 411.1  0.11  0.08
       3  6  44.3  19.8  29.0  62.8  16.8        27.2 238.1   9.9 428.7  0.13  0.09
       3  7  60.3  25.9  39.8  60.7  25.8        34.9 375.6  15.7 426.8  0.24  0.16
       3  8  50.4  20.6  37.1  59.5  22.9        37.3 371.0  15.5 450.7  0.16  0.11
       3  9  61.0  19.0  39.0  52.9  20.3  0.02  31.8 215.3   9.0 463.5  0.21  0.14
       3 10  56.0  16.5  36.5  59.0  19.1        36.8 233.0   9.7 451.2  0.18  0.12
       3 11  41.0  17.4  28.9  79.4  23.2  0.01  35.7 354.7  14.8 299.8  0.08  0.06
       3 12  30.0  25.0  27.0  92.9  25.2  0.01  20.0 172.2   7.2 127.8  0.03  0.02
       3 13  51.9  24.3  35.6  68.6  24.7        11.5  77.9   3.2 484.2  0.11  0.09
       3 14  69.7  16.1  42.4  54.0  22.3  0.01  13.7  83.3   3.5 499.7  0.18  0.13
       3 15  72.5  25.0  47.9  43.7  20.7        14.0 103.2   4.3 362.7  0.21  0.14
       3 16  73.4  27.7  51.3  35.3  17.4  0.01  24.1 151.8   6.3 450.5  0.27  0.18
       3 17  50.8  24.5  37.8  38.3  13.6        30.3 166.8   7.0 518.5  0.17  0.12
       3 18  54.6  19.4  37.9  43.1  16.2        27.3 280.0  11.7 417.3  0.20  0.14
       3 19  53.6  27.3  39.8  59.8  26.4        17.5 160.2   6.7 476.2  0.14  0.11
       3 20  66.7  23.7  45.1  52.0  24.0  0.01  20.7 155.3   6.5 523.9  0.22  0.16
       3 21  75.4  28.3  51.2  48.1  29.1  0.01  38.5 320.0  13.3 479.6  0.37  0.24
       3 22  58.3  25.3  42.3  71.0  32.9        36.5 193.2   8.1 439.3  0.14  0.11
       3 23  65.1  19.5  43.5  59.9  26.9        18.3 105.2   4.4 527.4  0.17  0.13
       3 24  63.2  27.8  46.1  61.2  31.1        22.4 172.6   7.2 475.7  0.18  0.13
       3 25  65.6  27.1  47.4  57.6  30.5        34.6 304.7  12.7 538.3  0.25  0.17
       3 26  72.2  28.4  51.2  53.9  30.5        27.2 191.8   8.0 496.1  0.26  0.18
       3 27  65.7  36.2  48.6  51.6  31.4  0.03  36.8 231.4   9.6 315.2  0.23  0.15
       3 28  59.4  22.4  42.2  42.4  20.2        27.0 216.6   9.0 527.9  0.22  0.15
       3 29  70.1  17.7  46.7  46.9  21.1        23.1 161.1   6.7 573.8  0.26  0.18
       3 30  78.7  32.6  57.5  30.5  20.7        32.0 234.0   9.8 418.7  0.38  0.24
       3 31  75.1  32.8  55.2  24.8  17.2        22.9 152.5   6.4 542.2  0.30  0.21
       4  1  46.4  28.5  38.1  74.1  30.5  0.01  23.1 275.6  11.5 161.5  0.09  0.06
       4  2  28.7  23.4  25.9  91.7  23.8  0.12  19.1 149.7   6.2 145.9  0.03  0.03
       4  3  42.0  23.4  29.9  85.2  25.6  0.04  20.1 109.8   4.6 448.8  0.08  0.07
       4  4  54.8  21.5  38.6  65.2  26.2  0.01  32.7 142.1   5.9 503.6  0.14  0.11
       4  5  55.8  28.6  43.3  61.3  28.8  0.03  34.0 267.8  11.2 541.3  0.18  0.13
       4  6  68.5  24.4  45.6  54.4  25.8        20.8 136.8   5.7 611.8  0.23  0.17
       4  7  70.8  26.6  51.8  45.6  27.8  0.02  37.5 263.0  11.0 613.6  0.31  0.21
       4  8  62.0  30.9  49.9  54.9  32.8        60.1 422.7  17.6 325.2  0.22  0.15
       4  9  64.8  23.7  43.3  66.5  30.8        42.5 310.9  13.0 465.7  0.24  0.16
       4 10  53.8  34.1  44.2  31.9  15.5        50.0 487.7  20.3 448.3  0.29  0.19
       4 11  62.3  17.2  41.8  47.7  19.9  0.01  26.5 183.4   7.6 621.3  0.23  0.16
       4 12  70.7  26.7  50.3  43.5  25.3        20.7 149.7   6.2 600.7  0.26  0.19
       4 13  69.6  35.2  53.0  61.9  39.8        24.1 182.5   7.6 483.8  0.21  0.16
       4 14  51.6  31.9  40.0  78.8  34.2  0.77  36.8 369.2  15.4 250.7  0.12  0.08
       4 15  41.0  27.7  32.4  59.5  19.3  0.01  44.0 430.3  17.9 572.9  0.16  0.11
       4 16  41.1  22.9  30.9  54.8  16.0        32.8 320.9  13.4 364.2  0.14  0.10
       4 17  61.1  19.2  40.0  46.3  19.0        31.4 226.2   9.4 667.1  0.25  0.18
       4 18  72.5  28.3  52.3  45.3  25.7        32.5 216.5   9.0 538.6  0.31  0.21
       4 19  75.4  31.3  55.7  45.6  30.5        25.1 133.7   5.6 547.0  0.26  0.19
       4 20  73.1  39.1  58.6  46.0  35.7        29.0 135.7   5.7 442.4  0.23  0.17
       4 21  64.1  46.4  55.7  46.0  33.9        28.1 284.9  11.9 603.0  0.29  0.20
       4 22  46.5  37.7  41.5  90.5  39.0  0.32  24.6 281.8  11.7 103.8  0.05  0.04
       4 23  38.9  32.7  36.5  91.0  34.1  0.08  21.0 185.7   7.7 121.3  0.03  0.03
       4 24  47.7  36.1  41.0  90.5  38.4  0.04  24.2 244.1  10.2 286.8  0.07  0.06
       4 25  54.3  32.1  42.1  87.8  38.5  0.70  19.8 147.8   6.2 522.2  0.12  0.10
       4 26  58.2  32.1  46.1  76.4  38.3  0.01  22.8 139.4   5.8 544.1  0.14  0.12
       4 27  71.9  36.2  54.2  67.9  41.7  0.05  23.1 128.2   5.3 606.9  0.22  0.17
       4 28  64.6  44.2  52.9  84.9  48.2  0.27  39.5 300.0  12.5 249.7  0.14  0.10
       4 29  49.8  44.7  46.5  95.2  45.2  0.22  32.1 395.8  16.5 109.4  0.05  0.04
       4 30  49.7  43.2  47.2  95.6  46.0  0.84  34.8 314.1  13.1  35.9  0.02  0.02
       5  1  52.9  41.3  45.6  95.0  44.4  0.33  27.5 227.8   9.5 126.7  0.06  0.04
       5  2  56.8  40.4  46.9  86.1  42.8  0.35  24.5 178.7   7.4 354.0  0.11  0.09
       5  3  69.3  38.4  53.3  65.3  39.7        33.9 193.7   8.1 519.9  0.23  0.17
       5  4  61.0  39.7  51.0  45.5  29.1  0.02  38.4 410.3  17.1 684.7  0.31  0.21
       5  5  54.5  36.4  44.8  52.5  27.5        38.6 405.1  16.9 563.2  0.24  0.17
       5  6  56.5  35.3  45.9  37.2  20.0        43.1 437.6  18.2 715.0  0.31  0.21
       5  7  73.2  27.7  52.5  46.5  30.1  0.01  24.1 109.4   4.6 729.0  0.26  0.20
       5  8  80.0  36.5  61.3  45.3  35.1        27.8 199.6   8.3 739.0  0.36  0.27
       5  9  82.9  41.7  61.7  49.0  38.7        33.7 151.0   6.3 622.9  0.33  0.24
       5 10  54.7  31.8  46.2  56.8  31.2  0.01  35.3 296.7  12.4 365.4  0.16  0.12
       5 11  58.2  26.6  43.0  54.7  25.1        19.4 120.3   5.0 728.0  0.20  0.16
       5 12  69.0  28.4  50.1  53.9  29.9        17.3 112.4   4.7 725.0  0.24  0.19
       5 13  80.7  40.4  59.8  53.0  40.3        40.6 235.9   9.8 537.2  0.35  0.25
       5 14  67.6  42.3  54.0  71.6  44.3        40.0 169.6   7.1 581.9  0.20  0.16
       5 15  74.0  37.0  55.5  68.3  42.4        28.2 156.3   6.5 656.2  0.25  0.20
       5 16  57.5  42.2  48.8  81.3  43.1  0.61  22.1 188.9   7.9 243.6  0.11  0.08
       5 17  63.2  38.3  49.7  66.3  37.1  0.02  23.6 139.0   5.8 704.0  0.21  0.17
       5 18  77.4  38.5  58.6  54.4  39.1        15.3 130.3   5.4 727.0  0.29  0.23
       5 19  83.0  42.9  63.5  56.8  44.4        33.6 124.7   5.2 656.5  0.30  0.23
       5 20  67.9  50.3  58.6  70.6  48.5  0.09  25.8 218.8   9.1 550.3  0.21  0.17
       5 21  83.5  45.9  64.1  61.2  47.5        19.2 139.9   5.8 696.8  0.31  0.24
       5 22  78.6  46.7  62.5  69.0  51.8  0.01  37.8 192.2   8.0 598.2  0.26  0.20
       5 23  74.6  52.4  62.2  67.1  50.0        10.6  85.2   3.5 709.0  0.23  0.20
       5 24  75.9  49.3  61.1  73.1  51.4        19.4 142.8   6.0 514.7  0.22  0.17
       5 25  62.5  50.6  55.2  84.0  50.3  0.04  15.1 127.6   5.3 315.0  0.12  0.10
       5 26  72.7  44.0  59.5  72.8  49.7        17.9 134.6   5.6 727.0  0.23  0.20
       5 27  71.5  48.6  59.8  73.9  50.9  0.10  28.9 123.5   5.1 506.8  0.19  0.16
       5 28  78.6  47.5  62.3  70.1  50.5  0.01  12.5  85.3   3.6 697.3  0.24  0.21
       5 29  83.2  48.8  63.3  67.6  50.6  0.04  29.7 158.9   6.6 598.3  0.30  0.23
       5 30  79.1  50.7  63.5  64.0  49.4        33.8 144.4   6.0 610.6  0.27  0.21
       5 31  70.6  50.0  56.9  77.9  50.0  0.05  28.1 223.8   9.3 334.6  0.19  0.14
       6  1  76.4  48.0  63.0  44.2  40.1  0.05  24.0 168.8   7.0 778.0  0.33  0.26
       6  2  85.0  48.8  65.8  60.4  49.2  0.08  35.5 206.1   8.6 697.3  0.37  0.27
       6  3  83.9  48.1  67.1  48.8  43.0        27.2 162.7   6.8 765.0  0.36  0.28
       6  4  89.3  43.7  67.0  46.8  40.6        33.8 163.3   6.8 785.0  0.42  0.31
       6  5  78.2  47.4  58.0  59.2  42.4  0.02  40.6 183.0   7.6 584.4  0.32  0.23
       6  6  77.1  41.4  61.9  48.4  39.6        26.2 163.0   6.8 704.0  0.31  0.24
       6  7  88.3  47.2  68.5  43.3  40.6  0.01  23.2 152.1   6.3 771.0  0.40  0.30
       6  8  92.2  47.4  71.9  34.6  38.1        28.1 138.5   5.8 780.0  0.41  0.31
       6  9  76.5  55.2  65.6  51.2  45.9  0.24  25.0 215.1   9.0 736.0  0.34  0.26
       6 10  67.0  53.6  58.8  81.8  53.1  0.14  28.0 147.4   6.1 355.3  0.14  0.12
       6 11  70.1  48.5  59.2  76.2  51.3  0.02  20.7 136.0   5.7 609.8  0.20  0.17
       6 12  74.4  50.8  59.5  78.5  52.0  0.10  26.6 118.0   4.9 532.6  0.21  0.17
       6 13  71.5  48.0  58.5  78.6  51.2        13.0  73.9   3.1 547.0  0.18  0.16
       6 14  78.1  51.9  62.6  76.1  54.2  0.07  37.1 207.1   8.6 546.6  0.26  0.20
       6 15  66.7  49.7  57.6  78.3  50.5        18.9 196.4   8.2 448.6  0.17  0.14
       6 16  64.9  49.6  56.5  73.7  47.6        15.4 131.6   5.5 428.8  0.16  0.13
       6 17  77.7  50.9  62.7  69.2  51.2  0.02  33.7 239.2  10.0 654.4  0.30  0.23
       6 18  82.8  49.3  67.0  61.6  50.4        17.5  91.0   3.8 681.3  0.26  0.22
       6 19  90.2  52.4  71.4  57.2  52.1        29.1  91.8   3.8 704.0  0.31  0.25
       6 20  93.3  55.3  73.5  55.7  53.9  0.02  30.1 183.4   7.6 732.0  0.42  0.31
       6 21  88.1  54.2  72.4  49.0  49.4        24.5 181.1   7.5 623.6  0.37  0.27
       6 22  90.1  51.5  70.6  54.3  50.3        28.8 118.0   4.9 652.7  0.33  0.26
       6 23  89.3  53.3  72.3  54.9  51.9        16.1  94.4   3.9 766.0  0.32  0.26
       6 24  90.6  57.2  74.7  51.5  52.3        16.1 129.6   5.4 773.0  0.36  0.29
       6 25  96.9  61.1  76.9  47.8  52.2        22.7 178.3   7.4 688.7  0.46  0.34
       6 26  87.2  56.5  73.3  60.4  57.4        19.7 177.6   7.4 747.0  0.34  0.27
       6 27  84.6  60.6  70.4  71.5  59.8        22.9 168.1   7.0 579.1  0.29  0.23
       6 28  75.3  47.7  63.8  52.6  44.7  0.01  37.2 197.4   8.2 760.0  0.31  0.24
       6 29  88.1  50.6  68.3  51.8  46.4        23.2 157.3   6.6 602.1  0.36  0.26
       6 30  82.6  53.4  68.8  64.9  54.5  0.07  19.4 139.1   5.8 568.0  0.26  0.21
       7  1  88.0  54.5  70.7  60.7  55.2  0.02  25.7 223.9   9.3 703.0  0.38  0.29
       7  2  92.1  59.1  75.2  57.4  57.3        31.7 146.6   6.1 477.2  0.31  0.23
       7  3  95.5  57.1  77.4  45.2  51.8        35.8 135.2   5.6 689.1  0.38  0.29
       7  4  97.7  58.4  78.0  51.1  55.4        12.8  80.0   3.3 726.0  0.33  0.27
       7  5  81.3  61.3  70.8  64.2  57.7        24.0 182.8   7.6 717.0  0.31  0.25
       7  6  85.0  61.4  72.0  68.1  60.3        22.5 211.6   8.8 538.8  0.30  0.23
       7  7  91.8  62.6  78.4  54.3  58.1        21.8 174.1   7.3 749.0  0.39  0.30
       7  8  87.9  60.9  73.7  62.5  59.3  0.07  24.0 134.6   5.6 464.9  0.26  0.21
       7  9  78.8  59.2  68.6  59.4  52.9  0.03  19.7 124.3   5.2 695.4  0.28  0.23
       7 10  81.2  52.0  66.0  61.9  51.8        22.1 204.2   8.5 733.0  0.33  0.26
       7 11  83.7  53.4  66.9  66.2  54.5  0.15  24.1 141.6   5.9 616.0  0.28  0.22
       7 12  86.1  54.3  69.5  65.5  55.5        16.7  93.9   3.9 747.0  0.29  0.25
       7 13  93.2  54.6  74.8  51.7  53.4        17.5 110.5   4.6 720.0  0.34  0.27
       7 14  92.2  60.1  76.0  53.1  56.9  0.03  27.6 102.0   4.3 592.5  0.30  0.24
       7 15  82.7  62.9  72.9  60.1  57.3        21.1  89.7   3.7 425.1  0.21  0.17
       7 16  69.1  59.6  64.6  79.8  58.3        14.9 130.2   5.4 154.5  0.10  0.08
       7 17  83.9  61.5  71.4  76.6  62.7        23.7 181.4   7.6 641.8  0.28  0.23
       7 18  82.8  58.7  69.8  76.7  61.8        13.6  67.1   2.8 310.2  0.14  0.12
       7 19  84.6  57.2  69.1  77.6  61.0  0.38  28.5  98.2   4.1 548.3  0.22  0.19
       7 20  84.4  58.5  70.5  75.6  61.1        11.0  78.2   3.3 727.0  0.26  0.23
       7 21  88.9  55.1  72.5  68.6  59.6        14.5  84.2   3.5 738.0  0.28  0.24
       7 22  90.7  57.5  72.2  72.4  61.3  0.32  38.5  90.7   3.8 602.9  0.26  0.22
       7 23  91.4  59.3  74.4  64.9  59.7  0.01  12.9  90.6   3.8 672.0  0.29  0.24
       7 24  89.9  58.0  70.7  73.7  60.7  0.27  25.4 118.2   4.9 485.8  0.26  0.20
       7 25  87.7  58.3  72.5  74.2  62.7        21.0  85.5   3.6 609.3  0.24  0.21
       7 26  87.8  57.0  72.1  69.5  59.6        14.1  92.8   3.9 688.5  0.27  0.23
       7 27  88.9  59.8  74.1  71.3  62.7        16.3  96.7   4.0 675.4  0.27  0.23
       7 28  91.6  59.1  73.2  73.5  62.9  0.25  25.8  91.1   3.8 585.5  0.26  0.22
       7 29  89.9  61.2  73.5  71.8  62.6  0.01  17.9  90.0   3.8 534.7  0.24  0.20
       7 30  87.4  63.3  72.3  67.6  59.5  0.05  26.2 165.2   6.9 479.7  0.29  0.22
       7 31  82.9  61.5  68.9  79.7  61.3  0.90  19.8 109.8   4.6 404.6  0.20  0.16
       8  1  66.2  57.1  61.5  93.4  59.6  0.02  17.6 137.9   5.7 176.2  0.07  0.06
       8  2  73.1  55.9  62.0  84.5  56.9        13.1  85.3   3.6 492.3  0.17  0.15
       8  3  79.4  58.1  66.0  83.8  60.2        14.1  79.6   3.3 475.7  0.18  0.16
       8  4  76.0  60.2  64.7  90.9  61.9  0.11  23.6  99.9   4.2 218.5  0.11  0.09
       8  5  73.9  56.6  64.7  90.7  61.9  0.37  18.2 143.0   6.0 427.9  0.14  0.12
       8  6  84.7  61.8  68.3  84.8  62.9  0.03  18.3  80.5   3.4 495.2  0.20  0.17
       8  7  85.3  59.2  70.6  71.7  59.4  0.03  21.9  98.9   4.1 644.7  0.26  0.22
       8  8  90.5  56.5  72.4  68.0  59.3        15.5  85.4   3.6 674.9  0.27  0.23
       8  9  86.1  55.8  71.5  64.6  57.3        21.9 118.6   4.9 590.6  0.26  0.21
       8 10  83.4  61.7  67.5  84.8  62.5  0.36  40.2 109.7   4.6 352.8  0.18  0.15
       8 11  88.5  58.0  71.1  72.1  59.8  0.01  15.1  76.2   3.2 643.0  0.25  0.21
       8 12  82.0  52.5  68.4  57.2  51.2  0.03  20.6 128.6   5.4 549.5  0.26  0.20
       8 13  81.6  55.0  65.8  75.0  56.8        13.9 102.5   4.3 617.5  0.23  0.20
       8 14  86.9  56.7  71.9  64.8  58.4        14.8  62.5   2.6 624.1  0.23  0.20
       8 15  85.8  58.8  71.9  62.3  57.1        12.9  40.5   1.7 451.9  0.17  0.15
       8 16  88.3  56.9  70.5  61.3  54.7        11.5  67.3   2.8 659.2  0.25  0.22
       8 17  89.8  59.8  71.7  60.5  55.8  0.01  24.0  98.2   4.1 527.1  0.27  0.21
       8 18  83.6  53.2  67.8  70.6  56.8         8.4  69.3   2.9 657.4  0.23  0.20
       8 19  86.7  54.2  70.9  66.5  57.8        20.0  95.8   4.0 615.3  0.25  0.21
       8 20  88.3  56.2  69.9  72.3  59.5        22.6  83.2   3.5 499.7  0.22  0.18
       8 21  87.7  56.1  68.8  75.1  59.5  0.08  18.9  82.5   3.4 472.5  0.21  0.17
       8 22  82.8  59.0  69.2  74.3  59.1  0.01  18.7  86.0   3.6 645.4  0.23  0.20
       8 23  82.1  52.3  67.1  69.1  55.3        13.1  51.6   2.1 633.3  0.20  0.18
       8 24  88.7  52.8  69.8  69.2  57.9         9.4  29.1   1.2 630.1  0.20  0.18
       8 25  90.7  54.5  70.3  68.4  58.2        15.6  70.9   3.0 466.7  0.21  0.17
       8 26  91.8  56.0  72.7  67.1  59.4         9.4  64.3   2.7 604.2  0.24  0.20
       8 27  89.3  56.5  71.8  69.2  60.2  0.07  26.5 110.0   4.6 422.9  0.22  0.17
       8 28  79.6  61.8  67.6  88.8  64.0  0.69  22.2  78.2   3.3 377.8  0.14  0.13
       8 29  86.8  55.4  69.1  79.1  61.4        16.1  48.7   2.0 576.2  0.19  0.18
       8 30  89.6  53.5  70.2  72.4  59.2         9.5  44.8   1.9 607.9  0.21  0.18
       8 31  89.8  58.2  72.1  70.1  60.3  0.06  31.1 106.4   4.4 574.9  0.26  0.21
       9  1  83.1  57.8  68.4  78.1  60.7  0.01  23.8  98.0   4.1 471.1  0.19  0.16
       9  2  79.2  55.6  65.5  84.1  60.2  0.83  46.0 113.3   4.7 470.4  0.17  0.15
       9  3  77.2  55.9  63.7  82.2  57.6  0.30  27.7 106.2   4.4 525.0  0.19  0.16
       9  4  71.5  51.1  60.0  79.9  53.2        15.4  87.8   3.7 539.1  0.16  0.14
       9  5  79.5  51.7  63.8  72.8  53.4        17.5  87.8   3.7 581.4  0.20  0.17
       9  6  86.8  49.8  65.5  69.7  53.0        10.7  66.3   2.8 610.3  0.22  0.19
       9  7  76.8  47.6  62.9  63.9  49.5  0.01  19.5 127.9   5.3 586.4  0.22  0.17
       9  8  73.9  52.3  60.0  57.0  43.8        15.1  91.1   3.8 519.0  0.20  0.16
       9  9  77.5  41.9  59.5  63.6  45.5        11.7  85.4   3.6 582.3  0.20  0.16
       9 10  86.9  48.2  64.7  61.9  48.6  0.01  20.7  64.0   2.7 507.0  0.21  0.17
       9 11  77.0  47.3  59.8  68.9  48.4  0.01  31.4 109.4   4.6 366.3  0.18  0.14
       9 12  64.7  46.6  54.0  59.2  39.2        18.4  96.4   4.0 443.5  0.16  0.13
       9 13  70.6  34.5  52.7  60.1  37.5        13.0  70.9   3.0 559.4  0.17  0.14
       9 14  70.1  43.2  55.8  55.5  38.5        13.8  99.7   4.2 528.0  0.19  0.15
       9 15  72.7  41.8  56.5  70.5  46.5        21.5 177.3   7.4 479.1  0.20  0.15
       9 16  78.1  45.7  59.2  74.6  49.2        15.2 118.2   4.9 516.3  0.21  0.16
       9 17  80.4  41.0  58.2  69.9  45.1        10.2  79.3   3.3 490.6  0.19  0.15
       9 18  84.4  39.6  61.5  54.7  40.1        11.5  86.4   3.6 535.5  0.23  0.17
       9 19  61.6  43.3  49.0  81.4  43.3  0.07  27.9 181.8   7.6  84.1  0.11  0.08
       9 20  53.5  39.8  46.2  92.0  44.0  0.10  10.4 101.3   4.2 136.7  0.05  0.04
       9 21  74.9  35.0  52.1  71.3  40.0  0.01  10.9  79.5   3.3 519.0  0.18  0.14
       9 22  82.4  37.7  57.0  62.9  40.6         9.4  78.4   3.3 535.5  0.21  0.16
       9 23  82.9  45.2  60.7  58.6  42.2        12.3  99.0   4.1 464.2  0.23  0.17
       9 24  81.8  43.9  61.1  58.0  43.7  0.03  25.4 118.6   4.9 393.4  0.23  0.16
       9 25  86.1  41.8  64.6  53.0  43.6        30.4 123.0   5.1 507.7  0.26  0.19
       9 26  64.4  33.5  49.4  65.9  37.0  0.22  26.6 145.2   6.0 462.7  0.16  0.12
       9 27  49.0  33.5  41.4  90.3  38.7  0.24  19.4 175.9   7.3 184.7  0.05  0.04
       9 28  46.8  30.2  37.2  87.7  33.6  1.01  21.7 170.5   7.1 235.1  0.07  0.05
       9 29  69.2  25.7  44.0  74.1  34.9        12.1  80.6   3.4 501.0  0.15  0.12
       9 30  64.4  38.0  50.9  62.7  37.3        18.7 144.4   6.0 476.8  0.17  0.12
      10  1  63.2  33.5  44.6  73.5  35.9  0.01  28.8 183.3   7.6 428.1  0.17  0.12
      10  2  64.7  28.2  42.5  73.9  33.9        24.8 165.4   6.9 443.4  0.17  0.12
      10  3  53.9  33.0  41.8  77.7  35.0        17.1  81.0   3.4 271.7  0.08  0.06
      10  4  76.0  28.2  48.4  65.1  33.0        11.2  71.5   3.0 480.4  0.18  0.13
      10  5  78.4  32.3  53.9  53.0  32.6        16.1 135.7   5.7 470.5  0.25  0.17
      10  6  83.0  41.0  60.2  54.1  40.6        20.7 118.6   4.9 359.1  0.23  0.16
      10  7  62.5  37.7  53.5  75.7  45.7  0.01  28.4 122.0   5.1 216.6  0.08  0.06
      10  8  72.7  33.2  50.3  64.2  35.7         9.5  62.8   2.6 446.0  0.14  0.11
      10  9  83.6  32.9  55.0  59.6  37.8         8.3  62.7   2.6 450.8  0.18  0.13
      10 10  69.0  37.6  53.6  66.4  41.9        16.5 136.7   5.7 439.7  0.16  0.12
      10 11  83.3  39.2  57.8  57.0  39.2        16.0 106.5   4.4 440.0  0.23  0.16
      10 12  83.5  39.4  59.1  47.2  34.5        17.3 111.5   4.6 396.3  0.24  0.16
      10 13  75.5  36.1  55.3  59.0  38.7        20.5 151.8   6.3 421.6  0.21  0.15
      10 14  82.3  35.3  55.5  53.8  34.2        12.1  72.9   3.0 432.4  0.19  0.13
      10 15  49.7  35.1  44.1  70.0  34.9  0.01  21.0 159.2   6.6 157.9  0.07  0.05
      10 16  38.0  26.5  34.2  89.4  31.5  0.07  19.3 187.5   7.8 106.1  0.02  0.02
      10 17  53.9  19.4  34.4  69.2  22.6        13.0  67.4   2.8 417.8  0.09  0.07
      10 18  48.8  32.0  41.7  71.5  32.8        17.0 135.8   5.7 187.3  0.07  0.05
      10 19  56.8  28.9  40.6  69.8  30.0        16.1  81.4   3.4 379.2  0.10  0.07
      10 20  68.1  24.2  43.4  63.2  28.5        16.4  63.2   2.6 406.8  0.12  0.09
      10 21  74.0  28.4  47.2  57.1  27.6        17.7  86.4   3.6 392.2  0.17  0.12
      10 22  71.5  30.0  47.1  55.2  28.5         9.0  71.1   3.0 395.3  0.15  0.10
      10 23  70.9  23.5  44.9  60.4  29.6         7.4  35.2   1.5 388.9  0.10  0.07
      10 24  78.8  27.0  48.4  55.5  28.0         8.6  54.6   2.3 394.7  0.15  0.10
      10 25  72.3  27.0  47.1  48.0  24.4         9.4  80.8   3.4 382.7  0.16  0.11
      10 26  79.4  28.4  49.9  47.6  25.1        12.8  85.4   3.6 383.4  0.20  0.13
      10 27  75.2  28.8  46.5  51.6  26.2  0.01  33.2 168.6   7.0 358.1  0.27  0.17
      10 28  68.2  23.5  42.8  63.7  30.0        15.1  80.4   3.4 343.1  0.13  0.09
      10 29  55.8  38.4  49.7  43.0  27.7        33.7 315.3  13.1 244.5  0.19  0.12
      10 30  62.5  29.1  43.0  50.5  24.1        16.2  92.0   3.8 360.9  0.13  0.09
      10 31  74.6  23.9  45.2  52.7  26.1        14.2  78.9   3.3 359.4  0.16  0.11
      11  1  49.3  18.8  38.1  38.4  14.1        33.0 215.8   9.0 349.4            
      11  2  60.8   9.9  31.5  51.1  13.2        11.3  71.4   3.0 356.4            
      11  3  65.8  24.3  44.7  36.9  17.7        19.4 112.7   4.7 319.7            
      11  4  79.0  19.9  43.4  46.9  19.3        12.1  66.6   2.8 304.3            
      11  5  58.9  26.1  40.6  54.8  24.0        12.9 100.0   4.2 335.7            
      11  6  74.2  25.8  43.9  53.2  23.1        10.7 104.3   4.3 328.1            
      11  7  76.6  20.8  45.6  42.8  19.7        12.4  82.1   3.4 327.9            
      11  8  79.0  30.7  49.6  41.1  23.0        12.8  94.9   4.0 316.1            
      11  9  68.7  30.8  48.7  40.3  23.2        23.6 153.8   6.4 278.6            
      11 10  69.2  20.7  42.8  49.8  22.0         9.3  60.3   2.5 313.4            
      11 11  66.8  27.9  43.8  54.2  26.2         8.5  81.6   3.4 169.6            
      11 12  73.9  23.8  42.4  51.1  21.6         9.5  85.1   3.5 307.9            
      11 13  77.8  22.7  45.7  44.6  19.3        17.3 113.8   4.7 309.5            
      11 14  74.6  21.8  43.5  44.0  19.1         9.1  74.9   3.1 299.0            
      11 15  77.2  25.6  44.0  46.7  20.6        10.7 100.1   4.2 299.3            
      11 16  75.1  23.9  43.7  46.9  20.3        11.4  88.7   3.7 284.9            
      11 17  73.7  24.5  45.5  45.1  22.8        14.1 111.1   4.6 282.2            
      11 18  55.7  36.9  46.4  38.6  21.3        40.3 347.9  14.5 266.4            
      11 19  60.2  17.5  36.6  50.7  17.7        14.5 100.7   4.2 286.5            
      11 20  63.6  23.4  42.9  46.6  21.9        26.8 115.2   4.8 182.7            
      11 21  51.0  22.1  39.8  52.9  22.8        20.0 155.6   6.5 248.4            
      11 22  32.3  20.4  29.1  97.9  28.7  0.18  18.0 150.4   6.3 123.1            
      11 23  30.0   7.9  18.1  91.0  16.2  0.01  13.0 119.0   5.0 283.1            
      11 24  34.2   1.3  11.9  87.1   9.6         9.6  68.5   2.9 283.8            
      11 25  37.1   5.5  20.8  87.1  18.4         9.4  58.4   2.4 212.5            
      11 26  53.0  17.9  33.0  85.9  29.7        13.9  75.6   3.1 251.6            
      11 27  48.7  25.7  36.6  87.3  33.3        14.4 104.3   4.3 230.0            
      11 28  53.1  26.4  36.2  85.5  31.9  0.01  17.0 121.0   5.0 258.7            
      11 29  34.0  28.1  30.2  99.8  30.2        11.7  77.0   3.2  77.8            
      11 30  50.2  28.3  36.0  93.9  34.6         9.7  97.4   4.1 129.7            
      12  1  59.7  30.5  39.3  77.0  31.8        14.6  89.2   3.7 151.1            
      12  2  52.6  25.3  38.5  62.8  25.8  0.05  20.6 147.9   6.2 244.7            
      12  3  38.1  22.0  32.2  87.6  29.0  0.03  29.7 284.7  11.9  53.2            
      12  4  39.2  15.0  29.1  65.6  18.4        24.3 208.2   8.7 258.3            
      12  5  48.3   9.8  24.6  72.4  16.0        12.7  74.5   3.1 261.1            
      12  6  51.7  19.6  31.7  70.4  21.3        14.0  97.7   4.1 241.8            
      12  7  50.9  18.7  30.6  71.7  21.5        24.4  88.3   3.7 139.9            
      12  8  37.0  15.2  26.5  74.7  18.9         9.9  88.6   3.7 108.2            
      12  9  43.7   8.9  23.5  73.5  14.7        15.5 111.8   4.7 232.8            
      12 10  37.5  15.3  24.1  79.9  18.4         8.8  77.1   3.2 148.3            
      12 11  42.9  13.5  26.9  69.0  16.5        15.6  96.4   4.0 239.1            
      12 12  48.8  13.5  28.4  66.7  16.2        17.9 117.7   4.9 250.7            
      12 13  38.0  13.7  26.1  75.1  19.1  0.01  35.9 102.9   4.3  71.7            
      12 14  35.2  10.0  26.4  40.0   4.6  0.01  35.4 363.4  15.1 224.6            
      12 15  47.5   9.7  26.0  51.2   8.4        12.0  85.0   3.5 193.9            
      12 16  59.2  16.8  34.3  56.3  17.6        24.1 101.4   4.2 238.5            
      12 17  45.3  20.3  35.4  74.6  28.1  0.04  27.2 161.3   6.7 182.5            
      12 18  52.0  19.4  32.4  70.4  22.6        25.0 153.5   6.4 202.7            
      12 19  37.1  12.8  25.2  67.4  15.4  0.01  31.2 211.7   8.8 139.5            
      12 20  32.5   7.8  20.4  82.8  16.0        16.2 107.6   4.5 146.9            
      12 21  34.9  12.5  25.4  80.2  20.2  0.01  23.1 155.7   6.5  89.3            
      12 22  40.7  11.5  26.4  70.1  17.8  0.01  31.9 138.5   5.8  59.9            
      12 23  54.8  26.4  39.1  51.3  21.5        22.1 144.1   6.0 238.5            
      12 24  60.2  19.5  35.3  58.6  20.1        15.2 132.9   5.5 238.7            
      12 25  59.9  18.1  33.5  60.7  19.1        11.5 107.2   4.5 243.8            
      12 26  51.7  18.3  30.9  57.0  15.5        10.3 108.8   4.5 244.3            
      12 27  51.7  20.6  35.9  54.8  20.5        27.5 184.9   7.7 233.5            
      12 28  66.7  18.9  36.9  56.7  18.8        14.4 116.5   4.9 247.8            
      12 29  61.6  17.3  37.3  49.0  16.0        23.1 137.5   5.7 241.9            
      12 30  53.4  17.6  31.4  55.3  15.6        11.8  98.1   4.1 248.4            
      12 31  49.0  13.3  30.0  61.6  17.1        10.4  82.5   3.4 175.9            

      Total                               14.15                         52.99 40.72
        Max  97.7  63.3  78.4  99.8  64.0        60.1 487.7  20.3 785.0
        Min  25.8   1.3  11.9  23.1   0.3         6.7  29.1   1.2  35.9
        Ave  66.0  34.5  49.2  63.5  34.9        22.3 149.0   6.2 417.4
