                                                                    17-JAN-02
      Cellular-linked Weather Station near BRUSH, Colorado               2001
      -----------------------------------------------------------------------------
               Temperature      Rel   Dew             Wind        Solar StandrdASCE
            ----------------- Humid Point  Prec -----------------   Rad   ETr   ETo
       Date   Max   Min   Ave   Ave   Ave Total   Max Total   Ave Total Alflf Grass
      MoDay     F     F     F     %     F  inch   mph miles   mph Langl  inch  inch
      ----- ----- ----- ----- ----- ----- ----- ----- ----- ----- ----- ----- -----
       1  1  25.4   2.0  15.7  82.0  12.2        13.2  88.8   3.7 165.2            
       1  2  37.3  12.8  23.0  73.9  16.3        15.8 155.1   6.5 262.3            
       1  3  52.5  14.2  33.9  62.2  22.1        28.2 181.5   7.6 250.9            
       1  4  62.1  22.2  36.3  57.9  21.5        24.3 154.8   6.5 227.1            
       1  5  61.3  19.6  34.3  68.1  24.2        14.7  95.3   4.0 258.4            
       1  6  52.8  20.6  32.7  68.9  22.7        18.4  89.8   3.7 162.6            
       1  7  44.2  17.4  32.1  57.6  18.0        23.2 160.8   6.7 265.6            
       1  8  51.8  15.3  27.5  58.5  12.4        12.8 108.1   4.5 271.5            
       1  9  59.2   9.9  32.3  46.5   9.5        27.5 190.8   8.0 265.1            
       1 10  55.6  18.1  34.1  49.7  14.6        13.3  99.3   4.1 265.6            
       1 11  51.2  18.1  32.7  56.1  17.6        14.1 106.9   4.5 275.4            
       1 12  65.6  12.3  35.2  49.3  13.2        22.5 141.9   5.9 280.9            
       1 13  33.9  21.3  28.5  69.6  19.9        40.2 274.4  11.4  41.6            
       1 14  44.2  19.5  31.2  45.0  10.9        31.7 234.0   9.8 251.2            
       1 15  40.7   8.5  23.8  57.5   9.9        12.8  89.7   3.7 279.2            
       1 16  25.5  15.7  21.1  83.9  17.0        14.3 111.5   4.6 138.1            
       1 17  27.1   0.9  13.8  77.4   8.8        11.5 123.2   5.1 260.4            
       1 18  37.0  15.4  26.3  72.2  18.6  0.01  19.2 159.0   6.6 143.9            
       1 19  38.0   9.8  23.2  72.0  15.3        13.7  71.5   3.0 279.1            
       1 20  44.7  14.5  29.1  66.4  19.5        35.4 228.9   9.5 152.1            
       1 21  48.1  14.6  30.5  58.2  15.8        16.4 131.5   5.5 303.5            
       1 22  54.2  12.8  30.3  58.5  15.7        21.9 122.8   5.1 234.4            
       1 23  44.0  16.6  29.9  71.0  21.2        15.8  90.7   3.8 199.8            
       1 24  44.1  12.6  27.9  65.5  17.0        24.4 149.8   6.2 295.6            
       1 25  44.1  24.5  35.4  56.8  21.2        28.9 199.3   8.3 184.1            
       1 26  40.0  19.6  31.3  51.9  15.3        34.4 260.8  10.9 270.7            
       1 27  35.6  19.6  28.1  78.8  22.3        25.0 197.2   8.2 146.6            
       1 28  26.1  22.0  23.6  90.7  21.3  0.16  13.8 120.5   5.0 158.0            
       1 29  35.2  21.2  28.0  77.5  21.6  0.16  38.2 255.1  10.6 183.6            
       1 30  32.4  20.6  29.5  60.1  17.5        40.0 396.5  16.5 197.1            
       1 31  32.2   2.8  16.9  63.4   6.7        13.1 131.6   5.5 345.2            
       2  1  33.1   3.7  19.9  66.3  10.6        14.0 112.6   4.7 307.2            
       2  2  44.2   9.8  27.2  67.4  19.3        14.8 146.8   6.1 315.5            
       2  3  42.4  25.1  34.8  75.1  27.6        26.7 134.9   5.6 144.1            
       2  4  42.9  25.3  34.1  61.7  22.3        12.8 114.5   4.8 337.5            
       2  5  58.0  19.1  35.6  72.3  26.7        27.6 142.3   5.9 341.5            
       2  6  45.1  31.9  36.0  77.5  29.4        31.4 235.9   9.8 324.4            
       2  7  34.3  16.0  24.7  88.2  22.3        21.9 204.0   8.5  52.6            
       2  8  16.5   7.0  12.0  76.2   6.2        24.3 237.3   9.9 227.5            
       2  9  22.9  -3.1  10.4  64.2   1.1        20.2 135.0   5.6 392.1            
       2 10  41.4   2.1  20.2  65.8  11.3        23.2 141.5   5.9 370.7            
       2 11  41.8  12.4  24.6  76.0  17.9        11.2  54.2   2.3 321.7            
       2 12  49.0  14.5  31.8  64.4  20.2        25.8 163.4   6.8 380.3            
       2 13  52.1  13.3  29.0  76.0  22.3        32.0 200.7   8.4 379.9            
       2 14  17.7   9.2  13.1  72.5   5.9  0.06  16.7 109.4   4.6 280.9            
       2 15  37.0   1.5  17.8  74.2  12.0        10.4  88.6   3.7 412.0            
       2 16  27.5  13.0  22.6  84.3  18.7        22.9 217.3   9.1 155.1            
       2 17  36.1  24.7  28.5  81.1  23.5        15.1 116.2   4.8 310.2            
       2 18  49.0  22.5  32.9  78.9  27.1        16.7 129.6   5.4 296.6            
       2 19  60.9  27.2  39.8  68.5  28.9        18.2 127.2   5.3 324.9            
       2 20  34.4  23.9  28.7  90.4  26.4        21.4 184.3   7.7 132.5            
       2 21  45.2  25.9  32.6  82.8  28.0        16.4 150.5   6.3 315.2            
       2 22  55.7  21.3  38.5  63.8  25.5        18.6  87.1   3.6 340.0            
       2 23  46.2  31.4  37.5  91.5  35.5        22.3 207.0   8.6 179.8            
       2 24  33.8  23.4  30.0  87.8  27.0  0.08  31.6 238.6   9.9 213.3            
       2 25  55.5  15.1  33.5  66.5  21.7        18.9 100.7   4.2 413.2            
       2 26  29.9  20.7  25.0  84.8  21.1        19.9 169.1   7.0 163.9            
       2 27  20.8   3.3  13.9  75.6   8.1        18.0 173.2   7.2 351.7            
       2 28  34.4   1.5  20.0  71.7  14.1        12.1  46.6   1.9 376.6            
       3  1  53.8  23.1  35.5  65.2  23.6        35.6 184.4   7.7 463.4  0.15  0.10
       3  2  53.0  22.9  36.2  63.9  24.1        21.3 158.9   6.6 461.7  0.13  0.10
       3  3  52.0  24.0  36.0  66.0  24.2        16.2 107.2   4.5 391.5  0.11  0.08
       3  4  52.1  22.5  35.8  65.3  23.9        16.8  94.0   3.9 478.0  0.11  0.09
       3  5  62.4  24.5  42.3  58.6  27.1        13.8 115.9   4.8 415.8  0.15  0.11
       3  6  60.3  30.0  43.4  64.6  30.2        27.5 115.3   4.8 390.5  0.14  0.10
       3  7  61.5  26.0  43.2  66.5  31.1        17.9 126.6   5.3 396.5  0.14  0.10
       3  8  61.4  24.2  42.7  64.9  29.8        14.3  71.2   3.0 486.5  0.12  0.10
       3  9  67.0  26.1  46.8  54.0  27.7        15.3 107.6   4.5 471.1  0.17  0.12
       3 10  42.5  27.1  33.5  83.4  28.7  0.05  29.4 238.8   9.9 108.1  0.06  0.04
       3 11  28.3  20.7  25.1  89.1  22.4  0.15  15.7 135.4   5.6 399.5  0.04  0.04
       3 12  45.9  18.6  32.9  70.4  24.0  0.02  26.2 168.2   7.0 463.2  0.10  0.07
       3 13  50.4  28.0  37.6  66.3  27.3        17.0 143.3   6.0 507.3  0.12  0.09
       3 14  51.1  26.3  36.4  65.9  25.1        37.6 239.6  10.0 251.1  0.14  0.09
       3 15  37.4  21.1  30.1  67.0  20.2        51.4 368.1  15.3 325.4  0.09  0.06
       3 16  47.6  17.0  32.6  61.5  19.3        22.5 172.2   7.2 515.0  0.13  0.09
       3 17  35.0  26.8  31.2  82.5  26.6  0.07  27.6 245.2  10.2 210.4  0.05  0.04
       3 18  53.5  27.5  37.0  70.0  27.3        29.2 206.2   8.6 446.5  0.15  0.11
       3 19  60.7  23.1  41.5  58.5  25.0        15.6 120.2   5.0 537.6  0.17  0.12
       3 20  71.2  29.1  50.2  56.1  33.2        23.6 129.4   5.4 474.1  0.20  0.15
       3 21  66.2  38.2  49.6  72.2  39.9  0.11  31.1 124.1   5.2 418.2  0.16  0.12
       3 22  65.3  37.7  49.6  71.2  38.8        18.9 106.8   4.5 512.5  0.16  0.12
       3 23  53.1  29.7  38.3  82.0  33.3        27.8 234.0   9.8 366.1  0.12  0.09
       3 24  33.9  28.4  31.2  80.9  26.0        17.4 174.8   7.3 123.2  0.05  0.03
       3 25  36.7  29.4  32.6  84.2  28.3        19.7 180.6   7.5 109.3  0.05  0.03
       3 26  47.6  29.7  35.9  78.7  29.9  0.09  21.3 255.4  10.6 460.1  0.12  0.09
       3 27  61.8  28.5  40.9  68.7  29.7        31.6 168.1   7.0 433.1  0.18  0.13
       3 28  53.7  23.1  39.8  65.0  27.7        21.1 124.2   5.2 363.8  0.12  0.09
       3 29  53.4  33.1  43.3  61.9  30.4        15.7  76.4   3.2 278.3  0.10  0.08
       3 30  61.7  28.1  42.6  67.7  30.4        37.0 269.5  11.2 391.1  0.21  0.14
       3 31  48.9  27.9  36.2  75.4  28.4  0.13  16.6 145.2   6.0 618.4  0.13  0.11
       4  1  70.1  28.0  48.5  57.2  31.5        27.1 187.5   7.8 462.3  0.24  0.17
       4  2  68.7  30.6  51.0  64.1  39.4        41.7 275.4  11.5 433.7  0.22  0.15
       4  3  67.9  41.2  52.4  75.9  44.5        36.2 265.8  11.1 497.0  0.21  0.15
       4  4  57.8  42.2  49.1  83.6  44.2        18.0 181.2   7.5 254.3  0.10  0.08
       4  5  65.8  46.5  53.4  75.2  45.4        27.0 177.6   7.4 343.8  0.16  0.12
       4  6  72.4  42.8  52.5  69.6  40.9  0.06  38.7 273.4  11.4 379.3  0.28  0.19
       4  7  68.6  39.9  53.7  40.7  28.2        30.4 193.4   8.1 520.6  0.27  0.19
       4  8  67.8  33.3  48.0  65.6  35.2        33.0 154.0   6.4 560.0  0.22  0.16
       4  9  65.3  25.6  46.5  56.6  29.2        32.8 198.0   8.3 523.2  0.22  0.16
       4 10  46.7  37.3  41.4  79.2  35.4  0.20  29.9 277.3  11.6 151.0  0.08  0.06
       4 11  42.9  31.1  36.4  84.8  32.2  0.22  62.7 529.0  22.0 128.0  0.07  0.05
       4 12  53.3  25.0  38.9  72.7  30.6        23.5 151.5   6.3 532.5  0.13  0.11
       4 13  59.5  32.1  45.3  56.1  28.3        15.6 128.9   5.4 662.6  0.20  0.15
       4 14  63.6  27.3  46.3  57.8  30.7        36.2 126.4   5.3 525.9  0.18  0.14
       4 15  60.5  26.3  45.1  50.6  26.4        32.7 161.3   6.7 668.4  0.21  0.16
       4 16  43.5  28.5  37.1  68.4  27.4        22.0 142.6   5.9 259.6  0.08  0.07
       4 17  59.3  29.2  44.4  55.1  29.1        25.6 299.6  12.5 667.3  0.23  0.17
       4 18  82.6  34.6  57.9  46.9  32.3        19.6 164.6   6.9 628.4  0.35  0.25
       4 19  80.1  41.2  61.8  34.6  28.8        37.9 232.9   9.7 663.3  0.41  0.28
       4 20  65.1  34.0  48.9  65.4  37.6  0.05  43.5 167.0   7.0 339.7  0.17  0.12
       4 21  58.8  28.9  45.7  74.9  37.6        37.3 278.1  11.6 574.2  0.16  0.12
       4 22  45.2  28.9  34.2  92.6  32.7  0.12  39.5 371.0  15.5 106.9  0.07  0.05
       4 23  58.0  24.4  40.5  66.1  29.7  0.16  18.7 177.0   7.4 663.5  0.18  0.14
       4 24  65.9  35.6  51.4  56.9  35.3        17.0 126.3   5.3 542.7  0.20  0.15
       4 25  74.8  33.9  54.8  57.9  37.2        22.9 116.0   4.8 711.0  0.26  0.20
       4 26  78.8  37.1  58.5  54.9  39.2        15.6 110.1   4.6 718.0  0.28  0.22
       4 27  81.8  38.9  61.5  51.7  40.6        23.8 144.4   6.0 623.7  0.30  0.22
       4 28  81.8  43.1  64.4  50.2  43.1  0.01  34.0 185.2   7.7 662.4  0.33  0.24
       4 29  83.3  44.7  64.3  50.0  42.0  0.01  28.0 147.3   6.1 682.3  0.33  0.25
       4 30  75.8  41.2  61.2  49.3  38.8        29.1 168.2   7.0 671.9  0.29  0.22
       5  1  86.3  44.3  64.9  42.0  39.6        26.9 223.7   9.3 627.9  0.42  0.29
       5  2  54.2  35.6  39.5  83.8  34.8  0.23  33.4 281.0  11.7  57.5  0.12  0.08
       5  3  42.3  32.6  38.3  94.2  37.0  0.36  17.0 203.9   8.5 105.2  0.03  0.02
       5  4  45.1  41.5  42.9  95.2  41.6  0.85  18.8 185.3   7.7  95.9  0.04  0.03
       5  5  47.8  42.1  44.5  92.1  42.4  0.91  37.1 353.7  14.7 143.5  0.05  0.04
       5  6  60.1  41.3  49.0  74.6  40.8        31.2 195.7   8.2 680.5  0.19  0.15
       5  7  66.8  37.4  52.4  60.5  37.8        16.0 124.3   5.2 751.0  0.23  0.19
       5  8  76.5  41.6  59.6  56.7  40.9        15.9 116.6   4.9 776.0  0.28  0.23
       5  9  85.3  41.6  60.9  58.2  44.2        17.5 118.5   4.9 652.3  0.31  0.23
       5 10  74.1  45.2  58.8  69.8  48.5        18.6 132.8   5.5 519.7  0.21  0.17
       5 11  71.6  44.7  57.7  72.5  48.0        23.2 133.6   5.6 673.9  0.22  0.18
       5 12  87.2  51.3  67.4  57.3  50.1        21.3 171.1   7.1 770.0  0.38  0.29
       5 13  88.2  52.0  69.5  54.2  49.7        15.1 114.1   4.8 762.0  0.34  0.27
       5 14  85.6  46.7  65.8  63.4  51.8  0.03  25.7 117.8   4.9 704.0  0.29  0.24
       5 15  86.3  49.9  68.4  58.2  50.1        16.2 107.1   4.5 654.1  0.29  0.23
       5 16  79.6  47.3  64.7  59.5  49.2        25.6 133.8   5.6 463.1  0.23  0.18
       5 17  67.1  48.7  53.9  79.8  47.6  0.13  20.5 150.3   6.3 180.3  0.14  0.10
       5 18  78.2  43.7  60.3  69.6  48.5        12.1  75.3   3.1 586.6  0.21  0.18
       5 19  64.9  49.5  57.4  83.8  52.5  0.02  16.3 111.5   4.6 213.3  0.09  0.08
       5 20  67.2  33.1  49.8  76.3  42.3  0.13  50.8 267.3  11.1 545.1  0.21  0.15
       5 21  56.9  32.6  45.0  57.7  29.8        30.3 238.6   9.9 572.6  0.20  0.15
       5 22  68.6  37.4  53.4  57.3  37.0        29.1 211.6   8.8 632.8  0.26  0.20
       5 23  75.7  38.4  57.1  53.2  37.4        39.1 272.7  11.4 788.0  0.37  0.27
       5 24  70.1  33.2  53.6  50.0  32.3        31.6 237.4   9.9 819.0  0.32  0.24
       5 25  70.4  31.3  52.8  59.9  37.1        16.5 116.8   4.9 808.0  0.25  0.21
       5 26  78.2  40.2  58.2  68.3  46.5  0.19  30.4  99.2   4.1 511.0  0.21  0.17
       5 27  75.7  51.0  60.5  79.6  53.6  0.03  22.4 126.8   5.3 457.3  0.19  0.16
       5 28  81.7  46.7  63.0  70.4  51.2  1.11  26.7 161.6   6.7 473.2  0.26  0.19
       5 29  76.0  52.6  61.1  81.3  55.0  0.15  27.3 121.4   5.1 578.7  0.21  0.18
       5 30  70.2  51.4  59.5  79.1  52.6  0.26  23.3 177.4   7.4 485.8  0.19  0.15
       5 31  76.6  44.8  60.6  71.7  50.3        12.9  60.2   2.5 767.0  0.23  0.21
       6  1  82.7  47.5  64.8  61.5  48.9        16.1  97.0   4.0 817.0  0.30  0.25
       6  2  89.2  44.8  68.0  55.9  49.9        29.0 233.2   9.7 767.0  0.42  0.31
       6  3  70.6  51.5  57.6  86.2  53.5  0.17  29.3 243.9  10.2 226.1  0.16  0.11
       6  4  56.0  46.3  51.8  93.2  50.0  0.30  22.8 176.5   7.4 150.4  0.05  0.04
       6  5  75.4  41.1  59.5  68.9  47.5  0.11  27.3 120.4   5.0 751.0  0.25  0.21
       6  6  81.4  54.6  68.2  70.0  57.0        22.0 195.8   8.2 812.0  0.32  0.26
       6  7  80.2  59.9  68.1  80.2  61.4  0.14  27.4 182.6   7.6 588.7  0.24  0.20
       6  8  84.3  53.0  69.5  67.2  57.6  0.02  35.2 221.1   9.2 809.0  0.34  0.27
       6  9  87.0  60.5  72.3  61.6  57.0        29.5 171.0   7.1 635.5  0.33  0.26
       6 10  94.1  53.7  74.8  47.7  50.6        17.2 139.8   5.8 817.0  0.41  0.32
       6 11  89.2  59.5  75.0  52.8  55.0        21.3 192.8   8.0 737.0  0.39  0.30
       6 12  90.6  61.4  73.9  57.8  55.4        33.0 166.6   6.9 677.1  0.38  0.29
       6 13  69.7  43.2  54.6  55.3  36.3  0.58  34.9 278.0  11.6 416.5  0.30  0.20
       6 14  69.6  40.4  55.3  60.1  39.7        29.3 191.9   8.0 689.5  0.26  0.20
       6 15  82.6  41.2  64.6  46.1  39.3        25.3 174.1   7.3 773.0  0.37  0.28
       6 16  83.5  43.8  64.9  58.7  48.1        18.7 119.3   5.0 744.0  0.30  0.24
       6 17  94.6  48.9  73.7  46.4  46.6        21.1 140.7   5.9 796.0  0.42  0.32
       6 18  93.3  52.7  71.6  44.4  46.3        29.5 205.3   8.6 782.0  0.49  0.35
       6 19  73.4  51.3  61.9  55.8  45.0        21.9 162.1   6.8 668.5  0.28  0.22
       6 20  73.4  49.8  61.3  70.6  51.4        23.5 158.8   6.6 486.0  0.21  0.16
       6 21  80.0  42.9  64.1  58.8  47.0        14.5  80.5   3.4 806.0  0.27  0.24
       6 22  89.3  55.3  72.8  52.0  52.3        21.0 117.0   4.9 761.0  0.34  0.27
       6 23  95.8  54.7  76.7  42.1  46.9        24.8 129.6   5.4 806.0  0.42  0.32
       6 24  97.8  52.3  78.3  40.6  49.1        21.4 113.4   4.7 764.0  0.39  0.30
       6 25  94.3  60.0  79.6  43.2  53.5        27.2 121.5   5.1 681.2  0.36  0.28
       6 26  96.1  61.0  81.6  37.2  50.4        39.9 207.0   8.6 709.0  0.47  0.35
       6 27  90.9  60.7  75.9  51.4  56.3        22.4 119.7   5.0 799.0  0.36  0.29
       6 28  94.9  58.8  76.8  53.4  55.7        13.3  93.9   3.9 770.0  0.35  0.28
       6 29  96.1  59.0  76.1  48.2  53.9        19.8 114.5   4.8 573.1  0.34  0.26
       6 30  94.7  62.3  77.8  51.8  56.8  0.01  32.4 183.6   7.7 579.2  0.40  0.29
       7  1  98.1  61.9  78.6  54.5  59.0        35.2 226.8   9.4 762.0  0.49  0.36
       7  2  95.9  62.9  77.6  49.4  55.1        29.5 183.5   7.6 675.6  0.44  0.33
       7  3  88.6  61.1  74.5  60.8  59.7  0.25  38.2 146.3   6.1 573.6  0.30  0.24
       7  4  94.2  57.6  76.8  61.2  59.5        31.0 136.7   5.7 744.0  0.36  0.29
       7  5  93.6  65.2  79.8  49.1  57.4        22.2 170.1   7.1 731.0  0.41  0.31
       7  6  94.6  60.2  78.8  54.8  59.9        21.8 116.6   4.9 668.0  0.33  0.27
       7  7  91.1  61.0  78.2  60.9  62.9        33.3 109.1   4.5 647.0  0.29  0.24
       7  8  91.9  63.0  77.3  59.5  60.9        30.8 149.9   6.2 673.6  0.34  0.27
       7  9  91.1  61.0  74.6  68.5  62.8  0.57  23.8 133.2   5.5 575.6  0.29  0.23
       7 10  85.2  61.3  72.6  74.8  63.4  0.28  36.2 160.6   6.7 543.8  0.25  0.21
       7 11  86.1  59.2  72.1  76.4  63.6  0.02  16.6  95.0   4.0 654.5  0.25  0.22
       7 12  86.7  61.8  73.9  72.8  63.8  0.02  19.6  99.8   4.2 671.5  0.26  0.23
       7 13  84.9  62.6  72.7  74.4  63.0  0.20  18.3 114.3   4.8 547.2  0.24  0.20
       7 14  84.9  61.9  71.3  77.6  63.0  0.65  27.4 105.7   4.4 629.4  0.25  0.21
       7 15  86.2  59.5  72.2  73.2  61.9        14.0  78.0   3.3 704.0  0.26  0.23
       7 16  93.0  57.7  75.1  57.4  56.3        17.8 102.9   4.3 791.0  0.35  0.29
       7 17  88.7  57.4  73.5  57.8  56.3        18.4  95.1   4.0 444.9  0.24  0.19
       7 18  92.7  55.3  74.2  56.2  54.8        14.5  91.4   3.8 530.9  0.27  0.22
       7 19  95.3  58.0  75.3  55.8  55.6        32.2 137.8   5.7 587.8  0.36  0.27
       7 20  97.6  64.3  79.8  49.8  56.2        22.7 126.7   5.3 715.0  0.39  0.30
       7 21  98.2  61.0  78.5  52.7  57.5        20.5 108.6   4.5 615.1  0.34  0.27
       7 22  99.1  62.0  78.6  48.6  53.6        19.2 120.3   5.0 724.0  0.40  0.31
       7 23  78.3  58.5  68.2  83.1  63.0  0.97  29.5 151.4   6.3 197.9  0.12  0.10
       7 24  85.4  58.9  70.9  75.9  62.1  0.22  39.6 129.1   5.4 605.4  0.25  0.21
       7 25  87.1  56.9  73.0  66.1  59.5  0.22  19.1 136.2   5.7 744.0  0.31  0.25
       7 26  84.7  63.8  70.8  79.6  63.8  0.02  26.7 194.2   8.1 361.6  0.23  0.17
       7 27  85.8  62.3  74.2  66.5  60.7  0.01  14.1 121.6   5.1 734.0  0.30  0.25
       7 28  94.0  58.1  77.4  57.7  57.5        20.9 143.1   6.0 757.0  0.37  0.30
       7 29  99.3  65.8  82.0  43.1  54.1        19.6 173.7   7.2 770.0  0.48  0.36
       7 30  98.8  59.9  80.6  45.6  54.7        25.0 161.4   6.7 717.0  0.43  0.32
       7 31  94.2  66.3  78.9  49.8  57.4        31.7 173.5   7.2 629.2  0.40  0.30
       8  1  88.3  61.1  72.9  73.0  62.5  0.01  30.0 138.5   5.8 607.7  0.28  0.23
       8  2  88.6  63.5  74.3  74.5  64.8  0.04  21.3  96.7   4.0 600.1  0.25  0.21
       8  3  92.1  62.6  77.5  62.8  61.9        25.1 114.2   4.8 723.0  0.32  0.26
       8  4  93.0  62.0  79.0  57.8  61.9        17.2  95.6   4.0 723.0  0.31  0.26
       8  5  92.9  65.0  79.1  58.3  61.5        16.0 104.9   4.4 631.5  0.30  0.24
       8  6  92.3  65.8  74.7  75.7  65.5        30.8  85.8   3.6 423.0  0.22  0.18
       8  7  91.9  59.9  76.1  61.4  59.0        21.3 141.8   5.9 702.0  0.34  0.27
       8  8  92.4  54.5  75.6  51.6  53.8        27.0 116.7   4.9 720.0  0.33  0.27
       8  9  74.1  55.9  66.2  66.0  54.2        26.3 209.6   8.7 461.6  0.22  0.17
       8 10  79.4  50.9  65.7  67.6  54.2        17.1 126.5   5.3 536.6  0.22  0.18
       8 11  89.4  52.8  70.5  63.1  54.7        16.4  82.9   3.5 711.0  0.28  0.24
       8 12  87.4  61.2  73.3  64.3  59.5        24.9 158.8   6.6 684.4  0.32  0.25
       8 13  88.6  55.5  70.2  69.3  58.9        45.6 183.0   7.6 614.4  0.32  0.24
       8 14  78.2  61.5  70.0  74.2  61.1  0.02  19.0  93.9   3.9 499.4  0.19  0.16
       8 15  80.6  57.9  66.7  72.2  56.4        24.8 112.6   4.7 474.1  0.21  0.17
       8 16  82.2  52.7  64.6  76.0  56.0        17.8  74.0   3.1 444.1  0.18  0.15
       8 17  86.0  49.8  66.1  67.9  53.3        12.6  72.5   3.0 639.9  0.24  0.20
       8 18  92.9  48.4  68.7  57.7  50.2        13.4  88.9   3.7 697.3  0.31  0.25
       8 19  92.4  48.8  68.8  58.7  52.0        45.0 120.8   5.0 528.0  0.30  0.23
       8 20  91.5  55.8  71.4  58.2  55.0        36.4 100.2   4.2 382.5  0.25  0.18
       8 21  90.5  56.5  71.1  60.3  55.2        18.3  98.6   4.1 625.8  0.29  0.23
       8 22  87.2  53.5  69.3  64.2  56.0        30.8 113.4   4.7 489.3  0.24  0.19
       8 23  81.9  58.8  68.2  69.3  57.1        11.8  72.3   3.0 373.0  0.17  0.14
       8 24  88.4  50.0  70.2  65.4  56.0        14.0  98.5   4.1 654.0  0.26  0.22
       8 25  84.2  58.1  71.8  54.1  52.5        37.9 121.8   5.1 386.7  0.23  0.18
       8 26  94.0  46.8  71.4  52.5  48.4        19.0 122.6   5.1 656.2  0.34  0.26
       8 27  94.7  50.4  75.0  42.7  46.2        22.4 143.2   6.0 643.5  0.37  0.27
       8 28  94.0  56.8  77.0  32.4  42.8        22.9 182.4   7.6 607.8  0.43  0.30
       8 29  92.2  50.8  70.9  53.3  50.9        15.6  97.3   4.1 613.2  0.29  0.22
       8 30  82.9  51.5  67.3  57.6  51.2        15.5  92.8   3.9 578.0  0.23  0.19
       8 31  82.0  55.1  68.1  68.8  56.7        28.4 206.2   8.6 318.9  0.23  0.16
       9  1  86.9  51.3  66.2  66.9  53.3  0.02  35.2 106.0   4.4 511.7  0.25  0.19
       9  2  92.6  53.0  69.9  55.6  50.8        18.4 105.4   4.4 595.8  0.30  0.23
       9  3  92.8  49.4  70.6  53.0  49.0        17.9 107.9   4.5 612.8  0.31  0.23
       9  4  91.0  50.9  74.9  42.2  46.6        23.3 190.0   7.9 630.7  0.38  0.27
       9  5  87.8  59.3  74.9  43.8  49.7        31.6 260.4  10.8 577.2  0.41  0.28
       9  6  87.2  57.0  69.1  63.4  54.2        47.9 142.1   5.9 503.3  0.28  0.21
       9  7  70.0  47.9  57.5  56.3  41.3        28.8 180.9   7.5 490.6  0.23  0.17
       9  8  55.0  41.3  47.4  83.3  42.4  0.02  19.7 133.6   5.6 236.3  0.08  0.07
       9  9  72.2  33.5  53.4  63.3  39.0        16.4 107.2   4.5 625.0  0.21  0.17
       9 10  86.1  38.1  59.6  60.8  43.0        10.3  51.8   2.2 623.5  0.22  0.18
       9 11  91.5  43.0  64.1  57.3  44.3        15.1  80.7   3.4 605.3  0.28  0.21
       9 12  85.2  44.0  65.1  53.8  46.2  0.09  20.8 137.8   5.7 572.0  0.28  0.21
       9 13  87.5  46.6  66.5  68.4  54.7        30.0 160.0   6.7 480.6  0.26  0.19
       9 14  82.9  53.7  63.0  85.5  58.0  0.32  34.8 109.5   4.6 415.8  0.19  0.15
       9 15  65.1  51.6  57.7  90.9  55.0  0.67  17.6 110.5   4.6 313.3  0.09  0.08
       9 16  77.0  54.0  63.3  79.7  56.5        15.8 110.0   4.6 461.8  0.17  0.14
       9 17  65.3  54.4  59.2  93.2  57.2  0.41  13.9  92.3   3.8 169.2  0.06  0.06
       9 18  67.3  48.6  57.0  86.4  52.8  0.02  17.8  99.5   4.1 350.9  0.11  0.09
       9 19  84.1  47.0  62.6  64.7  48.1        12.9  93.6   3.9 530.6  0.23  0.17
       9 20  75.6  48.3  62.0  65.1  49.3        12.8  99.4   4.1 527.0  0.18  0.15
       9 21  88.6  47.6  65.7  62.7  50.3        13.0  88.9   3.7 526.4  0.24  0.18
       9 22  77.6  49.2  63.3  56.3  45.8        22.1 139.7   5.8 499.3  0.23  0.17
       9 23  68.0  39.5  53.5  67.8  42.2        14.2 105.8   4.4 510.2  0.16  0.13
       9 24  79.2  44.2  59.4  60.1  44.0        19.6 138.0   5.8 509.1  0.24  0.17
       9 25  84.7  42.5  62.8  55.9  44.4        18.6 123.3   5.1 505.0  0.25  0.18
       9 26  91.9  43.2  64.7  55.5  43.9        23.8  83.2   3.5 461.1  0.25  0.18
       9 27  91.1  48.6  68.2  45.7  43.0        14.0 117.2   4.9 492.3  0.29  0.20
       9 28  84.7  46.5  66.0  58.2  48.0        23.8 185.2   7.7 468.8  0.29  0.20
       9 29  82.2  51.5  65.0  55.6  47.8        17.8 120.2   5.0 277.4  0.21  0.14
       9 30  76.6  47.8  61.6  68.3  50.2        13.2  84.2   3.5 448.6  0.16  0.13
      10  1  86.0  45.2  63.7  57.0  44.9        19.6 113.7   4.7 452.6  0.25  0.17
      10  2  85.5  44.6  63.3  46.6  38.7        21.3 144.5   6.0 443.2  0.29  0.20
      10  3  81.5  37.7  59.0  51.1  38.1        21.3 125.4   5.2 440.7  0.24  0.17
      10  4  55.8  33.9  47.8  69.3  37.8  0.10  26.0 244.2  10.2 134.7  0.10  0.07
      10  5  50.4  33.1  39.3  75.6  31.6  0.06  16.1 116.8   4.9 353.9  0.10  0.07
      10  6  75.2  28.1  48.3  59.7  31.1        13.4 103.6   4.3 462.9  0.21  0.14
      10  7  80.1  36.5  57.3  51.8  37.4        16.3 125.6   5.2 397.3  0.23  0.16
      10  8  82.0  40.1  62.3  46.9  38.4        25.0 144.0   6.0 403.0  0.25  0.17
      10  9  67.2  44.1  53.1  71.3  43.3  0.24  37.6 201.4   8.4 361.7  0.18  0.12
      10 10  58.5  34.7  46.3  60.7  32.0        21.5 153.7   6.4 436.9  0.15  0.10
      10 11  65.7  29.7  47.7  55.2  30.5        27.5 116.2   4.8 306.7  0.15  0.10
      10 12  52.4  31.5  44.2  51.5  27.0        37.3 339.6  14.2 357.1  0.17  0.11
      10 13  58.2  28.9  44.5  57.8  30.4        36.6 232.6   9.7 185.6  0.15  0.10
      10 14  64.7  34.7  47.7  63.8  34.6  0.07  20.8 120.4   5.0 380.0  0.15  0.10
      10 15  53.2  29.5  40.2  71.0  30.8  0.20  39.8 194.3   8.1 430.9  0.12  0.09
      10 16  70.4  25.0  43.2  62.8  28.7        11.5  81.3   3.4 384.1  0.15  0.11
      10 17  76.9  31.0  49.7  56.8  32.8        10.8  91.8   3.8 298.5  0.18  0.12
      10 18  55.2  31.6  43.4  66.2  32.5        19.5 110.8   4.6 390.0  0.10  0.08
      10 19  65.2  27.9  46.8  54.5  28.0        22.2 110.2   4.6 397.6  0.15  0.10
      10 20  56.9  31.1  45.9  59.8  32.2        14.8  70.7   2.9 181.7  0.08  0.06
      10 21  59.5  32.7  47.6  62.0  34.3        23.2 117.2   4.9 286.7  0.11  0.08
      10 22  72.9  34.6  53.3  56.4  36.6  0.04  39.7 141.0   5.9 320.0  0.18  0.12
      10 23  72.4  32.6  51.1  51.4  31.4        40.6 225.6   9.4 348.5  0.26  0.17
      10 24  53.5  32.3  43.7  31.3  14.2        40.5 352.1  14.7 396.7  0.24  0.15
      10 25  58.8  20.5  39.1  41.5  14.8        18.9 123.1   5.1 387.5  0.15  0.10
      10 26  60.2  20.8  39.5  44.0  16.7        16.4 121.0   5.0 379.8  0.15  0.10
      10 27  80.9  25.8  49.9  34.4  19.6        15.4 117.2   4.9 368.0  0.26  0.16
      10 28  79.2  35.3  53.7  43.5  31.5        16.4 122.3   5.1 291.2  0.22  0.14
      10 29  56.8  34.2  43.8  68.6  33.9        13.5  85.0   3.5 287.4  0.08  0.06
      10 30  67.7  35.9  50.8  60.4  36.4        15.6 115.2   4.8 201.3  0.13  0.09
      10 31  74.5  33.4  53.6  49.7  33.0        31.6 198.2   8.3 225.5  0.24  0.15
      11  1  67.0  27.4  44.9  54.1  27.1         9.3  66.3   2.8 284.8            
      11  2  67.8  29.5  46.4  52.6  28.6        16.4  95.9   4.0 335.4            
      11  3  65.9  30.4  45.1  56.6  28.8        18.9  77.4   3.2 329.2            
      11  4  76.1  26.9  47.2  62.0  33.7        19.6 110.3   4.6 333.2            
      11  5  77.3  29.0  47.9  55.2  29.0        11.5  99.0   4.1 316.2            
      11  6  73.4  31.9  49.8  51.9  31.4        12.4 101.1   4.2 309.7            
      11  7  69.3  32.2  45.0  61.9  31.8  0.03  32.6 236.6   9.9 223.0            
      11  8  47.5  23.3  34.6  78.4  28.2  0.06  12.8 101.3   4.2 321.7            
      11  9  59.5  18.2  34.7  69.4  24.5        13.4 131.9   5.5 328.0            
      11 10  63.6  22.9  37.5  59.9  22.1        12.1 110.6   4.6 321.9            
      11 11  64.4  18.9  37.4  62.0  23.4        11.1  93.9   3.9 306.0            
      11 12  69.0  27.0  43.8  62.3  29.6        12.6  96.9   4.0 295.6            
      11 13  65.6  28.5  42.1  70.3  31.8        10.0  58.4   2.4 248.4            
      11 14  66.8  31.2  44.5  62.3  30.3        12.5  96.9   4.0 287.2            
      11 15  67.6  27.8  45.5  68.6  35.2        19.4 146.1   6.1 287.7            
      11 16  64.1  30.3  49.3  78.8  42.7        25.6 240.0  10.0 283.5            
      11 17  64.7  32.6  46.6  75.6  38.7        19.6 135.1   5.6 278.8            
      11 18  52.0  28.1  35.1  80.4  29.6  0.01  29.2 219.0   9.1 139.7            
      11 19  52.5  19.3  31.2  74.1  23.4  0.02  13.1  84.9   3.5 284.3            
      11 20  60.7  16.9  32.7  66.2  21.0        14.0 119.6   5.0 292.6            
      11 21  59.5  16.2  33.3  57.2  17.0        14.0 117.8   4.9 263.7            
      11 22  61.1  19.8  37.2  50.9  17.5        28.6 129.9   5.4 167.7            
      11 23  42.0  35.9  39.8  80.6  34.3  0.25  35.4 296.4  12.3  54.5            
      11 24  47.6  23.5  36.6  66.8  26.1        31.9 254.8  10.6 259.0            
      11 25  35.5  23.4  30.4  85.3  26.6        27.4 201.9   8.4  74.6            
      11 26  28.3   5.2  18.2  76.7  13.0        37.8 323.7  13.5 223.9            
      11 27  19.5  -5.8   8.3  69.8   0.9        15.9 117.0   4.9 279.0            
      11 28  24.1  -7.9   4.7  70.9  -1.0  0.01  12.4  94.1   3.9 276.7            
      11 29  31.2   1.3  16.5  74.9  10.7        11.7  88.7   3.7 221.5            
      11 30  44.3  10.8  25.4  72.5  17.9        14.5 105.3   4.4 214.9            
      12  1  43.9   7.6  28.1  60.1  16.0        21.3 146.3   6.1 265.8            
      12  2  52.6  18.8  35.0  62.6  23.3        22.2 132.7   5.5 250.9            
      12  3  46.5  29.1  36.3  75.5  29.4        19.1  85.8   3.6 115.3            
      12  4  46.0  22.2  33.6  75.5  26.7        21.8  97.5   4.1 232.6            
      12  5  48.0  26.6  36.0  46.8  16.5        29.5 204.1   8.5 248.4            
      12  6  56.6  18.8  37.0  55.8  20.1        24.5 138.7   5.8 240.6            
      12  7  46.0  21.2  34.5  62.2  21.8        29.5 177.9   7.4 227.4            
      12  8  47.2  12.7  27.6  65.7  15.9        13.4 109.9   4.6 239.9            
      12  9  55.6  15.1  29.6  70.2  19.4        10.7  87.0   3.6 239.7            
      12 10  41.7  17.3  26.2  81.4  21.0        16.5 100.9   4.2 226.6            
      12 11  49.0  17.7  29.1  75.2  20.3        20.6 114.5   4.8 222.8            
      12 12  33.2  14.9  24.2  80.9  18.8        13.8  71.6   3.0 153.7            
      12 13  40.5   7.1  21.7  74.2  13.7        10.5  84.9   3.5 222.8            
      12 14  57.6  13.2  32.6  64.4  19.9        17.5 100.2   4.2 210.8            
      12 15  41.5  14.7  28.6  78.2  22.4        21.6 119.3   5.0 121.2            
      12 16  44.3   8.3  24.4  79.6  18.4        15.7 101.8   4.2 234.8            
      12 17  58.6  14.5  29.2  72.2  20.2        14.5  92.2   3.8 216.9            
      12 18  42.0  14.1  26.5  80.0  21.0        26.2 152.1   6.3 203.1            
      12 19  53.9   9.1  27.2  68.4  15.6        17.4 109.9   4.6 227.8            
      12 20  46.1  11.7  28.0  71.3  19.2        18.2 101.4   4.2 193.3            
      12 21  50.7  19.0  33.0  65.7  21.1        28.3 173.2   7.2 199.5            
      12 22  36.1  15.9  26.9  64.3  16.6        30.0 201.3   8.4 196.7            
      12 23  43.9   8.8  23.1  64.9  11.6        22.6 151.2   6.3 233.0            
      12 24  38.7   6.6  21.6  62.8   9.2        28.5 162.6   6.8 228.9            
      12 25  38.9  13.8  27.2  51.2  10.9        35.9 213.3   8.9 146.8            
      12 26  51.9  16.2  32.1  43.8  10.5        23.2 161.1   6.7 228.5            
      12 27  46.1  15.9  29.0  48.5  10.4        22.2 116.4   4.8 235.4            
      12 28  40.8  10.4  21.1  73.8  14.3        30.0 157.1   6.5  49.5            
      12 29  35.5   8.5  23.0  60.0  10.4        18.3 116.4   4.8 219.9            
      12 30  28.5   8.9  20.6  71.5  12.7        13.1  80.6   3.4 198.0            
      12 31  37.8   4.5  19.4  74.2  12.3        13.2 101.8   4.2 222.6            

      Total                               13.79                         57.92 44.14
        Max  99.3  66.3  82.0  95.2  65.5        62.7 529.0  22.0 819.0
        Min  16.5  -7.9   4.7  31.3  -1.0         9.3  46.6   1.9  41.6
        Ave  65.6  35.2  49.5  64.5  36.1        23.1 149.6   6.2 429.7
