                                                                    10-JAN-01
      Cellular-linked Weather Station near BRUSH, Colorado               2000
      -----------------------------------------------------------------------------
               Temperature      Rel   Dew             Wind        Solar StandrdASCE
            ----------------- Humid Point  Prec -----------------   Rad   ETr   ETo
       Date   Max   Min   Ave   Ave   Ave Total   Max Total   Ave Total Alflf Grass
      MoDay     F     F     F     %     F  inch   mph miles   mph Langl  inch  inch
      ----- ----- ----- ----- ----- ----- ----- ----- ----- ----- ----- ----- -----
       1  1  52.4  21.0  34.7  52.1  17.3        12.7  90.4   3.8 219.4            
       1  2  47.7  17.8  32.2  61.4  19.7        29.3 151.3   6.3 226.5            
       1  3  28.9   6.8  22.0  72.4  15.4  0.12  32.5 351.3  14.6 196.3            
       1  4  40.5  -3.3  18.8  59.3   9.4        15.3 105.6   4.4 255.9            
       1  5  40.8  15.8  29.6  59.6  17.0  0.01  35.1 187.4   7.8 258.9            
       1  6  41.1  11.9  24.5  51.0   7.9  0.01  14.8 124.9   5.2 261.2            
       1  7  41.8   9.0  23.2  61.8  11.5        13.8 107.9   4.5 217.2            
       1  8  46.5  12.6  27.6  63.7  16.6        12.0 103.4   4.3 250.5            
       1  9  44.7  27.5  36.0  38.5  12.3        32.8 235.6   9.8 237.5            
       1 10  41.3  19.6  27.7  61.8  16.0  0.01  26.3 170.5   7.1  54.8            
       1 11  62.7  20.6  36.0  55.0  19.2        19.2 138.8   5.8 213.0            
       1 12  53.1  23.1  37.0  51.6  19.0        39.5 192.1   8.0 262.5            
       1 13  48.5  16.0  31.5  58.4  17.2        26.5 148.2   6.2 240.4            
       1 14  55.2  19.2  30.2  65.0  18.7        12.9 105.2   4.4 166.5            
       1 15  51.9  20.5  33.2  57.5  19.1  0.01  13.5 114.1   4.8 162.4            
       1 16  44.7  23.7  32.1  65.9  21.6        19.6 139.7   5.8 170.9            
       1 17  61.2  22.4  37.8  64.4  26.0        15.4  96.8   4.0 196.7            
       1 18  44.1  26.0  35.0  73.6  27.2        17.5  91.8   3.8 122.8            
       1 19  48.5  18.5  33.6  64.7  23.0  0.05  34.0 207.5   8.6 224.9            
       1 20  50.1  14.9  28.4  66.3  17.9        11.6  59.5   2.5 224.4            
       1 21  51.8  21.1  36.0  66.7  25.4        23.4 100.3   4.2 128.9            
       1 22  48.3  21.9  33.3  70.3  23.9        29.2  84.1   3.5 265.0            
       1 23  45.0  17.1  30.0  59.2  16.3  0.01  24.9 138.0   5.8 287.6            
       1 24  52.6  14.6  31.6  53.9  15.7        27.2 153.2   6.4 156.1            
       1 25  36.0  19.0  28.7  58.3  15.4        18.3 169.2   7.0 124.9            
       1 26  41.5  20.8  30.8  57.2  17.1        18.2 136.3   5.7 240.9            
       1 27  33.2  18.0  27.2  79.7  22.0  0.04  10.4  58.8   2.5 106.8            
       1 28  36.1  11.2  24.1  67.0  14.6        24.3 153.9   6.4 206.9            
       1 29  32.6  14.7  23.3  74.0  16.0        21.4 119.4   5.0 142.3            
       1 30  42.1   5.8  21.2  63.8   9.5  0.01  11.0  64.6   2.7 314.0            
       1 31  50.7   7.0  23.9  54.7   7.4        11.0  87.0   3.6 329.0            
       2  1  51.4   7.2  27.2  49.9   8.6        13.9 120.3   5.0 325.2            
       2  2  69.2  21.0  41.0  37.9  12.7  0.01  23.2 163.1   6.8 300.2            
       2  3  48.0  20.4  33.5  57.0  19.3        34.2 229.0   9.5 225.7            
       2  4  40.9  12.2  26.6  47.6   8.0        17.2 108.2   4.5 338.1            
       2  5  60.3  16.1  34.4  45.0  12.7  0.01  21.5 158.5   6.6 307.8            
       2  6  60.0  19.7  36.2  45.7  14.3        26.9 131.8   5.5 291.6            
       2  7  58.1  18.6  35.7  49.2  16.4        25.8 139.9   5.8 335.1            
       2  8  58.1  15.8  37.2  46.6  15.8        11.5 106.0   4.4 232.6            
       2  9  58.7  26.4  40.6  39.1  15.4        13.9 104.5   4.4 192.3            
       2 10  45.7  25.8  34.8  65.6  24.3        21.0 186.6   7.8 286.9            
       2 11  27.9  10.6  21.7  82.9  17.5  0.09  18.5 164.5   6.9 184.6            
       2 12  31.2  11.0  23.1  84.3  19.5        22.0 162.2   6.8 174.2            
       2 13  44.3  21.8  30.3  73.9  22.8  0.01  14.6 102.3   4.3 321.5            
       2 14  67.9  20.7  40.6  57.1  23.9        15.3 112.4   4.7 327.2            
       2 15  58.9  24.5  45.0  40.6  19.6        43.8 430.6  17.9 376.1            
       2 16  58.5  20.8  40.6  49.6  20.9  0.01  29.1 247.0  10.3 257.2            
       2 17  36.0  22.0  29.1  72.9  21.3  0.08  25.5 212.2   8.8 138.1            
       2 18  32.3  16.6  24.1  77.4  18.0  0.05  14.7 112.5   4.7 393.4            
       2 19  42.5   6.1  24.7  68.5  16.0  0.01  16.5 104.7   4.4 417.9            
       2 20  54.2  16.8  34.2  65.2  23.6        13.9 110.2   4.6 347.3            
       2 21  70.7  26.4  45.2  52.4  25.8  0.01  17.3 133.9   5.6 409.0            
       2 22  59.5  25.4  43.3  63.4  31.2  0.01  30.6 167.7   7.0 329.2            
       2 23  65.5  34.0  49.8  51.6  30.8  0.01  24.8 212.4   8.8 393.1            
       2 24  67.3  26.4  46.3  53.0  26.3  0.01  26.8 149.3   6.2 358.8            
       2 25  50.2  34.5  41.3  38.0  16.5  0.01  45.4 504.0  21.0 290.3            
       2 26  54.0  26.8  41.0  31.1  10.3  0.01  42.6 335.9  14.0 420.5            
       2 27  63.3  16.9  40.5  43.7  16.3        25.2 161.4   6.7 425.9            
       2 28  73.4  27.2  51.5  35.4  20.0        38.0 270.2  11.3 402.8            
       2 29  59.8  26.9  45.8  46.2  25.1  0.01  26.5 200.7   8.4 364.6            
       3  1  57.6  23.5  40.8  54.2  23.8        13.7  72.6   3.0 337.6  0.10  0.08
       3  2  39.7  29.6  35.4  82.6  30.7        20.2 121.2   5.0 102.2  0.04  0.03
       3  3  62.0  28.4  42.0  70.3  31.5  0.31  16.9 107.9   4.5 467.7  0.14  0.11
       3  4  70.9  25.8  45.3  56.4  26.9  0.01  12.7 107.6   4.5 481.3  0.20  0.14
       3  5  76.1  23.2  47.3  52.0  26.1  0.01  36.2 216.2   9.0 445.2  0.32  0.21
       3  6  67.4  30.6  50.4  36.8  22.1        22.4 187.5   7.8 320.2  0.24  0.15
       3  7  59.6  30.6  44.3  75.8  38.7  0.19  38.2 172.9   7.2 121.2  0.09  0.07
       3  8  53.2  27.8  40.9  55.4  25.1  0.41  64.6 569.3  23.7 412.0  0.21  0.14
       3  9  36.9  27.0  31.4  78.7  25.7        19.2 176.7   7.4 199.2  0.06  0.04
       3 10  39.4  22.0  32.8  77.4  26.4        25.0 175.7   7.3 246.4  0.05  0.04
       3 11  57.4  20.5  39.4  55.2  21.7  0.01  21.7 143.5   6.0 514.0  0.16  0.12
       3 12  50.3  28.7  40.4  53.9  24.2  0.01  24.3 199.7   8.3 378.3  0.14  0.10
       3 13  57.8  22.4  40.0  55.7  23.1        18.0 106.6   4.4 497.8  0.14  0.11
       3 14  61.7  26.6  43.8  58.7  28.0        19.5 146.8   6.1 353.2  0.16  0.11
       3 15  49.4  25.5  35.7  80.5  29.9  0.11  27.4 263.1  11.0 130.5  0.09  0.06
       3 16  48.9  24.6  33.3  75.6  26.0  0.07  16.0 106.3   4.4 493.8  0.11  0.08
       3 17  56.7  28.1  40.8  60.1  27.5        31.2 193.9   8.1 469.1  0.17  0.12
       3 18  49.3  22.6  36.7  54.1  21.1        37.4 304.6  12.7 379.0  0.16  0.11
       3 19  67.1  17.4  43.8  44.2  19.0        23.3 149.4   6.2 490.6  0.22  0.15
       3 20  43.9  30.4  34.0  81.0  28.3        34.6 328.1  13.7  85.4  0.09  0.06
       3 21  36.4  29.8  33.0  88.3  29.9  0.10  15.6 136.0   5.7 130.3  0.04  0.03
       3 22  52.8  26.5  38.7  77.8  32.3  0.01  14.5  94.8   4.0 323.4  0.09  0.07
       3 23  66.2  35.2  47.6  63.4  33.7        15.0 110.5   4.6 540.1  0.18  0.14
       3 24  60.4  32.3  46.4  50.0  26.9  0.01  21.7 160.9   6.7 577.3  0.20  0.15
       3 25  67.3  29.9  50.0  50.0  29.2        19.7 155.7   6.5 530.8  0.22  0.16
       3 26  62.0  32.8  48.1  54.8  31.1  0.01  36.0 199.3   8.3 520.4  0.20  0.15
       3 27  72.3  27.7  48.7  48.8  25.1        18.4 113.2   4.7 609.8  0.24  0.18
       3 28  61.5  30.5  44.9  46.5  23.7        36.0 232.7   9.7 511.5  0.24  0.16
       3 29  59.8  34.1  45.3  52.0  26.8        37.2 212.0   8.8 505.9  0.22  0.15
       3 30  44.6  26.7  35.1  88.2  32.0  0.06  27.0 196.9   8.2 130.7  0.05  0.04
       3 31  37.8  31.2  33.5  90.0  30.8  0.34  16.0  96.1   4.0 269.7  0.05  0.05
       4  1  47.9  27.1  37.0  73.7  28.9  0.27  25.8 145.2   6.0 427.2  0.10  0.08
       4  2  46.7  28.5  35.5  72.5  27.6  0.01  35.4 233.8   9.7 235.2  0.11  0.07
       4  3  47.2  24.3  34.7  51.7  17.1        32.7 250.3  10.4 622.2  0.18  0.13
       4  4  79.9  22.5  49.9  48.8  25.5        34.1 179.1   7.5 644.4  0.36  0.25
       4  5  80.1  30.3  56.2  41.4  27.9        42.9 240.4  10.0 600.3  0.39  0.26
       4  6  76.3  34.0  55.6  37.0  26.2        31.9 219.0   9.1 545.6  0.35  0.24
       4  7  59.3  27.5  42.3  39.9  18.4  0.01  50.5 459.2  19.1 588.1  0.31  0.20
       4  8  68.8  18.2  44.7  41.8  17.6        17.5 143.5   6.0 668.1  0.27  0.19
       4  9  76.4  25.6  52.2  42.5  25.5        30.0 206.7   8.6 587.3  0.34  0.23
       4 10  64.6  30.4  48.5  49.8  29.0  0.01  29.5 230.5   9.6 650.2  0.26  0.18
       4 11  64.2  27.9  46.2  53.6  28.9        26.1 221.1   9.2 613.7  0.24  0.17
       4 12  76.2  37.5  56.0  43.0  29.3        26.7 240.6  10.0 603.0  0.37  0.25
       4 13  79.3  32.0  57.3  37.6  26.1        24.3 173.6   7.2 608.8  0.34  0.24
       4 14  78.7  31.1  50.6  50.2  31.1  0.01  36.8 273.5  11.4 465.0  0.39  0.26
       4 15  31.1  25.0  27.7  82.7  23.1        23.0 199.4   8.3 160.1  0.05  0.04
       4 16  64.7  17.2  38.7  67.7  28.5  0.04  18.9  99.6   4.2 681.2  0.19  0.15
       4 17  79.1  29.3  56.5  45.5  30.8        25.2 168.2   7.0 685.4  0.33  0.24
       4 18  84.3  35.5  59.2  39.8  28.8  0.01  57.7 263.4  11.0 610.8  0.47  0.31
       4 19  55.7  30.2  42.7  47.9  24.2        40.8 316.3  13.2 235.3  0.20  0.13
       4 20  67.3  30.7  50.1  36.9  24.6        28.9 238.2   9.9 713.0  0.31  0.22
       4 21  78.6  30.2  57.2  34.6  26.2        14.5  97.4   4.1 652.0  0.27  0.20
       4 22  79.0  35.4  58.0  49.7  36.7        33.9 196.9   8.2 566.4  0.32  0.23
       4 23  68.5  45.0  54.7  72.3  45.3        29.1 248.3  10.3 332.4  0.20  0.14
       4 24  69.7  34.2  51.4  62.5  37.9  0.12  44.5 205.0   8.5 540.5  0.24  0.18
       4 25  66.5  31.5  50.2  47.9  28.5        17.9 120.8   5.0 710.0  0.23  0.19
       4 26  78.1  34.0  56.5  46.7  33.8        31.6 212.4   8.8 638.1  0.35  0.24
       4 27  67.4  40.1  53.4  43.3  29.2        19.6 121.9   5.1 741.0  0.26  0.21
       4 28  72.7  32.8  55.5  50.7  36.4        28.1 261.2  10.9 690.6  0.31  0.22
       4 29  79.2  44.2  58.8  60.7  43.4  0.20  69.3 409.0  17.0 569.4  0.41  0.28
       4 30  55.5  39.2  45.2  76.9  38.0  0.58  32.9 282.9  11.8 280.5  0.14  0.10
       5  1  65.7  35.8  49.4  63.8  36.2  0.01  12.3  86.5   3.6 660.3  0.19  0.16
       5  2  74.0  34.5  56.5  53.6  36.5        24.6 198.7   8.3 767.0  0.31  0.24
       5  3  75.7  47.1  61.5  61.4  46.7        26.3 201.5   8.4 745.0  0.30  0.23
       5  4  91.0  48.3  69.7  48.6  44.9        24.2 166.2   6.9 766.0  0.42  0.31
       5  5  91.7  53.5  72.4  55.7  52.0        25.4 177.8   7.4 760.0  0.41  0.31
       5  6  78.3  49.4  65.9  66.4  53.8        18.3 150.0   6.3 677.7  0.25  0.21
       5  7  85.9  50.2  64.6  69.3  52.7  0.02  36.5 151.2   6.3 560.2  0.30  0.22
       5  8  53.2  43.5  47.2  77.7  40.4        24.2 157.2   6.5 220.2  0.10  0.08
       5  9  70.2  38.1  54.8  60.8  38.8  0.33  24.2 150.1   6.3 758.0  0.26  0.21
       5 10  77.0  48.0  64.0  50.8  44.0        25.4 183.0   7.6 765.0  0.32  0.25
       5 11  67.6  41.4  55.2  49.2  35.7  0.02  31.4 338.3  14.1 706.0  0.32  0.23
       5 12  61.4  32.6  48.5  34.3  19.1  0.01  38.4 334.7  13.9 641.6  0.32  0.22
       5 13  67.8  24.2  48.3  42.6  22.2        21.0 109.5   4.6 759.0  0.25  0.20
       5 14  73.9  34.6  55.5  41.3  30.3        19.0 112.6   4.7 766.0  0.28  0.22
       5 15  83.4  37.7  61.7  41.8  35.2        12.5  92.2   3.8 594.8  0.27  0.21
       5 16  82.8  40.1  63.9  50.1  44.3        32.2 183.1   7.6 766.0  0.35  0.27
       5 17  68.5  41.7  53.4  79.3  47.6  0.07  58.2 347.2  14.5 178.4  0.17  0.11
       5 18  56.9  39.6  46.1  61.8  32.9  0.04  35.4 253.5  10.6 556.3  0.21  0.16
       5 19  73.0  33.7  55.3  54.0  35.9        14.4  79.5   3.3 789.0  0.25  0.21
       5 20  69.6  43.5  56.6  61.4  42.8  0.01  39.2 138.2   5.8 634.2  0.23  0.18
       5 21  79.7  38.7  61.3  53.8  41.6  0.01  26.7 112.6   4.7 723.0  0.28  0.22
       5 22  85.9  49.5  69.6  44.0  44.0        28.9 131.2   5.5 621.9  0.32  0.24
       5 23  88.6  52.7  71.8  46.2  48.1        26.5 154.3   6.4 716.0  0.37  0.28
       5 24  81.0  46.7  63.8  59.0  48.3  0.01  28.5  85.7   3.6 589.0  0.24  0.19
       5 25  81.7  48.0  64.0  67.4  51.6        34.3 214.1   8.9 584.6  0.30  0.23
       5 26  77.7  51.8  63.1  70.6  52.3  0.02  27.0 141.9   5.9 597.1  0.25  0.20
       5 27  79.1  46.5  63.7  57.5  45.3  0.30  16.1  99.3   4.1 802.0  0.29  0.24
       5 28  93.7  47.1  74.1  39.6  42.7        55.6 166.8   7.0 756.0  0.43  0.32
       5 29  97.0  60.0  79.6  34.5  45.4  0.01  23.3 154.7   6.4 734.0  0.45  0.33
       5 30  72.0  52.0  60.9  75.8  52.9        25.8 234.1   9.8 633.7  0.23  0.19
       5 31  85.6  52.6  64.3  74.2  54.5  0.02  23.7 186.7   7.8 567.2  0.32  0.24
       6  1  70.9  47.4  60.0  52.7  41.9  0.01  34.3 221.8   9.2 793.0  0.31  0.24
       6  2  80.6  43.2  64.5  47.8  43.5        33.0 257.4  10.7 789.0  0.38  0.28
       6  3  92.8  55.3  73.6  45.1  45.9        26.3 155.2   6.5 793.0  0.44  0.33
       6  4  72.9  53.4  64.4  55.3  47.3  0.01  27.6 209.6   8.7 776.0  0.31  0.24
       6  5  81.8  45.4  63.7  55.4  45.9        25.5 249.1  10.4 769.0  0.38  0.28
       6  6  97.7  53.9  75.4  39.0  44.0        24.0 121.0   5.0 785.0  0.43  0.32
       6  7  98.8  52.1  78.3  28.3  38.0        18.9 121.6   5.1 842.0  0.45  0.35
       6  8  98.1  58.1  81.7  23.5  37.0        33.1 253.4  10.6 839.0  0.62  0.44
       6  9  92.3  56.5  75.3  35.1  43.9  0.01  35.4 167.7   7.0 571.8  0.41  0.29
       6 10  86.3  54.7  71.5  30.9  37.4        23.2 131.3   5.5 786.0  0.38  0.29
       6 11  86.9  57.6  70.6  51.6  50.2  0.13  29.0 218.9   9.1 632.4  0.40  0.29
       6 12  93.9  50.9  73.2  46.3  46.6        16.3 113.7   4.7 788.0  0.38  0.30
       6 13  76.9  50.2  66.0  44.4  43.3  0.01  38.5 253.4  10.6 553.0  0.33  0.24
       6 14  82.4  44.5  65.0  42.8  39.7        24.3 152.3   6.3 734.0  0.35  0.26
       6 15  91.6  50.5  65.5  44.7  41.8  0.01  37.7 243.8  10.2 651.3  0.53  0.36
       6 16  58.4  48.9  53.4  66.7  42.4        20.4 147.4   6.1 389.5  0.15  0.12
       6 17  64.0  46.8  53.4  75.7  45.1  0.56  13.1 110.4   4.6 536.5  0.17  0.15
       6 18  89.8  49.3  66.8  55.8  46.9  0.05  41.1 186.4   7.8 753.0  0.43  0.31
       6 19  87.4  55.0  68.6  56.6  50.8        56.5 118.0   4.9 575.9  0.30  0.23
       6 20  81.0  49.2  63.9  52.4  43.3  0.01  29.4 161.3   6.7 828.0  0.37  0.28
       6 21  84.5  43.0  65.1  46.8  39.5        15.9  96.3   4.0 831.0  0.33  0.27
       6 22  94.3  49.8  74.2  46.0  48.3        30.6 183.7   7.7 634.1  0.42  0.31
       6 23  92.2  56.0  72.6  51.2  51.5        33.0 119.3   5.0 562.3  0.33  0.25
       6 24  91.7  52.6  72.5  49.6  50.0        27.0 116.3   4.8 718.0  0.35  0.27
       6 25  79.9  55.2  66.8  61.7  53.0        28.2 200.2   8.3 460.2  0.27  0.20
       6 26  71.5  49.6  59.1  71.4  49.0        25.3 112.6   4.7 299.1  0.16  0.12
       6 27  69.9  54.1  59.0  83.7  53.9        23.5 198.0   8.3 406.1  0.18  0.14
       6 28  74.8  50.7  62.0  70.1  51.1  0.35  16.7 115.8   4.8 797.0  0.26  0.23
       6 29  92.7  55.9  71.8  54.8  52.3        20.3 203.7   8.5 735.0  0.45  0.33
       6 30  93.1  49.9  73.7  49.7  48.4  0.01  22.1 132.5   5.5 801.0  0.39  0.31
       7  1  97.2  59.0  78.3  45.9  52.6        27.2 140.9   5.9 747.0  0.42  0.32
       7  2  96.3  56.2  77.6  43.0  48.8  0.01  42.5 158.4   6.6 780.0  0.45  0.34
       7  3  92.2  65.7  79.0  45.8  54.9  0.03  29.2 175.3   7.3 589.0  0.39  0.29
       7  4  96.3  55.8  80.4  43.4  50.7        23.5 142.4   5.9 826.0  0.43  0.33
       7  5  94.3  66.3  80.8  56.8  60.9        29.0 216.2   9.0 796.0  0.45  0.34
       7  6 100.8  60.2  81.6  53.0  56.7        30.5 160.3   6.7 755.0  0.45  0.34
       7  7 102.1  66.2  84.7  31.4  48.4  0.01  30.0 217.0   9.0 742.0  0.57  0.40
       7  8  98.1  57.0  78.1  45.9  52.5        21.3 101.7   4.2 673.5  0.35  0.28
       7  9  95.5  62.3  79.1  47.9  55.4  0.02  35.0 115.3   4.8 701.0  0.36  0.29
       7 10  93.3  62.3  74.7  64.5  60.0  2.01  41.7 169.4   7.1 758.0  0.40  0.31
       7 11  94.5  60.7  76.6  56.8  57.7        21.2 116.9   4.9 804.0  0.38  0.31
       7 12  90.6  58.7  71.6  69.8  60.7  1.16  32.7 230.8   9.6 416.0  0.33  0.23
       7 13  94.2  58.1  77.0  57.9  57.9  0.10  26.2 160.5   6.7 738.0  0.39  0.30
       7 14  95.8  61.7  81.5  49.1  58.7        21.2 141.4   5.9 764.0  0.38  0.31
       7 15  96.9  68.4  80.8  49.5  59.1  0.41  34.0 151.7   6.3 697.7  0.41  0.31
       7 16  83.9  62.3  72.3  72.1  62.4  0.24  28.7 134.0   5.6 331.1  0.20  0.15
       7 17  74.5  60.0  65.0  90.4  62.1  0.43  16.4 129.2   5.4 341.3  0.14  0.12
       7 18  91.9  59.3  72.5  67.5  59.0  0.05  25.2 114.1   4.8 759.0  0.34  0.28
       7 19  90.1  59.0  70.6  66.1  57.1        27.8 126.1   5.3 730.0  0.34  0.27
       7 20  82.1  57.2  68.3  78.7  61.4  0.20  39.7 166.6   6.9 489.2  0.22  0.18
       7 21  86.9  54.5  69.0  72.4  58.5        27.5 119.0   5.0 673.9  0.28  0.23
       7 22  89.4  55.3  71.2  68.5  58.7  0.05  24.4  87.2   3.6 754.0  0.29  0.25
       7 23  94.0  57.6  76.8  56.8  57.6        18.1 108.5   4.5 722.0  0.33  0.27
       7 24  99.1  62.4  77.7  49.3  55.7        25.4 144.6   6.0 648.5  0.42  0.31
       7 25  90.0  54.1  75.3  55.2  56.6        16.2 101.4   4.2 748.0  0.31  0.26
       7 26  96.3  58.8  76.0  54.7  56.6  0.01  26.5  89.9   3.7 556.0  0.30  0.23
       7 27  94.1  59.9  75.2  58.5  58.7  0.04  45.9 119.7   5.0 624.4  0.33  0.26
       7 28  85.1  57.3  72.3  64.9  58.5  0.01  17.8 117.5   4.9 702.0  0.28  0.23
       7 29  86.8  55.3  72.4  61.9  56.6        14.7  89.2   3.7 741.0  0.28  0.24
       7 30  85.9  54.1  71.9  61.4  55.9        15.3  89.5   3.7 725.0  0.27  0.23
       7 31  88.1  51.0  71.6  57.4  53.8        13.1  61.9   2.6 733.0  0.26  0.23
       8  1  93.7  53.8  76.1  46.3  52.2        18.8  90.9   3.8 671.1  0.31  0.25
       8  2  94.0  60.4  78.8  48.8  56.2        20.2 110.1   4.6 631.7  0.32  0.25
       8  3  96.0  58.3  75.6  62.0  58.9  0.11  31.4 138.4   5.8 615.7  0.35  0.27
       8  4  97.3  62.3  77.2  57.7  58.9  0.14  33.5 121.3   5.1 581.4  0.34  0.26
       8  5  94.0  60.7  74.5  60.9  58.4        34.5 111.5   4.6 540.2  0.30  0.23
       8  6  91.5  55.8  72.7  53.6  50.5        18.0 122.4   5.1 721.0  0.35  0.28
       8  7  98.0  59.7  77.0  43.7  50.6        24.0 156.9   6.5 699.0  0.44  0.32
       8  8 100.1  55.1  76.5  41.2  45.9        13.1 110.2   4.6 716.0  0.40  0.30
       8  9  98.3  54.1  74.1  60.6  55.9        28.4 160.0   6.7 616.8  0.40  0.29
       8 10  92.6  55.0  75.4  56.5  55.9        30.3 194.5   8.1 685.9  0.38  0.29
       8 11  96.7  57.6  78.0  50.3  55.5        23.3  91.0   3.8 674.0  0.32  0.25
       8 12  81.6  60.8  73.2  57.7  57.3        17.3 109.0   4.5 317.5  0.18  0.14
       8 13  95.0  61.0  78.2  51.4  56.2        16.0  98.1   4.1 674.1  0.32  0.26
       8 14  96.3  57.6  78.4  41.9  50.0  0.01  16.3 108.4   4.5 669.6  0.35  0.27
       8 15  95.0  56.6  76.2  54.4  56.2        27.0 152.1   6.3 640.4  0.36  0.27
       8 16  92.2  65.6  72.0  74.3  62.4  0.44  20.9 123.5   5.1 317.5  0.25  0.18
       8 17  77.8  60.8  67.5  72.6  57.3        14.8  96.2   4.0 419.3  0.18  0.15
       8 18  81.9  61.5  70.8  66.3  58.0  0.35  28.6 236.5   9.9 437.0  0.28  0.20
       8 19  93.5  58.8  75.7  53.5  54.6        17.4 123.1   5.1 687.1  0.35  0.27
       8 20  93.0  60.0  74.8  50.6  53.7  0.06  42.8 118.1   4.9 553.5  0.32  0.24
       8 21  79.8  52.5  67.0  72.2  57.4        28.8 154.7   6.4 397.8  0.19  0.15
       8 22  90.9  56.6  73.5  54.0  53.3        22.3 113.0   4.7 605.1  0.30  0.23
       8 23  90.4  55.6  72.4  53.0  52.1        13.4  98.1   4.1 641.5  0.29  0.23
       8 24  95.1  54.1  75.1  52.5  53.5  0.01  30.5 155.0   6.5 623.7  0.37  0.27
       8 25  91.6  59.6  75.0  54.6  55.6        20.5 123.0   5.1 597.4  0.31  0.24
       8 26  91.6  59.0  71.3  67.8  58.0  0.05  28.6 125.6   5.2 498.3  0.29  0.22
       8 27  91.5  56.9  71.5  72.2  60.3  0.31  28.6  83.9   3.5 604.4  0.25  0.21
       8 28  92.3  60.5  72.6  66.4  59.3  0.39  27.7 143.3   6.0 597.7  0.32  0.24
       8 29  84.3  59.8  71.1  69.3  59.5  0.16  20.0 183.9   7.7 604.8  0.28  0.22
       8 30  89.9  59.3  73.0  67.7  60.4        22.6  91.4   3.8 568.1  0.25  0.20
       8 31  64.9  55.3  59.8  88.0  56.4  0.09  22.5 111.8   4.7 154.8  0.07  0.06
       9  1  82.3  56.0  67.5  77.5  59.4  0.20  23.8  88.9   3.7 452.9  0.18  0.15
       9  2  87.1  54.1  68.6  65.2  54.6  0.01  13.9  88.6   3.7 590.1  0.24  0.20
       9  3  87.3  52.1  69.1  58.2  51.7        18.0 110.7   4.6 552.7  0.26  0.20
       9  4  90.4  57.0  71.0  64.1  56.4  0.38  26.2 122.1   5.1 558.0  0.28  0.22
       9  5  94.3  60.5  74.3  63.0  59.4  0.03  39.3 171.6   7.2 487.7  0.34  0.24
       9  6  85.0  54.4  69.8  69.7  58.9  0.05  35.7 109.1   4.5 392.4  0.19  0.15
       9  7  77.6  51.0  63.7  50.7  43.1        26.4 149.1   6.2 608.3  0.28  0.21
       9  8  89.9  54.8  70.1  50.3  50.3        29.0 128.6   5.4 529.5  0.30  0.22
       9  9  86.6  50.4  69.2  47.2  46.0        17.7 109.9   4.6 563.0  0.27  0.20
       9 10  91.1  44.0  65.5  51.6  45.0        15.1  76.2   3.2 584.4  0.26  0.20
       9 11  71.8  44.2  59.6  56.4  43.1  0.01  20.2 123.0   5.1 506.5  0.19  0.15
       9 12  88.8  43.7  65.8  50.4  45.1        24.0  95.6   4.0 595.4  0.27  0.21
       9 13  88.2  48.5  66.1  51.0  45.2        20.7 117.0   4.9 553.8  0.29  0.21
       9 14  80.9  43.7  64.5  51.2  43.6        20.8 132.2   5.5 574.1  0.26  0.19
       9 15  92.9  54.0  71.8  38.4  44.0        20.5 146.0   6.1 573.4  0.37  0.26
       9 16  92.3  50.9  70.4  43.5  44.4  0.01  15.6 115.7   4.8 575.5  0.32  0.23
       9 17  97.3  49.6  71.3  45.3  45.7        30.2  96.2   4.0 505.2  0.30  0.22
       9 18  84.2  53.8  68.8  45.1  45.8  0.01  21.7 115.1   4.8 448.0  0.25  0.18
       9 19  70.4  47.1  58.8  66.1  47.2  0.33  29.5 186.5   7.8 367.6  0.18  0.13
       9 20  62.0  43.5  50.6  64.2  38.1  0.47  25.1 187.5   7.8 566.7  0.20  0.15
       9 21  70.8  40.7  55.2  67.3  45.0        20.5 141.2   5.9 378.9  0.16  0.12
       9 22  51.9  36.9  43.1  89.0  40.3        19.6 228.7   9.5  85.1  0.06  0.04
       9 23  39.8  33.2  36.7  92.0  34.6  0.11  20.0 202.5   8.4 155.0  0.04  0.03
       9 24  44.5  31.2  35.4  85.3  31.3  0.35  16.1 141.5   5.9 242.1  0.07  0.05
       9 25  66.6  27.4  44.8  65.9  32.1  0.04  11.5  80.7   3.4 545.9  0.16  0.13
       9 26  72.1  33.4  51.7  63.4  37.3        20.6 102.7   4.3 535.3  0.19  0.14
       9 27  76.2  35.1  54.1  60.7  37.8  0.01  12.7  91.1   3.8 530.8  0.20  0.15
       9 28  84.9  36.1  56.7  60.3  40.0         9.9  63.2   2.6 517.2  0.20  0.15
       9 29  81.7  43.6  61.4  61.3  46.4  0.01  23.1 123.1   5.1 395.9  0.21  0.15
       9 30  79.6  46.7  62.0  62.4  46.9        15.3 123.5   5.1 445.9  0.21  0.15
      10  1  85.6  47.0  64.1  53.9  44.3        18.0 102.3   4.3 497.8  0.24  0.18
      10  2  78.2  43.1  60.2  64.6  46.6        20.4 117.4   4.9 473.4  0.19  0.14
      10  3  71.7  43.2  55.8  73.1  46.9        28.1 133.9   5.6 393.3  0.16  0.12
      10  4  65.3  48.1  53.9  87.2  50.1  0.01  23.5 181.0   7.5 260.3  0.11  0.08
      10  5  50.0  31.6  39.3  85.2  36.2  0.09  24.3 231.2   9.6  72.1  0.06  0.04
      10  6  40.6  29.6  34.0  78.0  27.8        10.3  87.6   3.6 187.0  0.05  0.04
      10  7  49.8  31.5  39.3  67.3  28.7  0.01  14.6  98.1   4.1 269.4  0.09  0.07
      10  8  54.8  30.1  41.8  57.8  27.0        25.5 231.5   9.6 473.7  0.17  0.12
      10  9  64.9  30.2  46.5  59.4  32.3        22.5 210.3   8.8 472.5  0.20  0.14
      10 10  76.3  26.9  50.5  56.7  33.5        27.3 155.2   6.5 454.5  0.24  0.16
      10 11  82.5  32.6  58.7  52.0  36.9        25.9 157.1   6.5 456.5  0.28  0.19
      10 12  74.0  43.7  58.8  47.3  37.5  0.01  21.7 146.4   6.1 454.4  0.22  0.15
      10 13  65.6  32.9  49.5  58.4  33.9        24.3 117.8   4.9 386.7  0.15  0.10
      10 14  64.7  30.2  47.3  58.0  31.1        12.1  74.0   3.1 382.2  0.12  0.09
      10 15  68.3  38.2  52.3  54.8  35.0        24.3 147.3   6.1 401.6  0.18  0.12
      10 16  72.0  34.6  50.8  52.3  31.1  0.01  12.6  86.3   3.6 429.2  0.17  0.12
      10 17  74.8  30.4  49.3  48.8  27.7        11.5  89.5   3.7 426.4  0.19  0.13
      10 18  81.6  33.2  54.4  46.2  31.8        20.3 115.3   4.8 421.9  0.25  0.16
      10 19  78.2  33.3  52.5  44.1  27.6  0.01  10.5  76.0   3.2 405.6  0.18  0.12
      10 20  67.2  36.3  51.1  50.7  32.2        17.2 113.5   4.7 405.5  0.16  0.11
      10 21  78.2  32.7  53.7  57.5  36.4        26.5 166.9   7.0 403.1  0.25  0.16
      10 22  55.2  41.9  47.6  91.0  45.4        29.1 215.8   9.0  86.9  0.05  0.04
      10 23  55.3  41.4  47.2  87.8  43.8  0.14  18.3 109.6   4.6 154.2  0.06  0.04
      10 24  69.9  48.5  56.6  75.0  47.9  0.20  25.8 202.1   8.4 347.9  0.17  0.11
      10 25  66.8  35.3  49.6  66.3  36.9        12.7 106.5   4.4 380.9  0.13  0.09
      10 26  69.5  32.6  49.3  68.0  37.6        17.6 114.5   4.8 381.8  0.15  0.10
      10 27  60.9  34.1  49.3  87.6  46.4        27.3 185.8   7.7 196.2  0.06  0.05
      10 28  64.2  50.8  55.4  88.1  51.9        30.3 253.6  10.6  96.3  0.09  0.06
      10 29  61.7  39.0  49.5  85.6  45.2  1.12  18.5 109.3   4.6 215.9  0.07  0.05
      10 30  65.8  35.9  47.9  78.7  41.0  0.10  19.4  91.0   3.8 306.2  0.10  0.07
      10 31  49.0  34.6  42.2  91.7  40.0        25.6 111.9   4.7  84.9  0.03  0.03
      11  1  52.4  33.5  42.5  67.3  32.0  0.32  41.4 281.6  11.7 232.9            
      11  2  49.8  33.2  39.7  59.4  26.2        14.8  81.7   3.4 181.3            
      11  3  48.9  27.5  37.3  75.7  30.1        10.9  68.3   2.8 138.2            
      11  4  63.4  23.4  40.4  75.9  33.0        18.9 109.5   4.6 342.3            
      11  5  45.5  31.2  37.4  85.6  33.7  0.16  35.7 210.9   8.8  59.2            
      11  6  32.7  22.3  28.1  63.9  17.5  0.07  37.4 360.4  15.0 153.6            
      11  7  32.4  23.4  28.2  52.6  13.0        37.5 355.3  14.8 134.1            
      11  8  44.8  17.5  29.4  55.5  13.7        14.3  74.6   3.1 335.2            
      11  9  47.1  20.5  34.5  44.6  14.4  0.01  22.2 211.5   8.8 326.3            
      11 10  27.0  21.8  24.5  81.0  19.5        22.8 231.5   9.6  35.6            
      11 11  24.5  -3.9  16.9  82.1  13.5  0.14  21.5 183.6   7.7 122.4            
      11 12  23.1  -5.2   7.8  77.3   3.8        10.0  79.6   3.3 296.7            
      11 13  37.8  -1.4  12.4  66.4   3.4  0.01  12.1  65.8   2.7 319.8            
      11 14  34.9   1.6  16.3  71.8   9.7        10.2  88.0   3.7 323.9            
      11 15  34.0  11.1  21.3  75.2  15.1  0.03  30.9 183.6   7.7 169.1            
      11 16  29.4   9.9  19.3  68.2  10.3        14.5  89.7   3.7 306.5            
      11 17  33.6   3.4  18.3  69.1  10.4        32.7 172.2   7.2 296.1            
      11 18  41.7   7.3  24.7  60.7  12.8        22.8 137.1   5.7 275.2            
      11 19  41.5  16.9  30.6  58.6  17.2  0.01  23.5 159.2   6.6 289.8            
      11 20  46.3  14.5  27.4  63.5  15.5        11.6  83.7   3.5 296.2            
      11 21  53.8  13.5  30.8  63.1  18.0        18.3  97.3   4.1 282.7            
      11 22  51.1  22.6  33.2  66.3  22.3  0.03  11.3  59.6   2.5 216.7            
      11 23  47.7  20.9  31.9  64.5  20.2        13.4  85.0   3.5 293.4            
      11 24  51.9  17.8  32.8  61.8  20.0  0.01  20.9 167.0   7.0 283.9            
      11 25  46.7  19.4  32.4  59.3  18.3        17.7 122.8   5.1 276.4            
      11 26  46.0  15.4  30.4  67.7  20.9        25.4 144.5   6.0 140.4            
      11 27  51.3  24.1  35.9  63.7  23.7        21.0 145.2   6.0 182.0            
      11 28  41.3  17.8  31.5  57.7  17.3        22.2 148.6   6.2 145.0            
      11 29  47.1  13.0  28.9  58.6  14.8  0.01  21.0 124.7   5.2 265.5            
      11 30  54.9  18.6  34.5  57.6  17.4        48.2 277.9  11.6 266.1            
      12  1  44.2  18.3  29.6  64.5  18.4  0.01  22.9  97.2   4.0 264.2            
      12  2  44.1  16.0  29.5  61.7  17.3        27.0 237.4   9.9 263.0            
      12  3  55.2  14.0  29.9  61.6  16.8        11.6 103.5   4.3 248.2            
      12  4  47.0  14.8  28.3  60.3  14.8        11.5  64.3   2.7 258.1            
      12  5  43.2  14.9  27.4  77.0  21.8  0.07  30.6 194.1   8.1  49.9            
      12  6  45.3  15.1  27.5  74.3  21.3  0.02  17.5 127.6   5.3 250.9            
      12  7  56.8  26.4  37.2  64.4  25.3        25.1 152.3   6.3 205.3            
      12  8  42.4  29.1  34.6  73.2  26.8        26.9 198.1   8.3 128.2            
      12  9  57.2  28.3  37.5  69.9  27.4  0.01  12.3  96.9   4.0 232.8            
      12 10  34.2   3.9  13.9  75.4   8.5  0.04  33.2 239.0  10.0  57.5            
      12 11  15.9  -6.2   3.7  66.1  -5.0  0.01  13.5  85.7   3.6 268.3            
      12 12  24.2  -0.5  11.9  72.2   5.6        21.0 122.3   5.1 146.7            
      12 13  24.8  10.9  16.6  74.9  10.2        10.5  68.3   2.8 187.3            
      12 14  51.8  10.6  28.9  65.9  18.9        15.9 102.7   4.3 250.4            
      12 15  46.2  18.4  31.4  63.7  19.8  0.02  40.2 183.7   7.7 161.4            
      12 16  27.5   9.7  17.9  54.6   4.3  0.01  36.3 198.3   8.3 247.6            
      12 17  56.8   9.1  28.7  56.0  13.9        52.2 273.4  11.4 211.9            
      12 18  34.6  14.1  26.3  56.7  12.8        37.6 296.3  12.3 164.5            
      12 19  53.4   7.5  27.8  55.4  13.2        13.2  87.6   3.6 202.9            
      12 20  41.3   8.7  25.6  57.4  12.7  0.01  32.0 228.5   9.5 176.0            
      12 21  35.1   2.0  17.0  59.6   4.9        13.2  94.9   4.0 254.3            
      12 22  55.6  11.3  31.5  56.6  16.9        32.7 165.1   6.9 224.7            
      12 23  50.5  17.4  30.3  67.7  19.6        10.8  72.3   3.0 243.0            
      12 24  34.2  11.9  19.7  76.1  13.3        19.6 118.6   4.9 118.6            
      12 25  25.4  16.0  20.4  82.9  16.2        12.5 124.5   5.2  70.1            
      12 26  38.8  11.6  23.5  71.5  15.6        13.6 107.3   4.5 249.2            
      12 27  55.2  15.3  31.1  61.5  18.3        14.3 157.6   6.6 241.0            
      12 28  43.1  20.1  34.4  52.7  18.6        35.4 304.3  12.7 113.1            
      12 29  39.9  13.4  26.1  59.2  13.1        20.0 108.4   4.5 231.1            
      12 30  36.4  21.8  27.3  72.5  19.5        12.8  74.2   3.1 129.3            
      12 31  30.1   9.3  19.7  83.0  15.7  0.13   8.8  85.6   3.6 238.1            

      Total                               17.32                         64.03 47.97
        Max 102.1  68.4  84.7  92.0  62.4        69.3 569.3  23.7 842.0
        Min  15.9  -6.2   3.7  23.5  -5.0         8.8  58.8   2.5  35.6
        Ave  66.5  35.1  50.1  59.6  34.3        24.6 157.2   6.6 441.0
