      2002                                                                03-JAN-03
      Weather Station near BRUSH, CO  alfalfa hay site at Nichols farm             
      -----------------------------------------------------------------------------
               Temperature      Rel   Dew             Wind        Solar StandrdASCE
            ----------------- Humid Point  Prec -----------------   Rad   ETr   ETo
       Date   Max   Min   Ave   Ave   Ave Total   Max Total   Ave Total Alflf Grass
      MoDay     F     F     F     %     F  inch   mph miles   mph Langl  inch  inch
      ----- ----- ----- ----- ----- ----- ----- ----- ----- ----- ----- ----- -----
       1  1  27.4   1.1  16.4  81.8  12.2        12.6  63.6   2.6 148.2            
       1  2  33.2  -5.5  10.0  69.3   1.3        11.9 109.3   4.6 244.7            
       1  3  53.1   0.9  22.5  61.6   9.3        12.9 100.6   4.2 236.6            
       1  4  40.1  15.9  31.2  73.3  24.0        27.9 186.3   7.8  82.5            
       1  5  43.5  16.2  31.1  50.3  13.3        22.8 147.3   6.1 217.7            
       1  6  46.2  20.9  32.7  52.2  16.1        23.7 162.1   6.8 230.5            
       1  7  63.1  17.3  35.6  62.6  21.9        24.3 175.2   7.3 221.6            
       1  8  62.4  21.4  40.8  50.7  20.8        16.7 121.6   5.1 141.3            
       1  9  53.3  27.4  37.8  64.1  25.9  0.13  22.4 130.9   5.5 138.4            
       1 10  40.2  17.6  31.1  89.7  28.6  0.09  16.9 134.7   5.6 217.5            
       1 11  51.9  14.6  30.0  69.6  20.4        21.6 173.2   7.2 211.9            
       1 12  51.5  19.9  34.2  62.1  21.6        22.3 169.2   7.0 224.4            
       1 13  45.8  26.2  37.1  45.6  17.2        42.8 382.9  16.0 146.2            
       1 14  38.5  12.3  25.8  66.8  15.6        19.4 106.2   4.4 226.6            
       1 15  24.2   9.3  16.0  86.0  12.6        19.5  97.6   4.1  91.3            
       1 16  33.1   6.5  20.5  62.5   8.5        16.3 112.8   4.7 262.5            
       1 17  35.6   5.5  20.8  52.4   4.4        23.0 142.2   5.9 260.0            
       1 18  35.0   2.8  18.4  61.7   6.3        26.4 132.0   5.5 243.1            
       1 19  46.0   3.6  22.6  45.4  -0.7        20.0 119.5   5.0 275.1            
       1 20  41.3   8.0  23.6  41.6   0.7        35.2 192.8   8.0 251.1            
       1 21  56.4   6.0  30.1  44.0   6.8        19.6 125.6   5.2 274.0            
       1 22  60.7  15.8  33.7  52.1  14.8        31.2 205.6   8.6 252.4            
       1 23  33.7   4.3  23.0  74.4  15.7        21.3 166.2   6.9 204.2            
       1 24  42.9  -0.5  20.0  60.8   7.5        15.9 160.4   6.7 289.5            
       1 25  64.1  15.2  35.3  53.3  16.5        22.3 137.5   5.7 258.9            
       1 26  61.9  21.7  40.3  44.6  17.0        16.2  98.6   4.1 192.8            
       1 27  62.8  15.3  35.3  51.2  13.4        29.7 167.8   7.0 214.5            
       1 28  32.0  11.4  19.2  78.8  13.5        24.3 208.6   8.7 192.7            
       1 29  31.2   8.9  18.6  73.9  11.4        18.5 100.3   4.2 198.8            
       1 30  27.8   7.1  18.3  71.1   9.8        14.7  93.6   3.9 171.0            
       1 31  32.7  12.7  22.1  38.8   0.1        34.5 291.8  12.2 258.1            
       2  1  45.3   3.5  23.5  56.4   7.8        18.4 142.3   5.9 316.4            
       2  2  46.7  11.6  25.4  57.5   9.7        22.2 125.3   5.2 255.6            
       2  3  49.5   3.5  24.7  56.6   8.4        13.2  95.2   4.0 326.0            
       2  4  50.1   7.8  26.6  53.5   8.9        33.9 182.2   7.6 326.7            
       2  5  43.8  10.7  28.2  54.8  12.7        17.9 148.1   6.2 316.0            
       2  6  53.9   5.6  27.4  46.1   4.4        34.7 198.7   8.3 337.1            
       2  7  60.0   9.7  31.8  41.7   6.9        14.0 114.8   4.8 278.9            
       2  8  57.7  11.8  32.8  38.1   7.5        38.6 242.6  10.1 191.6            
       2  9  31.4  17.0  27.4  71.1  19.5        52.5 603.6  25.1  96.9            
       2 10  46.7  13.9  28.1  45.7   6.9        17.8 128.8   5.4 358.6            
       2 11  66.9  15.6  34.4  40.0   8.4        38.4 206.3   8.6 149.3            
       2 12  39.0  11.7  26.9  51.2   9.8        18.0  81.2   3.4 283.3            
       2 13  54.6   8.5  31.7  42.5   5.2        22.2 152.9   6.4 369.2            
       2 14  46.0  16.8  30.7  41.9  10.0        38.7 225.7   9.4 158.4            
       2 15  55.8   6.8  27.9  45.9   4.2        15.4 119.0   5.0 380.1            
       2 16  59.0   8.8  30.6  35.9   1.7        17.2 132.1   5.5 375.5            
       2 17  67.4  17.0  41.3  30.3   7.6        27.8 169.6   7.1 370.6            
       2 18  58.9  25.5  42.7  40.6  19.9        18.4 112.5   4.7 277.7            
       2 19  52.4  15.4  35.1  56.8  19.9        30.8 162.7   6.8 307.0            
       2 20  53.2  14.7  36.1  58.1  20.9        32.2 243.7  10.2 233.7            
       2 21  48.6  17.0  33.4  46.4  13.0        34.2 240.4  10.0 388.4            
       2 22  68.5  19.2  42.1  37.9  13.1        28.9 187.2   7.8 359.5            
       2 23  72.1  22.5  47.5  34.5  16.3        20.1 109.7   4.6 194.0            
       2 24  44.5  19.0  30.4  73.3  22.9        29.3 268.3  11.2 203.2            
       2 25  20.0   4.2  10.1  71.9   3.8        28.1 331.2  13.8 405.6            
       2 26  28.4  -5.2  10.9  58.5  -0.6        30.3 188.0   7.8 439.4            
       2 27  34.5   3.6  20.3  67.6  10.8        35.7 218.1   9.1 353.1            
       2 28  42.9  14.1  27.7  67.9  17.9        30.5 232.6   9.7 291.9            
       3  1  21.7  -2.5   8.5  88.1   6.3        29.5 296.1  12.3 301.4  0.03  0.02
       3  2  15.3 -12.3  -0.1  77.2  -5.0        18.4 134.7   5.6 451.8  0.03  0.03
       3  3  26.5  -6.2  10.1  68.6   2.3        20.7 176.5   7.4 463.9  0.06  0.04
       3  4  47.8   5.0  25.3  61.3  14.3        15.3 144.4   6.0 461.8  0.11  0.08
       3  5  57.4  20.4  34.5  61.1  20.2        11.5 102.4   4.3 397.5  0.14  0.10
       3  6  44.0  21.7  30.3  78.6  24.3        25.0 165.7   6.9 372.2  0.09  0.06
       3  7  61.9  22.9  37.6  68.5  26.3        22.7 130.8   5.5 416.2  0.16  0.11
       3  8  28.0   8.0  19.5  91.1  18.8        35.2 284.3  11.8  78.8  0.01  0.01
       3  9  48.0   3.6  25.5  53.8  10.7        19.1 105.9   4.4 486.3  0.11  0.08
       3 10  62.0  17.5  35.3  62.8  20.7        14.2  91.9   3.8 432.4  0.15  0.11
       3 11  57.1  28.5  43.5  45.6  21.7        30.0 224.9   9.4 469.0  0.20  0.14
       3 12  68.1  26.1  46.5  44.7  22.2        16.4 117.2   4.9 325.3  0.19  0.13
       3 13  53.5  26.5  41.6  61.0  28.3        31.5 246.2  10.3 445.8  0.15  0.10
       3 14  31.6  17.1  26.1  87.3  22.9  0.01  25.5 198.6   8.3 211.1  0.03  0.03
       3 15  37.4  12.2  24.5  73.9  16.6        16.8  68.6   2.9 309.0  0.06  0.05
       3 16  47.9  22.9  35.0  55.5  19.2        40.6 282.2  11.8 312.2  0.15  0.10
       3 17  47.4  16.4  30.7  67.3  19.0        20.8 151.0   6.3 455.0  0.12  0.09
       3 18  43.1  18.6  30.9  77.3  24.0        23.2 164.6   6.9 391.1  0.08  0.06
       3 19  52.0  13.7  31.4  63.6  17.5        13.3  79.2   3.3 473.2  0.11  0.09
       3 20  66.9  15.3  39.0  49.1  16.0        32.2 256.0  10.7 524.7  0.30  0.20
       3 21  30.4   9.9  18.4  61.0   6.5        20.2 158.9   6.6 433.9  0.08  0.06
       3 22  61.3  12.5  36.9  45.2  13.7        16.6 133.6   5.6 529.1  0.20  0.14
       3 23  67.7  27.7  44.9  41.6  20.7        27.6 197.6   8.2 350.4  0.26  0.17
       3 24  33.0  19.5  26.3  82.1  21.6        22.0 210.0   8.8  94.4  0.04  0.03
       3 25  40.6  16.8  25.6  79.3  20.0  0.02  17.1 157.1   6.5 342.3  0.08  0.06
       3 26  61.9  19.4  41.0  56.4  22.1        20.0 166.0   6.9 540.4  0.20  0.14
       3 27  71.3  29.0  50.0  39.3  21.3        35.8 256.3  10.7 537.6  0.34  0.22
       3 28  70.4  25.5  47.6  45.8  22.1        24.8 135.2   5.6 539.4  0.24  0.17
       3 29  57.3  24.4  42.0  51.0  22.6        19.2 127.4   5.3 540.0  0.17  0.12
       3 30  60.4  26.2  42.7  48.9  22.6        22.3 154.2   6.4 473.0  0.19  0.14
       3 31  69.9  31.3  47.4  54.9  28.4        25.0 194.1   8.1 479.8  0.27  0.18
       4  1  80.9  28.3  54.4  39.4  20.9        45.4 253.8  10.6 569.9  0.44  0.28
       4  2  32.5  22.4  27.1  48.3   9.9        28.9 291.2  12.1 300.7  0.11  0.08
       4  3  47.4  22.1  34.2  33.3   7.1        27.5 269.5  11.2 523.1  0.20  0.14
       4  4  61.6  19.0  41.3  34.1  13.0        18.3 134.0   5.6 594.9  0.21  0.15
       4  5  68.1  25.3  49.5  44.1  26.8        26.1 199.3   8.3 591.0  0.26  0.18
       4  6  78.7  31.2  57.7  47.8  32.7        21.6 139.8   5.8 464.1  0.26  0.19
       4  7  69.0  40.7  53.8  64.3  40.6  0.03  27.9 165.4   6.9 349.1  0.19  0.14
       4  8  51.4  40.8  45.4  85.8  41.3  0.06  21.7 191.4   8.0 140.0  0.07  0.05
       4  9  74.8  37.5  55.3  52.2  32.6        19.5 164.5   6.9 596.9  0.29  0.21
       4 10  76.8  39.4  57.1  48.8  35.2        27.3 161.0   6.7 373.4  0.27  0.18
       4 11  69.0  43.5  56.5  46.7  33.2  0.03  34.3 195.2   8.1 496.7  0.26  0.19
       4 12  73.0  32.3  54.9  50.1  31.9        23.8  98.0   4.1 573.1  0.22  0.17
       4 13  76.9  43.3  60.3  38.0  30.1        30.5 188.7   7.9 604.7  0.34  0.24
       4 14  84.4  37.5  61.6  32.6  27.0        22.4 126.1   5.3 471.9  0.31  0.22
       4 15  87.0  41.0  67.4  24.7  25.0        27.4 163.7   6.8 512.4  0.37  0.26
       4 16  67.0  38.2  57.5  32.7  27.0        34.0 237.6   9.9 412.3  0.27  0.19
       4 17  79.9  32.3  59.1  34.9  23.9        40.4 324.0  13.5 641.8  0.46  0.31
       4 18  70.1  32.3  51.8  38.2  24.9  0.02  41.1 244.4  10.2 604.9  0.32  0.22
       4 19  42.1  27.1  34.7  65.5  24.2  0.08  21.3 215.0   9.0 261.8  0.10  0.07
       4 20  42.1  34.8  37.5  66.3  27.1        22.6 198.3   8.3 118.6  0.09  0.06
       4 21  60.9  28.9  44.8  53.1  25.0        30.0 174.5   7.3 594.4  0.22  0.16
       4 22  70.2  27.4  50.5  31.7  17.6        28.6 156.2   6.5 644.8  0.29  0.21
       4 23  80.1  29.7  58.3  24.0  17.7        18.9 123.2   5.1 608.0  0.31  0.22
       4 24  60.0  29.4  44.2  41.9  20.7        33.5 263.1  11.0 622.6  0.27  0.19
       4 25  62.2  22.5  44.1  39.2  20.0        28.9 250.8  10.4 392.5  0.25  0.17
       4 26  67.0  31.2  48.0  61.3  34.8        31.1 240.2  10.0 438.6  0.23  0.16
       4 27  58.9  40.2  48.1  82.3  42.7  0.22  28.5 217.6   9.1 190.6  0.11  0.08
       4 28  73.0  27.9  52.4  56.9  32.9        23.5 128.5   5.4 453.5  0.22  0.16
       4 29  76.5  34.8  56.4  51.0  33.9        22.4 134.9   5.6 506.6  0.26  0.19
       4 30  72.8  36.1  56.1  65.2  43.5        24.1 200.1   8.3 641.0  0.25  0.19
       5  1  54.4  33.5  42.9  94.1  42.2  0.07  29.8 274.3  11.4 101.8  0.06  0.04
       5  2  63.8  33.3  46.7  62.1  32.1        21.6  94.4   3.9 644.3  0.19  0.16
       5  3  73.9  32.4  55.9  44.4  29.7        27.6 140.4   5.8 677.7  0.28  0.21
       5  4  69.2  38.6  55.0  53.5  36.9        28.2 236.3   9.8 629.2  0.27  0.20
       5  5  80.7  39.0  62.8  43.8  36.1        32.7 131.7   5.5 581.6  0.29  0.22
       5  6  81.7  39.1  62.7  40.3  33.2        24.6 145.1   6.0 620.6  0.32  0.24
       5  7  63.8  39.9  48.7  81.8  43.0  0.01  24.5 211.4   8.8 348.8  0.16  0.12
       5  8  61.2  32.7  49.7  49.4  29.4        32.1 291.3  12.1 533.4  0.24  0.17
       5  9  62.9  22.8  45.5  41.8  19.9        26.2 177.3   7.4 623.8  0.24  0.18
       5 10  69.9  33.3  54.1  47.3  34.2        28.4 205.5   8.6 526.3  0.26  0.19
       5 11  60.0  45.0  51.5  75.3  43.6  0.02  29.5 256.7  10.7 510.2  0.17  0.13
       5 12  59.4  40.1  48.5  61.5  34.9        21.6 125.0   5.2 403.2  0.16  0.12
       5 13  72.3  29.7  53.4  47.4  30.4        19.1 105.4   4.4 677.2  0.25  0.19
       5 14  79.6  38.1  61.2  38.3  34.7        24.8  99.1   4.1 453.4  0.24  0.18
       5 15  79.3  42.1  61.2  50.2  40.8        31.1 136.0   5.7 534.1  0.27  0.20
       5 16  57.2  39.3  48.1  85.3  43.6  0.17  24.9 193.5   8.1 281.9  0.10  0.08
       5 17  63.7  41.9  51.0  78.2  43.6  0.02  20.8 127.7   5.3 331.0  0.14  0.11
       5 18  77.7  44.2  60.5  55.9  43.7        26.8 258.3  10.8 469.9  0.32  0.22
       5 19  74.9  42.0  57.7  62.8  43.9        30.3 215.2   9.0 583.5  0.28  0.21
       5 20  72.0  47.4  57.9  63.5  44.1        25.1 239.4  10.0 321.0  0.24  0.17
       5 21  82.0  50.5  67.4  44.4  42.6  0.06  54.4 490.9  20.5 455.0  0.49  0.32
       5 22  70.0  38.9  56.0  39.5  28.7        30.5 228.6   9.5 632.9  0.32  0.23
       5 23  60.9  34.1  50.4  53.7  33.5        27.3 210.8   8.8 574.4  0.21  0.16
       5 24  49.4  37.9  43.2  75.4  36.0  0.15  19.1 151.0   6.3 214.8  0.09  0.07
       5 25  76.6  31.9  56.5  58.2  37.8        24.9  97.0   4.0 546.8  0.23  0.18
       5 26  81.8  49.0  64.4  43.3  39.2        19.4 141.2   5.9 530.4  0.31  0.23
       5 27  83.4  42.1  62.7  53.2  43.4  0.01  25.9 118.6   4.9 443.8  0.26  0.19
       5 28  82.4  43.5  65.5  50.7  44.9  0.01  26.7 118.2   4.9 560.2  0.27  0.21
       5 29  84.6  45.5  66.7  46.0  42.5        25.3 152.6   6.4 510.0  0.31  0.23
       5 30  92.2  45.5  72.0  40.3  42.9        17.6 105.1   4.4 641.2  0.33  0.25
       5 31  89.1  56.5  74.8  36.1  45.4        36.7 158.3   6.6 554.7  0.36  0.26
       6  1  95.8  50.3  74.7  43.3  47.1        31.9 121.1   5.0 427.5  0.33  0.24
       6  2  91.8  50.3  73.2  49.5  50.8        28.2 110.6   4.6 648.6  0.32  0.25
       6  3  72.9  54.4  63.0  77.8  55.4  0.65  31.9 227.6   9.5 377.0  0.19  0.14
       6  4  66.2  49.9  55.9  90.8  53.1  0.36  20.3 135.0   5.6 325.6  0.12  0.10
       6  5  76.5  46.0  61.1  69.5  48.6  0.07  20.6 116.5   4.9 654.2  0.24  0.20
       6  6  86.9  49.1  69.8  52.1  49.2  0.03  18.1 140.1   5.8 652.8  0.32  0.25
       6  7  95.0  54.8  73.2  51.4  51.6        29.5 168.5   7.0 637.8  0.42  0.30
       6  8  94.3  53.6  75.1  50.9  49.6        36.6 268.1  11.2 674.4  0.51  0.36
       6  9  97.1  65.1  80.9  36.1  48.8        36.4 280.5  11.7 667.0  0.59  0.40
       6 10  79.4  54.4  65.1  42.4  41.0        27.1 214.1   8.9 598.0  0.37  0.27
       6 11  79.0  55.0  66.3  53.0  46.4  0.02  17.3 117.6   4.9 640.4  0.28  0.22
       6 12  85.2  51.5  67.6  44.7  42.7        19.5 117.1   4.9 691.7  0.33  0.26
       6 13  76.1  51.9  63.2  50.4  43.1        21.6 144.0   6.0 591.1  0.28  0.22
       6 14  84.2  42.4  66.2  44.3  40.7        21.6 104.7   4.4 671.7  0.30  0.24
       6 15  80.4  56.5  67.8  60.9  52.9        28.1 207.8   8.7 541.6  0.30  0.22
       6 16  87.5  55.6  70.2  48.4  46.1  0.02  43.3 122.5   5.1 654.8  0.34  0.26
       6 17  96.9  51.2  75.0  37.7  41.6  0.01  20.2 124.7   5.2 679.7  0.41  0.30
       6 18  97.5  53.2  79.7  22.3  32.9        24.6 150.1   6.3 678.9  0.45  0.32
       6 19  86.6  55.8  74.1  35.0  44.3        26.1 234.8   9.8 653.8  0.43  0.31
       6 20  83.3  58.8  71.2  61.9  56.2  0.05  34.1 228.9   9.5 522.9  0.31  0.23
       6 21  96.3  61.1  80.1  34.9  47.7        29.0 224.2   9.3 550.0  0.49  0.34
       6 22  94.0  59.5  78.0  42.9  51.7        72.5 178.7   7.4 504.2  0.39  0.28
       6 23  92.1  56.4  76.6  43.4  50.0  0.01  21.6 119.0   5.0 666.0  0.34  0.27
       6 24  97.3  54.6  77.1  40.5  47.3        20.7 114.6   4.8 673.3  0.38  0.29
       6 25  92.9  59.3  76.7  38.7  47.2        29.4 176.6   7.4 499.7  0.40  0.28
       6 26  89.5  55.7  74.4  49.8  51.8        20.5 132.4   5.5 543.6  0.31  0.24
       6 27  93.9  53.9  77.6  40.7  47.9        24.2 144.7   6.0 644.2  0.38  0.28
       6 28  94.8  57.6  79.6  35.0  46.7        26.7 137.6   5.7 653.4  0.39  0.29
       6 29  98.3  54.4  78.9  38.5  46.9        22.5 120.1   5.0 655.4  0.39  0.29
       6 30  93.3  58.2  77.2  39.8  49.5        20.5 147.8   6.2 623.6  0.38  0.28
       7  1  97.0  60.8  81.6  41.3  53.2        27.6 158.3   6.6 648.0  0.41  0.30
       7  2  84.8  62.4  76.6  51.2  56.0        20.8 150.9   6.3 583.3  0.30  0.24
       7  3  93.1  58.4  76.4  51.0  54.0        25.5 171.8   7.2 516.5  0.37  0.27
       7  4  88.0  64.6  76.5  51.6  56.0        29.0 216.9   9.0 603.8  0.38  0.28
       7  5  86.0  61.3  74.0  60.2  58.3        23.2 231.1   9.6 629.4  0.35  0.26
       7  6  80.8  61.3  70.4  79.7  63.3  0.02  19.1  99.8   4.2 336.7  0.16  0.13
       7  7  90.5  63.5  77.5  56.3  58.9        24.0 223.4   9.3 619.8  0.39  0.29
       7  8  92.5  55.5  76.6  55.9  56.9        19.1 102.6   4.3 647.3  0.30  0.25
       7  9  89.1  57.8  75.4  58.7  58.7        19.8 127.5   5.3 665.4  0.30  0.25
       7 10  87.2  63.4  74.5  62.3  60.0        15.3 106.7   4.4 522.7  0.26  0.21
       7 11  84.6  53.3  70.8  58.1  54.3        20.2 114.6   4.8 655.7  0.28  0.23
       7 12  89.4  51.3  71.6  56.7  53.3        19.0  88.4   3.7 676.8  0.29  0.24
       7 13  88.7  52.3  73.5  46.4  49.6        15.9 124.4   5.2 659.0  0.32  0.25
       7 14  93.9  60.9  79.8  33.7  46.3        23.1 173.9   7.2 682.6  0.43  0.32
       7 15  95.8  62.4  81.7  36.5  49.6        26.2 211.8   8.8 672.5  0.48  0.34
       7 16  97.6  56.6  82.2  35.6  47.6        25.5 183.2   7.6 667.2  0.45  0.33
       7 17  97.0  59.7  82.4  29.8  44.2        23.8 172.7   7.2 661.8  0.45  0.32
       7 18  98.7  57.1  81.5  34.3  47.3        22.1 145.2   6.0 662.8  0.42  0.31
       7 19 101.2  61.4  84.8  29.6  46.1        26.1 192.4   8.0 638.6  0.50  0.35
       7 20 101.0  64.3  84.2  31.6  46.6  0.01  34.6 204.1   8.5 667.1  0.53  0.37
       7 21  83.6  57.4  70.6  67.4  58.6        27.3 164.4   6.8 463.2  0.25  0.19
       7 22  86.1  55.1  71.1  53.3  49.3        25.3 149.2   6.2 614.6  0.33  0.25
       7 23  91.7  64.8  77.5  41.4  50.9        28.2 280.4  11.7 593.7  0.50  0.35
       7 24  99.5  56.8  79.0  38.8  47.3        19.4 104.0   4.3 653.9  0.37  0.28
       7 25  98.8  57.7  76.5  39.7  48.3        48.4 181.2   7.5 517.9  0.46  0.32
       7 26  91.0  56.1  72.4  54.7  52.2        18.1  87.6   3.6 566.2  0.28  0.22
       7 27  92.5  53.3  75.5  40.8  45.3        20.2 118.4   4.9 625.5  0.34  0.26
       7 28  86.8  59.6  73.7  43.9  48.6        31.4 152.1   6.3 618.2  0.35  0.26
       7 29  94.1  51.4  74.7  42.4  46.2        14.8  95.6   4.0 666.5  0.33  0.26
       7 30  98.9  61.5  81.5  31.3  44.4        15.6 106.1   4.4 664.7  0.38  0.28
       7 31 102.5  62.7  83.3  24.9  40.5        19.5 123.8   5.2 646.8  0.43  0.31
       8  1  84.1  59.6  68.5  32.0  36.7        38.4 235.2   9.8 490.4  0.45  0.30
       8  2  91.0  58.0  74.3  31.5  42.3        40.7 338.6  14.1 556.4  0.57  0.38
       8  3  91.1  62.6  76.9  48.1  55.1        28.3 165.1   6.9 514.6  0.34  0.25
       8  4  88.5  62.2  73.3  64.9  60.0        45.4 149.9   6.2 563.4  0.30  0.23
       8  5  91.5  58.4  74.3  67.2  60.3        30.9 151.4   6.3 507.1  0.30  0.22
       8  6  95.4  56.3  77.4  48.0  50.9        32.8 218.0   9.1 578.9  0.45  0.31
       8  7  94.6  55.6  77.2  43.6  49.5        29.6 183.2   7.6 610.0  0.41  0.30
       8  8  91.0  61.8  73.4  63.7  58.2  0.01  19.1  71.6   3.0 540.3  0.25  0.20
       8  9  80.3  55.9  68.0  65.5  55.2  0.01  23.0 142.8   6.0 567.4  0.25  0.20
       8 10  88.7  55.1  72.9  61.7  56.0        24.2 115.6   4.8 576.6  0.27  0.22
       8 11  92.3  58.3  75.9  45.2  49.8        20.8 129.8   5.4 643.7  0.35  0.27
       8 12  71.0  53.2  62.9  54.2  45.6        32.5 263.4  11.0 553.6  0.28  0.20
       8 13  75.3  50.6  62.8  55.4  44.7        15.3  88.3   3.7 587.8  0.22  0.18
       8 14  89.9  47.1  71.5  36.2  41.5        18.1 148.8   6.2 621.6  0.36  0.26
       8 15  83.0  53.9  69.1  47.1  47.2        28.4 179.3   7.5 597.4  0.33  0.24
       8 16  98.5  60.5  76.6  45.0  51.5        36.3 148.1   6.2 607.1  0.42  0.30
       8 17  77.9  47.1  63.1  35.3  33.5        27.2 179.1   7.5 544.0  0.33  0.23
       8 18  84.8  49.0  64.7  51.6  45.9        18.9 113.2   4.7 370.7  0.25  0.18
       8 19  83.9  44.0  65.8  56.8  50.1        33.5 176.0   7.3 533.7  0.28  0.21
       8 20  93.4  58.3  72.7  59.8  56.5        26.7 137.4   5.7 438.6  0.31  0.22
       8 21  87.2  57.0  69.4  55.4  51.5        41.1 115.1   4.8 332.1  0.25  0.18
       8 22  87.6  49.7  68.5  63.0  52.6        34.1  99.4   4.1 527.1  0.25  0.19
       8 23  91.7  46.2  68.6  58.6  51.2        26.7 125.2   5.2 538.1  0.30  0.22
       8 24  86.0  58.8  70.3  60.7  54.9        29.8 178.0   7.4 505.6  0.31  0.22
       8 25  90.1  58.0  73.9  58.5  55.9        25.0 224.8   9.4 533.4  0.36  0.26
       8 26  89.8  62.8  73.6  64.2  60.1  0.01  34.3 233.8   9.7 559.5  0.36  0.26
       8 27  80.0  56.2  68.4  66.3  56.0  0.05  27.3 209.8   8.7 405.2  0.24  0.18
       8 28  81.7  59.9  69.1  73.5  60.0  0.01  26.8 190.9   8.0 291.9  0.21  0.15
       8 29  83.7  54.2  66.4  74.7  56.4  0.01  30.2 181.3   7.6 441.5  0.25  0.19
       8 30  86.0  52.9  68.9  67.4  55.3  0.01  19.6 117.2   4.9 552.9  0.25  0.20
       8 31  86.8  56.5  72.0  64.7  57.8  0.01  24.4 151.5   6.3 507.8  0.26  0.20
       9  1  89.1  57.9  72.5  53.2  51.7        19.1  95.8   4.0 456.2  0.25  0.19
       9  2  79.5  51.5  66.7  47.9  45.8  0.01  24.0 168.2   7.0 544.1  0.28  0.21
       9  3  93.3  49.2  73.1  44.3  46.5        29.1 233.3   9.7 481.5  0.43  0.29
       9  4  90.5  58.7  73.9  42.9  49.4        19.0 112.9   4.7 420.5  0.28  0.20
       9  5  95.8  49.2  73.8  39.6  41.2        17.9 135.1   5.6 521.9  0.36  0.25
       9  6  95.7  50.7  77.2  38.6  44.3        25.9 199.8   8.3 521.9  0.42  0.29
       9  7  96.6  61.4  79.5  43.4  51.8        36.2 271.4  11.3 490.2  0.49  0.33
       9  8  85.7  56.9  71.8  59.0  55.4  0.02  31.2 182.2   7.6 351.9  0.26  0.18
       9  9  72.2  56.2  64.2  80.0  57.7  0.01  25.4 179.8   7.5 231.8  0.13  0.10
       9 10  65.8  51.1  58.2  75.9  50.2        11.9 116.7   4.9 255.1  0.11  0.09
       9 11  78.1  49.0  63.4  70.0  52.8        26.2 244.5  10.2 409.4  0.23  0.17
       9 12  79.4  53.1  64.6  74.6  55.0  0.01  37.1 144.5   6.0 443.8  0.20  0.16
       9 13  70.3  50.3  60.3  82.1  54.3        14.0  83.9   3.5 327.9  0.11  0.10
       9 14  73.6  50.2  62.0  63.3  48.1  0.01  21.9 167.9   7.0 495.8  0.22  0.16
       9 15  86.1  44.0  64.6  55.4  43.9        17.3 103.8   4.3 508.7  0.25  0.19
       9 16  89.5  43.1  68.4  42.6  39.9        24.3 176.4   7.3 505.4  0.36  0.24
       9 17  82.4  44.8  64.1  47.8  41.1        18.1 103.1   4.3 409.9  0.22  0.16
       9 18  68.8  43.7  57.5  57.1  41.4        35.2 218.0   9.1 423.9  0.21  0.15
       9 19  68.0  41.7  54.1  55.1  36.3        27.8 173.4   7.2 434.2  0.21  0.15
       9 20  82.3  37.5  60.6  45.4  35.5        17.8 118.8   5.0 484.6  0.26  0.18
       9 21  62.7  35.8  50.3  61.8  36.6        27.7 186.8   7.8 462.8  0.17  0.13
       9 22  75.5  43.5  57.3  46.9  35.5        26.4 125.4   5.2 451.1  0.23  0.16
       9 23  67.3  36.7  52.6  49.7  32.8        24.8 152.4   6.3 466.4  0.20  0.15
       9 24  84.8  36.2  62.7  43.2  35.5        28.9 125.1   5.2 458.2  0.27  0.19
       9 25  66.2  43.3  50.4  70.0  40.8        27.8 170.4   7.1 311.0  0.17  0.12
       9 26  62.2  42.5  50.5  70.7  40.9        14.1 100.6   4.2 311.7  0.12  0.09
       9 27  83.4  36.9  59.8  54.0  38.5        27.3 136.8   5.7 402.8  0.26  0.18
       9 28  68.6  44.5  54.6  68.2  43.9        15.6 113.5   4.7 357.3  0.15  0.11
       9 29  78.2  37.2  57.3  62.5  41.9  0.05  29.5  88.5   3.7 385.5  0.17  0.13
       9 30  79.8  39.6  59.4  45.1  34.4        15.0  93.2   3.9 444.9  0.21  0.15
      10  1  65.5  36.9  52.5  56.8  37.2        29.5 258.0  10.8 420.4  0.20  0.14
      10  2  47.0  36.1  39.2  89.9  36.4  0.04  23.2 182.9   7.6 108.9  0.06  0.04
      10  3  70.2  38.2  47.8  72.6  38.7        37.5 276.5  11.5 325.0  0.25  0.16
      10  4  63.5  37.7  51.2  57.2  35.4        22.7 173.3   7.2 380.1  0.17  0.12
      10  5  71.5  32.7  54.1  50.2  33.3        24.6 126.9   5.3 381.1  0.19  0.13
      10  6  60.1  37.6  48.2  62.1  35.4        25.4 137.2   5.7 330.5  0.13  0.10
      10  7  76.5  34.6  52.9  55.2  33.9        10.7  79.1   3.3 404.6  0.17  0.12
      10  8  66.9  36.6  51.1  61.9  37.6        27.3 197.5   8.2 386.3  0.19  0.13
      10  9  73.3  47.0  58.3  64.6  45.4        20.5 152.9   6.4 331.0  0.18  0.13
      10 10  79.0  37.9  59.6  55.5  39.5        18.6 119.2   5.0 391.6  0.20  0.14
      10 11  84.0  39.1  57.2  52.0  36.3        36.3 175.9   7.3 325.2  0.32  0.20
      10 12  55.0  31.5  41.7  61.4  28.3        19.7 147.6   6.2 380.3  0.13  0.09
      10 13  69.1  25.8  48.1  49.7  27.7        18.9 141.5   5.9 386.5  0.19  0.13
      10 14  62.6  29.6  45.3  44.9  22.5        34.7 179.1   7.5 362.1  0.20  0.13
      10 15  65.6  20.5  43.1  45.6  20.1        19.5  84.5   3.5 378.4  0.14  0.10
      10 16  56.5  27.9  41.9  51.2  24.0        29.4 178.2   7.4 228.2  0.15  0.10
      10 17  67.2  20.5  42.4  47.5  20.2        13.5  78.6   3.3 370.5  0.15  0.10
      10 18  70.8  30.4  47.3  40.8  21.3        22.1 122.7   5.1 369.7  0.21  0.14
      10 19  67.1  24.1  46.3  52.3  28.1        18.2 138.9   5.8 354.8  0.17  0.11
      10 20  70.8  27.0  47.5  44.5  23.0        17.7 121.7   5.1 298.0  0.20  0.13
      10 21  58.7  28.8  41.7  61.1  28.6        16.3  93.9   3.9 336.5  0.11  0.08
      10 22  40.9  26.5  32.9  94.0  31.4        26.7 152.5   6.4  71.7  0.03  0.02
      10 23  27.7  23.9  25.8  93.3  24.1         5.6  62.0   2.6  75.7  0.02  0.02
      10 24  37.1  24.1  30.3  89.2  27.8  0.03  15.8  90.4   3.8 101.1  0.03  0.02
      10 25  58.5  30.6  39.8  72.6  30.3        12.9 112.8   4.7 264.1  0.11  0.08
      10 26  61.4  21.9  43.5  72.5  34.9  0.02  21.3 155.0   6.5 277.0  0.11  0.08
      10 27  45.5  29.3  39.8  91.8  37.7  0.20  16.9 106.2   4.4 119.9  0.02  0.02
      10 28  60.2  27.1  42.5  79.5  35.9  0.41  19.3 109.8   4.6 269.6  0.09  0.06
      10 29  39.5  17.0  28.4  97.1  28.7  0.09  30.3 324.7  13.5  95.5  0.02  0.02
      10 30  21.6  14.7  16.8  92.6  15.1        16.9 148.8   6.2 207.4  0.02  0.02
      10 31  19.6  12.4  17.1  93.5  15.6        18.0 159.2   6.6 142.8  0.01  0.01
      11  1  27.6  12.5  20.5  94.6  19.7        20.9 162.7   6.8 201.4            
      11  2  32.5  24.3  27.6  91.5  25.4  0.01  25.9 134.3   5.6 173.6            
      11  3  33.8  14.3  24.9  71.4  16.8  0.01  21.8 155.7   6.5 318.3            
      11  4  40.5  11.7  26.9  80.3  22.1        27.8 104.7   4.4 214.4            
      11  5  43.7  26.5  34.6  62.7  22.9        25.5 190.4   7.9 281.7            
      11  6  56.7  24.0  37.3  69.8  27.0        11.3  97.6   4.1 293.6            
      11  7  60.0  23.7  40.0  72.5  31.5        12.2 100.0   4.2 253.8            
      11  8  66.1  30.0  46.1  59.7  31.1        12.4  96.1   4.0 223.4            
      11  9  60.0  33.5  44.9  59.3  30.7        33.8 215.7   9.0 169.0            
      11 10  52.8  30.0  40.6  53.2  23.6        26.8 139.8   5.8 232.9            
      11 11  43.2  26.0  33.1  83.6  28.7  0.05  24.6 135.5   5.6 122.2            
      11 12  54.5  17.8  33.6  61.9  19.2        13.6 125.3   5.2 277.5            
      11 13  50.9  25.0  38.3  70.2  29.9  0.08  22.4  90.9   3.8  78.0            
      11 14  49.2  30.6  39.9  77.3  32.8  0.02  26.4 140.6   5.9 147.3            
      11 15  47.6  23.0  35.4  76.3  28.2        23.2 155.5   6.5 185.2            
      11 16  55.2  20.0  34.9  62.8  20.9        16.0 130.7   5.4 254.0            
      11 17  58.6  23.8  40.7  55.8  24.2        44.6 153.0   6.4 131.0            
      11 18  53.4  26.0  40.9  47.0  20.7        27.8 197.9   8.2 242.6            
      11 19  59.0  28.2  44.6  40.9  19.9        25.8 179.1   7.5 252.5            
      11 20  62.3  36.0  48.5  47.5  28.5        26.2 205.6   8.6 250.2            
      11 21  62.6  31.9  44.1  66.0  32.3        24.9 176.4   7.3 213.3            
      11 22  72.4  24.2  44.8  58.5  27.3        18.9 127.9   5.3 234.1            
      11 23  51.1  23.2  37.2  64.9  25.4        23.8 188.8   7.9 188.6            
      11 24  32.4  18.4  25.5  84.0  21.2        22.7 191.4   8.0  80.3            
      11 25  34.6  16.8  25.1  79.0  19.4        26.5 192.2   8.0 207.6            
      11 26  31.0  12.3  19.8  65.8   9.8  0.01  32.3 182.5   7.6 240.8            
      11 27  46.5  12.5  27.0  70.0  17.4        24.0 157.3   6.6 150.0            
      11 28  57.0  19.6  34.6  66.8  22.9        13.9 136.4   5.7 228.2            
      11 29  59.1  21.8  38.5  56.5  22.7        26.4 169.5   7.1 224.5            
      11 30  47.2  19.9  32.4  49.5  14.0        13.5  71.7   3.0 207.3            
      12  1  55.8  22.4  36.9  57.9  22.1        13.2 118.1   4.9 184.3            
      12  2  60.0  25.3  39.8  63.6  27.0        15.6 113.5   4.7 219.0            
      12  3  40.3  21.9  31.7  79.7  26.0        18.2 159.9   6.7 114.4            
      12  4  31.9  23.6  27.1  89.3  24.3        15.0 106.1   4.4  65.5            
      12  5  45.0  20.2  30.6  87.1  27.0  0.02  13.2  98.5   4.1 190.4            
      12  6  54.0  17.0  30.1  74.5  21.7  0.01  18.1  84.8   3.5 219.8            
      12  7  47.8  18.1  29.6  74.5  22.1         8.8  71.9   3.0 172.1            
      12  8  41.8  17.9  27.8  78.2  21.5        12.1  77.2   3.2 187.5            
      12  9  51.3  17.0  28.8  68.8  18.2        14.5 126.6   5.3 216.4            
      12 10  54.8  13.9  28.5  58.7  13.1        12.4 109.1   4.5 219.5            
      12 11  50.0  16.5  31.4  54.6  15.3        22.2 130.6   5.4 160.4            
      12 12  44.4  22.9  32.9  51.9  15.8        29.1 143.3   6.0 213.7            
      12 13  57.3  17.4  32.9  55.8  16.8        14.3 121.6   5.1 207.6            
      12 14  60.5  17.1  34.6  52.8  16.5        15.0 104.6   4.4 209.9            
      12 15  63.0  22.4  37.5  51.9  20.1        24.8 129.5   5.4 139.9            
      12 16  58.5  20.6  37.3  50.1  17.6  0.01  31.7 194.0   8.1 204.2            
      12 17  55.1  28.2  38.4  56.5  23.2  0.01  22.4 138.0   5.8 195.4            
      12 18  42.9  21.4  33.7  67.6  23.8        27.4 235.6   9.8 203.1            
      12 19  39.7  17.4  27.2  48.8   9.0  0.03  35.1 231.3   9.6 212.3            
      12 20  47.0   6.7  25.5  51.6   7.6        16.0  95.6   4.0 204.5            
      12 21  39.0  17.8  26.4  65.6  16.0        13.0  87.3   3.6 175.2            
      12 22  40.2  11.2  22.4  71.1  13.6        15.9  82.0   3.4 206.6            
      12 23  31.6   6.9  17.5  73.5   9.8        11.1  46.9   2.0 137.4            
      12 24  32.4   6.5  17.1  82.3  12.7        11.4  61.9   2.6 200.7            
      12 25  37.5   1.5  17.5  66.6   7.4        12.5  78.1   3.3 202.2            
      12 26  39.0   2.4  17.6  59.1   3.7        12.7 111.5   4.6 215.3            
      12 27  58.3   9.1  31.3  48.3  11.6        14.3 124.8   5.2 190.5            
      12 28  54.5  21.4  34.4  54.6  18.8        16.3 114.4   4.8 103.4            
      12 29  46.5  21.4  31.2  63.3  19.6        16.0 100.6   4.2  65.5            
      12 30  48.1  17.2  35.6  38.4  11.4        33.5 186.8   7.8 193.2            
      12 31  45.0  10.2  26.9  63.6  15.7        25.0  90.2   3.8 111.1            

      Total                                3.74                         62.70 45.66
        Max 102.5  65.1  84.8  97.1  63.3        72.5 603.6  25.1 691.7
        Min  15.3 -12.3  -0.1  22.3  -5.0         5.6  46.9   2.0  65.5
        Ave  65.6  33.1  49.0  56.7  31.2        24.4 161.4   6.7 394.8
