                                                                    15-JUN-00
      Cellular-linked Weather Station near BRUSH, Colorado               1999
      -----------------------------------------------------------------------------
               Temperature      Rel   Dew             Wind        Solar StandrdASCE
            ----------------- Humid Point  Prec -----------------   Rad   ETr   ETo
       Date   Max   Min   Ave   Ave   Ave Total   Max Total   Ave Total Alflf Grass
      MoDay     F     F     F     %     F  inch   mph miles   mph Langl  inch  inch
      ----- ----- ----- ----- ----- ----- ----- ----- ----- ----- ----- ----- -----
       1  1  43.8  24.7  31.7  74.9  24.7  0.04  39.8 277.5  11.6 126.5            
       1  2  32.4  10.3  22.1  54.0   8.0        41.6 358.7  14.9 189.5            
       1  3  24.8  11.2  17.2  53.3   3.1        25.1 188.5   7.9 150.3            
       1  4  37.8  15.1  27.2  57.5  14.1        14.0 109.8   4.6 143.1            
       1  5  52.7  30.9  39.7  54.5  23.7        29.2 142.3   5.9 134.2            
       1  6  52.5  19.1  29.2  71.4  21.0        29.1 170.6   7.1 208.8            
       1  7  37.2  20.6  26.2  77.4  20.0        22.4 102.5   4.3 145.9            
       1  8  31.4  20.6  25.3  76.7  19.2        21.0 137.4   5.7 173.5            
       1  9  49.4  11.5  28.2  62.9  16.2        17.9 104.0   4.3 244.7            
       1 10  53.5  22.0  37.7  52.0  20.3        19.4 124.1   5.2 256.1            
       1 11  63.9  24.6  41.3  50.8  22.5        13.6 112.3   4.7 216.0            
       1 12  53.5  23.6  38.8  54.4  22.2        31.9 204.6   8.5 196.9            
       1 13  45.3  17.6  31.6  69.2  21.8        20.5 110.0   4.6  90.8            
       1 14  53.8  22.8  33.5  66.3  22.1        14.7 128.7   5.4 187.7            
       1 15  58.4  26.9  40.5  47.2  20.7        30.6 145.0   6.0 105.9            
       1 16  52.3  23.3  36.7  62.4  23.6        28.2 159.6   6.7 178.5            
       1 17  45.0  17.8  34.5  44.0  13.5        43.0 281.9  11.7 277.8            
       1 18  64.7  19.2  39.3  47.3  20.3        21.5 137.4   5.7 247.8            
       1 19  55.4  25.3  39.4  68.6  29.8  0.03  14.7  95.3   4.0 226.9            
       1 20  58.5  28.5  41.3  52.0  22.9        18.7 112.4   4.7 236.7            
       1 21  46.9  21.4  34.0  68.4  24.5        29.4 224.5   9.4 210.9            
       1 22  46.0  17.4  33.0  60.7  20.2        25.6 200.4   8.3 273.2            
       1 23  58.7  13.4  33.3  58.0  18.4        21.5  98.6   4.1 208.5            
       1 24  34.1  16.6  25.4  66.7  15.8        20.7 142.8   6.0 268.6            
       1 25  37.9  15.9  26.9  70.2  18.5         9.6  62.6   2.6 156.8            
       1 26  51.9  21.4  33.1  62.9  21.3        29.5 116.2   4.8 242.9            
       1 27  45.2  15.7  29.3  60.9  17.3        14.0  95.8   4.0 307.9            
       1 28  46.4  12.1  26.7  64.7  15.7        14.2  77.5   3.2 303.0            
       1 29  45.9  12.3  27.8  64.5  16.8        11.3  78.7   3.3 242.9            
       1 30  43.0  25.2  34.8  67.9  25.5        13.0  75.2   3.1  78.6            
       1 31  54.4  30.4  40.1  74.3  32.3        13.1  89.1   3.7 214.5            
       2  1  48.2  19.0  31.8  71.0  22.9        40.7 216.8   9.0 136.8            
       2  2  57.7  14.0  34.7  48.2  13.8        14.3 104.3   4.3 304.1            
       2  3  49.8  23.1  40.6  34.5  13.8        50.8 419.3  17.5 315.8            
       2  4  64.1  16.4  38.8  43.4  16.6        16.8 107.8   4.5 277.7            
       2  5  54.8  24.3  38.8  54.2  22.9        19.0  92.3   3.8 270.9            
       2  6  56.6  23.5  38.2  53.0  21.2        18.5 108.5   4.5 268.1            
       2  7  68.5  24.7  43.2  46.5  20.8        18.7 115.5   4.8 236.9            
       2  8  65.5  27.0  43.5  42.3  21.0        30.3 152.1   6.3 352.4            
       2  9  68.3  21.5  45.2  38.7  20.3        32.2 241.1  10.0 346.9            
       2 10  74.4  23.2  44.9  44.3  19.2        48.0 408.5  17.0 336.1            
       2 11  30.9   4.0  21.0  49.9   5.2        39.0 400.6  16.7 401.4            
       2 12  50.2  -1.0  23.4  50.5   7.6        12.6  93.4   3.9 388.5            
       2 13  67.7  17.0  36.7  52.2  18.6        12.6 113.0   4.7 337.5            
       2 14  67.2  18.8  40.4  45.2  16.9        17.2 113.7   4.7 338.0            
       2 15  43.5  17.8  30.4  62.1  18.4        18.8  97.5   4.1 114.6            
       2 16  53.2  17.2  31.8  61.2  17.4        17.2  86.4   3.6 352.1            
       2 17  51.8  17.6  37.4  43.6  15.7        44.1 196.1   8.2 162.5            
       2 18  47.7  28.2  36.7  40.3  13.4        34.3 261.2  10.9 411.7            
       2 19  56.9  23.8  38.8  37.8  12.9        43.8 277.3  11.6 348.9            
       2 20  46.2  15.4  31.4  51.8  14.9        27.1 216.1   9.0 328.9            
       2 21  47.8  10.2  31.5  53.9  15.9        35.2 242.5  10.1 303.9            
       2 22  42.0  25.0  35.0  42.6  14.1        45.3 370.5  15.4 222.3            
       2 23  61.6  12.4  35.5  37.1   8.2        16.2 113.8   4.7 419.7            
       2 24  64.1  20.7  41.3  38.2  15.1        20.5 121.0   5.0 345.5            
       2 25  67.4  24.0  42.9  38.0  15.7        14.5  90.3   3.8 418.8            
       2 26  60.4  23.0  42.7  28.7  10.4        32.5 221.1   9.2 423.1            
       2 27  53.0  21.0  37.2  22.6   0.1        31.5 233.9   9.7 474.3            
       2 28  66.5  17.8  42.1  30.8  12.0        18.9 128.8   5.4 373.4            
       3  1  72.4  31.2  49.3  34.9  20.2        34.5 226.4   9.4 289.1  0.17  0.19
       3  2  47.6  20.1  35.3  44.7  14.7        32.4 271.3  11.3 459.8  0.15  0.12
       3  3  68.8  14.5  42.5  34.5  11.1        17.1 107.8   4.5 435.9  0.13  0.14
       3  4  54.0  24.8  39.1  50.3  21.1        29.1 179.2   7.5 406.1  0.12  0.11
       3  5  44.5  23.5  33.8  54.1  17.0        40.5 282.7  11.8 376.8  0.12  0.10
       3  6  44.5  19.1  29.6  58.8  15.9        29.0 205.5   8.6 419.7  0.11  0.09
       3  7  61.5  29.1  40.0  59.6  25.7        39.5 353.5  14.7 448.9  0.20  0.17
       3  8  48.7  24.9  35.7  68.9  25.7  0.08  38.1 305.6  12.7 452.8  0.12  0.09
       3  9  62.0  18.6  41.1  50.1  21.3        30.2 239.2  10.0 460.7  0.16  0.15
       3 10  58.8  20.4  36.1  59.6  18.9        36.1 191.7   8.0 482.6  0.15  0.14
       3 11  38.5  18.6  28.4  77.2  22.2        27.3 232.7   9.7 271.0  0.07  0.05
       3 12  30.2  24.8  27.3  86.5  23.7        17.0 126.3   5.3 116.5  0.03  0.03
       3 13  54.7  23.0  36.0  67.7  24.9  0.04  12.4  81.6   3.4 520.7  0.10  0.09
       3 14  70.1  21.2  44.4  50.5  22.7        13.8 106.8   4.5 525.4  0.13  0.13
       3 15  75.9  27.8  50.6  38.6  20.4        15.4 115.8   4.8 420.1  0.13  0.15
       3 16  77.2  34.6  53.9  27.9  15.8        30.5 166.1   6.9 510.8  0.20  0.21
       3 17  51.4  24.3  39.2  34.1  11.9        27.1 213.4   8.9 551.8  0.18  0.15
       3 18  53.0  20.5  38.9  38.7  15.0        28.1 253.0  10.5 420.1  0.16  0.14
       3 19  53.4  26.8  39.9  57.8  25.8        17.1 150.5   6.3 550.5  0.14  0.12
       3 20  68.5  22.3  46.8  47.8  24.2        21.3 172.8   7.2 557.8  0.18  0.17
       3 21  73.4  27.9  52.9  47.0  31.7        36.1 308.2  12.8 513.6  0.22  0.21
       3 22  60.8  26.2  44.6  63.9  32.7        30.2 171.4   7.1 462.7  0.14  0.12
       3 23  68.3  22.0  44.5  55.8  26.7        25.3 104.2   4.3 561.8  0.17  0.16
       3 24  64.7  26.3  47.0  57.3  30.3        21.5 157.9   6.6 544.9  0.16  0.15
       3 25  64.6  37.7  49.5  52.2  30.6        33.3 338.2  14.1 572.4  0.24  0.20
       3 26  73.1  32.9  53.2  51.6  32.7        31.4 223.6   9.3 532.2  0.21  0.20
       3 27  68.4  35.9  48.4  55.1  32.2        49.2 163.4   6.8 376.1  0.16  0.16
       3 28  58.7  26.9  42.4  44.0  20.7        30.5 207.5   8.6 492.4  0.18  0.16
       3 29  71.0  21.3  48.0  47.3  23.0        24.0 200.7   8.4 604.3  0.23  0.21
       3 30  79.4  38.5  60.8  26.6  20.2        35.5 267.1  11.1 425.7  0.24  0.26
       3 31  76.9  32.2  57.1  19.3  13.5        30.5 151.5   6.3 559.3  0.21  0.21
       4  1  51.3  26.2  40.6  66.2  29.8        27.9 299.4  12.5 292.3  0.14  0.10
       4  2  28.5  24.3  25.7  87.3  22.5  0.06  20.0 192.8   8.0 373.3  0.10  0.06
       4  3  44.2  25.0  31.4  75.0  24.0  0.05  21.0 114.6   4.8 458.1  0.11  0.09
       4  4  56.5  24.9  40.9  61.9  27.7        32.6 167.4   7.0 447.7  0.12  0.10
       4  5  56.0  32.6  42.4  66.9  30.8  0.37  34.3 254.0  10.6 504.8  0.15  0.12
       4  6  68.9  27.7  48.7  52.5  28.9        21.4 153.4   6.4 654.3  0.20  0.18
       4  7  70.3  28.9  52.7  45.7  29.3        37.6 236.9   9.9 655.4  0.24  0.21
       4  8  63.0  35.3  51.1  54.8  34.5        67.2 503.7  21.0 397.2  0.23  0.17
       4  9  64.6  26.4  44.9  64.2  31.5  0.05  44.1 308.8  12.9 515.9  0.23  0.18
       4 10  53.8  32.0  43.5  39.2  19.3        54.4 505.6  21.1 448.5  0.27  0.18
       4 11  60.7  21.2  42.8  48.0  21.9        22.1 142.0   5.9 669.3  0.20  0.17
       4 12  72.3  28.9  50.1  46.2  27.3        15.6 122.0   5.1 654.4  0.21  0.19
       4 13  69.3  33.7  50.8  69.8  41.4        27.5 151.7   6.3 567.6  0.17  0.15
       4 14  51.1  32.7  40.6  75.1  34.0  0.33  38.7 414.8  17.3 239.8  0.13  0.09
       4 15  43.3  27.2  33.6  55.4  18.7        49.3 442.3  18.4 569.8  0.22  0.13
       4 16  44.0  22.4  32.4  49.0  14.4        38.7 316.9  13.2 398.2  0.17  0.12
       4 17  60.8  19.6  39.9  42.5  16.1        29.1 212.8   8.9 709.0  0.23  0.19
       4 18  73.9  28.4  51.7  42.8  24.3        28.9 215.4   9.0 570.8  0.23  0.21
       4 19  77.5  32.9  55.5  43.9  30.3        29.6 151.5   6.3 588.0  0.21  0.20
       4 20  75.3  39.9  58.5  45.0  35.3        25.2 143.6   6.0 515.4  0.19  0.18
       4 21  66.2  44.2  54.8  54.6  36.9  0.02  35.1 300.1  12.5 629.2  0.26  0.21
       4 22  47.1  38.0  42.5  86.7  38.8  0.21  26.2 308.0  12.8 149.5  0.08  0.05
       4 23  40.9  33.9  37.5  86.4  33.8  0.15  21.6 192.5   8.0 157.2  0.07  0.05
       4 24  49.0  38.1  41.6  83.5  37.0  0.04  22.1 183.6   7.7 265.5  0.09  0.07
       4 25  57.0  35.0  44.8  81.1  38.9  0.63  20.2 129.5   5.4 488.1  0.12  0.10
       4 26  59.7  31.6  47.0  74.4  38.6  0.02  23.6 108.6   4.5 490.3  0.12  0.10
       4 27  72.8  36.4  55.5  63.4  41.2  0.01  17.8 113.7   4.7 675.4  0.20  0.17
       4 28  68.0  41.7  54.0  77.9  46.8  0.15  28.0 248.2  10.3 409.6  0.16  0.13
       4 29  52.1  45.6  47.1  89.4  44.1  0.13  30.4 296.2  12.3 159.6  0.08  0.06
       4 30  51.8  46.0  49.0  89.0  45.9  0.43  31.9 300.9  12.5  65.7  0.05  0.03
       5  1  52.8  43.4  47.7  88.6  44.6  0.33  24.6 213.5   8.9  92.4  0.05  0.04
       5  2  55.8  41.2  47.3  80.7  41.4  0.18  25.8 191.2   8.0 363.0  0.12  0.09
       5  3  71.1  36.4  54.5  60.0  38.0        34.2 179.2   7.5 585.6  0.22  0.18
       5  4  62.6  40.7  51.7  47.7  30.9        43.4 408.2  17.0 677.3  0.31  0.22
       5  5  57.3  36.9  46.6  47.1  26.1        41.7 445.3  18.6 641.6  0.31  0.20
       5  6  58.3  34.6  46.8  35.6  19.3        45.4 445.0  18.5 776.0  0.37  0.24
       5  7  74.4  30.2  52.7  43.0  28.6        20.8 137.7   5.7 783.0  0.29  0.23
       5  8  80.8  36.6  61.2  42.8  34.3        27.0 186.9   7.8 768.0  0.31  0.26
       5  9  84.3  40.6  63.1  47.8  39.1        31.4 167.9   7.0 614.7  0.28  0.24
       5 10  56.2  35.4  48.1  58.6  33.9  0.01  32.9 286.6  11.9 391.8  0.19  0.13
       5 11  59.0  27.8  44.3  52.9  25.6        24.3 132.5   5.5 694.1  0.23  0.18
       5 12  68.7  31.4  51.9  49.5  29.7        18.7 145.9   6.1 757.0  0.27  0.21
       5 13  82.2  48.6  62.9  45.5  39.6        37.8 302.6  12.6 542.2  0.33  0.28
       5 14  67.8  43.6  54.6  76.8  47.5  0.06  36.6 171.5   7.1 421.6  0.16  0.13
       5 15  74.7  37.1  56.3  67.2  43.6        25.3 162.3   6.8 740.0  0.27  0.21
       5 16  57.9  44.3  50.3  82.6  45.1  0.56  26.6 207.8   8.7 213.5  0.11  0.08
       5 17  63.3  39.9  50.7  64.2  37.5  0.04  23.8 127.0   5.3 693.3  0.22  0.17
       5 18  80.6  38.8  60.2  49.8  38.7        18.0 141.0   5.9 767.0  0.30  0.24
       5 19  84.3  45.3  64.2  55.2  45.0        39.3 124.6   5.2 615.3  0.26  0.21
       5 20  67.9  50.0  58.7  70.3  48.7        26.6 250.7  10.4 543.2  0.22  0.16
       5 21  82.2  43.4  64.1  57.7  46.5        26.7 205.7   8.6 730.0  0.32  0.26
       5 22  77.9  46.7  61.8  68.5  51.1  0.01  35.5 166.5   6.9 618.0  0.25  0.20
       5 23  75.4  49.8  62.1  65.1  48.8        18.2  66.9   2.8 733.0  0.25  0.20
       5 24  74.7  47.1  60.9  69.5  49.9        21.8 120.4   5.0 480.6  0.20  0.16
       5 25  66.0  48.7  55.8  77.9  48.8  0.05  15.4 119.3   5.0 400.8  0.16  0.13
       5 26  73.0  49.6  61.1  65.8  48.6        28.4 216.5   9.0 723.0  0.28  0.21
       5 27  74.1  46.2  58.6  75.3  50.3  0.21  19.0 105.7   4.4 514.3  0.20  0.15
       5 28  78.5  49.9  64.3  65.5  51.1        20.5 121.1   5.0 805.0  0.29  0.23
       5 29  86.1  50.6  66.6  59.6  49.8  0.01  25.6 174.2   7.3 671.3  0.32  0.25
       5 30  81.9  50.3  63.3  64.4  49.6  0.35  33.4 128.2   5.3 684.0  0.29  0.23
       5 31  67.9  50.2  55.7  84.5  51.1  0.21  25.1 214.7   8.9 228.7  0.15  0.11
       6  1  78.8  47.9  63.9  43.6  40.1  0.02  27.7 198.6   8.3 816.0  0.37  0.28
       6  2  86.7  48.3  68.7  52.4  47.9        44.1 256.5  10.7 734.0  0.38  0.29
       6  3  86.2  52.1  71.0  44.0  43.6        27.1 191.9   8.0 816.0  0.39  0.30
       6  4  91.1  46.1  69.8  33.7  35.1        32.9 179.0   7.5 -99.9  0.22  0.18
       6  5  81.0  46.9  60.1  53.4  40.9        46.1 202.3   8.4 688.9  0.38  0.29
       6  6  78.8  44.9  63.0  42.3  37.4        35.3 228.0   9.5 757.0  0.39  0.29
       6  7  90.3  44.7  69.8  39.6  38.0        27.7 166.5   6.9 -99.9  0.19  0.15
       6  8  93.9  56.6  76.9  27.3  36.3        54.0 229.8   9.6 818.0  0.47  0.38
       6  9  76.7  55.3  66.7  48.5  45.5        29.7 255.6  10.7 811.0  0.40  0.29
       6 10  69.6  54.8  59.1  80.3  52.9  0.51  26.7 170.2   7.1 276.0  0.18  0.13
       6 11  72.9  51.7  60.1  74.2  51.3        20.7 114.9   4.8 597.0  0.24  0.18
       6 12  72.4  50.4  59.7  77.6  52.1        25.1 100.7   4.2 457.1  0.19  0.14
       6 13  71.0  47.4  59.0  73.5  49.7        15.1 101.0   4.2 581.1  0.21  0.16
       6 14  77.6  54.1  63.2  71.7  53.2  0.01  28.0 241.2  10.1 565.7  0.28  0.20
       6 15  64.0  50.3  57.2  77.7  50.0        21.5 179.2   7.5 378.7  0.16  0.12
       6 16  68.2  47.4  56.8  66.7  44.8        19.3 101.4   4.2 478.7  0.20  0.15
       6 17  76.7  52.1  62.8  66.5  51.0        28.4 282.1  11.8 689.1  0.32  0.23
       6 18  82.3  49.2  67.5  61.8  51.6        18.2 102.3   4.3 774.0  0.28  0.22
       6 19  89.4  51.6  72.1  56.9  53.3        30.2 100.0   4.2 757.0  0.31  0.23
       6 20  90.0  57.2  73.7  54.5  54.2  0.02  33.0 208.3   8.7 766.0  0.39  0.30
       6 21  86.5  59.9  74.2  47.1  51.1        23.3 196.1   8.2 694.8  0.36  0.28
       6 22  88.8  52.9  70.9  53.5  51.0  0.02  39.2 120.6   5.0 713.0  0.35  0.26
       6 23  87.6  53.3  71.9  56.2  52.5        17.2  79.3   3.3 816.0  0.34  0.26
       6 24  90.1  58.7  75.2  52.9  54.6        31.3 161.6   6.7 813.0  0.39  0.30
       6 25  95.3  62.9  77.8  49.5  54.3        33.6 223.8   9.3 -99.9  0.23  0.18
       6 26  87.3  55.5  73.5  62.3  58.5        23.5 176.0   7.3 784.0  0.36  0.27
       6 27  82.0  60.7  70.5  70.8  59.8        21.4 162.9   6.8 670.9  0.30  0.23
       6 28  74.1  51.6  64.3  54.6  46.5        37.1 208.9   8.7 818.0  0.37  0.27
       6 29  84.0  50.5  66.8  55.3  49.0        18.6 118.5   4.9 520.6  0.28  0.21
       6 30  81.3  53.5  68.4  65.3  55.6  0.11  21.3 148.0   6.2 647.5  0.28  0.21
       7  1  85.2  54.0  70.3  62.7  55.7        29.1 229.1   9.5 759.0  0.36  0.26
       7  2  98.8  58.3  77.1  53.1  56.6  0.06  34.2 147.2   6.1 574.3  0.35  0.26
       7  3  95.8  64.9  80.9  35.0  49.4        38.8 177.2   7.4 711.0  0.41  0.31
       7  4  96.2  67.2  81.1  43.7  56.1        18.7 127.1   5.3 783.0  0.40  0.30
       7  5  80.1  59.7  70.3  68.8  59.4        26.4 207.5   8.6 647.2  0.31  0.23
       7  6  83.6  64.7  73.3  60.6  58.7        30.3 218.7   9.1 502.0  0.31  0.24
       7  7  92.6  66.8  80.8  48.3  56.9        28.1 272.0  11.3 809.0  0.47  0.36
       7  8  87.7  62.4  76.4  57.1  59.4  0.01  25.9 163.9   6.8 647.0  0.32  0.24
       7  9  80.0  58.0  68.1  60.8  53.0        19.7 119.3   5.0 740.0  0.32  0.25
       7 10  80.6  48.9  66.2  57.8  49.8        33.5 171.8   7.2 793.0  0.36  0.27
       7 11  88.6  53.2  67.9  60.6  53.0  0.38  34.9 153.8   6.4 677.2  0.36  0.26
       7 12  87.0  53.7  71.1  60.4  54.8        15.6 108.6   4.5 802.0  0.33  0.25
       7 13  94.2  57.6  77.3  48.4  54.3        20.1 136.3   5.7 770.0  0.37  0.28
       7 14  94.1  60.6  78.2  46.5  55.4        20.0 113.0   4.7 616.4  0.31  0.24
       7 15  87.9  64.1  75.1  55.1  56.7        25.6  95.2   4.0 471.2  0.26  0.19
       7 16  69.3  56.8  64.4  81.4  58.7        20.9 157.4   6.6 250.0  0.14  0.10
       7 17  83.9  64.2  72.6  72.6  62.4        29.0 181.4   7.6 610.1  0.29  0.22
       7 18  87.5  58.8  71.0  73.5  61.2  0.03  14.0  69.3   2.9 476.7  0.22  0.17
       7 19  88.8  58.4  71.3  76.7  62.8  0.33  27.5 106.2   4.4 662.1  0.28  0.22
       7 20  85.7  59.4  71.1  75.8  62.1        15.2  65.9   2.7 742.0  0.28  0.22
       7 21  91.3  58.1  75.3  60.7  58.5        18.6  92.5   3.9 751.0  0.32  0.25
       7 22  91.4  58.9  73.9  66.1  60.9        25.8  96.1   4.0 691.4  0.30  0.24
       7 23  92.8  60.5  76.0  59.0  58.6        15.7 105.4   4.4 755.0  0.34  0.27
       7 24  92.9  57.0  73.6  63.4  57.8  1.35  46.5 126.5   5.3 546.3  0.30  0.23
       7 25  87.3  61.1  74.2  70.2  63.0        17.1 106.8   4.5 676.5  0.28  0.22
       7 26  86.5  60.3  74.0  65.8  60.6        21.5 132.8   5.5 748.0  0.32  0.25
       7 27  91.1  59.4  76.1  63.3  60.8        25.6  85.8   3.6 681.7  0.29  0.23
       7 28  95.0  60.3  74.6  68.6  62.4  0.42  42.5 107.7   4.5 668.6  0.32  0.25
       7 29  90.8  63.3  75.2  67.3  62.7        14.6  90.5   3.8 590.3  0.27  0.21
       7 30  86.3  64.6  74.5  64.5  61.0  0.02  27.5 158.4   6.6 628.9  0.30  0.24
       7 31  81.7  61.3  71.3  71.8  60.4  0.98  22.5 124.3   5.2 412.1  0.21  0.17
       8  1  65.5  56.6  61.6  94.4  60.1  0.23  16.8 133.3   5.6 110.9  0.07  0.05
       8  2  70.6  55.9  61.7  86.2  57.3        13.4  76.9   3.2 403.9  0.16  0.13
       8  3  79.6  55.1  66.3  84.8  61.2  0.02  25.8  65.5   2.7 496.5  0.17  0.14
       8  4  73.9  59.6  66.0  90.7  63.3  0.23  18.1  70.5   2.9 239.4  0.08  0.07
       8  5  71.8  60.1  64.5  92.0  62.1  0.88  21.3 119.6   5.0 310.3  0.12  0.09
       8  6  85.7  60.7  68.7  84.7  63.5  0.06  20.5  88.0   3.7 563.7  0.22  0.18
       8  7  84.6  59.9  71.0  72.6  60.6  0.01  21.0  90.8   3.8 701.0  0.26  0.21
       8  8  91.3  55.9  73.2  70.4  61.9        19.6 124.6   5.2 681.3  0.29  0.23
       8  9  84.3  58.9  72.1  67.0  59.9        14.9 109.9   4.6 662.8  0.26  0.21
       8 10  82.5  60.6  67.4  84.5  62.4  0.19  32.9 112.9   4.7 275.4  0.16  0.13
       8 11  89.4  55.7  70.9  74.0  60.9  0.04  13.2  58.2   2.4 638.0  0.25  0.20
       8 12  81.7  53.3  68.5  59.4  53.0        19.9 105.8   4.4 548.9  0.24  0.19
       8 13  84.4  55.2  67.9  67.0  55.1        21.3 136.2   5.7 639.7  0.28  0.22
       8 14  92.3  55.4  74.5  56.4  56.7        21.9 115.7   4.8 627.7  0.28  0.23
       8 15  90.7  60.3  74.8  54.3  55.9        15.6  91.5   3.8 539.4  0.25  0.20
       8 16  92.6  57.9  73.6  50.4  51.2        12.7  95.1   4.0 627.4  0.29  0.24
       8 17  92.6  59.8  73.9  58.0  56.0        23.7 114.3   4.8 561.0  0.29  0.23
       8 18  89.8  55.2  71.6  60.2  54.7        16.1 102.9   4.3 683.4  0.30  0.25
       8 19  91.3  52.8  73.8  58.3  55.0  0.02  18.6 130.4   5.4 667.8  0.31  0.25
       8 20  90.5  57.2  72.5  64.6  58.2  0.03  11.8  79.5   3.3 545.4  0.24  0.20
       8 21  92.0  54.8  71.8  63.7  56.7        20.9 102.1   4.3 587.3  0.27  0.22
       8 22  84.4  58.4  71.5  66.9  58.3        19.6 116.9   4.9 631.2  0.26  0.21
       8 23  82.8  53.3  68.3  66.0  55.3        15.3 122.0   5.1 662.7  0.27  0.22
       8 24  94.0  53.4  73.0  57.8  55.1        14.9  92.5   3.9 662.7  0.29  0.24
       8 25  88.8  52.8  70.9  65.1  57.4        20.5 100.8   4.2 523.0  0.23  0.19
       8 26  91.6  56.2  74.7  57.6  56.9        12.1  98.7   4.1 632.5  0.27  0.22
       8 27  92.5  60.0  76.3  54.4  56.5  0.02  25.5 144.1   6.0 451.3  0.26  0.22
       8 28  83.4  62.8  69.0  81.3  62.7  0.04  41.7 116.5   4.9 379.6  0.19  0.16
       8 29  87.6  55.2  70.4  71.9  59.4  0.03  24.8  81.7   3.4 624.5  0.25  0.21
       8 30  93.2  54.5  74.2  59.3  56.3        21.1 130.2   5.4 640.0  0.30  0.25
       8 31  89.5  58.8  74.3  60.3  58.2        20.5 133.1   5.5 597.0  0.27  0.22
       9  1  88.6  59.0  71.8  67.0  58.1        24.1 140.9   5.9 509.5  0.26  0.21
       9  2  82.7  59.4  67.5  78.1  59.7  0.08  41.3 131.4   5.5 435.5  0.21  0.18
       9  3  80.9  57.3  65.4  80.5  58.5  0.10  43.1 115.4   4.8 561.2  0.23  0.19
       9  4  71.0  51.5  60.1  78.3  52.8  0.16  15.9 104.7   4.4 560.6  0.20  0.16
       9  5  82.2  50.8  64.6  67.8  52.0        20.2  89.3   3.7 584.8  0.22  0.18
       9  6  86.1  51.3  66.8  63.4  51.5        14.8  88.0   3.7 626.6  0.24  0.20
       9  7  74.8  45.5  61.6  62.5  48.4        29.3 154.7   6.4 606.1  0.23  0.19
       9  8  76.9  46.3  59.1  56.8  42.4        15.3  77.9   3.2 517.8  0.20  0.17
       9  9  75.9  41.3  58.6  63.3  45.4        12.4  83.1   3.5 603.3  0.21  0.17
       9 10  86.2  47.9  63.6  66.7  50.7  0.07  23.5  71.8   3.0 543.9  0.20  0.17
       9 11  77.0  47.4  59.3  69.2  48.9        30.3 145.0   6.0 334.0  0.18  0.14
       9 12  64.7  40.1  52.3  66.2  40.5        24.3 100.1   4.2 497.5  0.17  0.14
       9 13  72.3  34.0  51.3  64.1  38.2        11.3  61.5   2.6 552.9  0.18  0.15
       9 14  69.2  43.7  56.1  54.0  37.8        18.6 115.2   4.8 525.1  0.18  0.15
       9 15  73.0  40.4  57.5  67.9  46.8        24.7 186.9   7.8 407.5  0.17  0.13
       9 16  78.2  53.4  62.9  68.8  51.1        22.5 212.9   8.9 507.1  0.23  0.18
       9 17  82.1  42.4  61.0  65.8  46.6        17.0  93.2   3.9 454.1  0.18  0.15
       9 18  87.3  41.5  62.1  51.2  38.0        13.1  90.1   3.8 545.3  0.23  0.20
       9 19  60.0  44.1  49.2  78.1  42.5  0.07  33.6 206.9   8.6  76.2  0.11  0.09
       9 20  53.3  38.8  46.9  86.5  43.0  0.11  11.3  72.3   3.0 142.3  0.06  0.05
       9 21  75.3  34.1  52.0  67.8  38.4        14.3 100.2   4.2 532.7  0.19  0.16
       9 22  81.5  37.7  57.2  56.2  37.6        13.4 116.4   4.8 551.7  0.21  0.18
       9 23  84.7  43.6  61.7  50.2  39.3        11.4 104.9   4.4 480.1  0.19  0.17
       9 24  80.8  45.5  60.3  56.1  43.0        17.9 110.4   4.6 312.0  0.16  0.14
       9 25  87.0  45.4  65.6  50.9  43.4        32.5 133.1   5.5 521.0  0.23  0.21
       9 26  64.7  36.4  50.6  61.3  36.3  0.01  29.7 182.5   7.6 476.1  0.20  0.15
       9 27  49.3  35.5  42.0  85.5  37.9  0.15  19.5 148.5   6.2 151.9  0.08  0.06
       9 28  47.7  29.8  37.7  85.7  33.8  0.72  23.3 174.8   7.3 199.8  0.09  0.06
       9 29  69.6  27.1  45.6  62.7  31.6        16.8 131.1   5.5 521.1  0.18  0.15
       9 30  66.4  36.8  52.0  56.7  35.4        22.0 131.2   5.5 510.1  0.15  0.13
      10  1  61.7  34.6  45.3  68.7  35.3        33.8 224.6   9.4 451.0  0.17  0.13
      10  2  63.6  26.5  43.1  65.6  31.4        25.8 180.8   7.5 483.8  0.18  0.14
      10  3  55.9  34.6  43.7  71.1  34.5        15.7  85.6   3.6 294.9  0.09  0.08
      10  4  78.9  29.1  51.0  58.0  32.0        17.0  85.0   3.5 494.3  0.16  0.15
      10  5  78.9  34.6  56.8  46.9  31.5        23.9 173.0   7.2 486.5  0.22  0.19
      10  6  84.8  42.6  62.6  47.5  39.3        37.0 109.3   4.6 370.6  0.15  0.14
      10  7  63.2  40.7  54.3  73.3  45.8        22.2 111.9   4.7 180.8  0.07  0.06
      10  8  71.5  36.7  51.7  63.8  37.4        12.1  89.3   3.7 454.5  0.16  0.14
      10  9  84.4  36.8  59.0  47.8  35.7        16.3 104.9   4.4 466.6  0.19  0.18
      10 10  69.4  37.1  54.0  62.8  40.5        20.2 119.6   5.0 453.2  0.15  0.13
      10 11  85.8  38.1  58.8  54.8  38.6        12.7  87.2   3.6 453.9  0.17  0.16
      10 12  84.6  43.5  60.3  41.1  33.2        19.0 127.3   5.3 421.2  0.20  0.19
      10 13  74.8  36.4  55.6  57.6  38.0        22.7 174.9   7.3 436.4  0.20  0.17
      10 14  83.0  38.0  56.9  49.7  33.8        16.2  99.2   4.1 442.1  0.19  0.17
      10 15  54.6  35.1  45.5  60.8  32.5        31.9 219.9   9.2 255.6  0.13  0.10
      10 16  38.7  29.5  35.3  84.8  31.2  0.09  20.5 166.2   6.9  85.6  0.05  0.04
      10 17  54.8  21.1  36.0  60.8  21.3        16.4 107.6   4.5 436.4  0.12  0.10
      10 18  51.3  30.8  41.7  64.3  30.2        21.9 149.0   6.2 253.7  0.08  0.06
      10 19  57.7  29.7  42.2  61.3  28.3        21.7 104.6   4.4 393.0  0.09  0.08
      10 20  68.4  27.2  44.6  55.8  27.0        15.1 121.5   5.1 414.3  0.14  0.12
      10 21  73.0  29.6  48.1  49.0  25.6        21.5 145.8   6.1 366.4  0.16  0.15
      10 22  72.2  28.0  47.8  48.6  26.7        10.8  96.6   4.0 402.6  0.13  0.12
      10 23  76.3  25.9  47.1  54.2  28.3        14.7  84.4   3.5 398.5  0.14  0.13
      10 24  86.2  29.6  50.8  48.0  27.8        16.2 101.0   4.2 398.2  0.19  0.18
      10 25  74.1  27.0  49.2  37.0  20.9        15.9 110.6   4.6 389.7  0.15  0.14
      10 26  80.8  31.7  52.3  36.4  22.0        17.8 129.8   5.4 376.5  0.18  0.18
      10 27  76.8  31.1  47.3  44.9  24.6        34.5 202.2   8.4 338.5  0.24  0.21
      10 28  72.4  22.8  46.9  49.2  25.4        27.0 167.0   7.0 356.2  0.17  0.16
      10 29  57.4  35.4  49.8  42.1  27.0        34.0 308.3  12.8 253.7  0.15  0.12
      10 30  61.7  31.2  44.6  44.2  23.0        17.6 128.8   5.4 370.6  0.13  0.12
      10 31  75.9  25.3  47.6  41.0  22.6        20.7 142.5   5.9 369.6  0.17  0.17
      11  1  51.3  18.9  38.4  35.1  12.8        35.9 285.7  11.9 360.9            
      11  2  64.1   8.1  34.9  37.8   7.4        18.9 103.4   4.3 372.2            
      11  3  66.5  27.5  48.0  29.0  15.7        17.5 121.4   5.1 330.0            
      11  4  76.1  22.3  44.3  37.8  17.0        14.5  99.6   4.2 312.5            
      11  5  60.6  22.7  41.0  48.0  21.5        17.0  92.4   3.9 346.4            
      11  6  78.2  24.3  44.4  46.6  22.2        15.7 115.1   4.8 333.7            
      11  7  80.4  23.0  48.1  33.3  16.0        20.4 127.7   5.3 342.3            
      11  8  76.7  31.5  49.8  33.0  19.5        14.6 109.1   4.5 337.6            
      11  9  69.8  30.2  47.4  38.0  21.5        25.5 142.3   5.9 272.9            
      11 10  72.4  23.7  45.1  41.7  21.5        13.4  91.7   3.8 327.6            
      11 11  65.9  29.3  44.3  44.5  23.2        12.5 100.0   4.2 185.5            
      11 12  70.7  23.7  42.5  43.3  19.6  0.01  12.9 119.7   5.0 318.9            
      11 13  78.6  24.6  46.2  35.9  17.2        21.0 146.1   6.1 321.5            
      11 14  76.2  24.7  43.9  37.1  16.6  0.01  10.7  84.7   3.5 313.7            
      11 15  75.6  26.7  43.5  38.4  17.7        13.2 118.4   4.9 311.8            
      11 16  75.2  24.3  44.4  36.4  16.3        13.7 109.1   4.5 303.3            
      11 17  76.0  24.6  47.4  36.5  19.3        19.6 104.9   4.4 300.7            
      11 18  56.8  33.9  45.8  42.6  22.5        47.9 359.2  15.0 306.1            
      11 19  61.1  24.5  40.6  47.6  19.6  0.01  14.8 135.2   5.6 301.4            
      11 20  64.0  26.9  42.1  43.6  20.7        18.3  90.8   3.8 180.3            
      11 21  50.5  31.1  41.4  49.2  22.7  0.02  29.1 167.6   7.0 263.0            
      11 22  32.8  27.0  30.6  91.8  28.6  0.30  15.1 129.2   5.4  89.9            
      11 23  31.3   8.2  19.2  77.2  13.5  0.07  12.6 116.7   4.9 319.9            
      11 24  25.4   0.3  11.4  74.4   5.6        11.0 117.9   4.9 307.9            
      11 25  35.1   6.3  21.0  76.3  15.8        12.1 104.5   4.4 227.0            
      11 26  50.5  21.2  34.1  80.7  29.3        16.1  93.6   3.9 245.8            
      11 27  54.5  25.2  37.6  79.9  31.9        15.1  91.6   3.8 242.4            
      11 28  54.4  27.3  36.8  80.6  31.0        12.4 108.8   4.5 261.4            
      11 29  41.7  26.8  32.1  93.6  30.7        12.1  69.6   2.9 117.7            
      11 30  58.0  27.9  39.1  84.6  35.0        11.8 127.6   5.3 181.7            
      12  1  64.6  30.8  41.0  69.5  30.5  0.03  14.2  85.9   3.6 159.4            
      12  2  50.2  22.7  36.8  65.9  25.9        20.5 109.0   4.5 246.3            
      12  3  39.9  20.1  32.5  83.9  28.4  0.01  30.5 293.2  12.2  89.0            
      12  4  38.8  17.2  29.2  65.8  19.2  0.03  26.5 244.1  10.2 252.3            
      12  5  45.4  11.6  25.8  63.0  14.8        14.0 127.1   5.3 263.7            
      12  6  51.4  20.6  33.2  58.2  18.6        22.9 127.9   5.3 260.9            
      12  7  50.0  19.2  31.4  70.3  22.6        21.4  80.5   3.4 145.3            
      12  8  36.1  15.3  26.4  74.1  19.1  0.03  10.7  69.4   2.9  94.8            
      12  9  42.7  11.1  26.3  60.9  13.2  0.01  17.0 129.2   5.4 244.5            
      12 10  32.3  15.7  24.9  69.6  16.5        10.8  64.9   2.7 103.5            
      12 11  46.3  14.2  28.9  59.5  15.1  0.01  12.8  89.3   3.7 240.9            
      12 12  50.0  15.4  31.3  55.7  15.3        22.1 158.3   6.6 248.9            
      12 13  41.1  16.8  28.9  65.8  18.8        38.9 106.5   4.4  91.9            
      12 14  35.5  14.8  27.6  39.3   5.8  0.02  38.9 395.6  16.5 230.9            
      12 15  46.5  11.7  27.6  44.3   7.1        17.0 122.6   5.1 202.4            
      12 16  59.1  21.2  37.3  48.3  17.5        28.4 185.1   7.7 244.0            
      12 17  46.5  22.4  36.2  74.3  29.0  0.07  25.9 165.0   6.9 154.9            
      12 18  48.9  26.9  35.9  61.6  23.5        23.4 181.9   7.6 166.9            
      12 19  34.9  13.9  24.6  67.0  15.0  0.03  36.5 216.1   9.0 118.0            
      12 20  31.5   6.4  19.6  77.7  14.6        13.8  83.8   3.5 166.3            
      12 21  35.0  17.4  25.9  74.8  19.4  0.01  24.7 150.4   6.3 106.8            
      12 22  37.9  13.5  26.7  72.3  20.0        30.8 148.3   6.2  59.6            
      12 23  53.8  30.7  39.8  53.1  23.0  0.01  26.7 173.7   7.2 232.8            
      12 24  60.1  24.4  37.1  53.7  20.5        19.8 157.4   6.6 240.1            
      12 25  59.5  23.9  36.0  54.5  19.5        13.1 132.6   5.5 241.8            
      12 26  50.2  20.2  32.4  53.5  15.6        10.8 120.0   5.0 247.4            
      12 27  51.4  24.7  37.4  51.9  21.0        31.7 221.4   9.2 230.0            
      12 28  67.7  23.3  40.8  49.3  20.0        17.1 150.7   6.3 246.1            
      12 29  61.1  19.9  39.4  45.4  16.3        24.5 186.2   7.8 249.0            
      12 30  54.7  21.6  35.5  46.6  15.0  0.01  15.9 127.2   5.3 247.7            
      12 31  54.3  16.6  31.5  57.0  16.4        13.1  84.9   3.5 201.6            

      Total                               13.18                         54.00 43.64
        Max  98.8  67.2  81.1  94.4  63.5        67.2 505.6  21.1 818.0
        Min  24.8  -1.0  11.4  19.3   0.1         9.6  58.2   2.4 -99.9
        Ave  67.0  35.6  50.4  58.9  34.2        24.4 160.3   6.7 429.3
