                                                                    07-JUN-00
      Cellular-linked Weather Station near BRUSH, Colorado               1998
      -----------------------------------------------------------------------------
               Temperature      Rel   Dew             Wind        Solar StandrdASCE
            ----------------- Humid Point  Prec -----------------   Rad   ETr   ETo
       Date   Max   Min   Ave   Ave   Ave Total   Max Total   Ave Total Alflf Grass
      MoDay     F     F     F     %     F  inch   mph miles   mph Langl  inch  inch
      ----- ----- ----- ----- ----- ----- ----- ----- ----- ----- ----- ----- -----
       1  1  58.2  25.6  37.5  69.1  27.2         9.2  77.7   3.2 241.6            
       1  2  50.3  24.8  34.7  77.1  28.1        12.3  91.8   3.8 134.6            
       1  3  31.3  20.9  24.0  82.7  19.7        24.5 154.4   6.4  65.3            
       1  4  40.2  21.8  27.7  83.5  23.4        13.5 103.7   4.3 164.6            
       1  5  45.3  17.8  29.3  77.2  22.8        15.9  95.5   4.0 246.1            
       1  6  40.6  16.3  28.7  74.5  21.0        19.9 116.6   4.9 230.7            
       1  7  43.2  10.5  21.8  70.3  13.2        13.6 118.1   4.9 268.6            
       1  8  48.8  12.5  26.0  66.3  15.9        11.5 113.3   4.7 263.9            
       1  9  23.2   9.9  16.3  70.8   8.4        20.9 165.0   6.9 253.5            
       1 10  24.8  10.4  17.1  77.4  11.3        14.3  81.6   3.4 107.3            
       1 11  41.9  14.8  23.2  75.2  16.3        17.9 128.0   5.3 173.7            
       1 12  16.1   3.1   9.9  85.1   6.6        22.6 132.9   5.5 138.1            
       1 13  32.4   5.7  21.6  78.8  16.5        13.1  92.8   3.9 152.4            
       1 14  48.2  16.9  32.4  56.5  18.2        21.6 163.0   6.8 246.8            
       1 15  40.8  10.8  26.0  67.2  16.5        12.4  82.4   3.4  86.4            
       1 16  44.4  20.7  33.3  57.1  19.1        21.0 156.2   6.5 277.2            
       1 17  45.7  18.5  33.8  66.3  23.5  0.01  37.1 158.8   6.6  71.7            
       1 18  50.0  20.6  35.3  58.2  21.5        24.3 130.7   5.4 271.1            
       1 19  47.5  16.1  28.2  72.0  19.9        12.0  76.9   3.2 203.1            
       1 20  45.6  14.8  29.5  69.0  19.7        32.3 169.7   7.1 161.3            
       1 21  41.3   8.4  25.0  67.2  15.6        21.4  96.2   4.0 216.6            
       1 22  43.8   6.3  26.1  58.6  12.9        18.9 114.4   4.8 297.6            
       1 23  44.5  13.0  30.9  51.3  15.1        24.9 188.4   7.8 302.3            
       1 24  46.7  14.5  28.6  64.0  17.9        16.0 128.8   5.4 105.5            
       1 25  52.7  20.0  35.5  63.0  23.2        26.0 168.8   7.0 193.8            
       1 26  55.2  12.8  30.6  59.6  17.3        14.0 105.6   4.4 310.7            
       1 27  57.3  14.4  31.3  61.1  18.6         9.4  65.5   2.7 277.3            
       1 28  53.8  15.9  29.4  67.8  19.4        28.3 137.3   5.7 251.5            
       1 29  56.4  12.6  31.1  64.7  19.7        16.3 127.5   5.3 324.1            
       1 30  59.7  14.0  33.3  58.1  19.1        12.9  94.5   3.9 298.1            
       1 31  45.8  20.2  34.2  64.6  23.7        17.3  97.9   4.1 176.0            
       2  1  49.7  17.5  29.3  67.4  19.1        13.8  93.6   3.9 275.4            
       2  2  47.1  13.6  28.7  66.8  18.6        12.4  76.2   3.2 234.1            
       2  3  51.0  23.7  33.5  74.8  25.7        22.1 166.5   6.9 252.1            
       2  4  39.4  30.4  34.3  77.9  28.1        22.6 240.8  10.0 138.7            
       2  5  42.3  28.7  33.8  71.7  25.3        19.0 220.1   9.2 188.8            
       2  6  49.8  24.1  35.1  70.1  25.7        16.7 113.8   4.7 332.2            
       2  7  52.4  17.7  34.2  74.2  26.5        18.9 139.6   5.8 332.2            
       2  8  55.3  17.6  34.9  63.7  22.5        10.7  72.8   3.0 319.6            
       2  9  39.2  31.0  34.7  84.7  30.8  0.31  13.5 110.0   4.6  84.7            
       2 10  44.8  26.9  35.2  72.9  27.2  0.03  19.8 174.1   7.3 179.9            
       2 11  46.9  18.4  30.2  66.9  19.7        15.7 131.5   5.5 381.0            
       2 12  48.1  18.6  30.6  64.9  19.3        19.7 141.7   5.9 379.5            
       2 13  50.8  18.2  32.1  65.5  20.8        13.7 109.0   4.5 364.5            
       2 14  52.1  24.2  35.8  71.4  26.6        16.2  82.5   3.4 335.5            
       2 15  38.2  29.4  32.8  87.6  29.5  0.26  10.8  67.9   2.8  95.7            
       2 16  38.2  31.6  34.8  89.1  32.0  0.23  18.7 130.0   5.4  49.9            
       2 17  44.1  28.6  35.2  84.3  31.0  0.01  12.8  79.6   3.3 211.7            
       2 18  47.8  27.3  34.7  76.5  27.6  0.01  22.1 105.0   4.4 281.3            
       2 19  48.0  23.4  35.8  68.9  26.0  0.01  29.1 177.2   7.4 356.1            
       2 20  49.3  17.5  31.1  73.3  23.1        14.1  96.6   4.0 413.5            
       2 21  53.5  19.2  33.5  71.5  24.7        11.8  88.6   3.7 404.7            
       2 22  59.7  23.0  39.2  69.8  29.7        23.5 101.2   4.2 274.2            
       2 23  54.9  25.1  39.9  66.5  29.0        16.2 102.0   4.3 414.3            
       2 24  65.6  23.4  45.7  63.5  33.9  0.01  35.4 274.3  11.4 394.3            
       2 25  52.8  32.0  38.5  67.5  28.8  0.12  44.9 506.6  21.1 178.6            
       2 26  40.3  21.2  31.7  55.8  17.9        36.4 416.1  17.3 436.9            
       2 27  32.7  16.5  26.1  61.5  14.6        37.3 344.0  14.3 186.7            
       2 28  38.6  19.2  28.7  56.4  15.2        39.2 388.4  16.2 449.1            
       3  1  36.2  18.1  27.4  57.3  14.4        36.2 320.7  13.4 266.1  0.09  0.07
       3  2  41.7  17.3  28.8  61.4  17.2        29.6 121.6   5.1 395.5  0.07  0.06
       3  3  53.0  12.4  32.5  66.3  22.9        15.5 103.5   4.3 427.9  0.08  0.07
       3  4  35.9  21.9  27.1  80.7  21.9        20.0 173.7   7.2 253.1  0.05  0.04
       3  5  45.0  20.9  32.4  67.4  22.2        17.0 122.2   5.1 388.9  0.07  0.06
       3  6  34.6  18.3  28.7  84.1  24.7        30.8 294.3  12.3  65.6  0.02  0.02
       3  7  27.0  11.3  19.2  82.5  15.2  0.05  29.1 303.3  12.6 354.8  0.06  0.04
       3  8  29.4   2.5  17.0  72.2   9.8        17.4 165.6   6.9 506.9  0.08  0.05
       3  9  31.4   8.5  19.1  74.9  12.3        12.7  82.9   3.5 477.2  0.06  0.05
       3 10  48.2   4.1  25.7  70.1  17.9        37.2 247.9  10.3 333.2  0.09  0.08
       3 11  36.4  -0.6  17.0  66.6   9.1        26.3 222.2   9.3 349.5  0.07  0.06
       3 12  57.8  19.0  35.8  65.2  25.2        22.1 154.9   6.5 519.1  0.11  0.10
       3 13  64.6  16.9  39.4  64.2  28.2        20.2 130.6   5.4 532.2  0.12  0.12
       3 14  60.0  24.4  39.3  69.3  29.8        17.9 162.5   6.8 517.9  0.12  0.11
       3 15  61.6  18.8  38.3  71.4  29.8        18.1 135.1   5.6 523.4  0.13  0.12
       3 16  50.4  31.1  39.5  81.6  34.2        20.4 182.9   7.6 276.1  0.07  0.06
       3 17  55.3  28.7  40.5  76.7  33.3        21.9 146.9   6.1 372.5  0.09  0.08
       3 18  39.0  27.5  32.1  92.2  30.2  0.07  25.6 280.1  11.7 100.5  0.04  0.03
       3 19  40.6  26.1  31.3  76.8  24.5        18.6 185.4   7.7 291.5  0.08  0.06
       3 20  53.2  21.5  34.6  71.1  24.0        14.0 102.5   4.3 484.1  0.10  0.09
       3 21  61.6  20.7  40.8  56.4  22.6        14.8 104.6   4.4 526.5  0.12  0.12
       3 22  65.0  25.0  47.5  55.0  29.8        26.2 180.6   7.5 442.8  0.13  0.13
       3 23  68.3  38.5  54.1  53.8  36.2        20.8 149.4   6.2 378.6  0.11  0.12
       3 24  79.6  35.8  57.6  51.4  35.1        16.8 135.7   5.7 508.7  0.17  0.18
       3 25  81.2  34.1  58.4  41.3  29.9        22.6 143.2   6.0 543.9  0.21  0.21
       3 26  75.8  30.4  52.8  48.7  31.5  0.01  37.6 147.7   6.2 444.0  0.19  0.19
       3 27  68.1  37.8  52.9  55.1  34.3        28.7 204.3   8.5 439.9  0.18  0.17
       3 28  67.9  40.6  53.9  56.6  35.6  0.01  24.4 234.8   9.8 434.2  0.19  0.17
       3 29  56.7  31.3  43.0  70.5  33.7  0.01  34.5 261.8  10.9 482.4  0.17  0.13
       3 30  41.3  27.9  34.0  65.0  23.0        23.4 252.5  10.5 321.1  0.12  0.09
       3 31  49.8  21.4  35.5  54.8  18.9        30.5 258.2  10.8 458.9  0.16  0.12
       4  1  64.0  19.4  43.4  45.5  20.3        16.2 143.7   6.0 551.6  0.16  0.15
       4  2  48.0  34.9  41.7  64.1  30.0  0.10  29.6 266.5  11.1 112.0  0.07  0.07
       4  3  58.6  30.2  43.4  69.7  32.5  0.01  12.7 100.8   4.2 552.4  0.13  0.11
       4  4  68.6  32.7  49.6  56.8  32.7  0.02  27.8 296.4  12.3 566.8  0.23  0.20
       4  5  65.1  30.6  47.9  55.0  28.4        21.5 127.8   5.3 504.9  0.16  0.14
       4  6  56.5  38.0  46.9  56.6  31.5  0.06  22.0 178.3   7.4 267.2  0.12  0.11
       4  7  47.3  35.0  41.1  80.7  35.4  0.03  20.3 195.9   8.2 220.8  0.08  0.06
       4  8  53.7  29.7  40.7  68.2  29.9  0.01  29.1 196.7   8.2 512.3  0.15  0.12
       4  9  58.8  20.9  41.7  57.5  24.9        20.9 106.6   4.4 508.3  0.14  0.12
       4 10  65.7  26.8  47.9  48.0  24.9        18.2 141.0   5.9 606.5  0.18  0.16
       4 11  83.8  27.4  58.1  38.1  26.1        30.5 223.8   9.3 628.0  0.28  0.28
       4 12  68.5  44.2  57.9  38.1  30.2        28.2 244.2  10.2 469.7  0.21  0.19
       4 13  61.7  36.4  48.7  51.0  29.0  0.09  26.6 197.6   8.2 490.7  0.20  0.17
       4 14  42.7  36.0  38.9  95.8  37.9  0.26  13.2 166.4   6.9 105.9  0.05  0.04
       4 15  43.0  31.7  37.7  86.9  34.0  0.06  20.1 195.5   8.1 257.8  0.08  0.06
       4 16  46.8  28.6  36.2  67.2  25.1        14.7 109.0   4.5 557.6  0.13  0.11
       4 17  56.6  21.9  39.8  63.3  27.1  0.01  22.2 149.0   6.2 540.1  0.15  0.12
       4 18  52.6  36.4  42.8  59.8  28.3  0.01  20.2 182.4   7.6 534.7  0.15  0.12
       4 19  58.1  28.1  45.2  48.8  24.9        27.4 209.6   8.7 482.8  0.16  0.14
       4 20  56.8  23.4  42.4  52.2  24.0        20.4 114.3   4.8 602.7  0.16  0.13
       4 21  61.0  35.2  48.1  50.5  28.9        19.6 170.6   7.1 584.8  0.19  0.16
       4 22  69.6  25.8  48.6  46.9  24.9        14.0  94.6   3.9 666.7  0.20  0.17
       4 23  79.9  29.9  57.4  39.5  28.5        20.4 128.0   5.3 665.2  0.24  0.21
       4 24  80.1  43.6  61.3  41.8  35.0        29.1 166.5   6.9 487.5  0.22  0.21
       4 25  67.2  47.0  57.1  39.2  31.8        23.2 223.2   9.3 516.1  0.24  0.20
       4 26  61.3  38.7  49.5  47.6  29.0  0.01  30.7 259.0  10.8 562.0  0.25  0.19
       4 27  56.2  31.9  43.8  68.1  33.4        25.5 196.6   8.2 459.5  0.17  0.13
       4 28  60.9  24.9  44.5  49.0  22.1        19.8 136.7   5.7 662.6  0.21  0.17
       4 29  68.2  22.4  47.3  40.6  20.2        15.9 113.1   4.7 648.7  0.21  0.18
       4 30  74.9  30.1  54.9  41.6  29.1        24.5 177.6   7.4 610.3  0.24  0.21
       5  1  68.5  36.5  54.0  55.9  37.5  0.01  21.9 141.3   5.9 515.6  0.18  0.15
       5  2  67.6  33.7  51.6  55.5  33.6  0.01  21.8 106.5   4.4 655.1  0.21  0.17
       5  3  77.9  36.4  56.3  48.9  36.3        22.5 130.0   5.4 577.7  0.24  0.20
       5  4  76.7  39.9  57.8  59.7  41.6  0.11  26.7 217.2   9.1 564.8  0.25  0.21
       5  5  68.4  47.3  54.5  75.9  46.3  0.15  19.2 152.5   6.4 494.3  0.18  0.15
       5  6  64.7  42.2  51.5  84.9  46.7  0.28  23.3 146.9   6.1 370.9  0.14  0.11
       5  7  59.3  37.9  48.1  88.1  44.4  0.15  29.4 108.2   4.5 374.2  0.12  0.10
       5  8  57.4  43.0  48.8  89.0  45.3  0.05  24.8 196.1   8.2 397.1  0.13  0.09
       5  9  59.9  43.5  50.1  82.8  44.5  0.01  18.4 165.4   6.9 451.9  0.15  0.11
       5 10  72.3  44.5  58.4  75.3  49.5        29.1 259.7  10.8 655.9  0.23  0.17
       5 11  66.7  47.3  56.5  75.6  48.3  0.01  22.4 186.4   7.8 442.4  0.16  0.13
       5 12  71.1  36.9  56.0  65.8  43.3  0.01  24.7 170.9   7.1 596.2  0.22  0.17
       5 13  83.7  47.2  65.0  50.2  41.2  0.01  33.2 235.4   9.8 577.7  0.32  0.27
       5 14  74.7  47.3  59.9  53.7  41.5  0.04  28.0 237.1   9.9 627.2  0.29  0.23
       5 15  71.4  44.7  57.9  51.8  37.6        35.1 229.3   9.6 636.9  0.29  0.23
       5 16  76.8  37.9  60.5  48.8  38.1        19.8 149.1   6.2 669.8  0.27  0.22
       5 17  85.1  39.4  64.8  41.4  36.5        16.4  97.6   4.1 719.6  0.29  0.23
       5 18  82.1  41.4  63.3  46.8  40.9        25.2 116.0   4.8 527.5  0.24  0.20
       5 19  85.9  45.1  66.5  53.7  47.0  0.01  22.2 116.9   4.9 654.5  0.28  0.23
       5 20  83.2  49.3  66.8  65.1  53.0        25.2 193.1   8.0 536.3  0.26  0.21
       5 21  81.2  56.5  66.3  69.4  55.0  0.02  30.9 193.8   8.1 543.5  0.26  0.21
       5 22  69.0  49.3  56.9  84.5  52.0  0.47  27.7 178.8   7.5 367.3  0.17  0.13
       5 23  70.8  45.2  58.2  65.9  44.8        17.0 122.3   5.1 638.1  0.24  0.19
       5 24  71.9  41.8  55.4  76.6  46.9  0.34  25.2 117.3   4.9 440.6  0.19  0.15
       5 25  70.3  43.5  58.5  75.8  50.0        19.1 133.9   5.6 601.2  0.20  0.15
       5 26  79.6  51.8  64.5  68.5  52.6  0.01  29.4 264.0  11.0 485.9  0.26  0.20
       5 27  82.9  48.4  67.1  62.6  51.2        15.7 126.4   5.3 676.0  0.26  0.21
       5 28  84.8  50.7  68.2  55.8  50.1        20.3 122.7   5.1 653.6  0.28  0.22
       5 29  83.3  50.6  69.2  60.7  53.2        28.2 213.9   8.9 503.8  0.27  0.21
       5 30  85.8  52.8  68.6  59.4  50.9        15.2  99.9   4.2 490.3  0.25  0.19
       5 31  76.6  48.2  64.6  53.1  45.9        16.5 122.5   5.1 597.8  0.26  0.20
       6  1  86.3  45.9  69.4  42.0  40.7        32.0 182.2   7.6 565.6  0.33  0.26
       6  2  80.6  46.2  65.3  46.8  43.3        27.2 204.1   8.5 625.6  0.33  0.25
       6  3  50.3  40.1  44.0  82.2  38.9  0.01  22.8 198.2   8.3 159.1  0.12  0.08
       6  4  48.4  40.5  42.8  95.3  41.6  0.03  16.4 164.6   6.9 157.0  0.08  0.06
       6  5  55.7  36.6  44.2  82.3  38.8  0.05   9.4  79.4   3.3 311.3  0.12  0.08
       6  6  72.4  31.5  54.4  61.6  38.3  0.01  15.7 100.6   4.2 607.2  0.21  0.15
       6  7  78.9  44.9  61.3  66.7  48.8  0.13  33.2 224.6   9.4 492.2  0.24  0.18
       6  8  64.0  48.6  55.3  81.9  49.6  0.20  22.8 207.0   8.6 404.6  0.16  0.11
       6  9  77.4  39.9  57.8  73.7  47.6  0.05  30.4 190.0   7.9 557.0  0.26  0.19
       6 10  73.8  53.1  62.1  73.6  52.8  0.01  20.6 138.4   5.8 423.9  0.19  0.14
       6 11  78.3  51.0  65.2  52.3  44.7        24.7 165.2   6.9 678.3  0.30  0.22
       6 12  82.1  46.8  66.2  54.5  46.0        17.6 128.3   5.3 665.4  0.29  0.22
       6 13  83.3  56.2  65.2  54.4  46.9  0.19  29.3 181.4   7.6 388.1  0.30  0.22
       6 14  70.6  54.4  62.3  57.0  46.6  0.01  30.1 296.8  12.4 497.6  0.30  0.21
       6 15  73.1  44.7  59.9  50.7  39.3        22.1 162.3   6.8 637.6  0.29  0.22
       6 16  76.1  50.2  63.3  52.9  45.0        26.7 225.1   9.4 479.9  0.29  0.21
       6 17  67.8  47.6  56.1  77.0  48.9  0.08  32.9 198.0   8.3 289.5  0.17  0.12
       6 18  77.1  40.7  60.9  52.5  40.2        33.3 237.4   9.9 569.3  0.32  0.23
       6 19  89.6  44.8  70.3  39.0  39.3        20.4 150.9   6.3 715.6  0.36  0.27
       6 20  80.1  51.8  67.9  48.9  45.8  0.01  19.3 177.4   7.4 681.6  0.31  0.23
       6 21  82.3  54.7  66.4  64.7  52.9  0.14  26.5 168.9   7.0 484.6  0.28  0.20
       6 22  84.0  48.1  66.2  71.7  55.0  0.39  32.8 214.6   8.9 622.4  0.31  0.23
       6 23  86.8  54.2  69.6  62.5  54.0  1.02  29.1 109.4   4.6 746.7  0.32  0.24
       6 24  87.9  56.0  70.8  55.4  49.8        16.1 129.8   5.4 711.6  0.34  0.26
       6 25  90.6  48.2  71.6  49.3  47.1        22.2 176.5   7.4 760.7  0.40  0.30
       6 26  92.7  51.7  75.1  46.8  49.0        16.0 134.8   5.6 768.6  0.37  0.28
       6 27  87.4  54.0  72.7  41.5  46.3        16.0 111.1   4.6 751.6  0.35  0.26
       6 28  91.9  48.8  73.0  48.0  50.9        18.7 125.3   5.2 737.4  0.36  0.27
       6 29  88.4  62.0  76.4  51.3  54.9        18.8 166.1   6.9 744.6  0.36  0.28
       6 30  86.1  57.6  71.9  59.8  56.3        26.0 184.4   7.7 614.2  0.33  0.25
       7  1  88.1  60.9  73.3  66.5  60.3  0.11  27.0 247.3  10.3 659.4  0.36  0.27
       7  2  92.0  59.9  75.9  58.1  58.6        25.0 206.1   8.6 712.7  0.39  0.29
       7  3  84.8  62.5  73.2  68.2  61.8  0.06  20.6 157.2   6.5 688.0  0.31  0.23
       7  4  86.7  61.6  70.6  82.5  64.3  0.17  20.1 120.4   5.0 569.6  0.26  0.20
       7  5  90.9  58.4  73.7  72.7  62.6        10.6  86.6   3.6 709.6  0.30  0.23
       7  6  82.3  61.0  72.1  66.0  59.0        20.9 131.4   5.5 457.5  0.23  0.18
       7  7  88.0  55.6  70.8  71.1  59.9        20.9 101.5   4.2 553.8  0.26  0.20
       7  8  81.4  63.6  71.0  77.3  63.1        17.5 142.6   5.9 503.5  0.23  0.18
       7  9  82.8  63.6  71.3  81.9  65.0  0.29  13.6  91.0   3.8 538.3  0.22  0.17
       7 10  82.4  62.5  72.1  79.9  64.8  0.01  13.3  91.4   3.8 640.7  0.24  0.19
       7 11  90.4  63.6  74.5  72.3  63.7  0.30  18.2  86.2   3.6 695.7  0.29  0.23
       7 12  90.4  58.6  75.4  65.3  61.3        10.9  96.2   4.0 734.2  0.30  0.24
       7 13  96.0  58.9  77.6  58.4  59.6        15.4  90.1   3.8 747.8  0.34  0.26
       7 14  95.4  60.0  77.5  47.7  54.6        23.0 117.1   4.9 602.0  0.33  0.25
       7 15  86.9  58.9  72.2  63.3  57.7  0.80  23.1 173.6   7.2 644.6  0.34  0.25
       7 16  86.6  58.9  72.7  68.6  60.6  0.01  18.6 149.1   6.2 683.9  0.31  0.24
       7 17  92.9  57.0  75.4  61.9  59.2        11.0  79.4   3.3 734.9  0.31  0.24
       7 18  98.0  56.1  77.9  53.8  56.8        11.8 105.5   4.4 735.4  0.35  0.27
       7 19  97.7  59.7  79.2  50.2  56.8        13.7  94.2   3.9 716.5  0.34  0.26
       7 20 102.9  58.5  80.7  47.3  55.1        11.9  85.8   3.6 726.8  0.37  0.28
       7 21  94.4  60.3  76.2  56.3  57.9  0.20  38.1 187.7   7.8 601.8  0.38  0.29
       7 22  78.6  63.3  69.9  82.7  64.0  0.11  15.8 129.1   5.4 377.8  0.19  0.15
       7 23  80.1  61.7  69.3  84.8  63.9  0.56  18.1 136.6   5.7 452.3  0.21  0.16
       7 24  79.7  62.9  69.1  88.7  65.3  0.96  24.4 158.7   6.6 397.5  0.18  0.14
       7 25  83.5  64.1  69.9  87.9  65.7  0.55  19.5  89.8   3.7 444.8  0.19  0.15
       7 26  81.1  64.9  70.6  83.3  64.5  0.01  12.5 112.7   4.7 506.4  0.21  0.16
       7 27  83.7  58.3  71.5  73.2  60.9        10.3  80.2   3.3 669.6  0.25  0.20
       7 28  84.6  57.2  71.7  69.8  59.8        14.0  92.5   3.9 657.5  0.26  0.21
       7 29  82.6  62.5  68.3  84.2  62.9  0.33  23.2  86.1   3.6 342.7  0.17  0.13
       7 30  65.6  59.8  62.9  95.8  61.6  0.21  14.2 139.3   5.8 164.4  0.07  0.06
       7 31  77.1  59.6  67.8  79.6  60.7  0.01  30.8 252.0  10.5 590.4  0.26  0.18
       8  1  83.4  60.8  69.9  75.7  61.6  0.01  39.4 175.2   7.3 466.7  0.23  0.18
       8  2  83.9  54.4  68.6  65.0  55.1        17.6 112.4   4.7 669.7  0.27  0.21
       8  3  76.5  58.2  66.7  69.8  56.1        22.6 120.2   5.0 547.6  0.22  0.18
       8  4  70.3  55.0  63.4  76.6  55.7        18.9 118.0   4.9 330.6  0.15  0.11
       8  5  80.1  54.1  65.7  70.3  54.9        12.8  72.6   3.0 692.0  0.25  0.20
       8  6  82.8  53.6  69.0  62.5  54.3        14.0  86.0   3.6 704.0  0.26  0.21
       8  7  87.1  52.5  70.9  60.3  54.4        17.7  93.8   3.9 745.0  0.29  0.23
       8  8  95.4  55.3  74.6  59.4  57.7  0.02  36.6 141.8   5.9 678.5  0.33  0.26
       8  9  90.2  62.0  71.6  67.5  59.3  0.05  28.2 120.3   5.0 560.2  0.28  0.22
       8 10  83.8  55.9  70.6  69.2  59.0  0.08  12.9  93.7   3.9 620.7  0.25  0.20
       8 11  83.8  58.7  68.9  81.9  62.4  1.78  33.4 146.4   6.1 521.8  0.24  0.19
       8 12  82.0  54.6  67.3  74.0  57.1        17.5  95.6   4.0 723.8  0.28  0.23
       8 13  87.6  53.8  69.7  71.2  56.9        11.9  85.0   3.5 708.0  0.28  0.23
       8 14  87.3  53.8  68.6  70.7  56.9        23.8  97.4   4.1 597.8  0.25  0.20
       8 15  88.7  54.6  68.5  72.8  59.4        12.6  72.9   3.0 658.2  0.26  0.21
       8 16  92.0  52.0  69.9  71.0  58.7        20.8  91.3   3.8 592.3  0.26  0.21
       8 17  91.2  52.7  72.8  61.7  55.8        18.3 110.4   4.6 684.5  0.29  0.24
       8 18  92.2  56.6  75.7  53.2  55.2        25.9 114.7   4.8 666.7  0.29  0.24
       8 19  84.1  61.4  70.7  71.8  60.6  0.01  18.0  86.6   3.6 392.4  0.19  0.15
       8 20  88.2  58.8  72.9  63.5  58.3        17.8 108.6   4.5 640.9  0.27  0.23
       8 21  90.4  58.5  74.7  62.2  58.7        22.1 118.2   4.9 588.0  0.27  0.22
       8 22  92.2  56.8  73.1  59.9  56.3        12.8  81.2   3.4 655.4  0.28  0.23
       8 23  97.8  56.0  75.9  48.3  51.8        15.8  96.2   4.0 686.3  0.32  0.27
       8 24  86.7  59.1  73.1  53.1  53.4        17.9 126.1   5.3 572.5  0.27  0.23
       8 25  90.0  54.0  72.8  58.1  55.2        22.5 183.2   7.6 575.4  0.31  0.25
       8 26  89.5  56.7  73.0  61.5  57.3        15.3  65.1   2.7 652.2  0.26  0.22
       8 27  87.7  57.1  72.1  53.7  52.6  0.11  20.5 105.2   4.4 430.1  0.23  0.19
       8 28  89.5  50.7  67.8  51.2  44.2        12.2  93.1   3.9 673.9  0.31  0.25
       8 29  92.9  47.3  70.5  49.5  46.6        15.7  91.2   3.8 658.3  0.29  0.24
       8 30  95.1  56.2  75.7  44.0  48.6        17.7 115.4   4.8 606.9  0.29  0.25
       8 31  81.7  57.9  70.5  59.7  55.1        20.8 140.1   5.8 508.4  0.23  0.19
       9  1  85.0  59.2  70.6  57.6  52.8        15.9  94.6   3.9 572.7  0.24  0.21
       9  2  88.4  49.8  69.6  52.2  47.6        14.2 111.0   4.6 637.1  0.29  0.24
       9  3  96.0  54.6  73.7  41.9  45.7        14.0 114.7   4.8 632.9  0.31  0.27
       9  4  96.8  50.4  75.2  36.9  41.9        26.2 150.0   6.3 620.4  0.34  0.29
       9  5  97.3  58.0  79.7  30.3  43.6        24.2 164.5   6.9 621.0  0.35  0.30
       9  6  93.2  49.2  72.2  46.2  46.4        16.7  90.8   3.8 616.5  0.28  0.24
       9  7  81.4  62.1  68.9  73.1  59.4        17.2 134.8   5.6 403.9  0.21  0.17
       9  8  93.7  62.2  76.8  52.0  54.2        24.8 192.4   8.0 492.0  0.32  0.27
       9  9  93.7  55.2  75.8  39.1  45.8        24.4 169.2   7.0 582.7  0.33  0.28
       9 10  94.4  55.3  77.2  33.7  44.5        24.6 164.6   6.9 581.0  0.32  0.28
       9 11  91.9  53.0  74.6  42.3  47.7        20.5 147.1   6.1 503.9  0.28  0.24
       9 12  89.4  51.3  69.8  58.5  52.9  0.22  29.2 119.3   5.0 514.8  0.26  0.22
       9 13  80.2  54.5  65.6  71.9  55.2        29.4 122.3   5.1 494.9  0.22  0.18
       9 14  74.6  52.5  61.2  79.4  54.3  0.01  21.3 111.1   4.6 373.2  0.17  0.14
       9 15  80.4  46.1  63.1  65.3  49.0        14.7  99.0   4.1 581.4  0.22  0.19
       9 16  85.1  52.2  68.6  55.3  49.8        17.8 137.0   5.7 569.0  0.24  0.21
       9 17  89.4  49.0  68.5  50.9  46.6        15.5  86.0   3.6 578.6  0.23  0.20
       9 18  91.9  52.3  72.1  42.8  45.6        18.3 121.6   5.1 558.8  0.26  0.23
       9 19  80.7  53.9  68.0  40.0  40.5  0.01  23.8 170.2   7.1 549.2  0.28  0.23
       9 20  75.7  50.7  62.8  66.0  50.0  0.57  29.5 168.2   7.0 464.1  0.21  0.17
       9 21  51.7  45.7  47.7  89.6  44.8  0.30  27.0 189.1   7.9  76.9  0.08  0.06
       9 22  66.0  45.3  52.9  81.0  47.1        22.6 138.1   5.8 428.6  0.15  0.12
       9 23  72.7  49.5  59.2  77.6  51.8  0.02  16.0 116.4   4.8 445.3  0.14  0.12
       9 24  85.1  49.3  65.6  65.3  51.6        14.1  85.7   3.6 521.4  0.17  0.15
       9 25  91.6  50.2  71.0  53.5  47.7        29.2 155.0   6.5 531.2  0.25  0.23
       9 26  78.9  44.4  62.7  48.6  40.9        21.4  99.6   4.2 528.8  0.20  0.18
       9 27  80.2  44.1  61.4  62.6  46.8        13.6  74.1   3.1 518.9  0.19  0.16
       9 28  85.1  46.6  64.5  58.9  46.6        10.5  69.7   2.9 508.7  0.19  0.16
       9 29  81.0  48.6  62.5  59.3  46.9  0.02  22.1 100.2   4.2 320.3  0.16  0.14
       9 30  65.4  48.2  56.9  66.9  45.5        29.3 195.5   8.1 383.3  0.17  0.13
      10  1  53.3  43.0  46.3  76.4  38.9  0.08  23.4 215.3   9.0 136.4  0.11  0.08
      10  2  53.3  41.2  45.0  88.8  41.9  0.60  17.0 123.9   5.2 182.0  0.08  0.06
      10  3  58.0  44.0  48.9  91.1  46.5  0.01  24.1 182.1   7.6 144.3  0.06  0.05
      10  4  55.7  41.0  46.9  80.2  41.0  0.11  29.7 232.6   9.7 235.2  0.10  0.07
      10  5  50.7  38.3  44.4  59.3  30.6        36.2 298.5  12.4 206.6  0.14  0.10
      10  6  62.8  29.7  45.2  63.0  31.8        28.8 160.9   6.7 355.7  0.14  0.11
      10  7  72.2  31.6  51.7  57.0  34.0        16.6 119.6   5.0 475.5  0.16  0.14
      10  8  78.3  38.4  56.8  57.3  39.8        12.6  77.0   3.2 449.8  0.13  0.12
      10  9  79.1  42.8  57.3  53.3  36.9        15.7  95.9   4.0 464.1  0.16  0.15
      10 10  79.0  36.2  57.2  55.9  38.9        19.3 124.8   5.2 450.3  0.18  0.16
      10 11  65.4  41.2  54.5  34.2  25.9        43.7 241.4  10.1 458.4  0.23  0.19
      10 12  70.9  32.0  48.2  61.7  33.8        12.6  46.5   1.9 361.8  0.11  0.10
      10 13  76.2  33.5  54.1  58.8  38.5        21.9 168.9   7.0 376.5  0.18  0.16
      10 14  72.7  46.4  57.5  56.0  40.6        19.1 130.3   5.4 346.2  0.13  0.12
      10 15  66.2  49.2  54.8  75.1  47.0        21.9 155.1   6.5 299.5  0.11  0.10
      10 16  55.0  41.4  48.6  87.8  45.3  0.16  29.6 179.1   7.5 107.4  0.05  0.04
      10 17  48.1  34.1  40.8  78.1  34.4  0.04  31.1 242.1  10.1 226.2  0.10  0.07
      10 18  64.2  28.4  43.5  62.9  29.6        10.8  90.1   3.8 424.5  0.13  0.11
      10 19  62.3  26.2  43.5  69.6  33.5        11.3  67.5   2.8 411.9  0.10  0.08
      10 20  55.0  33.4  43.8  71.4  34.6        16.7  95.4   4.0 267.7  0.07  0.06
      10 21  63.1  25.3  44.4  61.2  30.1        18.3 137.0   5.7 402.9  0.12  0.11
      10 22  73.3  41.8  55.3  47.5  35.7        23.0 146.1   6.1 388.6  0.14  0.13
      10 23  75.9  37.5  53.5  67.0  41.7  0.08  22.0 112.7   4.7 382.9  0.13  0.12
      10 24  68.8  38.3  50.8  68.1  38.9        14.0  95.6   4.0 386.6  0.12  0.10
      10 25  67.0  35.3  47.8  73.3  39.2        11.8  47.2   2.0 232.1  0.08  0.07
      10 26  65.5  41.3  51.2  83.0  46.1         9.9  50.7   2.1 242.6  0.06  0.06
      10 27  57.5  41.0  50.0  91.9  48.1  0.35  18.6 105.1   4.4 100.3  0.03  0.02
      10 28  55.2  43.7  50.1  81.5  44.7  0.16  30.2 178.9   7.5 106.8  0.04  0.04
      10 29  61.3  36.5  48.5  68.4  38.3        17.5 117.6   4.9 354.4  0.10  0.09
      10 30  43.1  38.0  40.2  90.3  37.6  0.14  20.2 170.1   7.1  33.0  0.03  0.03
      10 31  38.7  34.6  37.0  91.9  34.9  0.11  13.5 127.9   5.3  60.9  0.03  0.02
      11  1  44.7  35.5  39.7  89.6  36.9  0.02   8.2  59.1   2.5  73.3            
      11  2  40.1  32.1  34.5  93.0  32.7  0.24  13.1 129.6   5.4  70.1            
      11  3  37.9  31.4  33.8  91.9  31.6        10.9  79.2   3.3 110.1            
      11  4  45.1  32.3  36.4  84.3  31.8        14.4  68.9   2.9 196.4            
      11  5  51.6  26.9  37.5  82.9  32.6        21.8 131.3   5.5 253.3            
      11  6  51.3  34.3  39.5  87.7  36.2  0.11  19.9 193.7   8.1 163.3            
      11  7  44.2  30.4  36.4  85.9  32.5  0.01  14.8 150.8   6.3 163.4            
      11  8  50.0  27.1  38.0  79.8  32.4        20.0 156.2   6.5 258.3            
      11  9  39.1  23.0  30.8  82.6  26.6  0.01  31.4 288.0  12.0  49.8            
      11 10  43.4  19.3  30.4  53.8  14.0        40.9 241.9  10.1 320.3            
      11 11  42.5  16.4  31.5  62.4  19.4        20.2  73.4   3.1 197.2            
      11 12  55.0  24.8  38.0  61.2  24.0        20.2 122.5   5.1 311.0            
      11 13  66.0  24.6  41.5  59.6  25.8        12.7  94.8   4.0 297.9            
      11 14  66.7  29.0  46.2  58.5  30.6        22.2 121.8   5.1 289.8            
      11 15  73.4  32.9  50.6  50.4  30.1        22.6 138.6   5.8 242.5            
      11 16  62.4  30.8  47.8  45.0  26.1        24.5 137.5   5.7 293.1            
      11 17  50.2  28.6  36.3  76.3  29.4        11.5  76.8   3.2 155.7            
      11 18  58.1  27.5  44.8  47.9  24.2        31.8 242.6  10.1 285.9            
      11 19  45.8  23.5  35.2  80.4  29.7  0.05  15.2 109.4   4.6 188.7            
      11 20  50.5  16.7  31.7  66.9  20.9        13.8 104.3   4.3 278.9            
      11 21  57.8  20.4  35.8  68.6  26.2         9.6  57.6   2.4 141.9            
      11 22  75.7  29.5  45.9  56.6  28.3        30.3 129.0   5.4 261.3            
      11 23  57.5  24.1  39.8  59.1  25.0        26.3 132.8   5.5 249.2            
      11 24  74.1  28.1  47.1  44.2  21.8        29.9 188.0   7.8 249.2            
      11 25  64.9  19.6  42.8  46.4  21.7        20.6 122.8   5.1 235.8            
      11 26  74.8  26.7  45.2  52.0  26.1        13.7 113.8   4.7 267.2            
      11 27  73.4  27.8  44.2  57.4  27.9        13.4 103.4   4.3 262.1            
      11 28  58.0  30.2  42.0  64.8  30.2        11.8  82.6   3.4 145.9            
      11 29  62.7  29.9  41.7  66.5  30.2        19.4 103.2   4.3 159.3            
      11 30  67.7  24.5  44.0  56.0  26.2        19.4 147.8   6.2 261.1            
      12  1  67.4  26.5  41.8  56.2  25.4        13.5  92.4   3.9 227.5            
      12  2  70.0  25.1  41.6  56.3  24.1        17.5 119.7   5.0 242.1            
      12  3  65.7  24.6  39.7  57.8  24.0        14.1 103.4   4.3 254.8            
      12  4  59.9  23.5  38.4  66.8  27.6        12.1  71.9   3.0 218.3            
      12  5  45.2  18.7  32.9  60.4  18.5        21.9 165.5   6.9 254.5            
      12  6  39.0  16.3  25.1  75.9  18.1        13.1  70.5   2.9 203.7            
      12  7  38.0  11.9  24.5  51.6   7.9        20.2 103.2   4.3 243.2            
      12  8  50.4   7.8  24.7  50.1   5.6        12.9  88.8   3.7 249.3            
      12  9  32.6  16.3  25.8  75.2  19.6        28.9 201.6   8.4  76.5            
      12 10  36.4  13.6  24.1  76.4  17.6  0.02  13.8 109.5   4.6 195.3            
      12 11  49.4   8.2  25.3  65.4  15.4        13.4 132.0   5.5 248.6            
      12 12  53.7  14.5  31.4  60.7  18.6        24.9 169.3   7.1 181.3            
      12 13  59.9  16.1  32.3  57.1  17.1        12.6 116.4   4.8 247.8            
      12 14  60.4  17.2  33.2  56.1  17.7        12.1 103.9   4.3 247.9            
      12 15  48.9  15.4  30.0  66.6  20.0        10.9  65.3   2.7 245.2            
      12 16  48.5  16.9  31.2  63.3  19.2        18.6 104.6   4.4 220.7            
      12 17  62.3  14.6  34.0  55.4  17.7        15.3 118.9   5.0 243.7            
      12 18  43.7   9.3  26.4  65.9  17.1        33.1 210.4   8.8 186.1            
      12 19   9.4   2.1   5.3  69.6  -2.4        18.1 190.4   7.9 135.9            
      12 20   4.9  -2.2   1.4  68.4  -6.4        15.0 167.7   7.0 189.0            
      12 21   4.2 -22.0  -5.7  65.7 -12.8        10.2  73.7   3.1 158.3            
      12 22   8.7 -26.9  -8.3  59.8 -16.6        12.1 102.6   4.3 256.3            
      12 23  13.4 -18.2  -6.6  60.6 -15.7        10.5  85.4   3.6 265.2            
      12 24  14.6 -18.0  -1.6  63.3  -9.4        12.3 123.6   5.2 203.3            
      12 25  37.2  -1.9  16.7  64.6   7.9  0.08  24.1 120.2   5.0 204.1            
      12 26  47.1   6.9  27.6  65.0  17.5  0.01  13.4  80.1   3.3 204.1            
      12 27  44.0  17.4  30.5  59.8  17.9        20.2 135.4   5.6 216.8            
      12 28  47.9  26.2  36.9  61.2  24.9        22.3 178.9   7.5 121.8            
      12 29  41.9  21.4  32.9  78.8  27.1        19.4  90.9   3.8 139.0            
      12 30  54.7  26.7  35.8  74.9  28.7        36.4 186.2   7.8 194.5            
      12 31  46.3  25.3  34.1  75.1  26.8        16.7 113.2   4.7 158.2            

      Total                               16.13                         51.05 41.32
        Max 102.9  64.9  80.7  95.8  65.7        44.9 506.6  21.1 768.6
        Min   4.2 -26.9  -8.3  30.3 -16.6         8.2  46.5   1.9  33.0
        Ave  64.8  35.7  49.5  64.8  36.2        20.8 144.6   6.0 410.7
