                                                                    07-JUN-99
      Cellular-linked Weather Station near BRUSH, Colorado               1996
      -----------------------------------------------------------------------
               Temperature      Rel   Dew             Wind        Solar Alflf
            ----------------- Humid Point  Prec -----------------   Rad   ETR
       Date   Max   Min   Ave   Ave   Ave Total   Max Total   Ave Total Total
      MoDay     F     F     F     %     F  inch   mph miles   mph Langl  inch
      ----- ----- ----- ----- ----- ----- ----- ----- ----- ----- ----- -----
       1  1  32.5  17.6  25.9  68.5  16.8  0.02  30.3 209.2   8.7 114.4      
       1  2  26.0  10.5  17.5  60.3   6.2        24.4 178.5   7.4 224.4      
       1  3  57.1  20.7  34.9  56.6  20.7  0.02  46.3 236.4   9.8 158.7      
       1  4  33.3   5.8  20.2  79.9  15.7  0.04  20.5 226.0   9.4  57.9      
       1  5  15.8  -7.8   7.0  75.5   1.1  0.01  12.4 112.4   4.7 226.5      
       1  6  18.3  -7.8   3.2  74.4  -2.5        12.9 117.5   4.9 260.3      
       1  7  34.8   5.0  19.3  69.4  11.4        12.8 123.8   5.2 259.8      
       1  8  55.4  15.8  34.8  62.2  23.5  0.01  23.5 133.4   5.6 207.5      
       1  9  52.8  20.7  33.5  70.1  24.3        10.9  86.7   3.6 224.6      
       1 10  52.5  24.0  34.2  69.7  25.0  0.03  32.7 213.0   8.9 119.3      
       1 11  53.3  16.3  32.0  62.3  20.0        24.0 142.3   5.9 230.8      
       1 12  64.7  20.6  36.4  59.3  22.3        13.9 141.8   5.9 284.0      
       1 13  67.6  20.7  36.4  56.7  21.3        18.3 121.8   5.1 284.3      
       1 14  62.1  18.5  34.9  57.6  20.2        18.4 129.5   5.4 287.0      
       1 15  55.5  15.5  30.9  64.0  19.4        13.4  92.6   3.9 187.8      
       1 16  59.2  19.3  38.9  52.4  22.0        38.1 186.0   7.8 245.6      
       1 17  47.5  -0.6  21.1  53.3  10.6  0.03  47.5 430.2  17.9  73.2      
       1 18  25.1  -1.6   9.2  53.9  -3.0        28.5 235.9   9.8 302.3      
       1 19  43.8  14.4  26.9  49.3  11.1        21.1 139.6   5.8 224.5      
       1 20  47.2  13.2  28.5  52.0  12.7        35.5 211.7   8.8 287.1      
       1 21  58.7   7.7  30.8  47.2  13.7        24.0 128.2   5.3 299.9      
       1 22  20.3   6.6  14.3  75.5   8.1        25.7 185.8   7.7 106.8      
       1 23  36.4   0.7  17.2  62.9   6.6        29.1 185.5   7.7 307.1      
       1 24  50.0  10.3  28.9  48.5  12.6  0.01  30.2 238.0   9.9 254.4      
       1 25  37.8   1.0  15.8  62.8   5.4  0.01  35.7 293.0  12.2 129.5      
       1 26  20.6 -15.0   1.5  69.5  -4.8  0.01  14.1 124.5   5.2 325.7      
       1 27  38.9  -6.8  16.9  58.2   6.3  0.01  23.5 164.7   6.9 311.7      
       1 28  48.6   6.0  20.7  59.3   9.7  0.03  37.8 208.9   8.7 300.6      
       1 29  25.6   0.8  11.8  61.6   1.7        23.2 195.7   8.2 181.3      
       1 30   6.6  -3.5   1.0  69.2  -6.4  0.04  15.2 140.4   5.8 191.0      
       1 31  14.0   3.2   8.2  73.4   1.5  0.09  10.7  72.3   3.0 126.5      
       2  1  17.8 -14.9  -0.3  67.2  -8.0  0.03  26.5 138.9   5.8 269.1      
       2  2   1.1 -16.5  -6.6  63.3 -15.7        11.3  96.8   4.0 316.7      
       2  3  11.1 -23.2  -9.1  65.8 -16.0        12.7 114.1   4.8 375.1      
       2  4  30.5 -15.0   8.6  65.6   4.3        13.2 106.7   4.4 369.2      
       2  5  56.8  17.4  36.2  63.3  25.1        14.8 131.1   5.5 361.5      
       2  6  55.5  26.2  38.1  67.3  27.7        13.2 133.2   5.5 235.4      
       2  7  63.8  30.1  41.9  62.5  29.2        16.7 126.1   5.3 287.6      
       2  8  64.3  25.6  40.0  65.4  27.9        15.8 103.2   4.3 284.6      
       2  9  70.4  23.9  44.9  54.2  27.3        28.0 153.9   6.4 372.4      
       2 10  44.1  17.8  33.3  51.7  18.1  0.01  30.2 269.3  11.2 208.9      
       2 11  52.8  11.9  28.5  55.9  14.0        15.1 130.0   5.4 384.5      
       2 12  58.0  12.7  31.0  50.9  14.8        13.7 144.1   6.0 403.6      
       2 13  66.2  16.8  36.3  46.5  18.2        17.8 144.9   6.0 368.6      
       2 14  52.4  25.7  39.7  50.1  22.9        34.3 220.0   9.2  84.4      
       2 15  43.7  13.6  27.3  58.8  15.4  0.02  38.1 242.1  10.1 298.2      
       2 16  64.6  11.7  35.6  47.0  17.8        14.9 123.3   5.1 410.6      
       2 17  61.9  21.6  44.4  43.0  22.9        19.0 146.7   6.1 396.4      
       2 18  62.1  31.7  47.4  44.0  26.5        29.2 220.3   9.2 258.4      
       2 19  65.7  22.2  44.6  47.6  25.0        31.5 252.7  10.5 380.8      
       2 20  66.0  27.6  42.8  53.9  26.6        27.7 153.2   6.4 212.7      
       2 21  63.9  33.3  47.9  51.8  30.3        21.9 109.4   4.6 396.3      
       2 22  73.2  27.6  49.0  43.8  26.7        43.0 324.6  13.5 390.2      
       2 23  54.3  27.0  38.7  36.3  14.6        41.7 343.6  14.3 456.7      
       2 24  68.3  13.7  41.1  37.3  18.4        22.6 133.4   5.6 422.4      
       2 25  48.2  13.8  29.7  53.5  15.3        27.8 257.6  10.7 456.0      
       2 26  23.1  15.3  18.6  70.5  10.5        15.3 194.0   8.1 165.0      
       2 27  22.5   8.3  14.4  60.3   3.1        20.4 237.3   9.9 378.4      
       2 28  25.4  -0.3  12.5  52.8  -1.0        14.6  97.2   4.0 471.9      
       2 29  43.2   5.5  22.9  49.0   7.7        29.7 183.7   7.7 456.0      
       3  1  45.4  24.8  35.0  45.3  16.0        43.7 362.3  15.1 254.8  0.10
       3  2  44.4  18.8  32.5  51.7  17.0        26.8 167.0   7.0 326.1  0.07
       3  3  62.7  11.3  38.4  47.2  19.0        22.4 187.4   7.8 484.5  0.14
       3  4  64.1  20.7  40.9  44.4  20.7        24.9 156.9   6.5 250.1  0.11
       3  5  59.2  11.4  29.6  63.2  18.2        36.8 282.9  11.8 386.5  0.18
       3  6  21.9   2.6  11.4  59.5   0.1        20.7 202.6   8.4 456.6  0.08
       3  7  26.5   3.1  15.1  63.9   5.1        27.0 177.6   7.4 434.2  0.07
       3  8  40.0   0.7  22.6  60.6  11.5        15.1  92.1   3.8 414.8  0.06
       3  9  60.2  20.3  37.6  57.2  22.6        15.1 114.4   4.8 516.8  0.10
       3 10  78.2  19.6  46.5  44.7  24.7        20.9 137.9   5.7 459.8  0.14
       3 11  74.0  36.0  54.5  36.0  27.5        27.5 153.3   6.4 458.5  0.14
       3 12  62.6  29.4  47.6  54.3  30.7  0.01  30.8 130.1   5.4 264.3  0.10
       3 13  66.7  21.2  41.8  66.5  29.5  0.48  36.4 218.3   9.1 400.4  0.17
       3 14  37.8  29.6  33.0  87.1  29.6  0.47  22.8 186.1   7.8 149.1  0.06
       3 15  50.7  26.6  36.4  73.1  28.0  0.01  17.4 154.5   6.4 558.7  0.13
       3 16  50.6  28.6  40.3  59.5  26.4  0.04  27.5 235.7   9.8 542.4  0.14
       3 17  43.9  30.6  35.6  71.8  27.0  0.07  29.7 226.1   9.4 296.9  0.09
       3 18  42.1  28.1  33.8  60.3  21.0  0.01  35.2 284.8  11.9 459.4  0.13
       3 19  42.1  17.2  30.6  55.7  16.3        30.6 241.3  10.1 373.8  0.11
       3 20  58.0  13.5  34.5  54.5  18.6        15.7  89.5   3.7 584.2  0.13
       3 21  57.4  25.0  41.5  53.2  25.1        37.8 271.3  11.3 550.9  0.17
       3 22  67.4  24.2  46.5  44.5  25.0        33.2 319.9  13.3 501.2  0.22
       3 23  60.2  25.5  42.6  51.7  25.6        35.4 275.3  11.5 461.0  0.17
       3 24  26.1   5.5  13.9  66.5   5.2  0.05  35.4 356.4  14.8 260.5  0.10
       3 25  27.2   0.5  13.6  56.9   1.8        20.6 165.2   6.9 617.2  0.10
       3 26  48.1   9.5  29.5  57.0  16.1        18.8 157.1   6.5 617.7  0.12
       3 27  58.2  18.4  39.3  50.3  21.7        17.5 144.4   6.0 567.9  0.12
       3 28  65.7  24.1  44.0  56.4  28.1        29.5 187.1   7.8 597.3  0.17
       3 29  55.7  29.6  41.4  71.8  32.3        24.1 198.8   8.3 436.3  0.12
       3 30  53.2  28.6  40.3  55.4  24.3        28.6 235.5   9.8 602.9  0.18
       3 31  61.7  28.4  45.9  45.2  25.0        22.5 159.2   6.6 559.2  0.16
       4  1  74.9  26.0  51.3  39.2  25.9        21.4 141.5   5.9 536.9  0.18
       4  2  80.4  27.1  57.2  35.3  28.1        43.1 158.7   6.6 557.2  0.21
       4  3  58.9  35.4  47.9  46.2  27.8  0.01  36.2 322.6  13.4 551.0  0.22
       4  4  45.9  29.7  36.8  59.8  23.7        22.1 218.4   9.1 271.0  0.13
       4  5  53.7  25.0  38.0  61.3  24.6        19.7 140.5   5.9 560.1  0.16
       4  6  69.3  21.9  47.9  47.5  26.8        24.8 191.6   8.0 621.3  0.21
       4  7  70.0  43.8  57.7  37.9  31.6        31.4 247.5  10.3 585.6  0.22
       4  8  75.0  36.8  56.4  45.5  34.0        29.6 199.3   8.3 591.7  0.22
       4  9  78.5  30.2  55.6  46.3  32.0        20.5 111.6   4.7 658.6  0.23
       4 10  83.2  37.6  62.8  37.0  33.4        34.6 155.0   6.5 534.6  0.23
       4 11  61.1  33.9  46.2  63.4  33.9  0.01  37.8 247.7  10.3 350.7  0.18
       4 12  65.2  27.9  45.7  54.3  27.8        26.0 146.7   6.1 611.9  0.21
       4 13  47.4  31.9  36.7  73.6  28.7  0.16  26.2 274.5  11.4 266.2  0.13
       4 14  47.7  29.9  36.6  71.5  27.8  0.25  31.3 300.3  12.5 352.8  0.14
       4 15  62.2  26.9  44.3  58.2  28.7        21.0 167.9   7.0 701.0  0.20
       4 16  74.1  28.5  51.5  53.7  32.7        21.5 148.0   6.2 642.9  0.21
       4 17  72.7  35.6  56.1  44.6  33.5        36.9 240.3  10.0 640.4  0.24
       4 18  66.5  37.4  52.0  44.7  30.9        33.9 221.8   9.2 598.0  0.23
       4 19  50.1  32.0  41.7  62.5  29.5  0.03  46.7 319.5  13.3 381.2  0.17
       4 20  57.9  21.5  42.5  56.5  26.5        34.5 172.0   7.2 514.7  0.17
       4 21  55.8  28.0  41.0  60.3  27.3        31.7 214.0   8.9 617.0  0.19
       4 22  56.4  20.4  40.0  63.1  27.6        24.1 141.4   5.9 668.2  0.17
       4 23  73.5  27.2  52.3  51.7  33.2        22.9 139.4   5.8 646.8  0.21
       4 24  85.1  38.5  64.0  41.4  38.0        35.1 220.7   9.2 538.9  0.25
       4 25  65.3  38.1  54.8  39.0  30.3        51.9 510.0  21.3 734.0  0.37
       4 26  74.3  32.8  54.2  41.7  31.8        42.3 288.4  12.0 623.7  0.31
       4 27  64.6  35.9  48.7  60.1  34.6        33.6 204.0   8.5 526.8  0.22
       4 28  49.5  27.3  39.3  63.7  27.7  0.03  37.9 394.0  16.4 446.3  0.19
       4 29  58.6  18.0  41.6  51.9  24.4        29.8 190.3   7.9 595.6  0.20
       4 30  59.8  32.5  47.1  57.0  32.3        34.0 214.8   8.9 429.0  0.16
       5  1  66.7  38.0  51.3  59.8  37.3        26.3 156.7   6.5 565.6  0.18
       5  2  72.3  38.6  53.2  60.3  38.5        27.1 198.6   8.3 627.1  0.24
       5  3  72.3  34.6  55.7  53.9  37.6        26.0 175.3   7.3 702.0  0.25
       5  4  75.2  33.4  53.8  68.1  43.4  0.04  28.6 263.3  11.0 615.9  0.27
       5  5  66.0  33.4  51.0  63.0  38.1        28.6 253.6  10.6 736.0  0.27
       5  6  67.2  48.5  56.7  71.9  47.3        24.0 232.2   9.7 574.1  0.21
       5  7  71.7  45.4  56.1  76.0  48.1        24.0 216.1   9.0 477.7  0.20
       5  8  78.2  48.1  61.5  69.6  49.9  0.30  34.8 184.0   7.7 616.5  0.24
       5  9  57.6  39.9  50.4  89.0  47.7  0.34  30.3 255.1  10.6 172.1  0.07
       5 10  66.7  35.8  48.0  75.8  40.6  0.02  26.7 179.0   7.5 540.9  0.21
       5 11  73.1  46.5  57.9  66.2  45.3        19.6 195.0   8.1 696.3  0.26
       5 12  61.7  42.2  52.5  76.8  45.4        22.5 198.9   8.3 501.4  0.16
       5 13  78.9  40.5  60.2  65.7  47.3        27.8 205.1   8.5 749.0  0.29
       5 14  88.0  49.2  67.0  56.8  47.8        15.8 139.3   5.8 605.3  0.27
       5 15  87.0  48.2  70.4  53.7  50.0        17.7 131.9   5.5 723.0  0.28
       5 16  92.8  59.5  75.0  53.1  53.5        22.1 161.1   6.7 718.0  0.34
       5 17  79.8  52.6  69.0  41.1  43.4        25.6 172.5   7.2 703.0  0.32
       5 18  90.4  47.0  69.1  43.7  43.7        33.0 189.3   7.9 653.9  0.37
       5 19  74.6  45.9  60.3  50.2  40.8  0.02  28.6 193.9   8.1 590.3  0.30
       5 20  68.0  45.9  56.2  61.9  41.7  0.05  21.0 167.2   7.0 678.3  0.27
       5 21  74.6  47.8  61.3  60.2  45.9  0.02  24.8 198.8   8.3 518.3  0.25
       5 22  84.3  47.5  66.2  55.0  48.4  0.02  30.1 169.3   7.1 711.0  0.31
       5 23  62.6  53.3  56.5  87.4  52.8  0.07  26.2 192.8   8.0 151.5  0.09
       5 24  54.1  48.1  52.0  89.8  49.1  0.05  19.7 232.2   9.7  87.9  0.06
       5 25  49.9  45.2  47.6  89.6  44.8  1.01  20.5 182.0   7.6  73.9  0.06
       5 26  54.9  42.3  47.8  86.5  44.1  0.62  24.9 231.1   9.6 222.9  0.10
       5 27  45.9  36.6  42.8  79.7  36.9  0.03  34.1 288.4  12.0 215.7  0.09
       5 28  49.1  32.7  41.1  83.7  36.7        15.3 110.9   4.6 239.4  0.08
       5 29  70.3  38.3  53.5  73.0  44.8        23.9 162.0   6.8 684.7  0.22
       5 30  78.4  52.0  61.5  72.9  52.3  0.01  37.9 241.7  10.1 480.6  0.23
       5 31  75.8  48.4  59.2  71.1  48.5  0.30  22.5 109.4   4.6 598.1  0.22
       6  1  72.2  46.3  59.2  60.3  43.9        20.7 130.1   5.4 735.0  0.27
       6  2  72.2  46.2  59.1  51.3  40.2        18.6 126.1   5.3 791.0  0.30
       6  3  78.8  44.1  62.7  54.0  43.6        21.0 102.8   4.3 769.0  0.29
       6  4  81.0  52.1  65.9  56.6  48.6        21.3 153.8   6.4 637.4  0.28
       6  5  80.9  50.9  69.0  53.1  49.9  0.01  23.8 190.9   8.0 694.9  0.30
       6  6  71.4  49.6  61.2  57.6  44.7  0.02  31.2 262.9  11.0 732.0  0.33
       6  7  76.6  40.8  59.8  55.5  41.4        35.4 126.2   5.3 787.0  0.32
       6  8  90.1  43.7  68.4  45.6  42.6        21.9  92.9   3.9 748.0  0.33
       6  9  93.9  51.5  74.2  41.0  45.2        21.6 137.4   5.7 691.7  0.35
       6 10  92.9  50.8  73.2  43.1  45.6        42.2 161.8   6.7 707.0  0.38
       6 11  91.2  53.8  69.4  53.7  49.0  0.08  27.5 139.0   5.8 693.7  0.38
       6 12  83.3  49.0  66.0  62.4  50.4  0.21  26.1 135.5   5.6 721.0  0.33
       6 13  86.0  52.3  69.4  58.2  51.7  0.08  20.5 151.4   6.3 673.5  0.33
       6 14  85.3  53.6  70.7  56.0  52.2  0.01  24.7 169.0   7.0 550.7  0.29
       6 15  65.9  58.9  61.7  86.3  57.5  0.44  23.5 160.0   6.7 173.4  0.10
       6 16  81.1  57.9  67.1  65.9  53.8  0.06  36.5 106.8   4.5 701.0  0.29
       6 17  90.4  51.1  71.7  51.7  48.7        27.2 115.8   4.8 784.0  0.36
       6 18  94.8  57.4  75.0  44.6  48.2        25.9 163.4   6.8 799.0  0.42
       6 19  86.9  51.8  70.9  50.9  49.6        21.9 197.4   8.2 788.0  0.40
       6 20  91.5  58.0  70.2  66.0  56.9  0.37  39.4 123.3   5.1 600.2  0.33
       6 21  80.3  57.6  66.2  75.5  57.2  0.76  31.1 132.0   5.5 529.3  0.25
       6 22  79.9  57.5  67.7  71.6  57.6        23.1 156.6   6.5 381.0  0.21
       6 23  80.3  50.3  66.0  60.9  50.3        14.5 113.7   4.7 799.0  0.32
       6 24  82.5  62.7  71.2  69.5  60.1  0.05  27.7 261.8  10.9 656.7  0.32
       6 25  87.2  61.1  74.1  52.8  54.8        29.7 242.0  10.1 716.0  0.38
       6 26  90.9  57.7  76.4  52.3  55.0        24.5 182.8   7.6 796.0  0.39
       6 27  86.7  66.3  76.5  57.4  59.4        32.1 220.1   9.2 552.1  0.32
       6 28  85.5  60.5  70.6  65.6  57.6        31.1 151.4   6.3 603.6  0.31
       6 29  83.9  55.6  70.2  48.2  46.7        16.2  99.7   4.2 773.0  0.35
       6 30  81.9  54.3  71.2  49.2  51.1        27.9 237.2   9.9 721.0  0.36
       7  1  92.8  57.0  74.2  54.2  53.4        13.1  87.4   3.6 762.0  0.34
       7  2  96.9  51.0  75.2  47.5  49.5        15.6  80.6   3.4 804.0  0.38
       7  3  96.7  53.9  76.3  44.9  50.2        22.6 104.5   4.4 694.5  0.36
       7  4  96.4  55.4  76.8  48.2  54.0        32.6 126.7   5.3 696.9  0.37
       7  5  92.3  62.4  75.0  57.8  57.5  0.06  33.4 133.3   5.6 636.2  0.35
       7  6  83.6  60.2  71.8  69.1  60.7  0.14  29.6 150.2   6.3 753.0  0.32
       7  7  91.5  54.6  72.1  65.3  57.9        17.5 102.1   4.3 777.0  0.35
       7  8  71.7  59.7  65.0  66.5  53.7        19.8 172.2   7.2 443.3  0.24
       7  9  68.6  56.0  61.7  83.9  56.7  0.13  23.2 199.5   8.3 181.7  0.13
       7 10  80.2  53.6  67.2  75.4  58.8  0.01  23.2 214.8   8.9 757.0  0.30
       7 11  80.3  56.5  70.0  68.3  58.5        22.1 192.7   8.0 780.0  0.31
       7 12  78.9  57.2  66.9  74.2  57.7        22.1 145.7   6.1 591.9  0.25
       7 13  81.0  55.7  66.1  76.0  57.8  0.20  36.5 134.4   5.6 580.3  0.25
       7 14  77.5  51.2  64.3  64.0  50.3        22.0  92.2   3.8 790.0  0.30
       7 15  90.4  51.7  71.1  59.2  54.2        27.4 126.3   5.3 705.0  0.32
       7 16  87.4  59.6  73.8  57.4  56.1        16.5  85.4   3.6 677.3  0.28
       7 17  92.8  57.1  75.9  52.7  55.4        22.1  97.7   4.1 774.0  0.34
       7 18  85.3  58.6  72.1  69.7  61.2        19.4 102.0   4.3 328.7  0.19
       7 19  87.5  59.6  72.9  69.7  61.1        22.2  96.9   4.0 643.1  0.28
       7 20  91.7  59.2  74.8  66.3  60.8  0.16  21.0  94.8   4.0 702.0  0.31
       7 21  88.5  56.9  74.4  58.8  57.2        15.1 110.5   4.6 780.0  0.33
       7 22  77.3  53.6  67.1  75.9  59.3  0.01  26.7 159.2   6.6 743.0  0.28
       7 23  81.0  55.3  67.1  75.6  58.7        24.1 119.3   5.0 582.4  0.25
       7 24  77.6  49.7  64.2  73.5  55.0        18.5 117.1   4.9 602.7  0.24
       7 25  89.8  51.8  68.5  67.0  55.3        30.8 188.3   7.8 611.0  0.34
       7 26  84.2  55.1  67.4  68.8  56.3  0.01  33.2 152.6   6.4 634.6  0.29
       7 27  91.7  53.3  72.4  59.7  55.4        20.4 114.3   4.8 724.0  0.32
       7 28  90.1  60.6  72.6  68.5  60.3  0.07  26.1 128.0   5.3 493.6  0.26
       7 29  73.7  57.9  64.0  86.3  59.7  0.05  11.0  85.4   3.6 252.6  0.13
       7 30  81.3  58.0  68.6  74.1  59.2  0.48  41.6 146.5   6.1 572.8  0.25
       7 31  82.2  55.2  68.6  76.5  60.4        27.8 160.3   6.7 635.3  0.26
       8  1  90.4  56.1  71.4  60.9  54.8        25.1 123.6   5.2 717.0  0.33
       8  2  91.5  59.9  75.6  51.1  53.3        16.2  86.8   3.6 683.3  0.29
       8  3  90.3  58.2  73.9  56.5  55.3  0.01  30.6 149.4   6.2 580.8  0.31
       8  4  87.9  53.8  69.3  61.9  53.1  0.03  21.5 114.5   4.8 657.8  0.31
       8  5  88.4  50.7  70.8  53.3  48.7  0.02  26.5 210.8   8.8 723.0  0.40
       8  6  87.3  52.6  70.6  56.0  51.4  0.01  24.0 145.4   6.1 675.4  0.32
       8  7  79.4  51.5  66.7  55.0  49.3  0.01  16.2 112.6   4.7 662.5  0.27
       8  8  82.4  62.1  71.6  62.0  56.7        25.3 227.4   9.5 663.7  0.33
       8  9  83.4  61.8  71.4  64.3  57.7  0.01  25.6 250.3  10.4 599.9  0.33
       8 10  83.1  56.8  68.9  64.9  55.3  0.18  26.2 150.2   6.3 568.9  0.27
       8 11  88.1  49.8  68.2  56.8  49.0        11.7  67.7   2.8 708.0  0.29
       8 12 101.2  54.7  74.6  47.0  48.6        21.7 125.8   5.2 693.6  0.39
       8 13  89.8  53.5  72.3  56.8  54.1        19.4 118.7   4.9 657.2  0.29
       8 14  80.7  59.8  69.1  81.5  63.1        17.2 111.1   4.6 307.8  0.15
       8 15  88.8  57.9  68.5  69.6  56.1  0.09  40.5  99.7   4.2 550.7  0.27
       8 16  82.5  55.2  68.8  65.6  55.3        17.0  96.8   4.0 666.0  0.26
       8 17  86.1  50.8  69.6  59.1  51.9  0.01  25.1 126.5   5.3 688.4  0.30
       8 18  87.0  59.2  70.1  67.5  57.6  0.01  31.9 139.1   5.8 603.0  0.28
       8 19  76.0  57.1  65.3  73.7  56.3        22.1 145.8   6.1 540.1  0.22
       8 20  87.0  57.1  73.3  57.0  54.7        25.6 204.3   8.5 658.2  0.33
       8 21  86.6  57.1  72.0  66.1  58.8        19.4 116.7   4.9 557.4  0.24
       8 22  74.0  56.3  66.0  75.4  57.6        17.8 126.0   5.3 452.0  0.18
       8 23  78.7  60.4  68.6  73.1  59.0        17.8 141.3   5.9 550.9  0.23
       8 24  84.2  53.6  69.5  66.4  56.4        22.8 157.1   6.5 629.0  0.27
       8 25  84.7  54.2  70.6  59.7  53.7        19.9 109.6   4.6 658.4  0.26
       8 26  81.4  50.1  67.4  63.5  52.9        24.4 106.2   4.4 597.0  0.23
       8 27  81.6  49.6  67.4  61.3  51.9        18.3 136.5   5.7 499.1  0.23
       8 28  82.7  58.1  70.2  67.6  58.1        25.0 176.5   7.4 481.0  0.23
       8 29  79.0  56.0  65.6  78.8  58.5  0.22  37.1 203.6   8.5 322.0  0.19
       8 30  72.9  54.3  60.5  79.7  53.6  0.08  12.3  84.5   3.5 365.9  0.16
       8 31  79.9  49.7  65.8  68.9  54.4  0.01  16.0 115.3   4.8 611.9  0.22
       9  1  84.2  53.6  68.8  63.4  53.7        16.1 127.9   5.3 614.4  0.25
       9  2  84.8  51.4  68.7  65.1  54.6        15.6  97.3   4.1 582.5  0.22
       9  3  87.1  53.3  69.8  56.2  50.5        13.7 117.0   4.9 595.2  0.26
       9  4  89.4  46.7  70.2  54.0  48.4  0.01  22.5 145.8   6.1 593.6  0.29
       9  5  89.9  58.7  75.2  51.4  53.3  0.01  30.2 234.5   9.8 587.8  0.34
       9  6  66.0  54.3  58.8  83.2  53.7  0.11  28.9 152.8   6.4 124.6  0.10
       9  7  78.5  45.5  60.3  62.2  45.1  0.01  11.3  71.2   3.0 573.1  0.21
       9  8  87.4  45.7  65.4  47.1  40.8        24.9 152.7   6.4 590.3  0.30
       9  9  91.4  44.3  67.7  46.6  40.9        13.4  94.0   3.9 596.4  0.25
       9 10  92.1  47.8  67.5  44.5  41.2        22.6  97.2   4.0 585.7  0.27
       9 11  74.3  47.7  61.1  77.7  54.1        15.7 133.4   5.6 215.7  0.12
       9 12  75.3  53.2  63.6  59.3  48.3        21.8 197.2   8.2 473.1  0.23
       9 13  75.9  56.2  64.1  64.1  50.8  0.01  27.1 290.2  12.1 353.6  0.25
       9 14  73.8  52.5  61.5  73.8  52.4  0.01  24.3 205.8   8.6 395.8  0.19
       9 15  68.0  53.4  58.5  82.2  52.8  0.79  15.7 126.6   5.3 395.5  0.15
       9 16  71.3  48.2  60.1  74.9  51.7  0.02  28.1 235.5   9.8 466.2  0.19
       9 17  64.9  47.5  57.3  76.2  49.9  0.18  28.1 242.3  10.1 228.9  0.12
       9 18  65.3  46.4  53.4  73.0  44.0  0.39  28.9 115.4   4.8 402.0  0.15
       9 19  63.9  38.4  51.6  57.0  35.3  0.41  35.2 296.3  12.3 461.8  0.24
       9 20  62.6  41.0  53.1  59.5  38.7  0.01  25.1 157.3   6.6 346.7  0.14
       9 21  76.8  37.8  55.5  62.6  40.2  0.01  17.2 100.4   4.2 496.3  0.18
       9 22  73.6  38.6  55.7  70.8  45.8        15.8  80.9   3.4 342.5  0.12
       9 23  60.5  45.5  52.6  71.2  43.5  0.01  19.1 126.2   5.3 313.1  0.11
       9 24  72.3  47.2  58.1  70.1  47.4  0.32  31.5 178.4   7.4 356.5  0.16
       9 25  61.8  37.8  49.0  81.3  44.2  0.11  27.2 185.9   7.7 142.5  0.09
       9 26  52.7  35.3  41.3  70.9  31.7  0.18  20.7 131.7   5.5 310.3  0.12
       9 27  57.4  31.0  44.0  58.4  29.2  0.05  27.8 177.0   7.4 523.3  0.18
       9 28  72.0  44.1  57.2  54.0  39.1        15.6 108.9   4.5 499.3  0.15
       9 29  79.9  40.1  59.2  53.8  38.9        17.3 155.0   6.5 505.9  0.21
       9 30  82.1  40.6  60.5  55.3  40.9        18.8  81.7   3.4 479.1  0.16
      10  1  82.8  45.5  62.6  48.8  40.1        31.4 159.8   6.7 492.3  0.24
      10  2  56.4  43.9  49.0  61.7  36.2        28.9 200.9   8.4 424.9  0.17
      10  3  75.9  41.7  55.5  55.6  39.3        24.7 206.3   8.6 369.8  0.22
      10  4  76.9  42.1  57.7  65.9  44.5        13.1  81.8   3.4 441.2  0.14
      10  5  79.1  41.6  57.8  62.3  42.4        11.1  94.1   3.9 449.2  0.16
      10  6  69.1  42.8  55.7  63.3  42.6        13.7  92.7   3.9 428.4  0.13
      10  7  65.3  45.4  52.4  72.6  43.3        16.0 110.2   4.6 315.1  0.12
      10  8  74.2  36.5  53.3  60.3  36.7        21.7 117.5   4.9 451.6  0.17
      10  9  72.5  34.8  51.5  57.8  34.8        10.2  84.2   3.5 450.8  0.15
      10 10  79.6  32.8  56.1  53.5  37.0        17.2 107.1   4.5 452.2  0.17
      10 11  89.5  42.6  61.8  46.2  37.8        16.4 139.6   5.8 453.9  0.23
      10 12  86.2  40.1  59.9  45.9  36.2        12.4  88.5   3.7 437.7  0.17
      10 13  85.5  37.9  58.0  52.2  37.3        12.6  74.2   3.1 439.4  0.17
      10 14  75.5  35.6  54.2  53.4  35.6        20.1 119.8   5.0 333.9  0.16
      10 15  76.5  32.1  52.2  52.6  32.8        23.9 108.5   4.5 420.2  0.17
      10 16  62.9  31.0  45.1  65.4  32.9  0.03  28.4 153.7   6.4 328.4  0.14
      10 17  45.8  21.7  36.9  55.3  22.0  0.01  28.7 249.0  10.4 241.4  0.12
      10 18  71.4  16.6  44.0  50.7  24.4        25.1 138.3   5.8 425.3  0.17
      10 19  74.2  32.8  52.4  44.8  30.0        34.8 192.4   8.0 372.6  0.18
      10 20  49.4  33.6  42.0  51.5  25.0        25.3 202.2   8.4 210.6  0.11
      10 21  45.5  21.0  32.7  56.3  18.3  0.01  28.2 181.0   7.5 330.3  0.11
      10 22  59.3  16.0  38.3  47.7  19.9        27.2 203.9   8.5 403.9  0.16
      10 23  59.8  22.5  41.4  47.7  22.1        13.2  87.3   3.6 318.4  0.08
      10 24  65.8  23.0  44.2  50.3  25.4        17.9  96.9   4.0 298.8  0.09
      10 25  62.4  29.5  47.2  47.5  27.9        22.6 150.8   6.3 266.6  0.10
      10 26  45.4  32.3  39.9  74.0  32.5  0.39  40.8 308.9  12.9 197.1  0.08
      10 27  45.4  25.6  33.7  74.9  26.3        14.5  97.5   4.1 256.7  0.07
      10 28  69.8  25.0  45.6  68.6  35.9        30.7 209.0   8.7 353.3  0.15
      10 29  56.8  29.1  45.4  64.2  33.5  0.01  58.2 327.9  13.7 220.0  0.11
      10 30  39.3  25.9  32.0  74.7  24.6        16.4 135.3   5.6 213.1  0.06
      10 31  32.0  28.1  30.3  86.3  26.8        12.1 124.8   5.2  45.4  0.03
      11  1  55.3  22.6  36.9  66.1  25.3        26.2 146.7   6.1 321.1      
      11  2  65.1  23.1  40.7  57.5  25.3        11.7  86.9   3.6 347.4      
      11  3  62.4  23.4  43.3  60.9  30.1        20.3 116.6   4.9 255.9      
      11  4  62.9  30.0  48.6  51.0  30.4  0.02  32.2 222.9   9.3 345.7      
      11  5  57.3  29.5  41.8  61.3  28.6        27.7 170.1   7.1 254.6      
      11  6  46.8  22.0  34.0  56.7  19.7        21.9 109.4   4.6 265.3      
      11  7  52.1  18.9  34.6  52.3  19.0  0.03  40.7 290.2  12.1 307.5      
      11  8  51.9  15.9  34.1  51.9  18.2        20.5 118.0   4.9 316.7      
      11  9  62.2  25.0  42.0  55.8  26.0        21.5 154.6   6.4 309.2      
      11 10  68.0  20.3  39.0  60.6  24.9        15.7 110.2   4.6 270.4      
      11 11  41.6  18.1  26.9  71.4  18.4        18.9 139.6   5.8 291.1      
      11 12  59.9  17.3  35.6  61.4  22.7        14.4 104.5   4.4 306.7      
      11 13  34.2  24.6  29.1  80.6  23.9        15.8 162.8   6.8 109.6      
      11 14  39.6  30.1  34.1  78.7  28.1        24.3 249.4  10.4 132.1      
      11 15  37.1  29.0  32.7  85.7  28.9        16.0 150.0   6.3  68.5      
      11 16  29.1   5.4  18.1  79.8  13.7  0.01  24.7 221.1   9.2 180.4      
      11 17  41.1   2.4  21.0  70.4  14.6        15.6 122.0   5.1 194.5      
      11 18  50.7  21.8  33.0  76.3  26.5        13.3 101.8   4.2 188.9      
      11 19  75.1  29.6  46.7  62.6  32.4        16.4 105.4   4.4 280.2      
      11 20  69.5  27.3  43.1  64.1  29.1  0.01  25.2 184.4   7.7 287.4      
      11 21  43.6  23.1  30.0  80.3  24.5         8.0  69.3   2.9 152.1      
      11 22  48.0  18.7  33.4  79.1  27.6        12.9  89.1   3.7 177.7      
      11 23  35.4   7.9  22.5  81.7  19.2  0.01  24.7 179.2   7.5 117.6      
      11 24  40.8   5.1  19.8  73.8  13.2        13.0  99.0   4.1 279.5      
      11 25  52.3  13.9  31.8  69.3  22.5  0.01  22.9 134.1   5.6 256.6      
      11 26  30.0  19.3  24.7  82.3  20.1        15.7 125.4   5.2 106.5      
      11 27  43.6  16.5  26.7  74.7  19.3        14.6 113.7   4.7 229.8      
      11 28  58.5  10.9  29.6  63.4  18.4        11.5  79.7   3.3 275.7      
      11 29  42.5  18.0  30.5  71.8  22.6  0.01  23.1 193.2   8.1 173.6      
      11 30  37.1  12.8  25.8  72.2  17.8  0.02  19.2 146.2   6.1 238.0      
      12  1  52.5   9.8  27.5  64.4  17.1        12.3 110.4   4.6 237.6      
      12  2  40.0  12.8  29.9  54.5  15.2  0.05  37.9 265.9  11.1 171.8      
      12  3  49.3   3.6  23.1  55.2   9.9        15.0  97.6   4.1 260.0      
      12  4  37.2   8.5  21.5  55.5   8.3        36.7 226.4   9.4 218.3      
      12  5  57.3   4.7  34.8  48.6  19.7        32.7 219.4   9.1 169.4      
      12  6  40.5  18.6  30.6  66.1  20.1        22.9 131.7   5.5  83.2      
      12  7  48.3  13.2  30.3  56.3  16.2        40.0 228.2   9.5 257.3      
      12  8  63.5  19.5  37.8  52.0  22.5        12.3  95.5   4.0 214.2      
      12  9  56.9  27.5  39.2  55.3  24.3        13.1  93.3   3.9 126.4      
      12 10  63.3  33.4  44.0  52.5  27.8        30.4 146.0   6.1 132.7      
      12 11  58.3  23.6  40.1  55.0  24.7        29.8 151.8   6.3 179.2      
      12 12  62.2  20.7  37.6  56.3  23.4        15.1  92.8   3.9 238.4      
      12 13  53.0  19.8  36.6  61.7  24.7        17.6 156.2   6.5 242.7      
      12 14  40.3  20.8  32.1  54.5  17.7        40.6 396.6  16.5 244.2      
      12 15  40.4  11.2  26.0  49.5   9.9        23.6 147.9   6.2 251.4      
      12 16  35.0  10.2  23.3  52.2   9.4        35.7 298.7  12.4  69.4      
      12 17  15.2   2.4   9.9  51.9  -4.0  0.01  47.1 420.2  17.5 125.7      
      12 18  13.3  -8.4   2.3  57.1  -9.0        38.4 212.9   8.9 244.4      
      12 19  34.7  -6.9  14.4  60.4   5.2        23.2 139.8   5.8 118.0      
      12 20  42.1   5.8  22.9  62.7  12.1        12.2  88.6   3.7 135.1      
      12 21  48.0  23.0  32.9  59.5  20.0        24.5 152.4   6.3 104.6      
      12 22  43.9  14.9  23.3  78.0  17.2        19.6 167.3   7.0 210.4      
      12 23  17.4   1.8  10.6  75.0   4.6        16.1 126.1   5.3 125.6      
      12 24  48.8  -0.4  19.8  65.9  11.2        36.0 143.3   6.0 239.5      
      12 25  37.4   3.3  13.5  68.7   5.3        28.6 220.2   9.2 226.8      
      12 26  37.4  -3.2  13.8  59.1   2.8        12.9  92.4   3.9 214.2      
      12 27  64.0  13.6  33.0  51.6  18.8        13.4 118.5   4.9 179.3      
      12 28  57.7  16.2  34.1  54.7  19.3        22.0 136.2   5.7 241.5      
      12 29  65.5  16.4  38.7  47.4  21.4        15.2 134.7   5.6 240.0      
      12 30  56.4  23.2  38.0  52.8  22.7        19.2 117.2   4.9  96.5      
      12 31  54.8  23.9  41.7  53.2  26.0        23.7 168.2   7.0 160.7      

      Total                               12.32                         53.72
        Max 101.2  66.3  76.8  89.8  63.1        58.2 510.0  21.3 804.0
        Min   1.1 -23.2  -9.1  35.3 -16.0         8.0  67.7   2.8  45.4
        Ave  63.9  32.7  47.5  60.9  33.4        24.4 167.3   7.0 432.3
