                                                                    07-JUN-99
      Cellular-linked Weather Station near BRUSH, Colorado               1997
      -----------------------------------------------------------------------
               Temperature      Rel   Dew             Wind        Solar Alflf
            ----------------- Humid Point  Prec -----------------   Rad   ETR
       Date   Max   Min   Ave   Ave   Ave Total   Max Total   Ave Total Total
      MoDay     F     F     F     %     F  inch   mph miles   mph Langl  inch
      ----- ----- ----- ----- ----- ----- ----- ----- ----- ----- ----- -----
       1  1  51.1  22.4  33.8  64.9  23.1        11.8 123.4   5.1 136.3      
       1  2  68.5  27.9  44.5  51.3  27.6        15.4 122.8   5.1 181.7      
       1  3  54.8  26.8  38.8  70.8  30.6        22.7 123.7   5.2 163.6      
       1  4  40.4  21.5  33.3  51.3  17.4        41.9 404.2  16.8 245.2      
       1  5  33.8   8.9  21.7  54.0   7.6        18.0 122.6   5.1 241.7      
       1  6  31.5   5.5  18.6  52.6   4.7        15.6  95.7   4.0 241.5      
       1  7  42.0  -0.9  20.5  61.6  10.6        18.0 152.3   6.3 254.8      
       1  8  36.9  19.4  28.1  71.7  20.0  0.09  18.6 138.3   5.8 242.0      
       1  9  27.9  12.1  21.4  79.8  16.3  0.09  22.8 159.1   6.6  89.9      
       1 10  12.2   1.9   7.5  64.2  -1.7  0.06  26.7 186.5   7.8 178.9      
       1 11   6.9  -5.0  -0.9  73.6  -7.0  0.03  16.3 179.6   7.5 174.9      
       1 12   0.2 -15.3  -5.7  71.8 -12.3  0.03  12.4 143.1   6.0 238.1      
       1 13   7.3 -15.3  -0.2  71.1  -6.8  0.02  23.0 198.8   8.3 211.2      
       1 14  15.5 -10.5   2.2  69.3  -4.3        15.3 108.4   4.5 271.6      
       1 15  32.6   8.7  24.4  69.5  15.8  0.02  33.8 332.8  13.9 243.4      
       1 16  17.7  -3.0   9.1  68.9   0.9        27.1 136.1   5.7 284.8      
       1 17  19.0  -7.0   5.7  72.3  -0.6        15.0 173.6   7.2 282.2      
       1 18  42.8  11.5  26.5  70.8  19.5        14.8 150.9   6.3 235.6      
       1 19  48.2  17.3  29.8  77.2  23.7        14.0 118.6   4.9 285.3      
       1 20  44.9  18.2  31.0  77.6  24.9        12.6 122.5   5.1 239.7      
       1 21  49.2  26.5  36.0  63.1  23.9        22.9 164.7   6.9 203.5      
       1 22  45.1  19.3  32.9  54.7  18.2        17.1 166.4   6.9 267.6      
       1 23  36.1  20.0  28.5  73.4  20.9        19.0 121.3   5.1 167.7      
       1 24  38.5  12.5  24.8  62.1  12.7        41.0 231.1   9.6 310.7      
       1 25  32.5   4.1  18.9  66.4   9.6        25.2 259.4  10.8 248.4      
       1 26  39.6   9.7  23.8  64.3  13.7        30.9 136.8   5.7 143.7      
       1 27  30.0   9.8  18.1  69.2   9.4        25.2 161.1   6.7 272.0      
       1 28  44.0   5.1  21.1  72.5  14.4        31.4 143.5   6.0 222.7      
       1 29  46.8  24.7  37.1  64.8  26.0        26.5 185.4   7.7 318.8      
       1 30  56.8  20.5  35.7  67.5  25.1        12.0 131.5   5.5 290.6      
       1 31  65.7  26.5  45.8  55.0  29.6        12.6 100.1   4.2 219.6      
       2  1  62.4  27.3  45.7  52.1  28.3        24.8 154.4   6.4 270.7      
       2  2  49.5  20.9  34.2  69.2  24.8        18.6  89.3   3.7 203.3      
       2  3  46.7  24.3  34.2  64.0  22.6  0.03  41.3 332.8  13.9 261.5      
       2  4  37.2  17.6  27.0  63.5  16.0        18.9 134.0   5.6 300.4      
       2  5  35.5  14.1  24.3  75.0  17.3        20.4 188.5   7.9 178.7      
       2  6  25.5  21.0  23.5  85.0  19.6  0.03  19.1 146.6   6.1 152.6      
       2  7  30.6   6.8  20.5  73.6  13.2  0.03  13.1 105.0   4.4 348.2      
       2  8  42.8   4.5  19.6  71.5  12.5  0.01  13.7  99.2   4.1 367.0      
       2  9  44.8   9.4  24.4  66.4  14.5        20.6 117.4   4.9 348.8      
       2 10  39.7  11.5  28.6  59.3  16.0        18.4 128.2   5.3 336.5      
       2 11  38.8  20.9  30.5  72.5  22.1  0.04  20.5 159.5   6.6 176.5      
       2 12  39.0  22.3  29.0  77.9  22.8  0.04  26.9 302.9  12.6 299.5      
       2 13  42.3  20.2  31.0  68.6  21.3  0.06  25.4 157.0   6.5 353.5      
       2 14  47.5  18.0  32.0  65.4  20.9        20.9 141.6   5.9 310.9      
       2 15  52.8  27.4  38.0  56.8  23.7  0.03  39.8 283.3  11.8 335.6      
       2 16  62.8  22.0  38.9  60.2  25.2        14.0 115.2   4.8 394.9      
       2 17  65.1  27.2  42.3  58.3  27.6        13.2 106.3   4.4 263.2      
       2 18  53.2  22.6  35.4  72.8  27.0  0.02  27.7 180.1   7.5 252.8      
       2 19  56.9  17.6  36.2  73.2  28.7  0.06  26.8 219.6   9.2 401.6      
       2 20  46.2  23.8  35.0  63.2  22.9  0.01  28.1 251.1  10.5 265.2      
       2 21  43.1  20.5  31.5  63.6  19.8        25.3 206.1   8.6 282.1      
       2 22  43.1  12.5  28.2  61.0  15.3        29.8 157.5   6.6 412.7      
       2 23  20.7  11.3  17.5  78.0  11.8  0.02  23.8 145.5   6.1 182.1      
       2 24  31.0  13.5  21.3  68.2  11.9  0.02  13.5  98.7   4.1 405.4      
       2 25  45.4  12.7  27.3  63.4  16.0        15.1  99.8   4.2 430.2      
       2 26  35.7  21.3  29.4  71.8  21.3        23.4 174.3   7.3 157.6      
       2 27  50.9  22.2  33.8  63.5  21.9  0.01  20.0 192.2   8.0 324.3      
       2 28  32.0  14.6  26.3  81.3  21.5  0.03  25.9 203.7   8.5  60.4      
       3  1  39.3   3.5  22.5  66.0  13.1  0.03  22.0 126.0   5.3 465.3  0.08
       3  2  58.1  20.9  38.6  55.7  23.1        27.9 176.8   7.4 463.1  0.11
       3  3  49.9  20.9  35.4  56.9  20.2  0.03  41.6 297.0  12.4 482.0  0.13
       3  4  29.4  13.9  24.2  83.4  20.0        18.5 158.5   6.6 212.4  0.04
       3  5  46.2   6.5  24.7  64.3  13.6        11.9  94.8   4.0 480.4  0.09
       3  6  63.9  18.1  38.0  54.2  21.4        18.6 118.9   5.0 435.3  0.11
       3  7  60.5  17.8  39.6  49.9  21.6  0.02  37.4 172.0   7.2 500.4  0.13
       3  8  66.7  20.4  44.2  45.8  24.1        30.8 149.9   6.2 488.4  0.14
       3  9  57.0  23.6  40.2  52.9  23.2        25.2 181.0   7.5 509.4  0.14
       3 10  72.1  23.5  46.4  44.9  25.3        33.2 193.1   8.0 512.5  0.19
       3 11  74.5  20.6  48.2  43.4  26.7        21.1 199.5   8.3 493.6  0.20
       3 12  72.0  26.5  47.0  47.1  27.2        22.4 161.8   6.7 423.2  0.16
       3 13  36.1  16.3  27.9  65.5  18.3        27.5 311.4  13.0 148.9  0.08
       3 14  27.8   7.6  17.4  53.2   3.4        21.5 211.8   8.8 307.0  0.09
       3 15  46.1  15.5  29.0  49.6  13.0        20.6 192.7   8.0 499.6  0.12
       3 16  74.4  23.1  46.5  45.6  25.8        12.7  99.5   4.1 466.0  0.11
       3 17  69.7  33.2  50.1  43.9  28.8        33.2 169.4   7.1 306.0  0.11
       3 18  62.3  29.7  46.3  47.5  27.1        28.5 222.4   9.3 558.7  0.18
       3 19  76.9  24.7  52.2  40.4  29.1        27.8 207.0   8.6 532.2  0.22
       3 20  83.1  30.7  56.3  37.9  30.0        14.8 122.6   5.1 490.1  0.18
       3 21  60.9  30.7  49.8  42.2  28.0        32.2 243.3  10.1 485.6  0.17
       3 22  70.7  22.3  46.5  42.8  25.1        22.7 173.4   7.2 575.4  0.22
       3 23  68.0  25.6  46.0  44.8  26.2        19.5 166.2   6.9 473.0  0.18
       3 24  47.7  24.8  37.1  61.8  25.4  0.01  37.0 301.4  12.6 184.1  0.11
       3 25  55.5  15.7  35.3  55.1  19.9        22.4 160.3   6.7 603.3  0.17
       3 26  72.1  21.9  47.9  45.6  26.4        18.0 166.8   7.0 603.2  0.20
       3 27  74.3  23.1  47.6  43.0  26.4        51.7 316.1  13.2 503.8  0.26
       3 28  60.0  30.2  45.1  45.4  24.7        30.9 197.0   8.2 613.5  0.19
       3 29  50.8  19.3  40.8  45.3  21.7        38.4 312.6  13.0 441.9  0.16
       3 30  67.8  13.5  43.0  39.9  22.0        22.5 197.2   8.2 618.0  0.22
       3 31  78.8  24.2  53.1  35.5  26.6        32.4 211.3   8.8 602.0  0.25
       4  1  56.0  37.5  46.9  40.9  24.3        31.9 303.8  12.7 530.9  0.20
       4  2  41.7  31.5  34.4  83.1  29.7  0.03  25.9 211.8   8.8 105.1  0.07
       4  3  72.6  31.4  49.7  63.1  36.3  0.03  28.5 278.1  11.6 628.2  0.25
       4  4  67.5  33.9  49.6  66.7  38.0  0.03  36.4 312.2  13.0 440.3  0.19
       4  5  37.2  23.7  30.0  59.1  17.4  0.02  47.6 570.5  23.8 604.6  0.20
       4  6  45.8  21.0  32.8  49.7  16.3        34.7 277.5  11.6 573.3  0.18
       4  7  57.6  12.4  35.1  54.2  19.8        27.9 171.8   7.2 559.4  0.16
       4  8  36.8  15.9  24.9  58.8  12.3        24.2 250.3  10.4 356.1  0.11
       4  9  33.8  18.6  25.2  76.3  18.8        24.9 346.6  14.4  82.4  0.06
       4 10  22.8  15.7  19.5  83.1  15.2  0.01  21.3 243.2  10.1 219.4  0.05
       4 11  20.8  10.0  14.9  73.5   7.9  0.03  23.5 239.8  10.0 525.8  0.08
       4 12  33.5   5.9  19.9  64.5   9.6        21.5 183.1   7.6 688.8  0.11
       4 13  51.0   9.0  30.9  56.5  16.3        19.2 143.6   6.0 691.6  0.14
       4 14  63.8  16.4  42.5  50.8  24.8        24.8 166.1   6.9 588.3  0.15
       4 15  62.8  34.6  49.0  52.8  31.9        27.1 175.8   7.3 396.6  0.12
       4 16  67.7  36.0  50.4  60.0  35.1  0.03  16.0 126.2   5.3 682.5  0.19
       4 17  77.1  30.2  53.8  46.0  31.1  0.01  21.3 147.3   6.1 699.4  0.25
       4 18  75.3  33.6  55.8  43.3  33.8  0.01  24.6 176.4   7.3 600.2  0.23
       4 19  82.0  41.0  63.5  41.1  37.4  0.02  36.3 202.2   8.4 620.2  0.26
       4 20  71.5  41.4  59.8  49.1  39.7        35.5 220.7   9.2 522.9  0.22
       4 21  64.0  43.3  54.7  44.2  33.0  0.01  40.0 320.6  13.4 533.9  0.26
       4 22  61.8  31.4  47.1  57.4  31.0        30.9 261.7  10.9 666.7  0.26
       4 23  62.9  31.4  47.2  52.9  29.5  0.01  37.1 222.4   9.3 652.3  0.24
       4 24  44.0  36.3  40.6  82.3  35.5  0.09  37.4 334.6  13.9 149.0  0.08
       4 25  50.4  28.4  38.9  66.4  27.4  0.01  24.5 158.5   6.6 409.0  0.13
       4 26  57.4  32.2  42.9  65.3  31.3  0.01  23.5 178.1   7.4 516.9  0.16
       4 27  68.9  27.2  49.2  55.0  32.0        20.1 127.3   5.3 722.0  0.22
       4 28  69.8  43.4  55.0  58.9  40.2  0.03  34.0 174.5   7.3 501.6  0.18
       4 29  66.0  39.8  52.0  70.4  41.5  0.03  31.5 186.2   7.8 305.3  0.14
       4 30  58.6  36.8  45.3  69.4  35.2  0.06  23.2 165.6   6.9 561.9  0.19
       5  1  63.1  40.8  51.4  51.0  33.5  0.05  36.5 252.0  10.5 392.0  0.20
       5  2  54.8  33.5  44.6  54.9  28.8  0.01  40.9 405.6  16.9 463.7  0.23
       5  3  66.4  25.9  47.3  51.8  29.0        25.3 147.4   6.1 726.0  0.24
       5  4  80.9  31.6  59.2  43.0  34.9        45.5 154.9   6.5 668.0  0.26
       5  5  74.1  41.6  59.9  44.6  36.8        25.4 165.1   6.9 742.0  0.27
       5  6  82.0  45.7  64.4  40.1  38.0        23.3 146.9   6.1 696.1  0.28
       5  7  74.8  45.3  62.1  43.8  39.0        26.2 205.7   8.6 563.6  0.26
       5  8  62.5  40.0  51.9  45.0  31.2        20.8 173.4   7.2 567.9  0.24
       5  9  72.0  27.6  53.3  44.7  32.2        23.8 198.9   8.3 759.0  0.31
       5 10  82.2  38.1  61.3  43.1  36.6        19.7 151.5   6.3 763.0  0.31
       5 11  60.0  41.0  51.6  48.8  32.8        28.1 238.2   9.9 468.5  0.22
       5 12  68.9  32.0  50.8  53.0  32.4        26.3 175.5   7.3 723.0  0.27
       5 13  76.7  32.3  56.7  43.3  33.6        30.8 242.7  10.1 642.3  0.31
       5 14  72.4  36.5  55.5  47.7  35.2        22.5 111.2   4.6 613.9  0.23
       5 15  78.4  37.7  59.7  55.5  41.4  0.08  26.3 103.6   4.3 737.0  0.26
       5 16  84.0  44.3  64.0  55.2  44.8  0.01  22.6 159.0   6.6 637.3  0.28
       5 17  86.1  46.8  68.0  45.1  43.5  0.03  40.8 142.9   6.0 684.9  0.30
       5 18  76.7  44.8  59.2  61.8  45.0  0.31  34.0 220.5   9.2 516.6  0.27
       5 19  65.0  43.7  52.4  68.0  41.6        21.7 158.8   6.6 635.7  0.24
       5 20  75.8  44.4  60.1  61.5  45.8        30.4 289.3  12.1 678.8  0.31
       5 21  76.2  52.8  59.9  73.7  51.2  0.71  31.7 293.8  12.2 452.2  0.26
       5 22  62.1  54.3  57.1  86.7  53.1  0.02  20.2 183.1   7.6 242.0  0.10
       5 23  66.9  52.2  57.7  80.0  51.3  0.03  20.7 181.9   7.6 389.1  0.16
       5 24  74.3  45.1  60.3  73.7  51.4  0.05  33.8 252.3  10.5 498.9  0.22
       5 25  64.3  47.8  54.8  78.0  47.9  0.74  28.6 175.6   7.3 504.4  0.19
       5 26  53.9  44.7  48.9  85.0  44.6  0.89  35.7 183.5   7.6 295.5  0.12
       5 27  64.3  42.0  50.8  78.4  44.0  0.07  20.3 107.5   4.5 500.9  0.18
       5 28  65.9  39.1  53.2  73.6  44.8  0.01  19.5  92.3   3.8 623.5  0.19
       5 29  64.3  50.8  56.4  79.5  49.9  0.03  20.6  90.5   3.8 380.8  0.12
       5 30  71.5  47.3  59.7  74.1  50.8  0.01  12.4  82.0   3.4 715.0  0.21
       5 31  83.3  50.8  67.0  65.8  54.0  0.01  16.1 107.5   4.5 765.0  0.27
       6  1  88.6  55.0  70.8  64.7  57.1  0.07  38.6 184.3   7.7 632.7  0.30
       6  2  77.5  56.3  65.5  77.8  57.9  1.27  48.4 236.0   9.8 564.7  0.25
       6  3  71.5  52.0  61.8  74.5  53.0  0.01  17.2 136.5   5.7 640.8  0.24
       6  4  74.2  46.6  60.3  72.3  50.6  0.02  23.6 183.3   7.6 732.0  0.28
       6  5  80.3  54.0  67.0  70.3  56.5        22.6 228.9   9.5 657.0  0.28
       6  6  75.7  57.7  65.8  76.1  57.7        22.9 204.2   8.5 429.1  0.20
       6  7  78.1  56.4  65.7  75.0  57.0  0.04  32.0 170.3   7.1 603.7  0.25
       6  8  75.9  55.3  64.5  76.6  56.6  0.26  28.3 205.8   8.6 442.4  0.22
       6  9  62.7  53.3  57.5  87.0  53.7  0.69  20.1 166.1   6.9 201.5  0.10
       6 10  70.4  52.4  59.8  81.8  54.2  0.13  25.3 202.3   8.4 512.6  0.21
       6 11  80.2  50.1  65.8  63.1  50.8  0.01  16.0 119.1   5.0 777.0  0.29
       6 12  74.9  48.9  61.8  74.8  53.2  0.04  22.1 111.6   4.7 557.0  0.21
       6 13  70.1  53.4  60.8  75.0  52.4  0.01  18.3 140.0   5.8 452.5  0.19
       6 14  79.5  56.1  65.7  74.7  56.8  0.30  34.0 231.2   9.6 677.6  0.30
       6 15  77.5  53.2  63.0  72.0  53.0        17.2 120.1   5.0 664.4  0.26
       6 16  76.2  49.7  62.9  64.4  49.2        21.8  72.8   3.0 706.0  0.26
       6 17  80.6  48.7  66.2  59.7  49.2        17.8 116.8   4.9 747.0  0.29
       6 18  92.5  55.7  70.1  59.5  51.6        34.8 131.3   5.5 692.7  0.36
       6 19  95.1  58.5  75.5  51.5  51.7        16.7 126.7   5.3 679.0  0.35
       6 20  94.0  54.9  74.8  48.3  49.9  0.01  24.0 114.8   4.8 726.0  0.36
       6 21  88.6  57.7  74.3  48.2  50.9        24.8 186.2   7.8 687.0  0.37
       6 22  97.4  61.7  80.6  40.5  50.3  0.03  38.9 293.9  12.2 744.0  0.51
       6 23  91.3  61.7  75.9  47.9  52.2        25.1 195.7   8.2 615.8  0.39
       6 24  80.5  55.7  68.6  61.4  53.5  0.07  33.5 168.1   7.0 714.0  0.33
       6 25  85.3  52.4  64.9  69.6  52.7  0.02  30.9 156.8   6.5 698.6  0.36
       6 26  90.1  52.7  71.5  51.9  48.3        20.8 143.5   6.0 798.0  0.39
       6 27  93.8  56.6  73.2  39.3  43.9  0.01  28.5 131.3   5.5 650.8  0.38
       6 28  92.5  50.4  72.4  42.3  43.9        18.9  91.5   3.8 656.3  0.33
       6 29  88.5  56.3  73.9  40.2  46.3        23.2 157.2   6.5 738.0  0.38
       6 30  93.5  65.0  78.7  39.3  49.1  0.01  30.3 217.4   9.1 801.0  0.47
       7  1  85.8  57.0  73.5  36.0  41.8        30.2 222.2   9.3 823.0  0.46
       7  2  82.6  44.0  66.0  39.1  38.9        25.0 167.2   7.0 797.0  0.41
       7  3  70.6  53.0  61.9  53.1  44.3        25.7 192.0   8.0 775.0  0.35
       7  4  82.3  45.5  66.3  50.5  45.2        24.3 148.8   6.2 765.0  0.34
       7  5  80.0  50.4  65.7  55.9  48.6  0.09  27.1 178.5   7.4 642.6  0.31
       7  6  89.1  49.6  70.1  52.7  48.6  0.03  33.6 201.6   8.4 631.1  0.36
       7  7  85.9  53.8  72.2  52.6  51.7  0.03  29.1 175.0   7.3 775.0  0.36
       7  8  88.5  58.6  73.3  47.5  50.3  0.02  20.6 146.4   6.1 607.8  0.33
       7  9  90.0  51.8  72.9  49.6  49.6  0.01  21.4 155.6   6.5 773.0  0.38
       7 10  91.5  55.2  76.8  41.9  49.2        24.1 148.9   6.2 678.1  0.35
       7 11  83.4  60.0  70.6  63.7  56.8  0.54  20.1 120.6   5.0 416.4  0.24
       7 12  89.4  55.9  72.7  53.5  51.6  0.04  26.7 113.9   4.7 686.2  0.33
       7 13  83.8  52.0  69.3  44.9  44.8        20.5 124.6   5.2 778.0  0.36
       7 14  86.7  57.0  73.3  44.7  48.6  0.04  23.5 152.2   6.3 731.0  0.35
       7 15  97.9  57.2  76.1  45.9  50.6        13.4  90.5   3.8 789.0  0.38
       7 16  99.6  52.7  76.7  39.8  47.2        25.6 107.1   4.5 715.0  0.38
       7 17  98.4  53.8  78.0  37.3  46.8        31.6 122.8   5.1 692.7  0.38
       7 18  94.7  53.3  76.9  39.8  46.2        30.0 161.0   6.7 680.9  0.40
       7 19  86.3  58.1  68.2  74.2  58.6  1.37  55.7 115.0   4.8 412.5  0.25
       7 20  82.3  56.4  68.6  80.0  62.0  0.02   9.4  55.3   2.3 731.0  0.26
       7 21  85.7  56.4  71.2  74.6  62.3  0.22  31.0 126.9   5.3 750.0  0.30
       7 22  90.0  62.4  75.7  68.1  63.5        17.1 110.6   4.6 718.0  0.29
       7 23  92.0  59.9  76.7  65.4  63.3        24.3  98.7   4.1 740.0  0.30
       7 24  90.1  62.6  75.8  70.2  64.4        10.1  60.9   2.5 706.0  0.28
       7 25  89.5  61.4  72.8  75.8  64.0  0.01  28.5  93.1   3.9 497.0  0.25
       7 26  93.1  55.6  72.7  67.1  59.2  0.04  31.0 104.8   4.4 712.0  0.33
       7 27  85.9  62.2  70.5  79.0  63.0  2.07  20.0 121.7   5.1 354.4  0.21
       7 28  76.6  62.7  67.9  83.5  62.5  0.47  19.6 142.5   5.9 306.4  0.16
       7 29  83.3  62.3  70.0  79.3  62.8  0.22  24.9 227.6   9.5 468.7  0.26
       7 30  87.5  64.3  74.4  69.9  62.9        21.9 178.8   7.5 639.4  0.30
       7 31  85.8  63.8  72.3  74.9  62.9        22.6  88.9   3.7 555.9  0.23
       8  1  87.4  62.2  73.7  69.7  61.5        14.9  94.5   3.9 705.0  0.28
       8  2  90.7  60.5  73.1  66.1  58.9  0.03  33.0  83.6   3.5 599.3  0.27
       8  3  91.6  55.9  74.4  59.2  56.5  0.04  36.2  92.8   3.9 701.0  0.30
       8  4  83.4  59.9  70.7  71.5  60.3  1.21  40.7 168.4   7.0 518.6  0.26
       8  5  68.4  59.3  64.4  88.3  60.9  0.67  17.0 129.0   5.4  99.7  0.07
       8  6  72.5  58.6  63.1  80.4  56.6  0.31  15.7 120.3   5.0 419.6  0.19
       8  7  79.9  53.1  66.3  66.2  53.3        16.1  99.1   4.1 692.2  0.26
       8  8  88.8  57.1  71.9  59.3  55.0  0.01  18.7 153.9   6.4 639.7  0.30
       8  9  71.8  56.9  64.7  68.8  53.9  0.02  30.5 162.7   6.8 441.5  0.20
       8 10  62.2  57.0  60.1  86.9  56.2  0.11  22.8 180.6   7.5  97.3  0.07
       8 11  71.1  55.4  60.3  87.1  56.4  0.07  17.3 111.1   4.6 297.1  0.14
       8 12  77.6  51.4  63.3  76.4  55.2  0.04  25.6  75.3   3.1 659.8  0.22
       8 13  86.9  52.2  67.4  65.5  53.3        18.0  88.8   3.7 689.4  0.27
       8 14  82.6  51.5  67.0  60.2  50.5  0.02  28.2 132.6   5.5 628.0  0.27
       8 15  89.3  52.7  71.7  54.0  51.1        14.2 112.1   4.7 695.9  0.30
       8 16  81.4  57.2  67.2  68.9  55.7  0.01  26.3 152.9   6.4 641.9  0.28
       8 17  76.8  57.4  64.7  77.0  57.0        20.7 153.5   6.4 414.0  0.20
       8 18  82.4  55.8  65.8  78.8  58.7  0.11  32.1 148.0   6.2 431.8  0.22
       8 19  81.9  51.0  65.3  70.1  54.0  0.01  19.8  93.8   3.9 550.1  0.22
       8 20  82.5  52.2  68.3  70.1  57.1        19.7  98.9   4.1 659.2  0.24
       8 21  90.6  58.5  72.1  61.9  56.1  0.02  29.9 135.4   5.6 579.6  0.28
       8 22  85.4  53.0  68.8  63.2  53.5         9.7  79.0   3.3 658.3  0.25
       8 23  91.3  51.0  71.4  58.2  53.3        14.2  84.0   3.5 663.5  0.27
       8 24  93.3  51.9  73.0  53.7  51.3        13.1  80.1   3.3 648.9  0.28
       8 25  92.5  55.4  73.5  59.6  56.4        12.6  91.7   3.8 573.9  0.25
       8 26  90.9  63.8  73.8  67.2  60.5        20.9 114.7   4.8 542.6  0.26
       8 27  87.0  58.1  72.6  66.2  58.4        14.5  80.3   3.3 632.8  0.25
       8 28  91.7  57.2  74.4  58.7  55.8        14.4  77.9   3.2 622.2  0.26
       8 29  89.6  59.1  73.4  60.0  56.1        15.9 103.9   4.3 631.7  0.28
       8 30  84.6  54.7  70.2  59.9  53.9        13.7  84.3   3.5 538.1  0.22
       8 31  82.8  57.9  71.6  59.6  56.0        23.0 157.5   6.6 463.7  0.23
       9  1  85.0  55.2  70.4  61.8  54.9        24.6 150.0   6.3 524.7  0.25
       9  2  71.0  57.8  64.2  80.5  57.9  0.33  14.5 115.7   4.8 184.1  0.10
       9  3  79.0  58.6  68.2  75.3  59.6  0.02  18.3 160.0   6.7 489.3  0.21
       9  4  84.8  59.5  69.2  72.3  58.9  0.06  25.2 155.6   6.5 582.6  0.26
       9  5  85.1  57.9  68.4  71.8  57.1  0.02  20.2  76.3   3.2 595.8  0.22
       9  6  87.5  55.7  69.4  66.0  55.6        22.6  89.2   3.7 545.4  0.22
       9  7  86.5  54.7  66.1  66.9  52.6  0.03  34.9 119.5   5.0 528.9  0.25
       9  8  86.1  49.2  66.9  56.9  48.6        28.9 126.3   5.3 557.3  0.26
       9  9  76.9  46.8  61.8  64.9  48.7        14.8  87.3   3.6 578.4  0.21
       9 10  88.5  49.5  67.3  57.5  48.8        14.2  89.2   3.7 581.1  0.24
       9 11  88.1  52.1  69.0  57.6  50.8        30.8 102.8   4.3 490.5  0.22
       9 12  85.3  53.0  67.6  57.4  48.9        14.0  73.2   3.0 485.6  0.19
       9 13  89.4  50.1  70.0  50.7  47.0        21.9 113.2   4.7 573.6  0.26
       9 14  89.0  57.2  72.2  51.3  50.3        16.1 102.3   4.3 559.4  0.24
       9 15  93.3  49.5  70.2  47.3  44.6        20.2 101.9   4.2 552.2  0.26
       9 16  76.0  49.7  64.6  50.2  44.3        19.6  66.4   2.8 270.1  0.14
       9 17  85.0  42.3  64.1  48.6  40.1        18.3 116.7   4.9 554.2  0.26
       9 18  88.8  47.9  66.0  55.4  46.8        28.0  99.6   4.2 446.4  0.21
       9 19  68.9  46.5  55.0  66.0  43.3  0.03  30.9 213.7   8.9 478.7  0.23
       9 20  51.4  43.8  47.7  77.7  41.0  0.01  19.7 168.4   7.0 115.1  0.09
       9 21  61.4  46.2  51.2  76.6  44.1  0.01  23.0 236.9   9.9 263.6  0.15
       9 22  59.4  48.2  52.5  81.5  46.8        14.9 150.6   6.3 133.1  0.07
       9 23  55.8  48.5  50.9  79.8  44.8        18.4 147.4   6.1 175.1  0.07
       9 24  69.4  43.3  54.2  69.8  43.2        12.3  68.7   2.9 460.2  0.13
       9 25  80.5  36.5  56.7  58.1  39.0  0.01  15.8  99.6   4.2 530.7  0.19
       9 26  86.1  42.6  63.2  55.1  44.3        11.0  76.2   3.2 448.0  0.16
       9 27  82.6  40.0  60.6  59.8  44.4  0.01  32.6 157.3   6.6 493.0  0.23
       9 28  75.9  32.1  51.7  57.5  34.2        15.3  92.1   3.8 520.9  0.20
       9 29  82.0  34.2  56.3  52.4  35.6        12.0  66.0   2.8 514.3  0.18
       9 30  83.1  37.5  58.4  52.7  38.3        13.4  69.7   2.9 496.4  0.17
      10  1  88.6  43.4  65.8  49.4  42.7        17.5 106.7   4.4 491.7  0.19
      10  2  87.4  44.9  64.6  51.5  43.3        14.3  92.0   3.8 469.9  0.19
      10  3  77.1  45.5  60.9  48.6  39.8        29.2 131.1   5.5 389.6  0.18
      10  4  85.1  37.0  61.4  50.2  38.8        24.4 140.1   5.8 484.5  0.24
      10  5  83.9  38.3  61.5  49.9  38.8        25.1 145.9   6.1 456.9  0.22
      10  6  69.3  41.1  53.5  57.0  37.2        19.7  96.5   4.0 442.3  0.16
      10  7  83.3  37.0  61.6  50.6  39.7        32.5 196.7   8.2 416.0  0.24
      10  8  67.2  35.0  54.2  61.6  41.5  0.08  32.7 248.5  10.4 220.8  0.15
      10  9  68.4  30.4  49.8  57.2  33.2        32.4 229.5   9.6 449.6  0.22
      10 10  83.7  32.8  58.7  55.9  40.5        33.8 199.1   8.3 359.2  0.22
      10 11  82.7  50.5  67.6  57.3  50.5  0.12  45.1 392.7  16.4 383.6  0.28
      10 12  50.6  31.8  41.3  68.5  31.5  0.29  38.8 351.4  14.6 140.1  0.14
      10 13  57.4  26.7  40.8  62.7  27.7        21.8 159.2   6.6 454.8  0.16
      10 14  69.6  29.0  46.9  60.2  31.7        14.5  91.5   3.8 439.4  0.14
      10 15  64.9  33.3  47.5  63.5  34.3        17.8 135.8   5.7 431.5  0.13
      10 16  70.2  28.5  47.0  65.3  34.0        10.2  51.2   2.1 423.6  0.10
      10 17  79.0  31.9  52.9  56.2  34.8        13.7  98.2   4.1 423.9  0.15
      10 18  77.2  36.2  53.5  52.8  33.8        25.5 155.4   6.5 424.6  0.19
      10 19  51.7  43.0  46.7  65.4  35.6        19.4 179.2   7.5 210.0  0.10
      10 20  56.2  43.4  48.0  61.6  35.4        24.8 202.5   8.4 223.0  0.12
      10 21  58.9  35.5  47.2  68.4  36.7        11.5  69.0   2.9 380.4  0.09
      10 22  69.1  29.5  47.0  60.2  31.4        14.0  98.1   4.1 390.5  0.12
      10 23  65.0  33.7  50.2  51.5  31.8        23.0 169.5   7.1 340.2  0.13
      10 24  47.5  19.4  31.8  87.5  29.0  1.02  33.6 348.9  14.5  50.5  0.09
      10 25  22.2  14.0  18.9  81.7  14.2  0.01  38.7 466.1  19.4 147.5  0.07
      10 26  31.4   1.4  14.9  69.1   6.9        13.9 148.7   6.2 409.8  0.08
      10 27  45.7   6.8  24.2  68.3  16.6  0.04  11.9 121.1   5.0 392.8  0.07
      10 28  52.8  19.3  31.9  74.1  24.3        11.9 117.5   4.9 376.0  0.07
      10 29  49.6  23.5  34.5  75.5  27.3        12.7 125.5   5.2 286.6  0.05
      10 30  59.6  28.2  40.3  72.3  31.5        13.7 127.9   5.3 340.1  0.08
      10 31  61.4  32.5  42.5  70.7  33.2  0.05  39.2 199.2   8.3 196.7  0.10
      11  1  53.4  29.6  39.6  65.6  27.9        32.5 220.6   9.2 307.4      
      11  2  49.9  27.7  38.5  57.7  24.2        38.5 297.5  12.4 320.4      
      11  3  59.8  22.5  39.8  59.4  26.1        15.4 101.3   4.2 332.0      
      11  4  63.5  33.3  45.5  61.0  31.6        38.1 195.1   8.1 272.1      
      11  5  55.0  26.5  38.9  70.7  29.5        11.5  91.9   3.8 333.1      
      11  6  64.9  24.9  40.7  67.3  29.5        10.3  83.6   3.5 337.2      
      11  7  68.0  26.7  41.8  66.7  29.9         9.9  77.0   3.2 333.4      
      11  8  47.1  30.6  37.2  78.6  31.2        22.9 231.9   9.7 115.7      
      11  9  32.4  20.9  28.5  87.3  25.3  0.09  18.0 187.2   7.8 162.4      
      11 10  31.8  21.1  26.8  79.8  21.5  0.03  22.3 176.5   7.4 188.1      
      11 11  29.3  23.3  26.3  75.8  19.7        15.8 126.2   5.3 146.5      
      11 12  35.3  20.6  27.7  79.5  22.1  0.08  17.0 135.6   5.7 272.3      
      11 13  39.0  16.9  25.0  68.8  16.3  0.03  25.0 244.1  10.2 300.1      
      11 14  23.7  10.4  16.6  61.8   5.8  0.03  31.9 300.2  12.5 233.5      
      11 15  29.3   5.6  15.7  70.8   7.6        15.2 104.0   4.3 312.6      
      11 16  42.8   5.2  19.9  69.4  11.6        12.4 112.8   4.7 314.4      
      11 17  48.9  10.8  26.3  67.5  16.4        11.9 109.6   4.6 298.0      
      11 18  50.7  18.7  32.0  64.8  20.4        26.6 165.9   6.9 262.5      
      11 19  58.2  18.4  35.3  63.2  22.9         9.4  61.8   2.6 299.8      
      11 20  52.0  21.6  37.6  64.4  26.3        25.6 143.2   6.0 201.1      
      11 21  43.5  19.0  30.8  70.9  21.8        11.4 111.2   4.6 185.8      
      11 22  46.3  16.6  28.7  71.7  20.1        12.6  77.9   3.2 209.6      
      11 23  34.7  13.4  25.6  81.1  21.1        13.1 101.2   4.2 140.0      
      11 24  59.5  17.5  34.5  67.6  24.0        13.9 100.8   4.2 283.4      
      11 25  62.9  22.6  40.4  59.5  26.0        20.0 147.0   6.1 241.5      
      11 26  44.1  20.6  36.0  64.4  24.6        37.0 260.7  10.9 104.2      
      11 27  62.2  27.1  43.7  64.5  32.1  0.01  29.4 210.0   8.8 205.4      
      11 28  49.4  30.7  38.8  70.9  29.8        15.1  95.7   4.0  91.1      
      11 29  53.1  21.9  35.9  67.3  25.3        20.8 120.2   5.0 265.9      
      11 30  50.4  16.1  32.0  69.1  22.5  0.01  17.1 137.7   5.7 255.3      
      12  1  45.7  25.3  33.8  72.1  25.3        14.3  90.6   3.8 183.1      
      12  2  35.1  26.4  31.1  76.6  24.7        22.9 163.1   6.8  47.0      
      12  3  36.8  19.0  27.0  74.1  19.5        18.7 133.6   5.6 257.7      
      12  4  38.4  11.8  24.9  66.9  14.8  0.02  26.6 153.3   6.4 261.6      
      12  5  33.1   7.0  17.6  70.5   9.3         8.2  44.0   1.8 254.2      
      12  6  39.8   8.2  21.6  73.3  14.5        12.0  46.4   1.9 233.7      
      12  7  30.4  12.7  21.7  84.6  18.1        12.0  69.8   2.9  76.4      
      12  8  50.6  15.5  30.2  69.9  20.9        16.6  92.2   3.8 236.0      
      12  9  30.0  23.3  26.3  85.1  22.5  0.17  17.0 166.9   7.0 155.4      
      12 10  27.6  22.8  25.0  81.3  20.1  0.15  30.9 276.2  11.5 129.1      
      12 11  29.3   5.1  21.1  58.4   9.1        26.4 238.4   9.9 260.5      
      12 12  40.9  -5.4  19.9  56.7   9.1        18.6 157.2   6.5 259.3      
      12 13  43.2  14.6  27.6  59.7  15.7        16.4 148.8   6.2 253.7      
      12 14  42.8  11.0  24.4  69.9  16.6        13.7 144.5   6.0 255.3      
      12 15  45.6  15.2  30.1  67.2  20.6        21.9 161.4   6.7 243.2      
      12 16  45.6  20.0  30.6  70.7  22.1        17.7 118.4   4.9 248.7      
      12 17  44.2  19.1  28.8  76.6  22.5        10.6 102.6   4.3 170.0      
      12 18  41.6  18.8  28.7  79.2  23.0        11.3  78.3   3.3 175.1      
      12 19  33.1  20.6  27.6  81.9  22.9        15.9 118.3   4.9  60.9      
      12 20  35.0  15.7  26.5  80.6  21.5        17.4 122.4   5.1 235.8      
      12 21  27.8  14.7  22.4  87.8  19.7        10.5  90.7   3.8  90.5      
      12 22  39.2  15.8  25.7  72.8  17.5        18.5 115.2   4.8 200.7      
      12 23  41.4  10.6  25.1  74.9  19.2        15.6  98.5   4.1 227.8      
      12 24  28.7  24.2  26.3  74.8  19.3  0.03  20.8 234.7   9.8  86.4      
      12 25  30.1  11.9  21.3  75.9  14.8  0.02  15.3 143.2   6.0 225.0      
      12 26  36.6   8.6  26.2  66.0  16.5  0.03  24.4 231.5   9.6 237.0      
      12 27  43.8   7.2  22.1  65.7  12.6  0.04  44.4 292.4  12.2  97.6      
      12 28  36.3  24.3  30.0  51.5  14.3        38.6 340.2  14.2 221.5      
      12 29  47.5  31.4  38.8  58.3  25.3        21.9 160.3   6.7 106.6      
      12 30  45.1  22.6  34.7  68.8  25.0        39.5 205.5   8.6 114.4      
      12 31  53.1  18.6  31.4  76.1  24.7        13.1 118.5   4.9 250.1      

      Total                               18.18                         53.86
        Max  99.6  65.0  80.6  88.3  64.4        55.7 570.5  23.8 823.0
        Min   0.2 -15.3  -5.7  35.5 -12.3         8.2  44.0   1.8  47.0
        Ave  62.8  33.7  47.7  63.1  34.2        23.4 161.9   6.7 431.5
