                                                                    07-JUN-99
      Cellular-linked Weather Station near STERLING, Colorado            1997
      -----------------------------------------------------------------------
               Temperature      Rel   Dew             Wind        Solar Alflf
            ----------------- Humid Point  Prec -----------------   Rad   ETR
       Date   Max   Min   Ave   Ave   Ave Total   Max Total   Ave Total Total
      MoDay     F     F     F     %     F  inch   mph miles   mph Langl  inch
      ----- ----- ----- ----- ----- ----- ----- ----- ----- ----- ----- -----
       1  1  53.7  22.7  35.5  64.6  24.1        15.9 131.5   5.5 120.0      
       1  2  70.0  32.2  45.4  49.0  26.0        16.7 134.4   5.6 148.1      
       1  3  53.6  25.8  38.9  74.3  32.0        22.1 128.5   5.4 140.2      
       1  4  41.1  21.6  33.7  46.2  14.9        42.6 408.9  17.0 219.3      
       1  5  34.0  11.4  22.0  41.8   0.9        19.0 152.4   6.3 222.1      
       1  6  34.0   3.5  17.0  51.1   1.4        17.5  95.2   4.0 226.1      
       1  7  44.6   0.1  22.8  58.2   8.8  0.03  16.6 151.6   6.3 214.8      
       1  8  39.7  20.1  30.2  72.3  21.9  0.03  21.4 133.2   5.5 169.7      
       1  9  28.5  10.9  21.1  85.4  17.6  0.11  31.0 215.2   9.0  81.2      
       1 10  11.4   4.6   8.1  56.2  -4.0  0.01  28.6 281.4  11.7 166.4      
       1 11   4.7  -4.4  -1.0  71.3  -8.0  0.08  17.2 181.4   7.6 148.9      
       1 12   3.0 -16.7  -5.9  79.6 -10.0  0.09  10.4 104.1   4.3 208.4      
       1 13   7.6 -17.2  -1.3  77.5  -5.3        26.5 222.1   9.3 170.5      
       1 14  18.5  -4.6   5.8  74.6   0.0        14.1  83.6   3.5 253.0      
       1 15  32.1   4.3  23.1  74.4  16.5        40.3 348.9  14.5 207.9      
       1 16  19.1  -2.4   9.1  70.3   1.4        30.0 151.2   6.3 253.1      
       1 17  26.3  -0.8  10.1  76.7   5.1        15.9 189.6   7.9 247.6      
       1 18  48.1  13.1  30.4  70.4  22.9        18.0 166.7   6.9 201.2      
       1 19  48.5  20.9  31.9  82.0  27.0        17.3 158.7   6.6 246.5      
       1 20  52.3  22.3  33.6  83.2  28.7        12.1 108.2   4.5 222.8      
       1 21  53.3  24.3  36.7  64.1  23.7        26.9 185.6   7.7 163.5      
       1 22  48.3  25.0  35.9  42.9  14.8        23.4 147.0   6.1 251.0      
       1 23  36.1  19.8  27.8  71.9  19.9        19.6 120.8   5.0  81.2      
       1 24  39.1  11.8  25.8  53.9   8.6        32.6 218.3   9.1 273.5      
       1 25  20.0   1.8  12.1  68.3   3.6        22.4 213.3   8.9 223.5      
       1 26  34.9   7.7  21.7  59.7   9.9        26.9 145.8   6.1 141.6      
       1 27  33.9   7.3  17.7  66.5   7.1  0.02  25.0 142.0   5.9 251.6      
       1 28  47.6   6.7  26.9  70.7  19.0        37.8 171.9   7.2 218.3      
       1 29  49.5  23.9  37.1  62.3  24.3        21.5 172.4   7.2 277.6      
       1 30  61.2  21.0  37.8  61.3  22.0        18.9 165.7   6.9 262.0      
       1 31  66.3  28.2  46.9  47.4  26.0        15.3  90.4   3.8 203.1      
       2  1  63.5  34.2  49.3  42.5  25.7        32.5 201.0   8.4 241.8      
       2  2  50.7  23.1  37.2  64.8  25.9        23.7 146.2   6.1 168.3      
       2  3  43.0  26.7  32.8  76.0  25.8  0.05  36.2 274.8  11.4 201.5      
       2  4  35.6  21.0  27.4  67.4  17.6        19.9 173.0   7.2 289.8      
       2  5  28.2  14.7  23.9  81.7  19.2        18.0 133.9   5.6  74.6      
       2  6  26.0  21.0  23.5  95.4  22.4  0.29  13.1 105.4   4.4  93.6      
       2  7  27.1   1.4  18.6  90.5  17.0  0.03  12.3  91.7   3.8 305.7      
       2  8  39.0  -1.7  15.7  79.6  11.2        12.4  87.3   3.6 324.3      
       2  9  42.6   2.9  20.5  73.1  12.7        12.5  85.8   3.6 320.5      
       2 10  41.3  10.3  27.6  67.6  17.9        20.5 113.6   4.7 318.9      
       2 11  37.8  24.4  31.5  74.5  24.0  0.02  21.1 177.4   7.4 190.8      
       2 12  35.4  21.8  27.2  87.1  23.9  0.10  28.6 280.6  11.7 206.3      
       2 13  42.1  21.0  31.1  73.0  22.3  0.02  21.1 149.4   6.2 322.3      
       2 14  47.2  21.7  33.8  62.1  21.1        23.4 182.8   7.6 267.9      
       2 15  49.3  23.9  38.3  58.4  24.1        41.9 247.4  10.3 288.1      
       2 16  62.4  22.0  39.0  63.1  25.1        16.3 140.5   5.9 351.5      
       2 17  66.9  25.9  41.5  61.7  26.2        13.7  95.6   4.0 227.7      
       2 18  51.5  22.0  34.8  81.4  29.2  0.07  27.2 153.1   6.4 196.6      
       2 19  57.5  21.3  38.1  81.1  32.3        29.1 213.8   8.9 368.6      
       2 20  45.0  26.1  36.1  65.3  24.0        29.5 226.5   9.4 227.4      
       2 21  43.4  22.2  33.1  63.6  21.2        28.6 244.2  10.2 273.7      
       2 22  44.6  14.8  29.8  59.0  14.8        26.2 171.8   7.2 377.4      
       2 23  22.0  13.6  18.4  82.7  14.1  0.06  22.7 128.5   5.4 158.1      
       2 24  33.5   9.1  20.7  73.7  12.9        15.9  95.0   4.0 342.2      
       2 25  49.2  12.8  27.3  67.3  16.3        14.3  77.6   3.2 386.1      
       2 26  38.0  23.4  30.6  70.3  21.8        23.6 201.0   8.4 241.0      
       2 27  47.0  20.1  32.0  73.6  23.7        29.6 233.7   9.7 321.9      
       2 28  33.4  20.7  27.4  90.8  25.0  0.06  26.2 215.9   9.0  59.3      
       3  1  40.9   2.9  24.2  71.0  15.6        14.6 100.8   4.2 417.2  0.07
       3  2  58.0  17.7  37.3  59.7  21.8        25.7 168.2   7.0 418.0  0.10
       3  3  49.6  19.3  35.1  52.2  14.9        44.4 282.3  11.8 424.7  0.13
       3  4  29.2  14.7  23.9  87.9  20.8  0.12  14.6 129.5   5.4 195.9  0.04
       3  5  43.5   8.1  27.4  61.3  13.7        25.1 162.0   6.8 438.7  0.09
       3  6  64.6  16.7  37.7  54.9  18.0        14.5 117.6   4.9 352.6  0.10
       3  7  60.8  21.5  41.4  43.1  16.0        30.3 172.0   7.2 451.3  0.12
       3  8  68.3  21.4  46.0  41.8  19.5        25.7 142.6   5.9 455.8  0.13
       3  9  56.3  28.8  40.3  49.8  21.0        21.9 188.3   7.8 457.0  0.14
       3 10  72.3  26.3  48.8  37.5  18.1        42.7 233.1   9.7 462.7  0.21
       3 11  73.7  25.9  50.6  39.8  23.0        26.1 215.5   9.0 469.7  0.20
       3 12  67.5  29.9  42.3  57.0  27.1        17.4 140.6   5.9 317.4  0.14
       3 13  33.2  16.2  27.5  70.9  19.9        27.7 295.7  12.3 139.1  0.07
       3 14  22.9   9.5  16.4  60.0   5.3  0.06  22.9 180.2   7.5 281.6  0.07
       3 15  43.8  14.5  27.6  61.7  14.2  0.03  21.9 169.6   7.1 409.5  0.09
       3 16  74.9  24.8  47.7  47.3  25.9        14.9 113.4   4.7 409.4  0.11
       3 17  65.2  34.2  49.6  51.4  30.6        35.0 145.8   6.1 234.2  0.07
       3 18  61.2  30.0  46.9  47.2  25.4        29.4 212.6   8.9 505.4  0.16
       3 19  76.8  26.1  52.9  37.5  22.8        25.1 179.6   7.5 488.8  0.20
       3 20  81.8  36.9  57.5  31.4  22.8        20.6 122.2   5.1 438.4  0.17
       3 21  66.4  26.3  52.5  33.0  23.2        28.4 250.2  10.4 434.2  0.19
       3 22  70.5  22.1  46.3  38.7  18.2        23.8 154.5   6.4 510.2  0.20
       3 23  64.4  25.2  46.4  40.9  22.9        27.8 192.2   8.0 422.3  0.17
       3 24  46.4  26.8  39.0  58.5  26.0        35.4 313.2  13.1 182.5  0.10
       3 25  59.6  17.6  39.0  42.0  12.9        22.7 171.7   7.2 544.1  0.18
       3 26  73.0  25.6  49.7  37.7  20.0        24.1 156.7   6.5 546.2  0.19
       3 27  77.1  21.9  48.4  38.0  20.9        50.1 293.7  12.2 435.5  0.28
       3 28  60.4  34.1  45.9  38.5  19.6        29.1 194.7   8.1 549.4  0.19
       3 29  51.4  22.5  41.1  36.5  16.1        32.2 249.8  10.4 388.3  0.16
       3 30  68.4  14.0  43.9  29.0   8.9        21.7 144.9   6.0 558.0  0.19
       3 31  79.3  24.4  54.6  24.1  12.4        30.5 181.4   7.6 568.6  0.23
       4  1  55.7  40.6  48.7  26.9  15.5        27.2 251.8  10.5 464.1  0.19
       4  2  42.4  30.9  35.2  89.0  32.1  0.07  26.9 183.3   7.6  92.1  0.06
       4  3  73.8  28.8  49.7  66.4  36.2        27.5 207.1   8.6 572.1  0.21
       4  4  66.4  35.9  49.7  73.9  40.6  0.03  33.0 249.6  10.4 303.3  0.13
       4  5  36.1  23.4  28.4  65.6  18.6  0.01  50.8 590.5  24.6 378.0  0.16
       4  6  41.3  22.3  30.6  48.6  12.8        44.2 287.7  12.0 498.6  0.16
       4  7  59.4  13.0  34.4  50.8  15.2        28.3 155.2   6.5 517.6  0.16
       4  8  34.6  15.7  24.8  56.7  11.0        23.6 196.4   8.2 325.1  0.09
       4  9  27.7  19.1  23.1  82.1  18.2  0.04  27.5 294.2  12.3  60.7  0.04
       4 10  23.5  15.4  19.8  88.2  16.8  0.06  21.5 222.5   9.3 187.7  0.04
       4 11  20.4  11.6  15.3  81.4  10.5  0.05  22.6 248.9  10.4 526.5  0.08
       4 12  32.3   3.7  20.3  67.6  11.0        22.4 184.7   7.7 601.2  0.09
       4 13  51.9   8.3  31.0  56.2  13.0        21.5 146.5   6.1 629.0  0.14
       4 14  65.1  16.8  43.8  48.1  21.4        27.8 210.2   8.8 556.5  0.17
       4 15  61.5  42.6  50.5  55.1  33.9  0.02  27.0 181.1   7.5 333.3  0.11
       4 16  67.2  36.3  50.3  62.5  35.2  0.03  18.9 115.4   4.8 599.9  0.17
       4 17  77.9  29.6  55.0  43.3  25.8        22.4 133.5   5.6 642.4  0.23
       4 18  73.7  32.4  55.7  46.9  34.8        23.2 154.5   6.4 572.4  0.21
       4 19  79.3  38.5  63.8  38.0  33.0        34.8 189.4   7.9 498.9  0.22
       4 20  70.4  41.8  58.7  54.9  41.5        34.4 198.5   8.3 477.2  0.19
       4 21  61.7  41.4  53.8  41.8  30.4  0.03  36.0 271.7  11.3 505.2  0.23
       4 22  60.6  32.7  47.1  55.6  28.4        35.8 266.1  11.1 605.0  0.25
       4 23  61.3  24.8  45.3  54.8  27.3        27.8 177.2   7.4 601.7  0.21
       4 24  50.4  37.1  44.0  66.1  33.2        26.6 279.0  11.6 230.8  0.12
       4 25  53.7  24.8  41.0  65.4  27.9        21.9 172.6   7.2 535.6  0.16
       4 26  58.3  30.3  44.1  65.1  31.6        21.9 166.5   6.9 451.6  0.15
       4 27  70.4  23.7  49.3  52.0  28.7        17.4 138.0   5.8 649.7  0.21
       4 28  69.5  43.0  54.5  58.6  39.5  0.10  36.0 171.6   7.2 453.9  0.18
       4 29  66.0  40.4  52.3  78.3  45.1  0.01  28.6 190.2   7.9 385.0  0.14
       4 30  56.0  38.3  45.2  73.4  36.8  0.08  25.7 177.7   7.4 484.5  0.16
       5  1  64.6  39.6  50.9  57.4  35.3        29.2 247.0  10.3 370.9  0.19
       5  2  55.0  30.9  44.4  55.8  28.5        37.0 381.8  15.9 455.3  0.22
       5  3  65.0  25.4  47.1  49.1  26.1        22.4 119.3   5.0 665.2  0.21
       5  4  81.8  30.1  60.1  37.3  29.0        25.2 162.9   6.8 626.9  0.26
       5  5  74.9  41.0  60.5  42.5  35.1        24.4 136.4   5.7 683.2  0.24
       5  6  82.2  42.7  63.1  41.6  37.6        21.2 103.9   4.3 594.2  0.24
       5  7  72.5  45.5  60.5  44.7  37.7        25.5 196.5   8.2 563.2  0.25
       5  8  62.2  36.4  52.1  40.6  28.4        26.0 214.5   8.9 663.5  0.27
       5  9  72.2  27.8  53.4  44.4  30.4        23.5 180.0   7.5 699.8  0.28
       5 10  80.5  35.0  61.2  41.5  33.5        21.4 121.6   5.1 708.0  0.27
       5 11  59.0  36.8  51.5  44.3  30.3        28.8 235.2   9.8 429.0  0.20
       5 12  68.3  24.9  50.0  45.0  25.4        26.7 164.8   6.9 658.9  0.26
       5 13  76.2  30.3  58.4  36.8  28.9        30.5 273.0  11.4 616.0  0.32
       5 14  71.1  41.0  56.7  44.4  34.4        18.3 105.9   4.4 522.3  0.20
       5 15  76.9  33.9  59.1  48.1  37.4        18.9  84.3   3.5 661.2  0.23
       5 16  84.5  41.9  65.8  47.5  41.3        26.9 145.1   6.0 673.6  0.29
       5 17  85.1  45.9  67.8  45.2  43.9        27.2 130.5   5.4 564.6  0.26
       5 18  74.8  45.3  59.2  59.9  44.6  0.14  27.9 243.5  10.1 519.1  0.27
       5 19  66.2  37.9  52.3  69.9  42.0        20.5 166.1   6.9 565.7  0.22
       5 20  76.4  43.7  60.6  61.5  46.0        28.6 331.0  13.8 647.5  0.32
       5 21  74.3  52.9  61.1  71.7  51.7  0.10  27.4 356.4  14.8 349.8  0.23
       5 22  63.5  55.2  58.4  87.4  54.6  0.05  19.1 192.7   8.0 214.6  0.09
       5 23  65.9  50.6  57.7  88.2  53.9  0.08  22.1 167.6   7.0 320.3  0.12
       5 24  74.9  47.2  60.5  82.6  54.6  0.35  39.2 266.3  11.1 450.8  0.20
       5 25  63.9  49.7  54.9  87.5  50.9  0.34  27.1 150.0   6.3 361.3  0.14
       5 26  51.7  46.5  48.5  96.6  47.5  1.09  26.0 151.7   6.3 149.3  0.06
       5 27  60.5  43.2  51.0  86.8  47.0  0.18  19.6 114.2   4.8 435.9  0.14
       5 28  66.3  43.4  53.7  78.4  46.8  0.04  15.1  80.7   3.4 548.0  0.17
       5 29  67.6  49.3  56.8  89.0  53.4  0.40  20.6  93.2   3.9 390.6  0.12
       5 30  71.4  50.4  61.0  81.3  54.3        13.5  85.8   3.6 659.4  0.19
       5 31  83.5  53.2  68.1  67.9  55.9        15.6  89.9   3.7 719.0  0.25
       6  1  86.0  56.7  71.3  68.0  58.6  0.05  26.1 180.9   7.5 620.4  0.27
       6  2  76.3  57.2  66.0  82.1  60.0  1.17  41.7 212.3   8.8 506.9  0.22
       6  3  72.0  52.8  62.5  79.4  55.4        21.0 177.1   7.4 618.1  0.23
       6  4  72.4  44.7  59.8  80.8  53.2        21.7 157.4   6.6 625.4  0.23
       6  5  78.5  55.2  67.1  72.6  57.5        23.5 232.1   9.7 654.7  0.27
       6  6  75.4  59.2  66.2  74.8  57.7        23.4 196.6   8.2 361.4  0.18
       6  7  80.3  54.0  66.5  74.9  57.5        23.9 181.8   7.6 534.9  0.24
       6  8  78.2  59.5  67.0  72.7  57.2  0.11  26.2 269.1  11.2 538.4  0.28
       6  9  67.9  57.4  61.1  85.0  56.5        20.1 202.5   8.4 329.3  0.16
       6 10  73.4  53.8  61.9  78.3  54.5  0.28  26.2 252.0  10.5 521.2  0.25
       6 11  84.5  53.1  68.1  65.6  52.9        23.2 165.5   6.9 701.0  0.32
       6 12  74.7  51.6  63.3  77.2  55.2  0.07  18.3 135.2   5.6 574.8  0.22
       6 13  72.2  55.4  62.9  75.2  54.1        15.3 137.3   5.7 427.4  0.19
       6 14  83.8  57.0  67.7  71.7  57.2  0.15  27.0 267.5  11.1 563.9  0.32
       6 15  78.5  54.6  64.8  74.0  54.9  0.37  28.9 149.2   6.2 640.2  0.27
       6 16  78.7  51.3  64.6  69.8  52.6        15.8  74.0   3.1 683.6  0.25
       6 17  80.8  52.6  67.2  67.5  54.0        18.3 108.8   4.5 663.1  0.26
       6 18  91.1  54.4  70.4  68.4  57.2  0.08  27.2 124.1   5.2 661.0  0.31
       6 19  92.7  57.3  73.3  68.4  59.5        18.8 119.5   5.0 673.9  0.32
       6 20  91.4  56.9  73.5  63.9  58.7        24.3 132.8   5.5 714.0  0.33
       6 21  86.4  61.1  72.7  63.5  58.0  0.01  20.3 152.9   6.4 579.9  0.30
       6 22  94.2  59.1  79.5  50.8  56.4        26.2 274.1  11.4 713.0  0.43
       6 23  87.5  61.1  74.9  61.4  59.7        23.9 213.8   8.9 652.8  0.34
       6 24  77.6  59.1  69.0  65.5  56.5  0.01  22.1 154.8   6.5 639.5  0.28
       6 25  82.6  54.1  63.4  82.2  57.2  1.00  34.4 136.0   5.7 503.0  0.27
       6 26  84.6  49.3  67.4  75.4  58.1        24.3 161.3   6.7 674.8  0.29
       6 27  94.9  54.6  72.8  60.7  55.9        24.5 103.4   4.3 734.0  0.34
       6 28  91.9  52.4  72.9  57.8  54.4        18.0  92.5   3.9 684.3  0.31
       6 29  89.3  60.4  74.2  50.2  53.9        22.8 148.6   6.2 726.0  0.36
       6 30  93.0  55.7  76.2  55.7  57.3        23.2 130.2   5.4 741.0  0.35
       7  1  84.9  55.1  72.9  41.3  43.2        31.6 260.4  10.8 748.0  0.44
       7  2  78.4  44.8  65.0  48.1  43.5        21.5 152.9   6.4 740.0  0.34
       7  3  69.8  52.8  60.9  61.4  47.4        24.6 172.7   7.2 645.2  0.29
       7  4  84.4  43.7  65.5  58.6  48.7        21.3 123.4   5.1 701.0  0.31
       7  5  79.4  47.8  65.2  63.4  51.7        25.6 133.5   5.6 601.0  0.25
       7  6  87.2  50.6  69.2  64.5  54.6  0.06  29.2 221.6   9.2 600.5  0.33
       7  7  84.9  53.4  72.2  60.3  56.0        26.1 163.6   6.8 722.0  0.31
       7  8  87.0  61.6  74.9  50.6  54.4  0.32  29.3 179.4   7.5 655.7  0.34
       7  9  87.3  56.3  75.4  58.5  58.0        19.9 171.8   7.2 721.0  0.33
       7 10  90.8  58.6  76.8  52.7  56.4        24.9 154.9   6.5 634.4  0.33
       7 11  83.1  62.0  70.5  72.9  60.7  0.06  25.6 116.5   4.9 337.2  0.21
       7 12  90.3  56.1  73.8  62.1  57.0        26.2 137.8   5.7 696.6  0.34
       7 13  84.8  50.2  69.9  46.0  46.2        25.3 138.8   5.8 715.0  0.35
       7 14  89.4  52.3  71.1  59.6  54.8        23.3 116.3   4.8 661.1  0.31
       7 15  96.7  56.3  75.7  56.3  57.1        16.5  84.5   3.5 734.0  0.34
       7 16 102.2  53.2  77.7  47.4  52.4        26.0 137.7   5.7 673.5  0.40
       7 17 102.4  56.5  81.8  37.9  49.2        26.4 197.5   8.2 687.2  0.46
       7 18  99.8  57.2  80.4  39.0  48.9        26.3 189.3   7.9 703.0  0.45
       7 19  88.7  60.5  71.5  71.4  60.6  0.09  24.4 127.6   5.3 398.3  0.26
       7 20  86.2  60.3  72.0  72.1  60.8        12.5  73.2   3.0 674.7  0.28
       7 21  90.6  60.7  74.9  66.9  61.6        25.2 128.7   5.4 652.0  0.31
       7 22  96.2  65.1  79.9  55.1  59.9        18.9 137.9   5.7 721.0  0.36
       7 23  96.5  62.3  80.7  51.0  58.0        25.9 115.2   4.8 679.3  0.33
       7 24  94.0  63.8  78.4  59.9  61.0        20.0  97.5   4.1 643.5  0.31
       7 25  91.9  63.6  74.2  66.9  61.0  0.08  27.2 107.2   4.5 370.7  0.25
       7 26  92.6  58.5  74.3  68.2  60.9  0.15  30.0 101.7   4.2 667.8  0.31
       7 27  83.2  63.7  72.0  76.3  63.7        19.6 131.3   5.5 403.6  0.21
       7 28  75.3  63.9  69.2  82.0  63.3  0.15  19.5 130.1   5.4 252.8  0.13
       7 29  77.5  63.2  69.3  88.4  65.6  1.08  33.4 236.6   9.9 392.2  0.18
       7 30  84.2  65.9  73.1  83.1  67.3  0.68  30.5 225.8   9.4 492.1  0.24
       7 31  87.4  67.9  74.0  81.8  67.5  0.04  21.6 117.8   4.9 543.8  0.24
       8  1  85.9  63.3  74.5  78.8  66.5        14.3  86.2   3.6 653.4  0.24
       8  2  88.9  61.5  74.7  75.3  65.2        18.1  87.2   3.6 621.8  0.25
       8  3  93.4  61.0  75.1  71.9  64.1  0.45  21.5  86.5   3.6 660.1  0.29
       8  4  84.1  64.5  73.0  74.3  63.7  0.01  21.3 101.7   4.2 603.8  0.25
       8  5  69.8  60.3  65.2  96.0  63.9  1.17  16.1  96.5   4.0 117.5  0.07
       8  6  75.8  59.9  64.6  89.9  61.0  0.48  14.3  81.3   3.4 387.1  0.16
       8  7  79.6  53.4  66.7  77.6  58.6        17.2  83.4   3.5 596.5  0.21
       8  8  86.4  55.2  70.0  74.1  60.8  0.01  12.8 120.5   5.0 603.2  0.24
       8  9  74.7  58.4  65.7  69.0  54.9  0.01  29.4 177.2   7.4 552.1  0.24
       8 10  62.4  57.1  59.1  89.4  55.9  0.16  17.0 132.3   5.5  63.1  0.06
       8 11  68.1  53.3  59.1  94.7  57.6  0.05  11.9  77.9   3.2 226.9  0.09
       8 12  79.7  51.3  64.5  82.1  57.8  0.04  17.5  69.0   2.9 612.4  0.20
       8 13  83.7  52.5  68.3  74.8  58.8  0.01  22.7 100.2   4.2 646.5  0.23
       8 14  81.6  51.5  66.4  70.2  54.2  0.03  26.4 143.9   6.0 534.2  0.23
       8 15  85.2  54.8  70.7  65.5  57.4        15.6 112.5   4.7 643.1  0.25
       8 16  79.1  56.1  67.3  73.4  57.8  0.02  16.5 138.5   5.8 598.6  0.24
       8 17  74.8  58.0  64.6  81.4  58.5        17.8 140.3   5.8 400.5  0.18
       8 18  82.0  59.1  67.0  82.4  61.2  0.04  22.1 134.6   5.6 404.1  0.19
       8 19  84.0  50.9  65.9  78.7  58.1  0.01  16.7  76.8   3.2 495.0  0.19
       8 20  83.9  56.5  69.5  76.7  61.4        17.5  93.6   3.9 581.8  0.21
       8 21  89.2  57.9  73.2  67.1  59.4        25.1 116.8   4.9 557.2  0.24
       8 22  87.5  53.9  69.8  69.0  57.4        10.3  58.0   2.4 588.5  0.22
       8 23  93.5  52.6  71.0  69.7  59.3        12.5  80.1   3.3 612.5  0.26
       8 24  95.8  51.8  72.5  65.8  58.4        11.6  75.5   3.1 592.0  0.26
       8 25  92.6  55.4  73.7  67.5  60.5        12.3  87.4   3.6 575.7  0.24
       8 26  93.0  61.2  73.2  72.2  62.2  0.14  40.6 113.0   4.7 399.8  0.23
       8 27  88.9  58.9  73.2  73.2  62.2        14.6  75.8   3.2 584.9  0.23
       8 28  95.1  58.3  75.9  63.6  59.1        12.4  83.7   3.5 580.3  0.25
       8 29  92.7  60.2  75.6  59.4  57.5        21.5 129.6   5.4 588.5  0.29
       8 30  86.6  54.0  71.1  62.2  55.8        18.6  87.1   3.6 516.8  0.22
       8 31  85.8  58.2  72.6  63.8  58.3        22.4 169.9   7.1 471.7  0.25
       9  1  87.8  55.1  72.8  63.6  57.7        26.5 170.1   7.1 544.8  0.27
       9  2  74.1  59.7  66.1  78.3  58.9  0.01  17.4 132.1   5.5 220.4  0.13
       9  3  80.1  61.9  68.9  78.1  61.3        20.5 212.0   8.8 445.1  0.22
       9  4  89.8  57.2  69.8  76.6  60.9  0.42  29.2 112.4   4.7 498.0  0.23
       9  5  87.3  58.7  70.6  76.9  61.5        11.4  68.5   2.9 538.7  0.20
       9  6  90.4  54.9  69.7  74.8  59.4        18.0 103.3   4.3 498.3  0.23
       9  7  88.3  53.8  67.6  70.4  54.8        27.1 118.5   4.9 461.4  0.23
       9  8  88.3  50.8  68.5  60.2  50.5        27.2 160.9   6.7 492.7  0.27
       9  9  76.1  48.4  62.4  68.1  50.9        13.3  88.1   3.7 507.6  0.19
       9 10  86.5  47.7  67.6  64.6  53.0        16.9 118.2   4.9 527.4  0.22
       9 11  88.7  51.3  68.7  65.1  53.9        22.6 106.6   4.4 469.0  0.21
       9 12  86.1  54.9  68.1  65.2  54.1        17.3  79.4   3.3 419.0  0.18
       9 13  89.4  49.9  70.3  59.4  53.4        25.5 120.8   5.0 485.9  0.23
       9 14  89.2  61.5  72.5  62.3  57.3        17.5  85.5   3.6 427.1  0.19
       9 15  90.8  49.7  70.6  61.9  54.4        15.5  89.0   3.7 503.7  0.21
       9 16  73.6  49.8  63.8  54.7  46.4        25.6 112.2   4.7 268.2  0.15
       9 17  82.4  40.0  61.9  59.7  45.0        21.5 114.7   4.8 504.7  0.23
       9 18  87.6  47.5  66.5  61.0  51.2  0.01  25.7 111.7   4.7 397.1  0.19
       9 19  64.6  46.0  54.3  75.4  46.4  0.12  26.3 210.5   8.8 436.0  0.18
       9 20  52.5  43.8  48.8  79.9  42.5  0.04  17.1 142.8   6.0 171.6  0.09
       9 21  53.7  45.7  49.2  85.6  45.2  0.01  22.1 191.8   8.0 111.0  0.07
       9 22  57.5  48.8  51.9  94.1  50.1  0.03  15.5 145.3   6.1 135.6  0.05
       9 23  52.9  48.4  50.2  93.7  48.4  0.07  14.9 141.1   5.9 103.6  0.03
       9 24  67.5  43.0  54.6  82.7  48.6  0.02  11.2  64.9   2.7 437.4  0.11
       9 25  81.5  38.5  57.4  70.9  45.7  0.01  11.3  80.0   3.3 483.5  0.16
       9 26  84.7  40.6  63.7  62.8  49.0        14.0  71.1   3.0 439.2  0.14
       9 27  82.6  39.4  60.3  66.5  47.1        29.0 185.6   7.7 449.6  0.23
       9 28  73.0  34.0  51.7  65.2  36.7        21.9 116.2   4.8 469.9  0.19
       9 29  79.4  33.2  55.8  58.8  38.3        19.3  82.3   3.4 464.4  0.17
       9 30  85.7  35.7  57.9  61.9  42.4        13.7  78.6   3.3 448.3  0.17
      10  1  87.4  42.2  62.9  60.7  46.5        14.5  75.3   3.1 446.2  0.16
      10  2  86.7  43.1  63.8  59.8  47.1        22.3  81.7   3.4 437.2  0.16
      10  3  74.3  41.6  60.1  51.0  39.8        27.8 171.8   7.2 351.4  0.18
      10  4  84.3  35.9  59.9  55.7  40.6        22.4 146.4   6.1 437.9  0.22
      10  5  81.5  38.3  61.2  54.2  40.4        23.3 127.5   5.3 437.0  0.19
      10  6  71.2  40.9  55.7  56.2  39.2        21.4 137.4   5.7 416.7  0.17
      10  7  83.9  38.0  61.7  60.2  45.5        26.4 172.7   7.2 395.2  0.20
      10  8  68.0  33.1  55.0  63.8  43.3        27.2 256.3  10.7 173.1  0.13
      10  9  67.9  25.7  48.4  60.7  32.3        26.2 198.0   8.3 414.8  0.19
      10 10  82.7  31.0  60.3  57.0  43.2        26.6 207.9   8.7 380.5  0.21
      10 11  83.3  51.1  68.8  61.4  53.4  0.17  32.4 387.7  16.2 370.2  0.26
      10 12  51.3  31.4  41.4  78.1  35.1  0.39  35.7 333.8  13.9 102.8  0.11
      10 13  56.6  27.8  43.9  56.9  27.8        28.3 210.0   8.8 381.0  0.16
      10 14  69.5  28.8  48.8  59.9  33.2        15.9 104.8   4.4 398.3  0.13
      10 15  64.4  31.2  47.8  69.2  36.7        18.2 112.8   4.7 387.4  0.10
      10 16  72.4  30.0  50.1  68.5  38.3        14.2  81.4   3.4 381.9  0.11
      10 17  76.9  32.4  51.3  65.8  37.2        11.8 100.1   4.2 381.9  0.14
      10 18  76.5  35.8  54.0  56.8  34.3        20.7 138.9   5.8 381.8  0.16
      10 19  50.3  43.8  46.9  72.0  38.3        22.2 147.2   6.1 154.4  0.07
      10 20  56.2  43.7  47.5  64.3  36.1        16.3 140.1   5.8 195.0  0.09
      10 21  59.0  40.6  46.8  74.6  39.0  0.01  14.2  78.4   3.3 261.5  0.08
      10 22  69.2  27.9  46.2  69.1  34.2        14.8  65.1   2.7 354.2  0.10
      10 23  62.5  30.4  48.5  56.0  32.6        18.7 130.5   5.4 299.3  0.10
      10 24  46.2  20.2  32.0  96.8  31.1  0.93  30.3 311.9  13.0  59.4  0.07
      10 25  21.4  12.8  18.6  90.2  16.2        32.4 424.2  17.7 131.7  0.04
      10 26  33.1  -1.7  16.4  81.0  12.6        12.6 137.3   5.7 363.5  0.06
      10 27  48.3  13.5  26.8  80.5  22.1  0.16  17.8 162.5   6.8 344.9  0.07
      10 28  57.2  21.5  34.7  80.8  28.7  0.12   9.6  94.1   3.9 340.0  0.06
      10 29  52.9  23.6  35.8  83.1  30.9  0.01  14.5 127.8   5.3 246.1  0.05
      10 30  64.1  29.4  43.8  73.1  34.3        22.5 132.0   5.5 295.9  0.08
      10 31  64.4  31.9  42.8  75.5  34.9        32.6 207.7   8.7 220.5  0.12
      11  1  55.4  34.9  42.5  61.2  29.0        28.8 264.9  11.0 302.1      
      11  2  49.7  26.4  40.3  55.2  24.6        38.4 361.7  15.1 301.9      
      11  3  60.7  24.9  40.0  59.7  25.5        17.4 105.7   4.4 298.9      
      11  4  63.5  32.6  46.3  61.5  31.7        31.5 206.4   8.6 304.6      
      11  5  55.8  30.0  40.5  77.7  33.5        10.2  67.0   2.8 252.4      
      11  6  66.2  21.9  39.9  74.6  30.8        10.6  80.3   3.3 301.1      
      11  7  70.1  25.5  43.3  72.5  32.7        12.9  90.2   3.8 297.7      
      11  8  44.7  30.7  37.7  84.8  33.5        24.7 233.7   9.7  89.9      
      11  9  32.1  23.6  28.5  99.7  28.4  0.23  18.6 184.8   7.7 104.9      
      11 10  32.7  19.9  25.2  86.4  21.9        17.5 124.9   5.2 147.5      
      11 11  29.3  22.5  26.3  77.8  20.2        15.5 111.7   4.7 140.8      
      11 12  37.0  20.3  27.4  86.4  23.8  0.07  16.3 130.1   5.4 185.3      
      11 13  38.7  15.2  25.1  72.6  17.4        26.6 231.3   9.6 253.1      
      11 14  24.8  11.7  17.3  64.1   7.1        31.4 301.3  12.6 240.9      
      11 15  30.9   3.0  16.2  71.9   8.1        14.5 101.5   4.2 273.0      
      11 16  41.8   6.2  21.1  70.5  11.8        13.6 121.6   5.1 277.0      
      11 17  51.2  14.2  30.1  66.5  18.1        27.9 196.0   8.2 264.5      
      11 18  51.7  21.3  35.1  60.7  20.1        28.2 190.1   7.9 265.3      
      11 19  48.9  19.3  33.7  69.0  23.4        12.1  82.9   3.5 182.4      
      11 20  51.7  21.7  40.2  60.3  26.6        25.2 172.1   7.2 238.6      
      11 21  51.4  18.3  32.5  71.7  22.8        20.5 141.1   5.9 169.4      
      11 22  49.7  17.8  30.5  70.2  20.2        19.1 114.3   4.8 181.9      
      11 23  38.2  11.4  26.1  82.4  21.7        12.9 116.5   4.9 134.7      
      11 24  61.5  18.0  35.2  68.8  23.8        14.9 111.3   4.6 251.0      
      11 25  66.5  24.3  41.8  58.7  24.9        26.4 166.2   6.9 233.7      
      11 26  45.4  18.6  34.3  71.9  25.3        23.0 147.2   6.1 100.2      
      11 27  61.9  23.1  42.5  66.9  31.4        22.7 133.7   5.6 195.8      
      11 28  52.2  29.8  39.7  61.8  26.9        17.5 109.9   4.6 131.4      
      11 29  54.1  18.9  34.7  68.1  23.6        22.4 125.5   5.2 235.5      
      11 30  51.2  13.6  29.9  74.3  21.9        16.9 109.9   4.6 223.0      
      12  1  44.6  21.7  33.8  75.7  26.6        12.4  99.4   4.1 172.5      
      12  2  34.4  26.9  31.6  76.8  25.1        23.5 173.0   7.2  46.4      
      12  3  39.4  20.5  29.2  69.4  19.8        17.2 133.9   5.6 220.9      
      12  4  36.5  11.4  25.2  63.5  14.0        28.5 127.6   5.3 224.3      
      12  5  33.0   4.8  17.1  74.5   9.8        12.1  56.3   2.3 222.8      
      12  6  41.6   5.3  21.7  76.4  15.4        15.1  74.6   3.1 196.1      
      12  7  29.4  12.4  21.3  94.3  20.3         7.4  55.3   2.3  38.4      
      12  8  54.2  15.8  30.6  78.5  23.6        15.1 118.1   4.9 199.6      
      12  9  30.4  24.9  26.7  95.6  25.7  0.16  16.8 154.5   6.4 120.4      
      12 10  29.3  23.4  26.2  84.7  22.2  0.01  29.2 239.9  10.0  94.0      
      12 11  32.2   2.6  22.2  65.4  12.4        25.2 239.6  10.0 225.3      
      12 12  45.6   2.1  24.5  54.5   9.5        20.5 141.9   5.9 224.2      
      12 13  52.1  20.0  34.5  53.0  18.4        16.3 116.6   4.9 221.6      
      12 14  47.9  17.7  28.9  72.1  20.5        16.5 169.2   7.0 220.5      
      12 15  51.6  18.2  32.6  69.7  22.9        24.8 141.1   5.9 174.9      
      12 16  48.3  17.4  31.0  73.7  22.7        17.9 132.4   5.5 218.0      
      12 17  50.0  20.7  30.4  78.0  23.8        16.2 129.1   5.4 147.2      
      12 18  45.6  17.9  29.8  81.7  24.5        10.0  81.0   3.4 148.1      
      12 19  34.0  18.7  27.2  86.8  23.8        17.2 118.0   4.9  58.9      
      12 20  40.7  15.2  28.3  84.0  23.9        19.6 127.9   5.3 191.7      
      12 21  28.7  12.1  21.2  95.9  20.5         9.4  65.4   2.7  74.9      
      12 22  39.7  11.4  25.9  70.8  16.8        20.9 127.3   5.3 189.2      
      12 23  44.0   6.1  24.9  77.4  19.2  0.05  14.1  82.9   3.5 206.8      
      12 24  29.2  24.1  26.7  83.1  22.2  0.14  21.2 237.0   9.9  74.3      
      12 25  31.1   7.3  21.0  82.9  16.9  0.03  17.5 161.5   6.7 218.5      
      12 26  37.3   8.8  27.2  69.6  18.7        26.8 225.3   9.4 203.7      
      12 27  44.4   7.0  23.4  70.6  15.1  0.01  34.8 312.6  13.0  79.0      
      12 28  37.6  24.6  30.8  50.0  14.4        30.9 397.3  16.6 220.2      
      12 29  51.8  35.3  42.5  53.5  26.6        26.4 261.9  10.9  84.2      
      12 30  44.4  20.2  35.0  65.0  23.2        28.3 191.8   8.0  98.4      
      12 31  51.8  16.5  31.3  80.2  25.2        15.3 132.5   5.5 219.2      

      Total                               16.45                         49.84
        Max 102.4  67.9  81.8  99.7  67.5        50.8 590.5  24.6 748.0
        Min   3.0 -17.2  -5.9  24.1 -10.0         7.4  55.3   2.3  38.4
        Ave  63.1  34.0  48.2  66.2  35.4        22.7 161.0   6.7 393.4
