                                                                    17-JAN-02
      Cellular-linked Weather Station near STERLING, Colorado            2001
      -----------------------------------------------------------------------------
               Temperature      Rel   Dew             Wind        Solar StandrdASCE
            ----------------- Humid Point  Prec -----------------   Rad   ETr   ETo
       Date   Max   Min   Ave   Ave   Ave Total   Max Total   Ave Total Alflf Grass
      MoDay     F     F     F     %     F  inch   mph miles   mph Langl  inch  inch
      ----- ----- ----- ----- ----- ----- ----- ----- ----- ----- ----- ----- -----
       1  1  27.4   3.1  15.6  97.1  16.3         8.4  78.3   3.3 126.0            
       1  2  42.5  15.8  28.0  78.8  21.9        18.7 126.3   5.3 238.1            
       1  3  55.2  16.1  37.0  61.5  23.3        26.7 202.2   8.4 224.6            
       1  4  64.2  22.9  38.1  60.1  21.9        32.2 185.5   7.7 214.3            
       1  5  57.0  15.4  33.1  71.6  23.2        15.1 120.7   5.0 232.3            
       1  6  54.2  18.0  33.3  71.0  23.0        21.0 112.6   4.7 176.7            
       1  7  44.6  13.8  31.2  62.1  18.6        24.5 180.6   7.5 237.4            
       1  8  55.0   9.3  25.3  65.6  11.8        11.2  90.9   3.8 243.7            
       1  9  60.5   5.9  29.9  54.7  10.2        26.6 157.2   6.5 244.7            
       1 10  60.4  12.7  33.5  61.8  19.7        21.4 126.8   5.3 236.5            
       1 11  55.5  17.2  35.4  52.4  18.1        24.3 134.9   5.6 246.8            
       1 12  59.0  10.7  33.3  58.2  17.3        24.8 130.6   5.4 244.2            
       1 13  32.1  15.0  26.9  81.4  22.2        33.5 283.4  11.8  26.5            
       1 14  43.5  14.1  29.7  57.4  14.8        26.2 211.1   8.8 208.8            
       1 15  40.5   8.3  24.5  66.8  13.8        16.2 116.7   4.9 230.1            
       1 16  30.1  12.5  21.0  85.7  17.1        11.5  96.0   4.0 132.5            
       1 17  32.5   4.1  16.6  81.3  11.7        17.0 143.5   6.0 245.3            
       1 18  36.8  11.9  28.8  76.0  21.9  0.01  22.9 189.5   7.9 147.6            
       1 19  38.1   5.0  20.5  83.4  16.0        11.4  86.6   3.6 198.6            
       1 20  43.6   9.1  28.1  79.3  22.9        29.2 205.1   8.5 119.3            
       1 21  50.2  11.0  28.1  63.9  14.4        21.5 114.8   4.8 270.9            
       1 22  53.6  13.9  30.9  66.6  19.1        21.9 133.2   5.5 196.3            
       1 23  44.9  13.7  28.3  75.2  20.7        13.0  67.4   2.8 224.0            
       1 24  45.6   7.1  26.0  74.7  18.4        21.7 138.3   5.8 267.0            
       1 25  47.5  24.3  35.7  64.1  23.9        27.8 232.4   9.7 174.3            
       1 26  40.1  15.4  30.6  56.4  16.8        25.9 223.4   9.3 262.9            
       1 27  39.8  14.6  26.9  83.0  22.3  0.23  22.7 158.7   6.6 160.5            
       1 28  30.5  22.9  24.9 101.8  25.0  0.22  13.0  70.7   2.9  60.5            
       1 29  33.4  22.8  28.3  90.0  25.3  0.04  30.5 231.9   9.7 110.6            
       1 30  32.5  20.4  29.8  67.7  20.5        37.2 402.7  16.8 155.1            
       1 31  36.3   3.3  20.1  70.1  11.7        19.3 119.7   5.0 306.4            
       2  1  33.6   9.7  22.6  78.0  16.7        19.4 129.1   5.4 297.9            
       2  2  50.0  11.9  28.9  77.5  23.2        25.1 155.8   6.5 277.4            
       2  3  43.0  24.7  33.8  75.8  26.6        17.8 119.0   5.0 142.7            
       2  4  46.9  19.9  33.5  63.3  21.8        23.8 143.4   6.0 308.7            
       2  5  59.6  23.8  37.4  78.2  29.5        34.6 211.1   8.8 303.2            
       2  6  44.7  23.3  35.0  86.8  31.2        25.4 215.5   9.0 286.1            
       2  7  35.7  15.3  25.3  98.2  25.7        25.9 208.2   8.7  44.1            
       2  8  15.4   6.5  11.6  89.8   9.4  0.04  23.6 232.1   9.7 173.0            
       2  9  23.2  -9.1   8.9  75.2   3.1        16.6 131.3   5.5 346.6            
       2 10  42.1  -2.4  17.6  78.4  13.4        18.2 111.8   4.7 327.1            
       2 11  44.4  21.0  28.7  85.6  24.1        17.6 117.5   4.9 259.5            
       2 12  49.0  12.9  30.7  72.1  21.3        24.8 151.5   6.3 343.3            
       2 13  54.1  12.0  26.8  85.0  22.6  0.02  27.8 202.2   8.4 347.0            
       2 14  17.5   9.2  13.1  83.6   9.0  0.05  19.1 138.9   5.8 221.1            
       2 15  37.5   4.4  20.3  83.7  17.0        14.5 138.4   5.8 363.9            
       2 16  25.8  16.7  21.6  92.9  19.9  0.01  20.0 202.9   8.5  88.8            
       2 17  40.3  22.0  28.3  87.3  24.8        19.2 132.8   5.5 258.7            
       2 18  58.4  19.9  33.7  82.3  28.4        18.0 127.3   5.3 305.7            
       2 19  57.1  26.5  40.2  74.1  31.0        16.4 117.9   4.9 285.2            
       2 20  33.5  19.7  26.9 101.2  26.8        19.6 159.9   6.7  81.9            
       2 21  46.8  21.9  31.3  90.7  28.6        21.2 177.0   7.4 253.8            
       2 22  57.4  20.0  38.8  65.2  24.6  0.01  21.4 126.1   5.3 314.5            
       2 23  39.3  31.2  34.1  99.2  33.4  0.01  25.1 204.8   8.5  77.0            
       2 24  33.2  16.2  29.3  98.1  28.6  0.15  24.0 203.3   8.5 190.5            
       2 25  50.3   8.7  28.3  88.1  26.4        13.4  98.6   4.1 370.9            
       2 26  29.0  19.4  22.9  95.6  21.8        22.4 154.7   6.4 116.5            
       2 27  19.8   5.4  13.9  88.9  11.3  0.14  15.9 153.0   6.4 327.8            
       2 28  33.8   2.7  20.0  84.6  17.5        14.4  84.8   3.5 360.4            
       3  1  51.8  22.8  35.7  70.7  24.9        28.6 186.0   7.8 429.5  0.13  0.09
       3  2  52.5  18.9  35.2  73.5  26.4        24.5 171.2   7.1 430.0  0.12  0.08
       3  3  52.4  21.7  36.2  72.3  26.1        18.4 111.5   4.6 407.6  0.10  0.08
       3  4  52.7  18.0  34.3  70.8  23.7        13.0  80.9   3.4 446.2  0.10  0.08
       3  5  64.7  17.9  41.5  66.7  28.5        10.5  81.1   3.4 431.8  0.13  0.10
       3  6  61.1  28.1  44.4  70.5  33.3        19.4 119.2   5.0 407.8  0.13  0.10
       3  7  59.0  22.2  41.5  74.9  33.2        13.3  86.2   3.6 358.9  0.10  0.08
       3  8  61.4  24.4  42.9  72.2  32.7        10.7  64.9   2.7 451.0  0.11  0.09
       3  9  67.6  24.1  46.1  63.2  30.7        18.3 106.8   4.5 448.6  0.16  0.12
       3 10  41.3  27.3  33.3  94.3  31.1  0.21  27.3 220.8   9.2  78.6  0.04  0.03
       3 11  29.8  23.2  25.4 101.3  25.3  0.19  15.7 130.7   5.4 326.2  0.03  0.03
       3 12  51.3  24.1  37.2  78.0  29.7  0.02  28.4 234.7   9.8 449.4  0.12  0.09
       3 13  59.3  31.2  45.5  54.6  28.6        26.7 244.4  10.2 416.8  0.19  0.13
       3 14  53.0  24.5  38.0  69.0  26.9        29.0 265.0  11.0 274.0  0.14  0.10
       3 15  36.1  24.1  30.0  79.0  24.0        30.0 305.4  12.7 295.0  0.07  0.05
       3 16  48.5  15.7  33.1  70.4  23.0        25.6 177.2   7.4 457.1  0.11  0.08
       3 17  40.0  25.5  32.6  82.8  28.0  0.01  27.1 275.0  11.5 172.0  0.06  0.04
       3 18  53.4  23.6  37.7  72.4  28.2        28.1 188.6   7.9 385.3  0.13  0.09
       3 19  61.6  18.7  39.7  65.6  26.1        17.4 132.7   5.5 474.1  0.16  0.12
       3 20  70.0  26.9  49.9  61.0  35.4        19.9 119.9   5.0 462.6  0.18  0.13
       3 21  65.3  34.9  48.7  82.2  42.9  0.16  20.5 114.1   4.8 353.6  0.12  0.09
       3 22  64.1  36.3  49.7  80.4  42.4        20.6 138.4   5.8 517.0  0.14  0.12
       3 23  45.8  28.6  36.4  97.0  35.7        22.9 203.5   8.5 195.9  0.04  0.04
       3 24  32.9  28.3  30.3  91.6  28.1        14.4 155.0   6.5 102.9  0.03  0.03
       3 25  34.0  29.8  31.3  96.5  30.4  0.03  17.0 180.5   7.5 104.1  0.03  0.02
       3 26  48.5  29.7  36.3  83.7  31.6        19.8 261.1  10.9 326.0  0.10  0.08
       3 27  59.1  31.7  42.4  69.3  31.7        28.9 187.2   7.8 453.8  0.17  0.12
       3 28  53.2  18.8  37.4  70.8  27.3        18.4 110.6   4.6 293.3  0.10  0.07
       3 29  56.4  25.2  41.5  61.7  27.4        13.4  81.8   3.4 328.8  0.11  0.09
       3 30  61.6  25.2  41.5  72.4  31.2  0.01  37.4 238.1   9.9 363.2  0.18  0.13
       3 31  53.8  28.6  38.7  68.7  27.0  0.02  22.6 158.4   6.6 531.8  0.15  0.12
       4  1  70.6  23.9  48.2  56.8  30.7        39.5 192.4   8.0 403.3  0.24  0.16
       4  2  67.0  32.3  50.4  66.6  40.3        36.3 323.6  13.5 371.3  0.20  0.14
       4  3  60.8  38.1  47.9  90.1  45.1        31.2 209.4   8.7 414.1  0.12  0.09
       4  4  53.5  40.9  46.8  90.9  44.1        17.2 157.2   6.5 192.5  0.06  0.05
       4  5  63.2  45.7  52.1  85.5  47.6        27.3 159.3   6.6 242.4  0.11  0.09
       4  6  74.5  43.1  54.0  74.7  44.0  0.01  39.3 287.8  12.0 378.4  0.28  0.19
       4  7  68.5  42.0  56.0  38.5  29.3        28.9 268.4  11.2 534.6  0.31  0.21
       4  8  64.1  33.4  47.0  73.6  37.8        20.9 152.2   6.3 427.7  0.16  0.12
       4  9  65.6  25.9  46.2  59.2  30.3        26.4 198.1   8.3 525.6  0.22  0.16
       4 10  50.0  37.5  42.8  82.1  37.6  0.22  26.7 261.4  10.9 133.7  0.08  0.06
       4 11  41.3  32.9  36.3  95.2  34.9  0.42  37.9 405.4  16.9  53.6  0.04  0.03
       4 12  50.9  26.2  38.8  80.4  33.0        20.1 155.7   6.5 580.7  0.12  0.10
       4 13  58.5  28.9  44.6  63.0  30.2        25.9 144.0   6.0 609.1  0.17  0.14
       4 14  64.7  28.0  47.1  61.8  32.7        26.6 140.0   5.8 485.0  0.18  0.14
       4 15  59.4  25.0  45.3  53.8  27.8        27.6 154.3   6.4 614.3  0.18  0.14
       4 16  46.2  29.5  38.4  67.6  28.1        24.0 161.3   6.7 316.2  0.10  0.08
       4 17  59.6  28.4  44.3  48.4  26.9        26.5 292.4  12.2 620.5  0.24  0.17
       4 18  83.7  27.7  57.6  51.2  34.1        20.9 184.1   7.7 615.9  0.36  0.25
       4 19  81.3  39.8  62.4  36.2  30.1        35.9 208.5   8.7 611.5  0.38  0.26
       4 20  64.4  34.0  50.5  67.1  40.0  0.02  24.5 170.7   7.1 345.1  0.15  0.11
       4 21  59.9  27.4  45.4  79.4  38.3        32.4 240.9  10.0 541.8  0.15  0.12
       4 22  42.6  27.4  33.5 101.9  33.8  0.47  30.5 406.5  16.9  99.2  0.03  0.03
       4 23  55.7  30.5  41.7  70.4  32.0        24.0 223.6   9.3 660.6  0.18  0.14
       4 24  67.8  32.9  50.2  66.7  37.8        17.1 112.1   4.7 644.2  0.20  0.16
       4 25  74.9  33.7  54.8  63.6  39.0        22.6 124.9   5.2 656.5  0.25  0.19
       4 26  78.4  36.8  58.8  57.7  40.1        14.0  92.8   3.9 673.9  0.24  0.20
       4 27  81.8  39.3  62.7  54.0  43.3        31.9 154.4   6.4 632.5  0.30  0.22
       4 28  82.7  40.3  65.3  52.6  44.8        28.2 192.2   8.0 642.5  0.32  0.24
       4 29  83.8  44.5  65.3  52.0  44.0        29.7 178.8   7.5 646.5  0.34  0.25
       4 30  77.8  43.3  61.6  52.5  39.8        30.5 175.7   7.3 641.2  0.31  0.23
       5  1  85.8  43.4  63.5  49.7  42.6        26.2 206.8   8.6 581.1  0.38  0.27
       5  2  55.0  36.4  41.1  88.0  37.5  0.17  28.7 267.2  11.1  59.5  0.11  0.07
       5  3  43.5  35.4  39.7 101.6  39.9  0.34  17.2 196.7   8.2  95.0  0.02  0.02
       5  4  45.5  42.1  43.5 102.6  43.5  0.29  17.2 203.3   8.5 100.5  0.03  0.02
       5  5  50.1  42.8  45.4  99.6  45.1  0.89  28.6 332.0  13.8 140.5  0.04  0.03
       5  6  60.9  40.9  49.8  76.6  42.1        28.6 211.6   8.8 557.5  0.17  0.14
       5  7  67.6  40.7  52.9  62.9  38.9  0.01  15.6 112.6   4.7 694.2  0.22  0.18
       5  8  79.2  39.4  59.6  57.9  39.9        14.3 102.0   4.3 717.0  0.27  0.22
       5  9  80.5  43.6  61.5  60.7  45.3        14.7 124.5   5.2 545.6  0.26  0.20
       5 10  74.9  45.7  59.3  70.0  48.3        21.9 155.0   6.5 517.7  0.22  0.17
       5 11  73.6  45.1  59.6  72.5  49.6        20.5 175.1   7.3 605.0  0.23  0.18
       5 12  87.6  49.3  68.6  55.9  49.3        21.3 175.8   7.3 719.0  0.37  0.28
       5 13  91.6  48.9  69.9  56.4  49.4        20.8 119.5   5.0 676.5  0.34  0.26
       5 14  88.1  48.6  69.0  54.0  49.0        27.0 127.7   5.3 570.5  0.30  0.23
       5 15  90.4  47.9  71.2  52.2  47.8        23.5 156.5   6.5 653.8  0.36  0.27
       5 16  82.6  53.6  67.4  55.4  48.5        25.4 143.6   6.0 481.6  0.28  0.21
       5 17  58.0  49.7  52.6  83.7  47.8  0.08  18.8 123.1   5.1 119.3  0.08  0.06
       5 18  80.1  41.0  61.9  67.9  48.1        18.0 100.0   4.2 714.0  0.25  0.21
       5 19  64.0  50.0  57.5  88.9  54.1  0.10  18.9 117.0   4.9 172.7  0.07  0.06
       5 20  68.5  35.1  50.1  80.0  42.8  0.19  34.6 279.5  11.6 550.0  0.22  0.16
       5 21  58.9  33.8  45.9  59.0  30.5        29.5 276.4  11.5 512.0  0.22  0.16
       5 22  71.7  37.7  56.1  53.0  36.3        42.9 292.3  12.2 576.6  0.31  0.22
       5 23  79.0  40.3  59.8  46.1  35.4        45.5 300.8  12.5 741.0  0.43  0.30
       5 24  72.0  31.8  53.3  48.5  30.0        34.4 237.2   9.9 763.0  0.34  0.25
       5 25  69.2  31.5  52.5  63.9  38.4        17.1  91.2   3.8 747.0  0.22  0.18
       5 26  81.0  42.2  60.8  61.5  45.1        20.2 117.2   4.9 515.2  0.25  0.19
       5 27  75.6  51.2  62.5  73.6  53.2        23.8 148.2   6.2 427.5  0.20  0.16
       5 28  80.0  44.9  63.4  73.1  52.6  0.48  25.9 200.9   8.4 517.0  0.25  0.19
       5 29  74.3  54.1  60.9  89.0  57.5  0.47  27.3 117.9   4.9 442.3  0.16  0.14
       5 30  69.7  50.2  60.5  82.1  54.3        28.0 207.9   8.7 420.3  0.16  0.13
       5 31  78.3  44.7  61.0  73.2  49.9        19.7  92.7   3.9 646.0  0.23  0.19
       6  1  84.0  48.7  67.2  56.3  47.2        25.8 158.6   6.6 760.0  0.35  0.27
       6  2  85.1  44.6  65.6  61.0  51.2        35.0 270.6  11.3 743.0  0.38  0.28
       6  3  62.7  51.5  56.2  92.1  53.9  0.03  29.5 225.6   9.4 111.5  0.07  0.05
       6  4  55.3  45.7  51.8  99.1  51.4  0.13  27.5 183.8   7.7 130.3  0.03  0.03
       6  5  75.3  43.3  59.7  72.4  48.7        22.0 138.5   5.8 703.0  0.25  0.20
       6  6  84.8  55.1  69.3  67.4  56.0  0.03  29.1 199.5   8.3 746.0  0.34  0.27
       6  7  78.2  61.4  68.7  86.3  64.2  0.21  26.5 291.0  12.1 532.1  0.21  0.17
       6  8  85.2  54.7  70.2  71.1  58.6        26.0 185.2   7.7 731.0  0.31  0.25
       6  9  93.0  60.7  74.9  61.1  58.2        36.2 167.8   7.0 609.8  0.37  0.28
       6 10  96.2  55.1  76.5  45.6  49.4        18.2 139.7   5.8 761.0  0.42  0.32
       6 11  88.5  58.3  75.6  56.1  56.9        23.5 185.8   7.7 721.0  0.36  0.28
       6 12  90.4  63.2  74.4  63.2  59.0        36.1 190.5   7.9 558.9  0.36  0.27
       6 13  73.1  44.3  57.6  52.7  37.1  0.26  40.3 310.4  12.9 462.3  0.34  0.23
       6 14  70.6  42.4  56.9  57.6  39.6        33.6 242.2  10.1 605.7  0.29  0.21
       6 15  85.4  39.7  64.6  51.8  40.3        29.1 183.1   7.6 763.0  0.39  0.29
       6 16  85.0  50.6  69.3  49.6  47.2        26.1 154.2   6.4 756.0  0.35  0.27
       6 17  98.0  53.1  76.8  49.8  51.1        25.9 147.3   6.1 788.0  0.44  0.33
       6 18  96.7  50.5  72.6  46.3  46.9        28.9 216.9   9.0 702.0  0.51  0.36
       6 19  73.7  50.4  62.3  58.2  46.4        26.3 150.9   6.3 626.6  0.26  0.21
       6 20  72.4  53.4  62.8  65.1  49.9        24.4 180.8   7.5 430.0  0.22  0.17
       6 21  83.1  40.1  64.0  56.9  45.3        14.2  80.1   3.3 757.0  0.27  0.23
       6 22  92.4  48.8  72.7  47.5  48.9        21.3  89.9   3.7 709.0  0.32  0.26
       6 23  99.4  51.3  77.4  42.7  47.1        19.0 142.5   5.9 771.0  0.45  0.33
       6 24 102.1  52.3  79.7  39.8  48.4        17.3 104.9   4.4 764.0  0.40  0.31
       6 25  99.9  64.1  82.3  40.1  53.0        24.5 107.3   4.5 643.8  0.37  0.29
       6 26  97.2  63.0  81.9  39.6  52.4        32.9 193.8   8.1 667.6  0.46  0.34
       6 27  93.2  64.3  78.6  49.2  56.4        24.5 158.0   6.6 619.9  0.38  0.28
       6 28  95.8  55.2  78.4  51.4  54.3        19.2 104.8   4.4 754.0  0.35  0.29
       6 29  97.5  58.0  76.8  51.8  55.2        30.5 136.8   5.7 538.1  0.36  0.27
       6 30  94.2  58.8  79.0  53.0  58.7        27.5 181.3   7.6 598.1  0.37  0.28
       7  1 101.2  67.4  80.3  56.3  61.2        40.0 318.2  13.3 662.7  0.61  0.42
       7  2  99.0  59.9  77.7  53.3  57.1        44.1 196.6   8.2 540.8  0.44  0.31
       7  3  89.6  60.4  76.5  60.6  61.6        22.1 158.3   6.6 512.1  0.28  0.22
       7  4  93.7  59.6  78.2  64.2  62.8        36.2 182.3   7.6 645.0  0.35  0.27
       7  5  92.2  66.6  80.3  52.9  60.7        28.0 232.8   9.7 639.9  0.41  0.30
       7  6  97.9  63.1  81.7  52.1  59.6        27.3 130.5   5.4 628.9  0.36  0.28
       7  7  96.4  62.8  81.3  58.2  64.1        27.3 130.3   5.4 646.4  0.33  0.27
       7  8  95.0  64.3  78.8  61.6  62.7        32.3 139.1   5.8 624.9  0.34  0.27
       7  9  93.0  63.5  78.2  64.6  63.9  0.50  24.3 169.7   7.1 583.7  0.33  0.26
       7 10  86.0  60.7  73.9  79.0  66.3  0.26  32.9 192.9   8.0 638.2  0.26  0.22
       7 11  87.4  61.6  72.8  82.8  66.5  0.18  15.8  80.1   3.3 647.6  0.24  0.21
       7 12  88.1  64.5  76.5  74.6  66.6        14.6 103.4   4.3 637.8  0.26  0.22
       7 13  87.2  62.6  74.5  74.4  64.4  0.01  16.6  95.9   4.0 532.3  0.23  0.20
       7 14  85.1  61.7  71.6  82.8  65.0  0.63  29.3 125.7   5.2 551.4  0.23  0.19
       7 15  86.8  61.8  72.8  81.5  65.5        12.4  80.8   3.4 626.4  0.24  0.21
       7 16  94.3  60.1  76.8  61.3  59.7        23.7  94.5   3.9 735.0  0.32  0.27
       7 17  91.1  57.9  74.7  66.0  61.1        19.8 107.2   4.5 560.1  0.27  0.22
       7 18  94.6  54.7  75.1  60.5  56.9        13.4  81.1   3.4 698.2  0.30  0.25
       7 19  92.6  58.1  73.9  67.9  61.1        26.5 116.9   4.9 588.7  0.29  0.23
       7 20  98.0  61.2  78.6  64.7  63.2        14.8  99.6   4.2 715.0  0.34  0.28
       7 21  98.5  62.8  77.3  71.5  65.1        21.3  75.4   3.1 636.1  0.29  0.25
       7 22  96.8  62.8  78.1  61.3  59.4        18.0 112.9   4.7 665.1  0.35  0.27
       7 23  80.5  59.8  69.9  88.4  66.0  0.73  34.0 164.8   6.9 275.9  0.13  0.11
       7 24  83.5  59.3  71.6  82.5  65.4  0.02  24.4 100.6   4.2 550.6  0.20  0.18
       7 25  85.6  56.4  72.8  76.3  63.7        16.8 110.7   4.6 711.0  0.25  0.23
       7 26  79.2  62.3  69.7  92.0  67.1  0.10  21.5 168.2   7.0 245.3  0.12  0.10
       7 27  84.9  61.8  72.8  79.2  64.7  0.01  13.1  89.5   3.7 672.5  0.24  0.22
       7 28  89.8  58.2  76.0  68.1  62.7        22.2 143.6   6.0 694.9  0.30  0.25
       7 29  97.9  61.5  79.7  58.6  61.3        19.8 123.8   5.2 702.0  0.36  0.29
       7 30  97.9  61.8  81.3  55.6  61.4        23.0 166.7   6.9 700.0  0.40  0.30
       7 31  93.4  67.1  79.3  56.2  61.5  0.01  28.2 125.7   5.2 479.0  0.29  0.23
       8  1  90.2  59.6  73.1  80.0  65.5  0.44  43.0 134.8   5.6 595.2  0.27  0.22
       8  2  90.4  64.3  75.9  78.5  67.9  0.09  19.1 115.6   4.8 616.5  0.26  0.22
       8  3  94.1  63.7  79.1  65.4  64.3        23.5 131.2   5.5 661.6  0.32  0.26
       8  4  96.2  65.6  79.9  62.1  64.2        18.3 111.4   4.6 667.3  0.32  0.26
       8  5  95.5  64.3  79.4  62.6  63.7        11.0  78.8   3.3 524.0  0.25  0.21
       8  6  96.9  63.6  75.2  78.6  66.7  0.03  31.9 100.3   4.2 486.4  0.27  0.21
       8  7  94.6  59.2  77.2  64.0  60.5        21.7 150.0   6.3 657.1  0.35  0.27
       8  8  95.3  54.6  76.7  53.3  55.8        25.8 117.6   4.9 669.0  0.33  0.26
       8  9  76.3  57.6  68.9  57.5  52.8        28.6 258.7  10.8 584.5  0.29  0.22
       8 10  80.0  51.5  66.2  63.3  52.8        17.6 126.6   5.3 521.8  0.23  0.18
       8 11  89.9  51.7  71.8  64.3  55.8        19.0 105.7   4.4 661.2  0.29  0.23
       8 12  89.0  58.5  72.1  69.0  60.2        25.9 155.3   6.5 611.6  0.30  0.24
       8 13  87.4  59.6  72.0  69.3  61.3        25.6 192.5   8.0 557.3  0.29  0.22
       8 14  80.0  61.3  71.4  74.6  62.3        27.9 131.1   5.5 408.1  0.18  0.15
       8 15  84.3  55.0  68.9  66.0  54.6        20.8 150.1   6.3 510.5  0.27  0.20
       8 16  84.8  48.6  65.5  70.5  53.3        23.2  82.2   3.4 449.7  0.20  0.16
       8 17  87.5  49.4  67.1  67.3  51.9        19.9  89.0   3.7 595.9  0.26  0.21
       8 18  92.5  46.2  69.7  58.3  49.9        20.9 104.3   4.3 640.2  0.31  0.24
       8 19  96.4  49.9  72.8  53.6  51.7        49.1 126.1   5.3 486.8  0.33  0.24
       8 20  96.2  52.5  73.1  55.1  53.2        42.6 115.5   4.8 446.8  0.31  0.22
       8 21  91.2  56.3  69.6  70.3  57.6  0.24  20.9  97.3   4.1 385.1  0.23  0.18
       8 22  93.0  52.8  71.0  66.4  56.6        23.3  85.6   3.6 563.7  0.26  0.21
       8 23  81.1  61.7  69.0  77.1  60.8  0.04  16.4  78.6   3.3 397.0  0.17  0.14
       8 24  89.0  51.1  69.5  74.5  58.5        13.1  81.9   3.4 554.3  0.23  0.19
       8 25  86.4  56.3  72.1  63.3  57.2        27.0 118.0   4.9 425.9  0.23  0.18
       8 26  92.9  47.8  69.8  63.2  53.2        20.5 134.9   5.6 599.4  0.32  0.24
       8 27  94.2  50.0  71.5  58.3  52.5        21.0 104.1   4.3 606.4  0.30  0.23
       8 28  91.2  57.5  75.6  41.1  47.7  0.03  29.4 185.2   7.7 568.6  0.39  0.27
       8 29  93.5  52.3  72.2  57.1  53.3        17.7 109.8   4.6 561.2  0.30  0.22
       8 30  81.9  53.3  68.2  59.5  53.4        20.8 115.7   4.8 541.8  0.23  0.18
       8 31  79.1  59.7  69.1  75.1  60.5  0.01  25.5 216.3   9.0 322.1  0.19  0.14
       9  1  85.4  52.3  68.1  71.5  57.1        23.8 106.2   4.4 480.3  0.22  0.17
       9  2  92.2  50.8  69.6  66.6  54.8        14.0  83.0   3.5 549.1  0.25  0.20
       9  3  94.8  47.9  69.9  62.9  54.1        14.6  78.6   3.3 575.4  0.26  0.21
       9  4  88.0  51.2  72.0  57.0  52.6        24.8 168.2   7.0 577.6  0.31  0.23
       9  5  84.4  57.7  72.8  54.5  54.0        30.2 251.0  10.5 539.1  0.33  0.24
       9  6  91.1  54.7  69.7  70.4  57.5  0.03  33.7 110.8   4.6 493.0  0.26  0.20
       9  7  69.3  48.0  58.2  63.9  45.1  0.02  34.0 189.1   7.9 471.3  0.21  0.15
       9  8  58.6  40.2  48.9  84.2  43.9  0.01  28.2 169.8   7.1 239.4  0.09  0.07
       9  9  74.9  35.2  52.9  73.7  41.9  0.01  17.5 122.0   5.1 569.5  0.21  0.16
       9 10  84.3  38.0  58.9  70.4  46.8         9.4  77.0   3.2 567.0  0.22  0.17
       9 11  90.4  41.7  63.5  69.1  49.8        12.0  72.7   3.0 537.0  0.23  0.18
       9 12  82.0  41.5  63.8  69.3  52.2        23.2 142.2   5.9 528.9  0.22  0.17
       9 13  83.8  47.0  66.2  77.9  58.6        31.4 198.2   8.3 449.4  0.22  0.16
       9 14  76.7  57.6  63.4  91.7  60.5  0.05  27.3 140.9   5.9 344.9  0.15  0.12
       9 15  64.7  51.3  58.1  96.7  56.9  0.29  22.6 122.0   5.1 246.5  0.07  0.06
       9 16  75.7  54.6  63.3  88.2  59.4        17.3 124.1   5.2 371.3  0.14  0.11
       9 17  64.8  55.8  59.9  98.3  59.1  0.23  19.2 111.0   4.6 175.4  0.05  0.05
       9 18  67.1  49.5  57.7  91.8  54.8        18.0  93.1   3.9 412.4  0.11  0.10
       9 19  82.1  46.7  61.9  75.1  51.8        16.8 115.6   4.8 503.4  0.21  0.16
       9 20  75.5  47.9  61.5  71.9  51.7        17.5  95.4   4.0 502.1  0.17  0.14
       9 21  84.7  44.6  63.4  73.2  52.6        15.5 108.3   4.5 498.9  0.21  0.16
       9 22  78.0  46.4  61.8  66.4  47.7        22.6 145.2   6.0 480.6  0.22  0.16
       9 23  66.5  37.1  50.7  81.9  44.5        15.6  98.9   4.1 459.9  0.13  0.11
       9 24  72.4  40.4  56.8  73.3  47.6        20.5 134.1   5.6 486.8  0.17  0.13
       9 25  79.0  37.8  58.5  72.6  48.4        16.1  91.9   3.8 480.8  0.17  0.14
       9 26  88.0  39.0  61.5  72.4  50.4        16.6  92.5   3.9 439.7  0.21  0.16
       9 27  86.4  44.9  65.0  65.0  50.6        20.5 109.8   4.6 464.2  0.22  0.17
       9 28  79.4  44.0  64.2  67.3  51.6        25.1 155.5   6.5 454.5  0.20  0.15
       9 29  76.7  49.8  62.4  70.3  51.9        15.0 106.2   4.4 242.9  0.14  0.10
       9 30  74.6  43.1  59.6  81.1  53.3        15.2  93.3   3.9 431.6  0.13  0.11
      10  1  83.0  44.5  61.3  72.1  49.7        14.4  92.9   3.9 437.1  0.19  0.14
      10  2  83.0  43.7  62.0  59.8  43.7        21.1 135.3   5.6 447.2  0.25  0.17
      10  3  74.4  34.5  55.4  64.5  41.1        15.8 113.1   4.7 422.5  0.17  0.13
      10  4  53.1  32.6  46.2  82.1  40.6  0.11  20.8 191.2   8.0  96.0  0.05  0.04
      10  5  51.1  32.0  37.9  89.2  34.0  0.08  13.2  87.0   3.6 323.4  0.08  0.06
      10  6  70.8  28.5  46.1  74.9  36.1        12.9  81.5   3.4 434.4  0.15  0.11
      10  7  79.1  35.5  53.9  70.6  42.6        12.2 102.5   4.3 287.6  0.18  0.12
      10  8  80.4  39.4  59.7  64.2  45.5  0.06  29.9 134.3   5.6 347.0  0.20  0.14
      10  9  66.0  43.4  52.8  82.1  46.9  0.24  30.1 187.2   7.8 334.9  0.13  0.10
      10 10  57.4  31.6  45.1  70.1  34.3        25.1 165.8   6.9 388.9  0.12  0.09
      10 11  67.2  26.4  46.5  68.7  34.3        31.3  98.2   4.1 316.3  0.13  0.09
      10 12  53.1  28.4  43.7  61.2  30.1        38.9 285.2  11.9 256.5  0.13  0.09
      10 13  60.1  26.5  44.4  67.6  33.2        33.2 198.4   8.3 219.6  0.13  0.09
      10 14  62.6  38.6  48.2  67.8  36.8  0.12  16.1  88.6   3.7 331.1  0.11  0.08
      10 15  52.4  27.4  39.3  77.0  31.6  0.23  37.0 186.9   7.8 397.5  0.10  0.08
      10 16  71.1  23.1  43.2  70.7  31.4        12.1  99.4   4.1 392.8  0.16  0.11
      10 17  74.8  31.6  49.3  69.0  37.4        14.1 123.6   5.2 300.1  0.19  0.12
      10 18  55.4  30.0  43.1  73.4  34.5        21.7 112.0   4.7 363.4  0.09  0.07
      10 19  66.9  26.0  46.0  61.2  29.3        22.5 122.1   5.1 378.5  0.16  0.11
      10 20  59.0  27.5  43.9  73.3  35.3        18.9  69.3   2.9 205.1  0.07  0.05
      10 21  61.5  29.0  46.3  73.1  37.2        13.8  82.2   3.4 297.6  0.09  0.07
      10 22  74.9  34.3  55.6  55.2  37.0        25.2 154.0   6.4 330.9  0.20  0.13
      10 23  75.0  31.7  49.2  61.1  33.2        39.9 211.1   8.8 295.3  0.27  0.17
      10 24  53.6  33.8  43.8  37.7  18.0        35.1 311.4  13.0 365.5  0.22  0.14
      10 25  58.0  20.4  38.9  48.8  18.6        19.5 122.4   5.1 329.8  0.14  0.09
      10 26  59.6  17.5  39.2  52.4  20.1        17.8 133.9   5.6 353.5  0.14  0.09
      10 27  75.3  22.6  46.0  48.5  24.1        15.5 120.1   5.0 330.0  0.22  0.14
      10 28  83.0  34.2  53.6  48.3  32.7        16.2 128.9   5.4 275.5  0.26  0.16
      10 29  56.4  34.0  44.8  73.2  36.2        13.8 100.0   4.2 271.5  0.08  0.06
      10 30  70.7  32.2  50.5  68.5  38.8        17.6 120.4   5.0 225.3  0.14  0.09
      10 31  76.5  33.8  52.7  57.3  35.2        34.0 163.0   6.8 201.2  0.23  0.14
      11  1  67.0  29.0  45.3  59.6  28.5        22.1 128.0   5.3 251.1            
      11  2  67.3  32.4  49.4  58.1  33.0        22.9 114.4   4.8 310.4            
      11  3  66.8  27.4  44.6  63.7  30.3        15.6  78.3   3.3 299.2            
      11  4  76.2  24.0  46.2  71.9  36.7        15.6 104.5   4.4 307.0            
      11  5  77.4  26.4  47.0  63.0  30.9        14.3 115.0   4.8 309.3            
      11  6  74.4  31.2  49.6  57.7  33.1        10.7  96.6   4.0 277.8            
      11  7  73.1  28.7  43.8  73.8  34.3  0.09  29.6 210.1   8.8 221.9            
      11  8  49.6  20.8  34.4  80.4  28.2        13.1 110.1   4.6 298.3            
      11  9  64.3  18.9  34.7  78.6  27.1        15.1 161.3   6.7 306.7            
      11 10  64.5  17.3  36.0  67.6  23.5         9.8  87.3   3.6 304.1            
      11 11  67.3  14.8  35.9  67.8  24.0        12.0  87.7   3.7 288.1            
      11 12  70.3  24.2  43.3  67.2  30.8        12.1  95.3   4.0 279.7            
      11 13  66.6  25.7  41.2  78.8  34.2         7.3  52.4   2.2 231.2            
      11 14  69.6  24.7  43.0  70.0  30.6        10.4  85.0   3.5 269.2            
      11 15  68.5  25.4  43.6  75.5  35.3        13.7 118.6   4.9 269.5            
      11 16  66.0  26.3  45.8  88.2  42.2        22.6 161.9   6.7 264.7            
      11 17  66.8  29.8  44.8  85.3  39.7        14.5 107.5   4.5 250.6            
      11 18  50.9  26.6  33.6  90.5  30.7        28.4 218.5   9.1 132.8            
      11 19  48.5   9.0  27.2  89.5  24.9  0.08  13.8 104.8   4.4 221.5            
      11 20  64.7  19.1  34.1  77.8  26.0        12.4 121.9   5.1 262.8            
      11 21  59.0  15.9  32.9  73.9  23.6        10.7 100.0   4.2 237.5            
      11 22  58.5  21.2  36.2  68.9  25.1        22.9 128.8   5.4 121.6            
      11 23  43.6  32.0  39.7  86.4  36.0  0.25  30.0 278.7  11.6  36.0            
      11 24  47.6  21.3  37.0  73.1  28.7        32.8 257.7  10.7 233.0            
      11 25  36.7  21.9  31.7  90.9  29.0        24.7 238.2   9.9  73.6            
      11 26  28.5   7.6  17.3  88.1  15.1        36.5 359.9  15.0 228.4            
      11 27  17.5  -8.2   5.4  83.5   2.1        21.9 137.1   5.7 253.1            
      11 28  22.5 -10.4   3.0  85.6   1.0        11.5 113.9   4.7 247.8            
      11 29  33.5  -5.4  15.3  87.3  13.0        10.1  91.3   3.8 186.5            
      11 30  43.4   7.9  25.5  83.5  21.3        26.5 113.5   4.7 194.4            
      12  1  44.0  10.1  25.1  76.8  18.9        15.2 120.5   5.0 244.2            
      12  2  49.9  16.6  32.3  78.1  26.3        14.0 116.8   4.9 242.3            
      12  3  43.7  27.5  33.2  91.8  31.0        12.8  59.4   2.5 109.5            
      12  4  44.4  18.2  31.8  84.5  27.4        19.4  85.9   3.6 181.3            
      12  5  46.0  22.5  34.9  50.3  16.9        32.0 203.4   8.5 246.4            
      12  6  55.2  19.6  34.9  63.2  22.2        17.8 127.6   5.3 242.3            
      12  7  46.1  25.3  35.7  63.5  23.8        26.5 162.4   6.8 230.3            
      12  8  46.0  14.5  27.2  70.7  17.9        14.5 125.4   5.2 234.4            
      12  9  51.3  17.5  29.7  72.5  20.9        14.0 123.6   5.2 234.7            
      12 10  41.2  13.6  26.0  81.9  21.0        14.4  88.8   3.7 227.9            
      12 11  48.2  13.8  28.1  77.0  20.6        20.5 123.0   5.1 212.8            
      12 12  34.1  12.6  24.0  77.7  17.7        13.1  92.0   3.8 142.9            
      12 13  41.0   8.9  21.3  77.6  14.8        15.6 120.6   5.0 211.2            
      12 14  56.1  13.3  30.2  69.2  19.7        14.9 105.7   4.4 193.4            
      12 15  42.7  14.8  28.0  80.1  22.3        18.9 103.9   4.3 126.9            
      12 16  44.1  10.2  25.7  73.9  17.9        15.4 119.5   5.0 229.8            
      12 17  57.1  16.1  30.8  71.4  21.0        15.3 132.5   5.5 213.1            
      12 18  41.9  10.8  25.4  81.7  20.6        27.1 153.1   6.4 181.7            
      12 19  55.2   6.5  27.5  66.9  15.4        26.1 128.2   5.3 220.5            
      12 20  45.6  12.8  28.9  68.8  19.2        17.2 115.6   4.8 203.5            
      12 21  48.6  19.0  33.3  65.7  22.1        30.0 142.9   6.0 178.5            
      12 22  34.7  16.4  27.0  58.2  14.7        34.1 278.1  11.6 172.0            
      12 23  42.1   8.4  22.8  60.4   9.7        26.2 141.9   5.9 229.7            
      12 24  37.9   6.5  19.3  68.1   9.2        21.6 121.3   5.1 212.1            
      12 25  38.8   7.4  25.1  60.1  12.7        35.4 188.6   7.9 187.6            
      12 26  51.3  16.5  35.0  39.5  11.5        26.2 168.1   7.0 215.4            
      12 27  46.5  15.1  31.7  47.2  12.7        24.3 168.0   7.0 225.9            
      12 28  39.4   4.4  20.6  71.2  12.6        28.6 185.9   7.7  72.9            
      12 29  29.9   2.5  21.2  66.5  11.5        13.7 104.6   4.4 169.3            
      12 30  31.5  13.2  20.5  67.5  11.0        11.1  62.7   2.6 207.0            
      12 31  35.3   3.7  19.2  74.2  12.1         8.5  78.2   3.3 224.0            

      Total                               11.63                         54.82 41.90
        Max 102.1  67.4  82.3 102.6  67.9        49.1 406.5  16.9 788.0
        Min  15.4 -10.4   3.0  36.2   1.0         7.3  52.4   2.2  26.5
        Ave  65.9  34.4  49.5  70.3  38.1        22.7 152.3   6.3 399.8
