      2002                                                                03-JAN-03
      Weather Station near STERLING, CO  alfalfa hay site at Schaffer farm         
      -----------------------------------------------------------------------------
               Temperature      Rel   Dew             Wind        Solar StandrdASCE
            ----------------- Humid Point  Prec -----------------   Rad   ETr   ETo
       Date   Max   Min   Ave   Ave   Ave Total   Max Total   Ave Total Alflf Grass
      MoDay     F     F     F     %     F  inch   mph miles   mph Langl  inch  inch
      ----- ----- ----- ----- ----- ----- ----- ----- ----- ----- ----- ----- -----
       1  1  27.3  -4.1  13.4  78.4   8.6        19.0  99.9   4.2 215.3            
       1  2  32.1  -6.9   8.5  71.4   1.0        15.5 122.8   5.1 240.4            
       1  3  54.2   0.9  23.2  61.3   9.6        13.9 135.4   5.6 233.7            
       1  4  40.4  14.9  30.4  77.3  24.8        26.9 170.1   7.1 102.0            
       1  5  46.9  18.6  33.1  48.9  14.0        24.0 186.6   7.8 223.5            
       1  6  44.5  15.6  29.3  59.7  16.0        20.8 122.2   5.1 232.5            
       1  7  63.3  15.0  37.4  61.4  23.3        28.0 170.5   7.1 219.1            
       1  8  62.7  21.5  40.1  53.8  21.7        13.3 116.0   4.8 155.8            
       1  9  55.9  30.3  39.4  60.3  26.2        22.0 125.4   5.2 147.6            
       1 10  47.4  17.3  32.7  71.2  22.9        16.9 117.7   4.9 243.8            
       1 11  53.6  14.9  31.7  63.6  18.0        25.3 177.0   7.4 194.9            
       1 12  48.6  15.8  34.1  58.6  19.9        29.4 177.5   7.4 205.6            
       1 13  48.7  27.6  38.2  42.1  16.3        42.1 326.5  13.6 158.0            
       1 14  42.2  10.7  25.6  64.4  14.5        14.1  81.2   3.4 208.1            
       1 15  26.7   7.4  15.6  81.2  10.9        17.5  99.0   4.1 115.6            
       1 16  37.4   2.2  18.5  64.0   6.7        13.9  98.1   4.1 262.6            
       1 17  34.9   3.8  19.3  55.6   3.8        22.9 121.8   5.1 256.5            
       1 18  35.9  -0.4  17.6  60.1   5.1        22.9  96.6   4.0 210.6            
       1 19  47.0  -0.9  20.0  47.8  -1.6        17.5 102.9   4.3 272.4            
       1 20  41.0   7.0  24.9  41.1   2.1        31.4 187.1   7.8 257.4            
       1 21  55.6   8.7  28.3  44.4   6.5        23.2 160.5   6.7 272.9            
       1 22  60.5  12.8  31.3  56.8  15.6        26.8 171.3   7.1 212.3            
       1 23  35.8   8.3  24.8  66.7  14.3        19.1 157.5   6.6 236.6            
       1 24  45.8   3.1  21.9  55.8   5.3        30.8 171.9   7.2 284.4            
       1 25  66.1  15.7  35.2  50.0  14.1        25.6 173.9   7.2 264.0            
       1 26  61.6  17.5  37.8  46.5  15.7        14.8 106.9   4.5 180.5            
       1 27  63.8  13.6  33.9  53.4  13.2        26.8 154.5   6.4 189.4            
       1 28  22.4  11.1  15.8  83.3  11.6        19.9 145.7   6.1 103.2            
       1 29  30.9   4.0  18.0  72.4  10.3        12.9  80.1   3.3 188.8            
       1 30  28.0   6.8  18.9  70.0  10.0        14.4  77.2   3.2 142.9            
       1 31  32.7  14.3  23.3  40.2   1.9        32.7 249.1  10.4 242.1            
       2  1  47.2   5.8  23.9  54.3   7.2        19.3 166.5   6.9 310.8            
       2  2  45.2   9.6  25.0  57.8   9.6        25.6 147.3   6.1 253.2            
       2  3  49.1   3.3  23.3  54.3   6.2        16.9 102.8   4.3 320.6            
       2  4  49.6   3.0  25.7  50.0   7.3        29.4 181.1   7.5 321.3            
       2  5  45.8   9.3  27.7  58.4  13.4        13.1 100.2   4.2 327.9            
       2  6  54.6   6.7  26.5  48.3   5.0        34.4 173.4   7.2 335.5            
       2  7  62.4   7.3  30.9  40.4   4.5        17.5 142.5   5.9 300.1            
       2  8  53.3  10.8  32.8  38.3   7.8        34.6 194.0   8.1 148.8            
       2  9  33.4  20.2  28.7  67.5  19.4        49.5 546.0  22.8 111.9            
       2 10  47.9  11.0  27.8  44.6   5.9        15.8 115.0   4.8 350.3            
       2 11  64.7  15.4  35.6  38.5   9.5        33.4 211.8   8.8 164.8            
       2 12  39.4   9.4  26.3  49.1   8.6        17.7  99.8   4.2 293.5            
       2 13  53.9   5.7  28.9  44.4   4.4        18.9 157.8   6.6 360.7            
       2 14  47.5   9.8  32.4  40.9  10.7        40.9 261.2  10.9 222.1            
       2 15  54.1   6.5  27.6  48.8   5.5        21.9 136.1   5.7 370.0            
       2 16  59.9  12.3  32.4  33.9   2.6        13.7 124.7   5.2 371.6            
       2 17  68.2  15.9  40.2  31.0   6.9        21.5 166.5   6.9 350.5            
       2 18  59.9  23.1  41.7  43.5  20.7  0.04  27.3 137.8   5.7 285.7            
       2 19  51.4  16.8  34.1  63.9  22.3        25.4 140.2   5.8 267.7            
       2 20  54.9  15.6  36.7  59.5  21.7        28.9 212.2   8.8 262.3            
       2 21  49.3  17.6  34.4  45.7  13.8        32.7 229.3   9.6 374.2            
       2 22  69.3  14.5  40.8  39.6  13.5        30.0 181.6   7.6 318.5            
       2 23  67.1  25.1  43.1  40.6  17.9        19.9 106.2   4.4 159.4            
       2 24  40.4  19.7  29.5  73.0  21.9        28.9 261.4  10.9 232.3            
       2 25  20.1   3.2  10.2  72.9   3.9        32.0 375.2  15.6 388.4            
       2 26  25.7  -2.0   9.4  60.2  -1.9        25.1 185.4   7.7 434.1            
       2 27  34.0   4.1  18.9  66.7   9.5        27.7 178.5   7.4 361.7            
       2 28  43.5   3.4  24.0  72.7  16.8        30.1 167.4   7.0 293.4            
       3  1  22.1  -2.6   8.1  87.2   5.6        32.9 288.2  12.0 256.1  0.04  0.03
       3  2  14.5 -21.7  -2.3  73.1  -7.2        24.1 134.7   5.6 458.9  0.03  0.02
       3  3  25.9 -11.8   6.8  71.2   0.3        23.8 145.5   6.1 445.6  0.05  0.04
       3  4  47.3   9.7  28.3  64.0  17.9        23.8 169.2   7.0 465.4  0.11  0.08
       3  5  55.2  18.7  34.7  63.2  22.1        15.8 145.9   6.1 432.2  0.14  0.10
       3  6  37.9  22.3  28.1  82.9  23.5        21.0 181.2   7.5 312.5  0.06  0.05
       3  7  59.0  24.6  36.6  70.6  26.5        26.8 159.4   6.6 384.1  0.16  0.11
       3  8  27.6  -0.1  18.5  89.8  17.5        36.5 265.2  11.1  66.9  0.01  0.01
       3  9  42.2  -5.5  21.9  62.7  11.4        18.0 136.1   5.7 480.1  0.09  0.07
       3 10  63.2  16.1  35.4  60.8  20.9        13.7  88.3   3.7 446.4  0.15  0.11
       3 11  57.5  24.8  42.6  50.7  23.3        22.9 173.7   7.2 446.9  0.17  0.12
       3 12  68.7  26.2  44.9  52.4  24.8        19.5 131.2   5.5 308.2  0.20  0.13
       3 13  52.8  29.1  42.1  60.8  28.8        29.3 271.7  11.3 442.9  0.15  0.11
       3 14  30.0  20.1  25.9  86.2  22.4  0.04  26.0 223.6   9.3 241.8  0.04  0.03
       3 15  38.0  11.4  25.0  72.9  16.8        18.7  77.1   3.2 381.3  0.06  0.05
       3 16  47.3  22.3  34.2  60.3  20.7        35.8 275.3  11.5 293.0  0.14  0.09
       3 17  46.6  13.9  30.9  69.3  20.5        22.1 143.4   6.0 470.9  0.10  0.08
       3 18  39.7  17.1  30.7  80.5  25.1        22.5 184.0   7.7 352.5  0.06  0.05
       3 19  52.3  12.2  30.6  63.9  17.1        17.7 105.8   4.4 496.5  0.13  0.09
       3 20  67.1  15.0  34.8  57.2  16.2        30.6 242.0  10.1 495.0  0.30  0.20
       3 21  29.7   9.7  17.9  58.9   5.2        18.1 169.2   7.0 457.7  0.08  0.06
       3 22  61.8  11.3  36.4  46.2  14.4        15.0 122.4   5.1 520.9  0.19  0.13
       3 23  65.3  20.9  41.3  49.1  21.6        25.9 185.3   7.7 349.8  0.23  0.15
       3 24  34.0  17.1  25.4  83.6  21.0  0.03  19.7 235.0   9.8 128.7  0.05  0.03
       3 25  33.8  15.7  23.1  84.3  19.3  0.10  22.6 151.2   6.3 479.5  0.06  0.05
       3 26  61.4  17.6  39.0  64.0  25.0        24.8 132.6   5.5 551.9  0.17  0.13
       3 27  70.0  29.3  48.7  48.8  25.5        34.7 193.8   8.1 485.9  0.27  0.18
       3 28  69.4  24.0  46.2  52.2  24.8        23.8 139.9   5.8 479.9  0.23  0.16
       3 29  56.7  25.7  43.3  52.0  24.9        23.2 136.1   5.7 553.3  0.16  0.12
       3 30  60.9  31.6  45.2  50.3  26.0        19.0 187.2   7.8 467.9  0.21  0.15
       3 31  69.4  28.4  46.7  57.3  29.5        25.4 185.7   7.7 555.1  0.26  0.18
       4  1  81.1  28.3  53.2  44.0  23.2        40.1 264.3  11.0 537.0  0.44  0.29
       4  2  32.8  22.4  26.9  50.2  10.7        28.3 286.8  11.9 246.8  0.11  0.07
       4  3  47.2  18.6  32.0  40.3   9.0        26.6 260.9  10.9 536.9  0.19  0.13
       4  4  60.6  21.8  41.3  35.2  14.1        16.9 120.5   5.0 584.3  0.20  0.15
       4  5  67.4  27.2  49.1  45.9  27.8        32.3 224.6   9.4 581.3  0.26  0.18
       4  6  78.5  38.0  58.5  47.9  34.4        26.8 169.0   7.0 465.3  0.29  0.20
       4  7  69.7  40.9  55.3  64.5  42.0  0.06  24.8 177.3   7.4 479.7  0.21  0.15
       4  8  50.6  41.5  46.4  80.9  40.7        23.1 194.2   8.1 149.1  0.07  0.06
       4  9  75.4  38.6  56.3  51.5  33.7        22.1 194.9   8.1 593.1  0.31  0.22
       4 10  76.8  37.9  55.9  54.7  37.8  0.04  23.3 152.6   6.4 374.7  0.25  0.17
       4 11  67.6  45.1  55.5  58.7  39.5        18.8 143.9   6.0 479.6  0.20  0.15
       4 12  73.4  30.6  54.3  51.5  32.1        21.3 125.5   5.2 586.3  0.24  0.18
       4 13  79.0  42.0  60.5  37.5  30.8        29.9 177.9   7.4 602.9  0.34  0.24
       4 14  84.4  39.0  62.0  34.2  29.0        24.3 158.5   6.6 485.3  0.35  0.24
       4 15  88.1  40.0  66.9  29.7  28.6        24.7 185.6   7.7 607.7  0.42  0.28
       4 16  69.1  35.2  55.3  38.9  30.0        36.7 194.7   8.1 372.7  0.24  0.17
       4 17  78.8  27.8  57.4  35.8  24.9        40.0 296.5  12.4 631.2  0.42  0.28
       4 18  69.5  32.5  52.8  37.8  26.1        35.7 240.8  10.0 583.8  0.31  0.21
       4 19  42.0  27.8  35.0  65.4  24.5        22.5 220.7   9.2 216.8  0.10  0.07
       4 20  42.1  32.8  36.9  66.4  26.5  0.01  21.1 198.4   8.3 110.8  0.09  0.06
       4 21  60.0  27.1  43.5  57.2  25.6        40.2 186.5   7.8 506.0  0.20  0.15
       4 22  70.6  20.7  47.9  38.1  18.6        29.2 163.3   6.8 597.2  0.28  0.20
       4 23  79.7  24.9  56.1  31.0  21.4        32.9 135.1   5.6 634.4  0.32  0.23
       4 24  55.7  33.6  44.0  41.4  20.7        35.4 286.6  11.9 643.7  0.25  0.18
       4 25  60.5  25.2  44.8  35.7  18.9        33.8 273.6  11.4 417.9  0.25  0.17
       4 26  58.4  34.6  45.4  67.5  35.6        28.1 280.0  11.7 487.7  0.18  0.13
       4 27  58.7  30.4  46.9  79.1  40.4  0.05  30.3 238.8   9.9 338.6  0.11  0.09
       4 28  74.6  23.5  49.5  61.9  34.0        31.2 137.2   5.7 563.8  0.25  0.18
       4 29  75.5  29.9  56.6  47.3  32.9        21.3 132.6   5.5 628.9  0.26  0.20
       4 30  70.1  39.8  56.0  65.7  44.4        23.2 219.1   9.1 631.0  0.23  0.18
       5  1  54.5  32.4  42.6  91.9  41.2  0.05  27.2 246.1  10.3 103.9  0.06  0.05
       5  2  63.5  32.3  46.4  64.3  32.8        15.8 110.6   4.6 648.0  0.19  0.16
       5  3  74.1  28.1  54.9  44.2  27.8        29.4 150.4   6.3 561.3  0.27  0.20
       5  4  67.4  38.8  54.4  55.2  37.4        27.3 235.7   9.8 639.3  0.26  0.19
       5  5  82.2  40.3  64.0  43.0  36.5        27.6 172.4   7.2 600.9  0.34  0.24
       5  6  84.5  33.6  61.8  42.6  33.6        34.4 169.3   7.1 617.6  0.36  0.26
       5  7  57.7  39.1  46.6  83.7  41.9  0.01  22.1 192.7   8.0 354.9  0.12  0.10
       5  8  61.4  33.3  50.6  43.6  26.5        36.8 316.1  13.2 559.3  0.27  0.19
       5  9  64.4  17.2  44.0  40.3  17.7        26.0 162.4   6.8 615.8  0.24  0.18
       5 10  67.0  35.6  53.8  47.5  34.5  0.01  30.6 240.6  10.0 493.9  0.25  0.18
       5 11  60.2  43.4  51.5  74.2  43.2  0.02  26.2 265.4  11.1 406.5  0.16  0.12
       5 12  62.0  32.8  48.7  59.4  33.9        21.5 163.3   6.8 315.3  0.16  0.12
       5 13  71.4  27.9  52.4  48.5  29.9        23.2 120.7   5.0 607.1  0.24  0.18
       5 14  80.2  36.3  60.8  39.7  34.3        21.6 101.5   4.2 373.7  0.23  0.17
       5 15  77.8  42.3  60.4  56.3  43.4  0.10  39.0 144.3   6.0 410.4  0.24  0.18
       5 16  54.2  40.4  48.4  84.7  43.8  0.34  25.1 171.6   7.2 207.0  0.07  0.06
       5 17  63.3  42.3  50.3  77.1  42.8  0.01  22.9 135.2   5.6 315.6  0.14  0.11
       5 18  71.4  43.5  57.8  60.0  43.5        34.5 286.5  11.9 392.9  0.25  0.18
       5 19  72.4  43.3  56.1  66.2  44.5        29.7 248.6  10.4 517.4  0.26  0.19
       5 20  70.5  47.1  56.4  69.8  45.8        36.8 285.7  11.9 235.8  0.22  0.15
       5 21  80.9  49.4  65.4  50.3  44.3  0.10  55.3 553.4  23.1 410.9  0.47  0.31
       5 22  70.6  36.3  57.4  42.1  30.3  0.02  37.0 259.1  10.8 567.1  0.31  0.22
       5 23  60.7  33.0  50.0  58.4  35.1        22.9 202.9   8.5 532.6  0.19  0.15
       5 24  50.8  38.1  43.7  72.5  35.5        18.8 173.8   7.2 251.4  0.11  0.08
       5 25  74.8  30.1  54.4  59.1  37.0        22.1 104.7   4.4 468.5  0.21  0.16
       5 26  82.1  42.8  64.1  43.7  38.9        22.2 141.3   5.9 474.5  0.29  0.21
       5 27  85.1  46.2  63.9  54.5  45.6        25.5 151.4   6.3 427.5  0.30  0.21
       5 28  82.9  43.4  65.6  52.4  45.7        25.0 100.0   4.2 421.8  0.23  0.17
       5 29  86.4  45.7  67.9  46.1  42.9        23.7 136.2   5.7 390.2  0.29  0.21
       5 30  90.6  45.7  71.6  44.3  45.9        24.0 147.6   6.2 475.0  0.33  0.24
       5 31  87.9  54.6  74.5  39.0  47.2        21.7 176.6   7.4 452.2  0.34  0.24
       6  1  89.2  57.0  75.7  48.2  52.4        24.0 135.4   5.6 282.3  0.26  0.18
       6  2  87.3  50.2  73.1  56.2  54.8        25.9 144.6   6.0 502.7  0.27  0.21
       6  3  74.5  55.6  62.8  79.5  56.0  0.12  30.0 247.1  10.3 361.4  0.20  0.15
       6  4  66.2  52.5  56.7  88.5  53.2  0.07  24.6 144.8   6.0 312.1  0.12  0.10
       6  5  77.6  44.8  61.6  69.8  49.8  0.03  21.0 130.2   5.4 514.4  0.22  0.18
       6  6  87.4  49.8  69.5  54.1  48.8  0.02  25.1 167.8   7.0 606.1  0.35  0.26
       6  7  94.1  52.5  71.0  56.0  52.7  0.05  36.3 167.9   7.0 571.1  0.39  0.28
       6  8  92.7  55.1  74.6  54.2  52.7  0.03  36.4 272.3  11.3 536.5  0.45  0.31
       6  9  94.7  64.9  80.7  41.9  53.2        37.4 288.6  12.0 640.9  0.53  0.37
       6 10  80.6  56.3  66.5  44.1  43.4        31.9 259.3  10.8 586.6  0.41  0.28
       6 11  78.4  50.5  65.7  48.3  43.8  0.01  14.6  99.4   4.1 649.5  0.26  0.22
       6 12  81.7  52.5  67.0  44.9  44.0        18.8 133.1   5.5 656.4  0.32  0.24
       6 13  72.5  48.1  61.7  53.5  43.9        16.4 109.7   4.6 492.1  0.21  0.17
       6 14  81.1  36.9  63.2  47.8  40.6        21.5 118.9   5.0 653.1  0.28  0.22
       6 15  80.3  55.8  68.5  55.0  50.9        26.7 200.2   8.3 585.4  0.31  0.24
       6 16  88.5  48.9  69.9  47.4  44.6        20.5 117.9   4.9 631.0  0.33  0.25
       6 17  98.5  49.9  76.1  35.7  39.7        31.1 121.2   5.0 616.2  0.40  0.29
       6 18  99.5  55.7  80.8  20.3  32.0        25.1 163.2   6.8 704.0  0.50  0.35
       6 19  88.6  56.2  75.8  34.0  44.7        25.4 239.2  10.0 631.5  0.44  0.31
       6 20  83.9  58.6  71.8  61.9  57.4  0.05  45.1 252.8  10.5 484.5  0.31  0.23
       6 21  95.7  61.6  80.5  36.5  50.0        30.8 280.0  11.7 568.1  0.53  0.36
       6 22  95.4  62.9  80.9  39.4  51.4        40.3 192.7   8.0 517.0  0.42  0.30
       6 23  94.2  55.1  78.8  36.0  46.1        25.6 115.0   4.8 651.5  0.35  0.27
       6 24  97.7  52.1  77.5  39.1  46.4        24.6 131.3   5.5 550.7  0.38  0.28
       6 25  92.9  57.1  77.8  40.2  49.2  0.11  30.9 195.6   8.2 591.0  0.42  0.30
       6 26  90.5  56.7  75.3  50.8  53.3  0.03  20.3 135.2   5.6 641.8  0.34  0.26
       6 27  93.1  54.3  77.8  42.5  50.2        20.8 149.6   6.2 679.8  0.38  0.29
       6 28  94.6  56.7  80.0  36.3  48.3        21.8 165.5   6.9 636.5  0.40  0.30
       6 29  96.9  54.5  79.8  37.1  47.9        25.1 181.6   7.6 645.1  0.44  0.32
       6 30  91.5  53.9  76.9  41.0  49.7        20.8 139.3   5.8 628.6  0.35  0.27
       7  1  99.4  60.5  81.1  44.2  54.1        23.5 137.6   5.7 659.5  0.40  0.31
       7  2  87.9  61.9  77.7  47.7  54.3        20.5 157.1   6.5 572.3  0.33  0.25
       7  3  91.5  62.0  77.9  50.5  56.3        24.7 165.2   6.9 546.4  0.35  0.26
       7  4  86.4  64.2  76.1  54.7  57.6        26.1 211.6   8.8 626.5  0.36  0.27
       7  5  84.8  60.8  73.4  63.9  59.8        21.4 211.4   8.8 609.9  0.31  0.24
       7  6  84.0  65.6  71.2  80.8  64.8  0.52  20.3 114.8   4.8 375.9  0.19  0.16
       7  7  87.6  63.6  76.9  61.5  61.3  0.19  21.4 201.0   8.4 618.5  0.33  0.25
       7  8  90.4  58.7  76.9  59.5  60.0  0.01  15.8  96.9   4.0 642.0  0.28  0.24
       7  9  89.8  59.2  77.9  55.5  59.0        20.3 144.5   6.0 662.6  0.32  0.26
       7 10  85.0  64.0  75.0  58.8  58.7        20.5 137.2   5.7 521.9  0.27  0.21
       7 11  84.9  57.6  70.8  58.0  54.5        18.6 114.6   4.8 643.5  0.29  0.23
       7 12  91.3  49.9  72.1  55.6  52.5        18.8  91.4   3.8 670.6  0.30  0.24
       7 13  92.4  59.0  76.9  40.3  48.2        19.3 145.0   6.0 663.0  0.38  0.29
       7 14  96.2  57.0  78.8  36.6  46.0        25.2 175.1   7.3 673.5  0.45  0.33
       7 15  96.2  61.7  81.1  40.7  52.1        27.1 225.4   9.4 659.5  0.48  0.34
       7 16  99.1  61.8  83.6  35.5  49.0        25.6 212.2   8.8 657.2  0.50  0.36
       7 17  97.8  58.6  82.8  32.1  46.0        22.1 161.4   6.7 652.7  0.43  0.31
       7 18  99.0  54.5  82.7  31.7  45.2        22.2 146.5   6.1 658.5  0.41  0.31
       7 19 100.3  62.8  84.6  32.0  48.4        25.9 197.8   8.2 633.9  0.49  0.35
       7 20 101.0  63.8  83.2  35.8  50.0  0.06  35.7 173.8   7.2 601.8  0.47  0.33
       7 21  81.3  60.0  69.9  73.3  60.7  0.26  35.0 150.7   6.3 406.6  0.21  0.16
       7 22  83.0  58.1  70.8  56.0  51.4  0.03  21.2 143.9   6.0 632.8  0.31  0.24
       7 23  88.9  65.3  76.7  44.4  52.3  0.01  27.8 260.4  10.8 571.6  0.45  0.31
       7 24  98.3  56.7  77.6  51.3  54.6        11.4  89.6   3.7 661.6  0.33  0.26
       7 25  95.6  60.0  74.5  55.6  55.4        36.0 145.1   6.0 486.2  0.36  0.26
       7 26  90.1  56.4  71.9  60.7  55.9        24.0  87.9   3.7 545.6  0.26  0.21
       7 27  90.5  54.9  74.0  52.0  52.0        24.8 108.6   4.5 642.2  0.31  0.24
       7 28  86.7  58.5  71.0  55.4  52.7        21.8 123.8   5.2 530.3  0.29  0.22
       7 29  90.4  51.0  71.8  57.1  52.6        13.5  80.1   3.3 664.1  0.28  0.23
       7 30 101.1  57.3  78.3  48.2  53.8        11.9  71.8   3.0 654.5  0.32  0.26
       7 31 101.2  56.6  79.1  44.9  54.1        10.9  84.8   3.5 628.2  0.33  0.26
       8  1  77.0  59.6  67.6  39.3  41.7        33.7 212.6   8.9 579.7  0.36  0.26
       8  2  87.7  59.0  73.3  36.3  45.6        35.9 314.2  13.1 603.1  0.50  0.34
       8  3  89.4  61.6  77.4  51.4  57.0  0.02  19.6 124.2   5.2 550.4  0.29  0.23
       8  4  90.5  62.4  72.9  73.5  63.1  0.06  30.6 133.7   5.6 586.1  0.29  0.23
       8  5  84.5  61.0  73.8  74.8  64.6  0.39  25.0 142.3   5.9 608.6  0.24  0.20
       8  6  88.8  57.2  75.5  56.8  56.2        26.1 189.6   7.9 619.1  0.34  0.26
       8  7  89.3  60.9  77.5  45.9  53.4        28.7 228.3   9.5 534.3  0.38  0.27
       8  8  89.8  60.1  73.6  67.2  60.6        19.1  71.2   3.0 529.9  0.23  0.19
       8  9  78.8  57.5  66.7  72.7  57.2        16.1 118.4   4.9 517.0  0.21  0.17
       8 10  89.0  54.7  72.3  64.0  57.8        17.9 113.7   4.7 584.3  0.27  0.22
       8 11  95.8  54.7  75.1  54.5  54.7        17.4 102.4   4.3 639.6  0.32  0.25
       8 12  71.5  52.1  63.5  53.8  46.0        32.1 253.2  10.6 522.0  0.27  0.20
       8 13  76.6  48.9  60.6  66.4  47.5  0.09  15.6  68.2   2.8 608.2  0.21  0.18
       8 14  93.6  42.6  67.4  56.1  48.5        18.3 104.7   4.4 627.4  0.32  0.24
       8 15  81.2  53.1  68.4  52.3  49.6        31.4 167.9   7.0 609.2  0.29  0.22
       8 16  96.0  59.3  76.1  47.3  52.8        33.3 166.3   6.9 621.7  0.41  0.30
       8 17  72.0  47.4  61.5  39.9  36.2        29.4 172.4   7.2 526.3  0.27  0.20
       8 18  92.0  49.6  67.1  47.1  43.3        21.7 123.4   5.1 381.7  0.32  0.22
       8 19  80.6  42.7  64.4  62.8  50.8        26.5 167.4   7.0 547.5  0.25  0.19
       8 20  95.0  59.1  73.2  62.8  57.5  0.20  32.0 132.0   5.5 450.5  0.31  0.23
       8 21  87.1  58.5  70.4  53.9  51.6  0.01  19.0 106.9   4.5 294.0  0.23  0.17
       8 22  90.4  52.3  70.4  62.4  54.5  0.02  28.7  99.9   4.2 578.9  0.27  0.21
       8 23  88.6  50.0  69.6  61.6  53.1        25.6 162.7   6.8 552.0  0.31  0.23
       8 24  83.8  59.8  68.9  67.3  56.9  0.04  25.3 161.8   6.7 473.4  0.26  0.20
       8 25  88.9  58.9  73.1  62.3  58.1  0.47  23.6 216.9   9.0 560.7  0.34  0.25
       8 26  87.6  62.6  72.6  67.4  60.6        38.6 227.3   9.5 547.6  0.33  0.24
       8 27  79.8  60.4  69.2  64.5  56.4  0.25  36.1 239.5  10.0 454.7  0.27  0.20
       8 28  79.7  58.5  68.4  78.5  61.4  0.04  31.6 207.6   8.7 323.2  0.18  0.14
       8 29  81.1  52.6  67.1  74.6  57.8  0.16  26.0 197.3   8.2 470.4  0.22  0.17
       8 30  86.6  54.5  69.0  70.9  57.2  0.13  17.3 124.9   5.2 556.5  0.26  0.20
       8 31  87.9  53.1  70.9  69.8  59.4  0.15  27.3 159.0   6.6 496.6  0.26  0.20
       9  1  87.9  58.2  71.9  61.6  56.6        19.1  95.7   4.0 431.6  0.22  0.17
       9  2  80.2  49.5  64.9  57.5  47.6        22.0 135.5   5.6 550.9  0.25  0.19
       9  3  87.1  53.1  70.6  52.5  51.2        27.0 222.4   9.3 484.9  0.34  0.24
       9  4  92.1  58.0  72.1  54.6  53.1        11.8  92.8   3.9 439.2  0.26  0.19
       9  5  94.7  48.8  72.9  48.9  47.8        17.9 120.1   5.0 542.0  0.32  0.23
       9  6  92.0  49.4  74.1  49.9  50.2        24.6 173.0   7.2 524.8  0.34  0.24
       9  7  93.9  65.2  79.2  46.5  54.6        31.6 277.2  11.6 513.5  0.47  0.31
       9  8  85.7  56.8  72.3  61.9  57.1  0.01  28.2 175.0   7.3 433.4  0.26  0.19
       9  9  69.6  56.5  63.7  84.4  58.9  0.04  21.3 163.9   6.8 207.4  0.09  0.08
       9 10  65.7  54.6  58.4  73.2  49.4        12.1 104.1   4.3 222.3  0.12  0.09
       9 11  74.0  49.3  62.8  70.4  52.8        24.0 206.0   8.6 345.5  0.18  0.13
       9 12  75.9  57.4  65.5  76.8  57.2  0.43  20.5 141.7   5.9 384.6  0.17  0.13
       9 13  71.0  52.6  60.5  84.8  55.6  0.23  25.6  75.9   3.2 308.6  0.11  0.09
       9 14  72.0  49.3  60.7  69.7  49.8  0.01  22.1 137.2   5.7 499.8  0.18  0.14
       9 15  85.9  40.8  62.0  63.7  46.5        14.9 109.0   4.5 510.2  0.25  0.18
       9 16  84.8  40.9  64.5  55.5  44.6        20.4 134.0   5.6 508.7  0.26  0.19
       9 17  81.1  39.8  61.9  56.7  43.5        16.9  84.9   3.5 435.3  0.19  0.15
       9 18  68.3  49.6  59.2  54.3  42.4        30.0 231.4   9.6 447.2  0.23  0.16
       9 19  67.5  40.3  53.5  59.4  37.8        27.5 189.0   7.9 474.1  0.21  0.15
       9 20  81.5  35.6  58.7  55.6  39.0        27.5 116.4   4.8 483.0  0.24  0.17
       9 21  61.3  37.4  49.7  64.9  37.8        25.9 154.7   6.4 450.8  0.15  0.11
       9 22  72.7  41.8  54.0  62.5  39.6        24.0 108.0   4.5 438.8  0.19  0.14
       9 23  65.9  32.5  50.1  62.3  36.4        22.5 129.7   5.4 462.8  0.16  0.12
       9 24  81.2  39.5  60.4  50.9  40.4        25.0 135.0   5.6 431.1  0.25  0.17
       9 25  57.3  44.7  49.9  70.0  40.4        26.0 183.1   7.6 221.2  0.12  0.09
       9 26  62.7  41.8  49.5  76.2  41.9  0.02  12.3  83.7   3.5 336.1  0.11  0.09
       9 27  77.7  36.1  58.0  61.3  42.4        27.4 150.4   6.3 410.0  0.22  0.15
       9 28  66.3  43.0  53.1  73.7  44.7        15.1 120.8   5.0 354.2  0.13  0.10
       9 29  79.9  37.4  57.0  65.4  42.9        30.1  84.0   3.5 430.9  0.18  0.13
       9 30  79.8  37.9  58.9  51.5  37.5        18.6 116.0   4.8 445.3  0.23  0.16
      10  1  64.4  43.8  54.3  55.1  38.3        28.8 266.7  11.1 422.7  0.21  0.15
      10  2  46.0  36.7  38.9  90.6  36.3  0.11  19.6 156.6   6.5  85.2  0.05  0.04
      10  3  60.2  38.7  45.7  83.3  41.0  0.07  27.6 193.7   8.1 190.7  0.12  0.08
      10  4  61.6  42.1  50.3  68.0  39.7  0.02  22.6 179.5   7.5 380.0  0.15  0.11
      10  5  70.3  32.1  52.9  59.1  36.9        22.1 103.8   4.3 385.2  0.15  0.11
      10  6  57.6  37.3  46.8  67.2  36.1        20.2  97.0   4.0 157.5  0.09  0.06
      10  7  76.1  32.5  52.1  64.1  38.4        15.3  92.6   3.9 407.2  0.17  0.12
      10  8  65.1  32.4  49.0  71.7  39.5        27.2 177.2   7.4 398.3  0.15  0.11
      10  9  70.1  45.2  56.5  74.0  48.4        18.6 145.7   6.1 323.9  0.14  0.10
      10 10  77.4  37.2  57.0  66.2  43.0        18.1 116.3   4.8 392.4  0.18  0.13
      10 11  82.8  37.1  55.1  60.3  38.4        36.3 141.5   5.9 303.9  0.26  0.17
      10 12  54.9  27.1  40.9  66.2  29.6        22.0 132.3   5.5 383.9  0.11  0.08
      10 13  68.2  21.5  44.4  60.8  30.0        19.2 128.6   5.4 386.0  0.17  0.12
      10 14  62.4  26.5  43.9  52.6  23.9        30.5 166.7   6.9 378.2  0.18  0.12
      10 15  62.3  19.2  42.4  54.0  24.4        21.7 137.8   5.7 374.3  0.16  0.10
      10 16  56.2  26.0  42.2  52.4  24.4        31.9 190.7   7.9 270.9  0.15  0.10
      10 17  65.3  20.9  40.3  57.1  23.9        12.2  79.6   3.3 367.6  0.13  0.09
      10 18  70.9  25.0  46.3  48.8  23.7        17.7 104.4   4.3 370.5  0.18  0.12
      10 19  67.6  23.5  44.6  62.4  31.0        20.6 130.9   5.5 354.0  0.16  0.11
      10 20  69.6  27.5  45.7  52.8  24.8        12.3  87.2   3.6 321.1  0.16  0.10
      10 21  58.8  21.8  40.1  65.6  28.7        16.7  89.2   3.7 341.6  0.10  0.07
      10 22  41.1  26.6  33.4  93.8  32.0        23.5 178.9   7.5  47.7  0.03  0.02
      10 23  27.6  22.9  25.7  92.6  23.9        12.3 125.6   5.2  93.2  0.02  0.02
      10 24  35.0  22.9  29.0  90.1  26.7  0.02  13.2 135.4   5.6 116.5  0.03  0.02
      10 25  58.7  25.6  40.6  67.5  28.0        27.2 164.2   6.8 279.1  0.14  0.09
      10 26  57.5  20.6  40.3  76.6  34.1        25.1 159.3   6.6 291.2  0.09  0.06
      10 27  43.2  28.9  38.1  92.3  36.2  0.33  14.0  95.6   4.0  99.3  0.02  0.02
      10 28  60.6  25.8  42.2  80.7  36.1  0.17  24.0 121.9   5.1 280.8  0.09  0.07
      10 29  40.7  17.1  28.6  95.8  28.6  0.20  30.5 301.9  12.6  67.9  0.03  0.02
      10 30  19.3  15.3  17.0  85.2  13.3        19.3 170.4   7.1 199.6  0.02  0.02
      10 31  20.8  13.0  17.6  89.6  15.1        12.4 116.8   4.9 132.0  0.02  0.01
      11  1  29.4   4.0  19.9  91.5  18.5  0.17  20.2 113.5   4.7 177.8            
      11  2  34.2  24.1  28.7  88.0  25.6  0.04  23.9 135.7   5.7 184.7            
      11  3  38.7  14.7  25.3  72.4  17.5        18.9 127.0   5.3 311.6            
      11  4  38.9   9.2  26.7  79.5  21.6        18.3 101.9   4.2 190.6            
      11  5  45.0  21.6  34.7  63.6  23.2        20.5 171.5   7.1 291.3            
      11  6  58.8  20.6  36.3  74.2  27.2        17.0 105.9   4.4 295.3            
      11  7  62.1  24.9  39.4  74.6  31.1        14.4 117.4   4.9 231.6            
      11  8  64.0  29.4  44.0  68.9  32.6        11.8 103.8   4.3 243.0            
      11  9  62.4  30.6  45.0  62.8  31.6        31.4 200.5   8.4 185.8            
      11 10  53.3  28.3  41.5  52.5  24.3        25.6 147.9   6.2 195.2            
      11 11  45.1  21.8  34.3  77.8  27.9        19.9 159.3   6.6 114.2            
      11 12  54.5  21.7  33.0  68.5  21.8        15.3 147.8   6.2 268.0            
      11 13  55.6  23.3  39.5  67.9  29.6  0.14  18.4 103.2   4.3  78.7            
      11 14  51.3  31.9  41.4  69.9  31.8  0.01  20.6 123.1   5.1 174.4            
      11 15  48.0  22.5  35.7  73.9  27.7        23.8 146.6   6.1 161.0            
      11 16  58.1  18.2  34.5  66.3  21.5        20.4 131.8   5.5 243.9            
      11 17  59.6  22.4  41.7  52.3  22.6        36.0 119.2   5.0 128.4            
      11 18  55.6  22.5  39.7  50.8  21.0        25.9 172.4   7.2 242.5            
      11 19  57.5  25.1  43.9  44.2  20.7        23.3 176.3   7.3 245.3            
      11 20  62.4  33.1  48.0  50.5  29.4        27.7 166.8   7.0 246.4            
      11 21  62.5  30.2  48.0  59.4  33.5        23.4 187.3   7.8 240.4            
      11 22  76.0  26.2  44.9  62.2  28.7        27.4 169.3   7.1 238.9            
      11 23  47.3  23.1  35.5  64.8  23.7        23.8 189.9   7.9 172.5            
      11 24  32.5  20.5  25.8  82.6  21.1        23.0 173.9   7.2 113.4            
      11 25  38.8  15.2  26.5  73.3  18.9  0.01  33.4 201.0   8.4 233.5            
      11 26  31.6  11.1  19.1  66.5   9.3        24.3 167.3   7.0 235.1            
      11 27  43.0  12.0  28.0  73.7  20.7        25.6 175.5   7.3  79.8            
      11 28  62.9  18.0  34.9  69.3  24.0        16.9 129.6   5.4 226.4            
      11 29  58.2  23.5  39.1  55.8  22.7        27.3 204.0   8.5 220.5            
      11 30  49.1  18.8  31.5  52.7  14.8        11.3  91.2   3.8 213.7            
      12  1  58.9  18.3  38.8  57.5  23.3        15.5 149.0   6.2 224.7            
      12  2  59.5  27.9  41.3  61.9  27.9        19.5 119.9   5.0 205.5            
      12  3  35.6  22.4  29.3  79.9  23.7        15.6 164.3   6.8  90.7            
      12  4  28.6  21.7  25.6  90.9  23.4        16.1  93.9   3.9  48.8            
      12  5  47.7  17.0  29.5  78.4  22.6        19.5 119.5   5.0 203.1            
      12  6  55.8  13.9  28.3  71.6  18.4        23.5 106.5   4.4 217.0            
      12  7  53.3  16.3  28.9  70.0  18.8        10.8  87.6   3.6 187.7            
      12  8  42.4  12.6  25.0  78.9  19.2        14.0  81.1   3.4 184.7            
      12  9  54.7  12.6  27.8  69.8  17.3        11.8 109.6   4.6 210.7            
      12 10  57.3  11.5  27.5  60.8  13.0        13.9 121.9   5.1 215.1            
      12 11  50.2  14.8  30.5  57.4  15.1        18.6 119.7   5.0 157.0            
      12 12  45.0  18.9  32.0  54.2  16.3        25.6 155.5   6.5 212.0            
      12 13  61.3  15.8  33.2  55.0  15.6        21.9 136.7   5.7 206.3            
      12 14  59.2  17.4  33.5  55.7  16.7        17.1 121.8   5.1 201.5            
      12 15  58.8  21.3  38.7  49.3  19.5        31.3 176.0   7.3 138.9            
      12 16  58.2  21.6  38.5  45.7  17.6        27.8 181.3   7.6 176.1            
      12 17  56.2  25.5  38.1  58.6  23.6        18.9 119.2   5.0 189.9            
      12 18  44.5  29.1  35.9  60.4  23.2        27.5 235.4   9.8 162.1            
      12 19  39.5  17.0  29.4  44.8   9.5        29.7 233.4   9.7 206.4            
      12 20  47.7   7.3  25.7  50.4   7.7        17.9  97.9   4.1 201.0            
      12 21  37.4  13.7  27.4  61.9  15.7        17.9 119.6   5.0 175.5            
      12 22  39.9   7.4  21.8  70.9  13.2        14.0  84.5   3.5 206.6            
      12 23  33.9   5.5  15.8  72.2   7.8         9.6  46.8   1.9 134.5            
      12 24  35.7   2.4  17.1  73.7   9.9        10.2  71.1   3.0 199.1            
      12 25  41.1   2.2  17.0  65.3   5.9        20.0  92.1   3.8 205.0            
      12 26  39.3   0.4  15.6  62.0   3.3        15.6 138.9   5.8 210.5            
      12 27  58.1  10.6  30.0  49.3  11.0        16.9 158.0   6.6 192.5            
      12 28  53.0  20.7  34.4  53.5  18.2        17.2 139.9   5.8 107.0            
      12 29  42.4  18.8  30.1  67.6  20.4        27.0 122.9   5.1  57.0            
      12 30  49.6  10.6  34.0  41.5  11.6        34.5 188.2   7.8 179.3            
      12 31  44.5   8.0  26.1  63.3  15.0        14.2  98.0   4.1 113.0            

      Total                                6.69                         59.33 43.54
        Max 101.2  65.6  84.6  95.8  64.8        55.3 553.4  23.1 704.0
        Min  14.5 -21.7  -2.3  20.3  -7.2         9.6  46.8   1.9  47.7
        Ave  65.1  32.4  48.5  58.8  32.1        24.0 162.0   6.8 387.4
