                                                                    10-JAN-01
      Cellular-linked Weather Station near STERLING, Colorado            2000
      -----------------------------------------------------------------------------
               Temperature      Rel   Dew             Wind        Solar StandrdASCE
            ----------------- Humid Point  Prec -----------------   Rad   ETr   ETo
       Date   Max   Min   Ave   Ave   Ave Total   Max Total   Ave Total Alflf Grass
      MoDay     F     F     F     %     F  inch   mph miles   mph Langl  inch  inch
      ----- ----- ----- ----- ----- ----- ----- ----- ----- ----- ----- ----- -----
       1  1  54.7  20.0  34.4  59.0  19.7        13.7  87.4   3.6 207.3            
       1  2  46.1  15.5  32.0  68.0  22.0        24.9 144.7   6.0 204.7            
       1  3  29.2   2.3  22.1  84.3  18.6        30.8 309.2  12.9 162.8            
       1  4  36.8  -0.1  17.5  75.0  12.6        14.3 145.8   6.1 236.3            
       1  5  40.8  17.2  30.2  69.2  20.7  0.01  26.7 193.0   8.0 194.7            
       1  6  42.5  10.4  24.0  63.5  11.0        18.8 116.4   4.8 241.0            
       1  7  45.0  11.6  23.1  73.5  15.4        13.7 137.2   5.7 179.3            
       1  8  46.7  13.3  27.1  73.2  18.8  0.01  14.1 109.9   4.6 233.4            
       1  9  44.0  28.1  36.1  44.5  16.0        26.5 226.7   9.4 191.3            
       1 10  39.5  17.5  30.0  62.5  18.0        26.5 197.6   8.2  96.2            
       1 11  56.5  15.3  33.4  65.2  21.8        19.4 121.0   5.0 182.0            
       1 12  53.4  22.7  39.3  49.3  19.8        37.1 224.2   9.3 244.2            
       1 13  48.6  18.6  33.3  61.2  20.4        22.4 155.9   6.5 198.6            
       1 14  53.7  17.7  30.1  72.6  21.4        13.5 113.8   4.7 141.0            
       1 15  54.8  17.9  34.2  62.5  21.2        17.2 142.1   5.9 146.7            
       1 16  38.3  26.8  31.8  70.3  23.1        19.7 130.3   5.4 152.1            
       1 17  60.3  24.4  38.3  70.9  29.0        12.7 100.3   4.2 138.3            
       1 18  43.5  25.1  35.3  79.8  29.4        14.0  81.2   3.4 114.6            
       1 19  48.4  16.9  35.2  65.8  25.0        28.4 224.8   9.4 178.7            
       1 20  54.8  11.5  28.9  71.4  20.1        14.1  79.4   3.3 238.4            
       1 21  53.8  19.3  35.3  77.0  28.8        24.8 110.9   4.6 127.6            
       1 22  45.7  20.4  30.7  79.7  24.6        14.8  87.3   3.6 218.2            
       1 23  42.8  14.9  26.2  72.3  17.3        22.1 122.4   5.1 264.0            
       1 24  52.1  13.6  31.2  62.2  18.4        21.8 169.0   7.0 160.7            
       1 25  36.4  17.8  27.1  70.1  18.0  0.01  17.8 165.7   6.9 120.1            
       1 26  39.8  20.6  29.5  69.1  20.2        19.7 182.5   7.6 235.2            
       1 27  31.8  13.6  26.2  90.9  24.1  0.01  10.6  86.0   3.6 101.5            
       1 28  32.2  11.9  22.9  87.1  19.8        19.6 141.3   5.9 110.2            
       1 29  32.2  15.3  23.7  90.7  21.3        19.6 137.9   5.7 175.5            
       1 30  38.4   9.2  20.5  89.0  17.7  0.03   9.7  72.5   3.0 250.9            
       1 31  49.6   7.1  23.6  72.4  14.4  0.03  14.1 103.3   4.3 296.8            
       2  1  51.7   7.4  26.2  64.3  13.9        15.3 125.7   5.2 300.5            
       2  2  71.6  23.6  41.2  44.4  16.8        24.8 161.1   6.7 275.8            
       2  3  46.4  19.7  33.5  66.1  22.7        25.6 216.8   9.0 226.3            
       2  4  43.0  10.6  26.2  54.8   9.9        20.8 127.5   5.3 302.8            
       2  5  57.5  16.9  34.8  48.1  14.9        24.2 149.0   6.2 276.2            
       2  6  59.5  19.5  36.0  54.0  17.9        24.4 163.0   6.8 306.3            
       2  7  57.5  20.0  35.8  58.4  20.4        21.3 122.7   5.1 305.8            
       2  8  60.5  20.3  38.5  51.7  19.5        12.4 120.7   5.0 242.1            
       2  9  62.2  29.5  42.5  42.5  19.2        16.3 129.7   5.4 187.7            
       2 10  42.6  22.1  33.9  76.5  27.0  0.02  25.3 205.0   8.5 217.2            
       2 11  23.5  12.8  19.7  96.9  19.0  0.03  20.2 182.9   7.6 215.4            
       2 12  30.0  12.0  21.9  95.4  21.3        22.7 144.8   6.0 218.9            
       2 13  40.8  19.9  26.5  89.6  23.7  0.04  14.5 111.6   4.7 291.9            
       2 14  53.3  19.6  34.0  83.4  29.6  0.20  13.6 110.2   4.6 285.6            
       2 15  56.9  22.7  43.3  52.8  24.7        42.7 376.0  15.7 362.9            
       2 16  56.8  18.1  38.0  61.2  23.1        29.8 238.9  10.0 259.0            
       2 17  36.6  23.5  30.5  79.9  24.6  0.01  23.8 224.1   9.3 130.6            
       2 18  34.6  15.9  25.4  84.5  21.0  0.08  16.1 124.4   5.2 373.6            
       2 19  45.6   8.5  26.2  79.6  21.1  0.09  19.2 113.6   4.7 379.1            
       2 20  54.5  16.0  33.1  76.7  26.6  0.02  14.8 106.5   4.4 340.4            
       2 21  68.2  26.9  46.1  61.1  30.8        18.7 142.3   5.9 371.5            
       2 22  61.9  26.0  43.5  73.5  35.4  0.02  27.5 162.7   6.8 297.3            
       2 23  63.7  35.8  49.0  56.5  32.6        27.3 230.2   9.6 369.5            
       2 24  67.1  29.7  47.8  56.7  30.3        24.0 185.3   7.7 321.3            
       2 25  48.4  31.6  39.1  61.2  25.8  0.01  38.9 409.2  17.1 208.2            
       2 26  51.6  24.2  37.8  49.4  18.6        29.7 288.8  12.0 398.6            
       2 27  63.3  17.0  40.5  50.1  19.5        25.6 191.7   8.0 405.9            
       2 28  73.9  24.5  47.4  48.3  25.7        28.0 161.5   6.7 337.9            
       2 29  58.1  32.3  45.7  53.0  28.6        22.9 179.8   7.5 329.7            
       3  1  59.9  25.4  43.7  56.5  27.6        21.3 135.0   5.6 372.0  0.14  0.10
       3  2  42.7  31.2  36.7  90.0  33.8  0.06  21.5 136.1   5.7  90.5  0.04  0.03
       3  3  62.9  32.1  42.8  78.7  35.0        14.0 108.6   4.5 386.5  0.13  0.10
       3  4  70.8  23.1  44.7  63.4  29.0        15.9 113.1   4.7 447.1  0.19  0.13
       3  5  74.3  22.3  48.2  55.5  30.0        31.7 234.3   9.8 423.8  0.29  0.19
       3  6  65.4  28.5  50.2  42.9  26.1        28.1 178.2   7.4 304.4  0.20  0.13
       3  7  61.8  31.7  44.8  81.8  40.9  0.43  28.7 164.2   6.8 111.3  0.09  0.06
       3  8  46.8  30.1  38.3  76.2  31.6  0.60  37.0 474.3  19.8 283.8  0.10  0.07
       3  9  34.4  25.6  29.6  91.9  27.6  0.04  15.3 150.2   6.3 141.5  0.03  0.03
       3 10  36.7  24.3  31.1  92.8  29.2  0.05  27.3 178.9   7.5 255.3  0.04  0.03
       3 11  56.0  20.8  38.1  69.8  27.2  0.01  23.8 155.5   6.5 440.6  0.13  0.10
       3 12  48.5  33.3  41.4  60.7  28.0        27.3 241.7  10.1 444.0  0.14  0.10
       3 13  54.3  23.2  39.4  64.6  26.3        15.3  98.4   4.1 437.8  0.11  0.09
       3 14  62.5  28.0  45.1  64.2  31.0        24.9 193.5   8.1 351.7  0.18  0.12
       3 15  51.5  26.0  35.1  89.3  31.9  0.07  28.6 230.7   9.6 105.9  0.09  0.06
       3 16  46.7  23.8  33.5  78.8  27.4  0.01  21.1 147.1   6.1 414.7  0.09  0.07
       3 17  55.1  26.4  39.5  70.9  30.0        27.8 250.3  10.4 440.9  0.15  0.11
       3 18  48.3  20.7  36.0  69.4  26.3  0.01  28.8 268.0  11.2 250.0  0.11  0.07
       3 19  66.5  16.7  42.9  50.4  20.7        29.1 186.9   7.8 456.7  0.24  0.16
       3 20  45.7  31.6  34.4  90.2  31.1  0.10  27.1 232.5   9.7  48.9  0.08  0.05
       3 21  38.0  30.6  33.7  99.4  33.2  0.13  11.8  96.2   4.0 118.7  0.03  0.03
       3 22  54.1  27.7  40.3  86.1  36.2        13.4  91.2   3.8 333.2  0.08  0.07
       3 23  65.5  37.0  48.3  77.1  39.7        14.1 101.5   4.2 470.8  0.15  0.12
       3 24  58.4  32.9  46.6  52.9  29.0        28.9 214.9   9.0 532.8  0.19  0.14
       3 25  68.6  29.5  49.1  55.6  31.1        17.0 112.1   4.7 494.5  0.19  0.14
       3 26  60.4  32.5  49.1  55.3  32.3        32.8 200.4   8.3 518.2  0.18  0.13
       3 27  72.8  26.9  50.5  50.1  26.6        26.6 153.1   6.4 566.7  0.26  0.18
       3 28  59.5  32.0  44.6  48.4  25.1        24.7 245.9  10.2 452.5  0.22  0.15
       3 29  58.1  30.1  43.8  64.5  31.8        23.4 186.0   7.8 307.6  0.15  0.10
       3 30  46.4  26.3  36.1  91.4  33.8  0.07  25.3 190.5   7.9 198.7  0.05  0.04
       3 31  38.9  31.8  34.5  98.6  33.8  0.24  20.5 113.2   4.7 203.0  0.04  0.04
       4  1  50.0  28.4  38.2  77.4  30.7        23.1 151.6   6.3 450.6  0.11  0.09
       4  2  45.5  28.9  36.8  71.2  27.9        28.9 254.6  10.6 206.7  0.10  0.07
       4  3  46.2  23.0  34.4  53.0  17.0        29.0 254.1  10.6 548.1  0.16  0.12
       4  4  80.4  20.8  50.3  49.9  25.7        28.8 207.7   8.7 601.1  0.38  0.25
       4  5  78.4  34.1  55.8  44.2  29.9        38.7 263.4  11.0 532.0  0.38  0.26
       4  6  75.5  30.3  54.3  38.7  26.7        31.6 197.7   8.2 474.3  0.31  0.21
       4  7  57.0  22.7  41.8  49.4  22.5        36.8 453.6  18.9 576.4  0.25  0.17
       4  8  69.6  15.4  43.7  51.1  20.3        18.7 128.1   5.3 621.6  0.24  0.18
       4  9  74.1  23.1  51.2  45.8  27.2        35.2 240.5  10.0 570.5  0.33  0.22
       4 10  65.3  28.8  49.6  51.8  31.1        26.8 225.7   9.4 565.5  0.23  0.17
       4 11  65.0  25.9  46.7  56.6  30.8        25.6 209.2   8.7 598.7  0.23  0.16
       4 12  76.3  34.9  55.5  47.8  31.3        27.0 217.7   9.1 568.3  0.33  0.23
       4 13  80.1  35.1  58.0  38.9  28.4        28.5 194.6   8.1 556.4  0.36  0.25
       4 14  70.1  29.7  47.5  57.9  32.9        28.6 268.3  11.2 513.4  0.29  0.20
       4 15  29.9  23.9  26.7  95.0  25.4        16.5 193.4   8.1 123.8  0.02  0.02
       4 16  64.4  23.2  41.5  67.3  30.4  0.02  15.5 131.1   5.5 631.4  0.20  0.15
       4 17  78.9  33.1  57.4  48.4  33.7        24.8 178.1   7.4 641.5  0.32  0.23
       4 18  82.5  33.4  59.4  49.5  35.1        37.0 232.3   9.7 516.9  0.38  0.25
       4 19  51.5  26.4  39.3  75.2  32.0  0.02  29.5 267.8  11.2 165.4  0.10  0.07
       4 20  65.1  28.5  46.9  43.5  24.1        22.6 179.8   7.5 662.6  0.26  0.19
       4 21  78.3  26.8  56.1  39.0  27.7        19.3 134.9   5.6 613.6  0.29  0.21
       4 22  79.4  34.3  58.6  53.9  40.0  0.11  33.0 193.1   8.0 526.4  0.30  0.21
       4 23  70.0  48.4  57.3  72.1  47.3        28.2 216.2   9.0 496.2  0.22  0.16
       4 24  69.4  38.5  52.5  69.3  41.6  0.05  50.3 171.3   7.1 495.7  0.21  0.16
       4 25  67.0  29.5  50.7  51.9  30.6        17.5 130.6   5.4 655.2  0.22  0.17
       4 26  75.5  37.2  57.2  48.8  35.9        43.0 216.3   9.0 600.4  0.32  0.22
       4 27  66.9  31.5  51.6  49.1  29.5        20.8 155.5   6.5 680.9  0.25  0.19
       4 28  71.4  36.8  55.8  55.8  39.2        31.9 275.9  11.5 656.3  0.29  0.21
       4 29  78.9  44.3  58.6  66.3  46.1  0.92  44.5 396.3  16.5 534.1  0.37  0.25
       4 30  56.2  38.0  46.4  80.8  40.3  0.39  29.6 280.8  11.7 340.2  0.13  0.09
       5  1  64.2  34.4  49.4  72.4  39.0        14.0  86.0   3.6 613.4  0.17  0.14
       5  2  72.3  36.1  55.6  64.0  40.9        20.8 182.3   7.6 708.0  0.26  0.20
       5  3  74.5  46.0  60.9  69.9  49.6        19.6 157.2   6.5 691.9  0.24  0.20
       5  4  89.5  44.2  67.4  61.2  49.8        19.8 144.3   6.0 707.0  0.34  0.26
       5  5  85.9  53.1  70.8  70.4  59.1        28.7 225.9   9.4 690.7  0.31  0.25
       5  6  77.7  52.2  65.7  72.6  56.4        19.1 158.3   6.6 619.2  0.23  0.19
       5  7  82.5  50.9  65.9  74.2  56.4        32.0 181.7   7.6 492.2  0.25  0.19
       5  8  54.0  43.0  48.3  81.2  42.7  0.07  23.4 158.2   6.6 232.0  0.09  0.07
       5  9  69.2  36.2  54.0  69.5  41.9  0.01  31.3 153.7   6.4 681.0  0.22  0.18
       5 10  76.1  50.3  64.6  53.3  46.1        28.0 192.8   8.0 679.9  0.30  0.23
       5 11  64.2  44.1  55.5  56.0  39.5        30.6 319.6  13.3 649.2  0.26  0.19
       5 12  58.9  31.6  48.5  39.1  22.7        34.5 288.7  12.0 522.6  0.25  0.18
       5 13  68.6  25.3  48.5  51.2  27.1        18.3  96.2   4.0 719.0  0.23  0.18
       5 14  72.8  36.2  56.0  46.8  34.1        20.5 130.0   5.4 540.1  0.24  0.18
       5 15  81.3  35.7  62.4  44.0  37.7        16.7 129.2   5.4 330.2  0.25  0.17
       5 16  79.0  46.6  63.6  71.8  54.8        37.0 248.5  10.4 385.1  0.22  0.16
       5 17  73.0  42.3  56.9  91.4  54.7  0.51  41.7 323.5  13.5 156.0  0.13  0.09
       5 18  56.4  38.9  46.2  75.5  38.4  0.04  29.2 246.4  10.3 371.0  0.15  0.11
       5 19  71.5  37.0  54.1  65.8  40.2        12.5  83.5   3.5 610.7  0.20  0.17
       5 20  68.9  43.2  56.7  70.6  46.4        21.4 126.8   5.3 470.3  0.17  0.14
       5 21  79.1  40.3  61.2  62.1  45.3        17.8  95.7   4.0 571.6  0.23  0.19
       5 22  85.9  46.8  68.9  53.9  48.3        26.7 138.4   5.8 485.4  0.28  0.21
       5 23  86.7  51.9  71.1  54.7  51.5        27.3 152.2   6.3 678.8  0.33  0.26
       5 24  77.5  46.8  63.3  60.2  48.3        24.4 127.6   5.3 573.1  0.24  0.19
       5 25  80.7  53.0  64.6  75.0  55.6  0.29  31.9 225.1   9.4 490.2  0.27  0.20
       5 26  75.2  49.9  62.5  78.5  54.8  0.13  35.5 133.3   5.6 401.2  0.17  0.14
       5 27  76.8  47.7  63.4  63.1  48.6        18.1 106.7   4.4 717.0  0.25  0.21
       5 28  92.9  45.9  71.3  52.1  48.9  0.01  22.5 140.5   5.9 666.7  0.37  0.28
       5 29  96.5  60.9  78.4  42.7  51.3        32.0 164.5   6.9 724.0  0.44  0.33
       5 30  69.3  53.4  60.7  82.3  55.0        27.8 220.1   9.2 491.7  0.17  0.14
       5 31  75.9  51.7  61.4  88.9  57.5  0.07  20.9 141.1   5.9 390.3  0.16  0.13
       6  1  70.7  47.6  59.8  60.5  45.3        27.5 197.8   8.2 723.0  0.27  0.21
       6  2  76.7  49.1  64.2  50.0  44.7        27.0 269.1  11.2 659.7  0.34  0.25
       6  3  90.3  54.7  72.3  54.2  50.6        24.0 180.0   7.5 687.0  0.40  0.30
       6  4  69.6  52.1  63.0  65.0  50.9        23.5 193.5   8.1 657.5  0.23  0.19
       6  5  75.9  44.5  61.2  64.8  48.4        23.5 218.4   9.1 545.1  0.26  0.20
       6  6  95.3  50.6  73.2  46.9  49.1        22.1 148.5   6.2 648.3  0.40  0.29
       6  7 100.2  51.5  77.2  40.3  47.7        19.5 113.8   4.7 745.0  0.41  0.31
       6  8  94.6  51.8  79.0  34.3  45.7        30.1 210.5   8.8 766.0  0.47  0.35
       6  9  92.4  56.3  74.5  44.0  50.2        29.2 150.2   6.3 598.7  0.37  0.28
       6 10  85.0  55.6  70.7  37.5  42.8        18.4 129.0   5.4 740.0  0.35  0.27
       6 11  85.5  61.7  73.0  45.8  50.5        28.3 230.5   9.6 605.4  0.40  0.29
       6 12  92.6  55.9  73.7  50.7  51.5        24.4 126.8   5.3 711.0  0.37  0.28
       6 13  76.3  53.1  65.3  51.1  46.0        35.0 232.2   9.7 566.8  0.32  0.23
       6 14  78.9  48.3  65.0  47.1  43.3        27.2 200.8   8.4 721.0  0.34  0.26
       6 15  87.7  47.5  65.2  50.7  44.8        42.2 267.5  11.1 652.0  0.46  0.32
       6 16  59.0  49.9  54.1  69.8  44.3  0.02  22.3 159.3   6.6 170.7  0.12  0.09
       6 17  64.5  48.5  54.2  84.2  48.7  0.33  18.3 115.9   4.8 504.3  0.16  0.14
       6 18  86.6  46.8  67.4  60.6  50.2        22.9 188.8   7.9 744.0  0.37  0.28
       6 19  85.5  54.2  68.1  61.5  52.7  0.03  24.7 116.2   4.8 449.4  0.26  0.20
       6 20  83.5  48.5  64.7  47.7  42.0        36.0 193.0   8.0 735.0  0.39  0.29
       6 21  86.5  41.3  65.9  48.5  41.0        19.1 124.4   5.2 755.0  0.34  0.27
       6 22  98.4  48.2  73.5  49.4  50.0  0.11  32.0 201.7   8.4 601.7  0.47  0.33
       6 23  92.8  58.8  73.9  53.2  53.3  0.01  38.3 179.9   7.5 587.4  0.40  0.29
       6 24  91.2  52.6  73.4  51.8  51.4        27.5 122.4   5.1 646.8  0.33  0.26
       6 25  76.8  56.4  68.1  61.6  54.1        25.5 227.8   9.5 410.1  0.24  0.18
       6 26  71.1  49.8  60.6  67.3  48.4        16.1  97.4   4.1 265.9  0.14  0.11
       6 27  67.7  55.6  60.5  82.0  54.9  0.07  27.1 232.5   9.7 314.8  0.15  0.12
       6 28  76.3  51.6  63.0  69.2  51.0        16.2 131.1   5.5 669.9  0.25  0.21
       6 29  92.0  53.2  71.2  59.1  53.0        30.0 217.0   9.0 708.0  0.43  0.32
       6 30  91.4  47.5  71.9  55.9  50.9        29.0 164.4   6.8 745.0  0.38  0.29
       7  1  96.7  60.7  77.9  48.6  54.0        33.5 169.5   7.1 648.4  0.43  0.31
       7  2  96.9  54.0  78.0  45.1  50.2        21.4 126.6   5.3 758.0  0.40  0.31
       7  3  92.4  65.5  77.2  56.1  58.6        32.1 166.8   7.0 472.3  0.34  0.25
       7  4  97.7  59.5  79.5  56.9  58.0        19.0 121.4   5.1 748.0  0.38  0.30
       7  5  91.2  71.0  80.1  63.2  64.9        24.4 215.0   9.0 721.0  0.39  0.31
       7  6  99.6  62.8  81.0  61.3  62.3        24.8 116.9   4.9 730.0  0.37  0.30
       7  7  98.2  65.8  83.7  39.0  54.4        25.9 183.1   7.6 679.2  0.46  0.34
       7  8  96.2  58.5  78.6  54.0  58.1        18.9  89.9   3.7 663.7  0.31  0.26
       7  9  93.0  60.6  78.7  55.0  59.8        24.6 128.2   5.3 682.3  0.33  0.27
       7 10  89.1  64.2  75.6  70.2  64.8        28.1 162.1   6.8 679.4  0.31  0.25
       7 11  91.6  61.3  77.5  56.0  58.5        20.3 123.0   5.1 666.1  0.32  0.26
       7 12  89.6  63.1  73.3  69.2  61.9  0.63  41.6 204.2   8.5 395.3  0.30  0.22
       7 13  94.0  58.0  75.7  68.8  62.7        17.6 119.1   5.0 708.0  0.32  0.27
       7 14  97.6  62.0  79.3  60.9  62.9        15.3  89.3   3.7 709.0  0.32  0.27
       7 15  98.1  67.1  80.2  59.9  64.2  0.13  26.0  98.9   4.1 611.6  0.32  0.26
       7 16  83.7  64.2  73.0  71.3  63.2        24.6 171.7   7.2 556.6  0.26  0.21
       7 17  68.8  60.0  63.8  96.1  62.7  0.34  14.5  94.4   3.9 145.6  0.06  0.06
       7 18  88.8  60.6  72.1  73.9  61.4        26.9 100.6   4.2 694.8  0.29  0.24
       7 19  90.4  55.7  69.6  76.0  60.7  0.03  34.8 123.3   5.1 674.2  0.30  0.24
       7 20  79.5  58.0  68.8  76.3  60.6        51.6 149.4   6.2 539.3  0.22  0.18
       7 21  82.8  52.5  67.0  79.9  59.7  0.02  29.6 116.7   4.9 505.6  0.21  0.17
       7 22  87.4  51.0  70.3  72.8  59.3        13.0  75.2   3.1 721.0  0.26  0.23
       7 23  92.2  58.4  76.2  65.8  61.7        19.0 106.0   4.4 700.0  0.30  0.25
       7 24  93.0  56.6  77.9  53.2  56.6        17.9 101.0   4.2 656.8  0.30  0.25
       7 25  91.0  55.8  75.3  62.3  60.0        15.4 107.8   4.5 689.5  0.29  0.25
       7 26  95.3  58.6  76.6  61.2  60.4        23.7  84.1   3.5 576.6  0.28  0.23
       7 27  91.2  62.9  76.4  69.9  64.9  0.05  30.8 123.2   5.1 576.9  0.27  0.22
       7 28  85.1  56.7  72.5  70.9  60.9        17.9 101.1   4.2 681.2  0.25  0.22
       7 29  90.4  55.7  73.6  65.7  59.3        17.1  82.9   3.5 685.6  0.27  0.23
       7 30  90.8  56.7  74.3  59.9  56.5        16.4  98.1   4.1 666.2  0.29  0.24
       7 31  92.5  51.9  74.6  51.7  51.7        16.3  99.0   4.1 665.0  0.31  0.25
       8  1  98.1  55.0  77.7  47.3  52.5        16.2  94.4   3.9 582.3  0.32  0.25
       8  2  96.6  65.4  80.5  47.6  57.5        22.6 158.8   6.6 574.5  0.38  0.28
       8  3  98.2  61.7  77.7  62.3  61.5        23.5 151.6   6.3 539.1  0.36  0.27
       8  4  98.5  66.1  78.1  61.7  61.9  0.42  26.2 127.8   5.3 469.5  0.33  0.24
       8  5  90.5  61.4  74.4  66.8  61.1  0.06  30.0 124.3   5.2 504.3  0.27  0.21
       8  6  88.7  53.2  71.8  62.4  55.0        17.4 103.4   4.3 656.2  0.28  0.23
       8  7  97.8  54.0  74.4  57.4  55.2        22.8  89.1   3.7 534.0  0.30  0.23
       8  8 100.7  51.9  76.0  52.7  52.7        22.1  98.4   4.1 656.4  0.35  0.27
       8  9  96.4  64.5  78.0  67.6  63.5        26.0 183.6   7.7 571.0  0.37  0.28
       8 10  91.1  54.6  75.4  63.0  59.6        25.8 191.5   8.0 645.0  0.33  0.26
       8 11  95.6  60.1  77.8  57.5  59.9        21.5  88.2   3.7 592.3  0.28  0.23
       8 12  83.1  58.6  73.0  65.8  60.3        21.0 122.3   5.1 405.2  0.20  0.16
       8 13  93.5  59.5  77.4  59.8  60.0        20.2 111.8   4.7 618.8  0.30  0.24
       8 14  94.3  57.6  77.5  49.9  54.5        15.6 107.6   4.5 634.3  0.32  0.25
       8 15  91.2  60.2  76.7  57.0  59.4  0.01  38.1 178.2   7.4 569.7  0.33  0.25
       8 16  92.4  63.7  72.1  79.7  64.6  0.52  24.6 117.9   4.9 275.4  0.22  0.16
       8 17  79.6  59.8  68.1  73.4  58.3        13.1  89.3   3.7 443.6  0.18  0.15
       8 18  80.3  60.6  70.2  70.2  58.9        27.0 244.9  10.2 452.8  0.26  0.19
       8 19  91.1  55.4  73.7  61.2  57.8        19.6 109.8   4.6 582.1  0.28  0.22
       8 20  94.7  58.3  73.4  63.9  59.0        25.9 105.3   4.4 554.6  0.29  0.23
       8 21  79.1  54.3  66.8  81.6  60.6  0.01  25.7 127.9   5.3 383.7  0.16  0.13
       8 22  90.2  55.7  72.5  64.0  57.9        22.9 100.0   4.2 540.8  0.25  0.20
       8 23  90.6  53.4  72.1  65.2  58.0        11.4  74.7   3.1 601.1  0.24  0.20
       8 24  92.4  55.4  74.8  62.7  58.6        18.2 103.3   4.3 584.0  0.27  0.22
       8 25  92.4  55.7  73.2  63.7  58.1        17.3  97.3   4.1 437.6  0.24  0.19
       8 26  90.0  56.5  71.8  69.5  58.7  0.28  32.6 115.7   4.8 404.4  0.24  0.18
       8 27  87.9  58.9  71.6  79.9  63.7  0.01  25.3 104.9   4.4 522.5  0.22  0.18
       8 28  92.1  59.1  73.1  66.9  60.0  0.12  25.0 148.4   6.2 496.9  0.30  0.22
       8 29  82.1  59.1  70.6  74.9  61.7        19.6 140.9   5.9 557.4  0.22  0.18
       8 30  89.9  58.7  73.1  73.2  62.6  0.04  17.8  98.5   4.1 493.3  0.22  0.18
       8 31  64.7  56.2  59.9  94.1  58.1  0.05  17.0 106.5   4.4 104.2  0.05  0.05
       9  1  82.3  54.2  67.6  82.4  60.9        27.1 101.3   4.2 411.8  0.17  0.14
       9  2  85.3  54.3  69.8  67.9  57.6        15.9  87.5   3.6 548.5  0.21  0.18
       9  3  89.5  50.5  69.9  63.2  55.4        20.5  98.4   4.1 542.7  0.25  0.19
       9  4  93.0  55.6  71.3  68.1  58.5  0.06  43.0 102.5   4.3 540.6  0.27  0.21
       9  5  90.1  64.1  75.6  63.7  61.1        25.7 210.0   8.8 510.6  0.33  0.24
       9  6  86.3  52.5  69.7  72.8  59.6  0.01  33.1 129.8   5.4 402.9  0.21  0.16
       9  7  77.4  49.4  64.4  50.8  44.5        24.3 148.1   6.2 559.3  0.25  0.19
       9  8  92.3  54.1  70.5  54.9  51.6        25.1 135.3   5.6 485.8  0.31  0.22
       9  9  90.2  48.7  69.3  53.9  47.4        20.5 133.9   5.6 533.6  0.31  0.22
       9 10  90.4  44.7  67.8  45.8  43.4        17.8 111.6   4.7 547.9  0.29  0.21
       9 11  75.2  43.9  60.9  54.8  42.3        20.0 136.1   5.7 461.1  0.22  0.16
       9 12  88.0  41.0  65.4  55.5  45.3        17.7 116.3   4.8 545.3  0.27  0.20
       9 13  93.2  47.9  69.1  48.0  42.8        25.6 146.5   6.1 460.8  0.35  0.24
       9 14  83.6  42.4  64.3  56.0  45.1        19.1 120.6   5.0 525.6  0.25  0.18
       9 15  94.2  50.9  72.2  41.1  45.3        20.0 169.3   7.1 523.6  0.38  0.26
       9 16  92.0  47.2  70.6  49.9  46.9        18.2 109.1   4.5 529.9  0.28  0.21
       9 17  97.2  46.6  73.0  44.8  46.1        26.2 152.8   6.4 465.2  0.37  0.25
       9 18  86.4  51.9  69.3  49.4  46.6        23.2 120.7   5.0 365.0  0.25  0.17
       9 19  68.2  47.7  59.6  70.2  49.1  0.67  19.3 174.8   7.3 222.9  0.13  0.10
       9 20  60.6  44.5  51.0  67.0  39.5  0.11  26.1 207.8   8.7 498.5  0.18  0.13
       9 21  72.1  41.0  55.9  70.3  46.7  0.11  21.3 164.9   6.9 341.4  0.17  0.12
       9 22  52.4  37.8  44.0  93.9  42.5  0.06  21.0 224.6   9.4  81.4  0.05  0.04
       9 23  38.5  32.2  35.9 100.3  35.7  0.11  18.4 193.2   8.1 111.8  0.02  0.02
       9 24  44.8  30.3  34.9  94.5  32.8  0.23  15.4 134.0   5.6 262.8  0.06  0.05
       9 25  65.4  26.1  43.9  76.0  34.9  0.01  12.3  85.3   3.6 494.7  0.14  0.11
       9 26  73.0  30.0  50.6  70.0  37.8        15.0  81.1   3.4 496.9  0.16  0.13
       9 27  75.9  33.6  53.3  68.5  39.5        13.0  70.1   2.9 486.8  0.16  0.13
       9 28  81.9  33.4  56.5  64.2  40.5        15.2 111.0   4.6 488.9  0.23  0.16
       9 29  83.2  44.2  62.5  65.5  48.6  0.02  19.8 126.1   5.3 361.0  0.21  0.15
       9 30  82.9  48.1  63.8  60.8  45.8        25.6 161.1   6.7 433.0  0.27  0.18
      10  1  85.8  45.7  64.0  60.5  46.8        27.6 124.0   5.2 439.4  0.25  0.17
      10  2  79.3  41.5  60.9  68.1  48.7        25.6 123.8   5.2 409.6  0.18  0.14
      10  3  69.8  46.0  56.7  80.5  50.4        25.2 146.5   6.1 333.5  0.13  0.10
      10  4  57.2  45.0  50.6  96.8  49.7  0.01  22.2 172.0   7.2 158.6  0.05  0.04
      10  5  50.5  30.7  38.5  90.6  37.1  0.02  23.1 224.7   9.4  78.0  0.06  0.04
      10  6  41.9  30.7  35.6  72.6  27.4        13.1  84.9   3.5 201.6  0.06  0.05
      10  7  50.2  28.0  38.2  59.8  24.9        18.5 109.6   4.6 334.8  0.10  0.07
      10  8  55.2  28.7  41.5  55.7  25.8        25.9 242.2  10.1 434.2  0.17  0.12
      10  9  62.7  30.0  46.0  65.6  34.4        25.3 220.5   9.2 431.1  0.17  0.12
      10 10  72.2  24.3  48.5  65.3  36.0        25.7 174.1   7.3 420.2  0.20  0.14
      10 11  81.5  31.8  57.5  59.3  40.4        24.1 152.6   6.4 418.3  0.24  0.16
      10 12  72.9  43.6  58.9  53.9  41.3        23.8 113.8   4.7 402.5  0.17  0.12
      10 13  65.2  33.0  49.6  67.1  37.8        21.9 112.4   4.7 328.4  0.12  0.09
      10 14  64.7  36.9  48.8  66.8  36.5        23.6  86.8   3.6 333.3  0.12  0.09
      10 15  67.4  34.0  50.6  66.3  37.8        22.0 139.2   5.8 351.6  0.15  0.10
      10 16  68.2  31.8  49.9  58.4  32.9        25.6 131.0   5.5 396.0  0.17  0.11
      10 17  74.1  27.9  48.1  58.5  31.4        13.7  95.7   4.0 388.5  0.18  0.12
      10 18  80.6  30.2  52.0  58.0  34.9        12.1  98.0   4.1 386.2  0.20  0.14
      10 19  81.6  28.6  51.8  53.3  31.2        18.2  76.6   3.2 378.7  0.19  0.12
      10 20  68.0  30.0  49.5  60.3  35.1        15.1  87.4   3.6 368.9  0.12  0.09
      10 21  77.0  38.1  57.2  61.5  42.7        26.9 232.4   9.7 358.9  0.25  0.16
      10 22  57.8  41.7  48.4  98.3  48.2  0.54  24.2 197.9   8.2  65.4  0.04  0.03
      10 23  52.9  42.2  47.2  96.1  46.2  0.01  19.4  86.4   3.6 115.7  0.03  0.03
      10 24  66.5  44.6  55.8  88.7  52.1  0.01  22.7 183.0   7.6 254.2  0.08  0.06
      10 25  67.2  35.8  50.4  73.7  40.6        21.7 119.1   5.0 279.7  0.12  0.08
      10 26  67.8  37.5  51.9  73.3  42.3        16.3  96.2   4.0 344.2  0.11  0.08
      10 27  62.5  39.4  52.8  94.5  51.3        26.5 209.4   8.7 161.0  0.04  0.03
      10 28  65.9  52.5  57.2  95.1  55.7  0.53  27.6 272.6  11.4  90.0  0.07  0.05
      10 29  59.5  37.3  49.2  95.0  47.7  0.32  15.5 103.6   4.3 148.6  0.04  0.03
      10 30  64.6  34.0  48.7  85.5  43.9  0.01  20.5 121.8   5.1 285.9  0.09  0.06
      10 31  52.9  33.9  42.7 100.6  42.5  0.03  18.0 100.8   4.2  95.5  0.03  0.03
      11  1  51.0  34.9  43.0  71.7  34.3  0.02  28.7 360.6  15.0 216.9            
      11  2  48.7  33.0  39.6  62.8  27.2        19.4 107.9   4.5 213.0            
      11  3  48.0  23.9  36.3  84.0  31.6        13.6  67.2   2.8  97.4            
      11  4  60.3  19.7  39.8  84.6  35.8  0.01  19.0 133.9   5.6 310.4            
      11  5  49.3  30.8  38.7  90.6  35.7  0.11  27.1 217.0   9.0  88.9            
      11  6  31.9  23.1  27.8  68.6  18.8        29.8 355.9  14.8 148.0            
      11  7  31.0  22.7  27.0  53.9  12.3        34.2 376.5  15.7 155.2            
      11  8  45.8  16.1  29.6  60.1  15.4        13.7  74.9   3.1 306.5            
      11  9  46.5  17.1  31.9  56.7  16.8        20.0 157.8   6.6 276.2            
      11 10  25.6  19.0  20.9  93.7  19.4        26.3 239.9  10.0  37.4            
      11 11  23.7  -7.8  16.9  96.6  17.3  0.14  20.8 183.2   7.6 104.1            
      11 12  26.7 -12.3   5.9  83.5   3.9        15.1  99.4   4.1 296.9            
      11 13  31.9  -2.6  12.5  80.0   8.1        21.5 140.7   5.9 293.8            
      11 14  38.3  -1.0  16.3  80.2  11.7        10.8  89.6   3.7 274.0            
      11 15  34.5   9.5  20.2  87.9  17.5  0.01  28.8 145.9   6.1 186.2            
      11 16  29.7   5.5  17.1  77.2  10.7        22.9 130.0   5.4 280.2            
      11 17  33.3   1.5  16.4  81.2  12.2        28.6 164.9   6.9 277.2            
      11 18  37.9   5.0  23.8  69.4  15.1        18.2 166.6   6.9 242.6            
      11 19  41.8  12.8  29.8  63.6  18.2        24.5 161.4   6.7 256.4            
      11 20  43.6  12.9  26.7  72.5  18.0        14.7 108.7   4.5 267.6            
      11 21  55.8  12.3  30.3  72.1  19.9        15.1 107.5   4.5 259.9            
      11 22  49.1  19.8  31.6  77.1  23.9        10.7  65.6   2.7 175.7            
      11 23  50.2  15.7  29.0  79.1  21.9         8.5  66.3   2.8 209.2            
      11 24  55.3  16.6  32.8  71.4  23.2        21.4 149.7   6.2 255.3            
      11 25  47.3  16.8  31.3  66.8  19.9        21.7 127.6   5.3 252.1            
      11 26  52.8  15.9  31.2  75.6  23.5        24.9 148.3   6.2 187.1            
      11 27  47.5  21.5  33.1  80.7  27.3        19.5 131.8   5.5 109.6            
      11 28  40.2  15.9  30.8  64.3  19.2        22.6 147.9   6.2  80.9            
      11 29  44.6  11.9  28.8  65.0  16.9        20.4 151.8   6.3 241.7            
      11 30  53.7  14.8  34.4  65.1  21.3        43.8 288.7  12.0 237.3            
      12  1  44.7  12.0  28.4  72.1  19.9        19.9  96.7   4.0 239.3            
      12  2  44.0  10.1  24.6  77.5  17.9        24.8 163.3   6.8 237.1            
      12  3  55.3  11.8  28.0  71.5  18.1        17.8  94.8   4.0 207.8            
      12  4  45.3  13.1  26.9  69.8  16.5        14.8  85.4   3.6 235.0            
      12  5  45.8  13.9  27.9  80.1  22.7        28.1 186.0   7.8  64.9            
      12  6  46.0  17.7  30.2  71.5  22.0        20.6 167.1   7.0 223.1            
      12  7  57.1  21.4  37.3  69.1  26.2        27.4 161.3   6.7 197.1            
      12  8  43.8  28.4  33.8  77.9  27.4        26.3 192.0   8.0 106.8            
      12  9  53.7  21.3  36.0  75.9  28.0        12.6  95.8   4.0 218.0            
      12 10  35.8   2.5  12.0  83.3   8.6  0.07  30.2 224.0   9.3  58.1            
      12 11  12.4  -7.8   1.5  81.3  -2.7  0.01  14.2 104.2   4.3 231.6            
      12 12  20.5  -4.7   8.6  86.0   6.2        21.2 101.1   4.2 113.6            
      12 13  23.2  -1.7  12.5  88.6  10.2        12.8  83.1   3.5 169.8            
      12 14  42.0   6.2  24.5  84.5  21.0        16.1  93.7   3.9 197.0            
      12 15  45.2  15.4  30.3  72.2  21.3        36.5 201.2   8.4 132.5            
      12 16  24.0   7.0  15.6  56.8   2.6        36.6 242.5  10.1 220.2            
      12 17  56.2   6.1  28.0  65.2  17.0        43.9 244.1  10.2 153.2            
      12 18  31.6   8.6  24.9  71.4  17.1        38.1 301.0  12.5 165.9            
      12 19  50.6   6.7  29.9  55.8  13.2        19.5 126.8   5.3 189.7            
      12 20  45.3   6.2  26.7  65.2  16.6  0.01  30.3 275.0  11.5 168.3            
      12 21  33.3  -2.3  14.3  73.2   6.9        12.5  84.6   3.5 226.5            
      12 22  57.8   9.4  30.0  69.7  19.9        30.6 176.7   7.4 187.4            
      12 23  47.7  15.4  29.6  83.0  24.5        16.8  81.9   3.4 226.1            
      12 24  26.6   8.4  17.8  81.7  13.1        19.2 122.2   5.1 140.4            
      12 25  23.0  15.2  19.0  91.8  17.0  0.02  12.2  82.2   3.4  60.3            
      12 26  39.3   6.7  20.8  81.9  15.7        15.3 110.5   4.6 223.3            
      12 27  57.7  13.2  31.3  72.0  21.7        15.0 122.4   5.1 219.8            
      12 28  41.1  18.1  33.2  62.9  21.3        29.9 275.8  11.5 127.2            
      12 29  38.5  11.3  25.3  69.8  15.8        22.9 117.6   4.9 217.4            
      12 30  37.9  18.8  26.4  74.7  18.8  0.09  10.5  70.8   3.0 122.1            
      12 31  30.0   4.7  17.1  96.2  16.8  0.03   9.5  69.5   2.9 182.5            

      Total                               11.76                         57.43 43.37
        Max 100.7  71.0  83.7 100.6  64.9        51.6 474.3  19.8 766.0
        Min  12.4 -12.3   1.5  34.3  -2.7         8.5  65.6   2.7  37.4
        Ave  65.8  34.6  49.8  66.8  37.0        23.3 158.6   6.6 397.9
