                                                                    15-JUN-00
      Cellular-linked Weather Station near STERLING, Colorado            1999
      -----------------------------------------------------------------------------
               Temperature      Rel   Dew             Wind        Solar StandrdASCE
            ----------------- Humid Point  Prec -----------------   Rad   ETr   ETo
       Date   Max   Min   Ave   Ave   Ave Total   Max Total   Ave Total Alflf Grass
      MoDay     F     F     F     %     F  inch   mph miles   mph Langl  inch  inch
      ----- ----- ----- ----- ----- ----- ----- ----- ----- ----- ----- ----- -----
       1  1  41.5  25.7  31.2  79.2  25.5  0.04  29.5 250.1  10.4  96.3            
       1  2  28.8  11.2  20.9  57.9   8.5        35.6 375.6  15.7 152.3            
       1  3  22.9   9.6  16.1  62.6   5.2  0.03  33.5 223.6   9.3 154.4            
       1  4  34.4  11.4  23.5  81.8  18.8        13.2  87.3   3.6 102.8            
       1  5  52.0  29.7  38.6  66.2  27.5        28.9 120.2   5.0 109.1            
       1  6  44.9  17.8  26.2  83.1  22.3        25.0 170.7   7.1 135.2            
       1  7  32.8  18.6  25.6  85.4  21.9        16.7 120.8   5.0 104.8            
       1  8  31.4  14.6  23.7  82.6  19.5        24.9 155.0   6.5 143.4            
       1  9  50.1  13.1  29.0  70.5  18.9        25.1 134.1   5.6 207.8            
       1 10  53.1  27.0  36.7  60.9  23.4        18.2 123.4   5.1 229.8            
       1 11  65.3  25.8  40.6  58.1  24.2        28.6 140.4   5.8 218.7            
       1 12  52.7  22.8  37.9  62.7  24.9        28.3 161.9   6.7 175.5            
       1 13  45.0  17.5  30.9  78.2  23.7  0.02  18.8 123.4   5.1  85.8            
       1 14  49.5  23.2  32.9  82.8  27.6        18.2 167.4   7.0 134.2            
       1 15  57.0  27.2  39.2  62.5  26.2        36.8 170.9   7.1  48.6            
       1 16  51.5  18.5  34.3  74.9  26.0        25.3 121.4   5.1 162.5            
       1 17  45.4  17.3  34.5  51.5  17.0        35.7 290.5  12.1 234.9            
       1 18  64.3  17.5  38.5  56.2  22.5        24.7 156.9   6.5 196.2            
       1 19  56.2  26.7  42.1  66.1  30.9        17.9 123.2   5.1 234.5            
       1 20  57.5  28.1  41.8  54.6  24.9        18.5 101.4   4.2 211.9            
       1 21  48.6  19.7  33.5  75.4  26.4        28.3 201.1   8.4 214.6            
       1 22  44.7  23.0  33.7  66.0  23.0        25.9 220.0   9.2 226.8            
       1 23  59.5  17.4  33.1  64.0  20.6        23.5 132.5   5.5 183.7            
       1 24  34.1  16.2  23.6  75.7  17.2        21.9 150.9   6.3 240.2            
       1 25  41.6  16.4  27.5  76.3  20.9        15.3 108.6   4.5 126.8            
       1 26  50.7  23.6  33.8  70.4  24.7        33.2 102.5   4.3 208.2            
       1 27  43.3  17.8  30.3  68.2  20.8        14.8 108.2   4.5 269.8            
       1 28  46.7  13.5  27.0  72.7  18.4        15.0 109.1   4.5 272.9            
       1 29  47.2  13.0  27.5  71.9  18.6        11.6  97.4   4.1 246.7            
       1 30  44.2  24.4  35.9  67.4  25.9        11.8  60.0   2.5  75.6            
       1 31  52.0  23.6  38.2  86.5  34.3  0.01  13.2  71.7   3.0 147.3            
       2  1  47.5  20.3  32.2  79.7  25.2        31.7 188.2   7.8 111.6            
       2  2  55.4  14.8  35.4  48.4  15.1        28.1 146.6   6.1 280.9            
       2  3  50.0  22.6  40.9  39.8  17.0        36.0 359.6  15.0 287.3            
       2  4  63.3  14.8  37.0  52.9  18.6        15.7 111.0   4.6 258.4            
       2  5  54.5  25.1  39.0  58.1  24.8        21.3 103.0   4.3 265.1            
       2  6  56.5  25.6  39.4  55.0  23.4  0.01  17.8 110.9   4.6 272.9            
       2  7  67.8  22.8  41.7  53.0  23.1        16.4 127.7   5.3 212.8            
       2  8  62.1  25.4  42.7  45.6  21.2        28.9 164.5   6.9 302.4            
       2  9  69.4  22.4  44.5  42.6  21.5        25.7 185.2   7.7 315.6            
       2 10  75.5  19.4  38.6  63.8  22.9  0.02  42.5 326.8  13.6 297.9            
       2 11  31.5   7.9  23.3  52.3   8.3        37.8 396.7  16.5 330.5            
       2 12  52.3   3.7  26.2  50.4   6.2        25.3 168.1   7.0 345.4            
       2 13  64.7  16.0  35.8  56.3  18.8        17.8 168.0   7.0 330.1            
       2 14  69.0  16.4  39.7  47.9  16.3        19.6 125.5   5.2 317.3            
       2 15  43.9  17.0  30.3  63.1  18.6        24.3 139.8   5.8 130.0            
       2 16  51.2  12.9  29.1  70.1  18.6        10.6  86.6   3.6 293.9            
       2 17  52.1  16.6  36.4  50.1  17.9        28.6 169.6   7.1 163.9            
       2 18  47.4  23.8  35.8  45.3  15.4        28.4 233.2   9.7 359.9            
       2 19  56.0  25.7  37.8  45.3  16.9        37.4 214.8   8.9 265.9            
       2 20  44.7  13.4  31.5  60.8  19.0        27.5 215.2   9.0 217.5            
       2 21  47.0   8.2  29.7  62.1  16.9        31.0 268.3  11.2 254.2            
       2 22  41.6  26.7  35.0  51.5  17.9  0.01  29.7 336.6  14.0 181.7            
       2 23  60.0  15.6  38.3  38.4  11.9        31.3 180.5   7.5 344.0            
       2 24  64.7  22.5  41.9  42.3  18.2        30.7 177.2   7.4 312.1            
       2 25  69.3  21.3  42.6  43.5  17.9        16.7  93.4   3.9 368.5            
       2 26  59.0  20.9  41.9  32.7  11.0        32.2 263.3  11.0 383.7            
       2 27  51.6  22.1  37.5  28.6   6.0        28.8 229.1   9.5 421.4            
       2 28  68.0  19.2  42.6  36.2  16.5        32.2 208.2   8.7 358.5            
       3  1  69.3  30.4  48.5  40.6  23.0        37.8 208.5   8.7 279.2  0.15  0.16
       3  2  47.0  18.9  35.3  55.4  19.3        29.7 276.2  11.5 383.2  0.12  0.10
       3  3  68.3  11.7  41.0  41.6  13.7        18.1 130.5   5.4 403.5  0.14  0.15
       3  4  52.1  26.5  39.2  56.5  23.7  0.01  25.6 185.0   7.7 337.9  0.10  0.10
       3  5  44.2  22.8  33.1  64.8  20.4  0.01  41.0 290.7  12.1 285.1  0.11  0.09
       3  6  40.0  20.7  28.7  69.8  19.7        26.4 235.0   9.8 328.1  0.09  0.07
       3  7  56.5  28.9  38.7  69.8  28.7        36.2 395.5  16.5 363.2  0.16  0.13
       3  8  44.2  19.4  33.9  80.9  28.0  0.10  31.8 278.9  11.6 346.2  0.07  0.05
       3  9  58.0  13.6  36.3  67.2  23.9        33.1 265.1  11.0 456.1  0.14  0.12
       3 10  56.7  22.6  36.6  69.3  24.1        33.2 218.0   9.1 429.5  0.13  0.12
       3 11  37.1  16.3  27.6  86.4  24.2        25.9 226.9   9.5 222.6  0.05  0.04
       3 12  29.3  24.7  26.9  97.0  26.2  0.09  17.2 138.4   5.8 116.1  0.03  0.02
       3 13  52.2  15.8  33.2  79.0  26.5        10.6  63.0   2.6 442.1  0.07  0.07
       3 14  71.1  18.3  43.8  62.1  27.4        18.4 124.3   5.2 476.5  0.13  0.13
       3 15  77.2  25.0  49.6  45.5  22.7        15.3 130.8   5.5 392.7  0.14  0.16
       3 16  76.4  30.8  52.1  35.9  20.3        27.8 153.7   6.4 424.9  0.17  0.18
       3 17  51.2  29.6  40.4  32.9  12.7        28.6 233.8   9.7 498.5  0.18  0.15
       3 18  52.5  27.5  40.7  38.0  16.0        27.0 262.4  10.9 432.2  0.17  0.14
       3 19  53.6  26.9  39.6  54.7  24.3        19.6 144.2   6.0 493.1  0.13  0.12
       3 20  66.4  22.3  45.6  54.0  26.4        21.2 173.8   7.2 502.8  0.16  0.15
       3 21  66.3  35.7  50.6  53.1  33.5        39.8 415.4  17.3 467.7  0.23  0.19
       3 22  52.5  27.2  41.6  70.5  32.6        18.4  97.3   4.1 195.8  0.06  0.06
       3 23  67.5  19.2  43.5  66.4  30.7        24.2 146.3   6.1 501.1  0.16  0.15
       3 24  63.1  23.4  46.1  62.0  31.8        21.8 166.4   6.9 497.3  0.14  0.13
       3 25  63.9  27.7  47.6  58.0  31.0        29.7 253.3  10.6 514.8  0.18  0.15
       3 26  71.4  35.7  52.5  59.0  36.6        32.0 300.4  12.5 486.7  0.21  0.19
       3 27  69.3  36.5  48.1  59.2  33.9  0.06  34.1 196.9   8.2 380.6  0.17  0.17
       3 28  56.0  26.3  41.7  50.5  23.0        29.1 191.8   8.0 445.9  0.16  0.13
       3 29  71.2  17.0  46.4  54.2  24.9        21.5 181.1   7.5 547.1  0.20  0.19
       3 30  79.9  34.0  58.1  37.7  24.8        32.6 195.5   8.1 437.3  0.20  0.22
       3 31  75.0  25.4  53.4  26.3  18.1        20.8 111.7   4.7 512.5  0.17  0.17
       4  1  49.9  26.2  40.2  72.7  31.7  0.11  26.8 294.3  12.3 322.0  0.12  0.09
       4  2  30.5  25.0  27.1  93.3  25.3  0.10  20.5 213.7   8.9 188.0  0.07  0.04
       4  3  42.4  24.1  30.2  86.8  25.9        17.4  93.1   3.9 345.8  0.08  0.07
       4  4  54.6  20.4  40.2  67.9  29.1        27.3 165.6   6.9 310.1  0.09  0.08
       4  5  54.7  33.6  42.3  78.4  34.8  0.52  29.0 235.1   9.8 367.9  0.11  0.09
       4  6  68.4  26.9  47.7  63.6  32.4        21.5 129.3   5.4 597.0  0.16  0.15
       4  7  69.6  28.2  52.1  53.6  32.4        33.2 236.1   9.8 602.8  0.21  0.19
       4  8  56.2  33.9  48.9  71.7  39.9  0.04  43.2 432.6  18.0 291.0  0.12  0.08
       4  9  63.7  27.2  44.2  73.5  34.1  0.04  42.4 300.6  12.5 481.6  0.20  0.16
       4 10  47.6  32.9  41.0  57.9  27.0        41.1 440.5  18.4 338.5  0.17  0.11
       4 11  60.2  23.5  43.6  53.8  25.1        24.8 156.5   6.5 594.1  0.18  0.15
       4 12  70.1  29.7  50.7  51.5  31.7        19.0 125.1   5.2 514.9  0.16  0.15
       4 13  69.0  34.1  52.1  75.9  44.7        23.2 153.3   6.4 473.4  0.14  0.12
       4 14  51.5  33.5  41.8  74.2  34.7  0.12  31.6 368.2  15.3 250.3  0.12  0.09
       4 15  42.9  28.8  33.6  60.9  21.2        37.6 409.8  17.1 453.0  0.19  0.12
       4 16  43.1  24.8  32.8  54.2  17.5        29.8 315.9  13.2 442.9  0.16  0.11
       4 17  58.9  18.4  39.7  44.4  16.1        27.3 191.2   8.0 646.7  0.20  0.16
       4 18  73.9  27.6  51.3  45.8  25.2        29.8 217.7   9.1 629.2  0.24  0.22
       4 19  77.9  31.8  56.6  45.1  31.6        23.5 143.2   6.0 564.5  0.20  0.18
       4 20  75.9  42.9  60.8  46.1  38.0  0.01  26.5 162.7   6.8 523.9  0.20  0.18
       4 21  64.4  44.3  55.0  59.4  39.8  0.04  27.5 268.0  11.2 586.2  0.23  0.18
       4 22  46.0  38.3  42.6  94.4  41.1  0.23  22.4 265.6  11.1 130.4  0.06  0.04
       4 23  40.4  35.8  38.3  91.7  36.1  0.03  21.8 192.9   8.0 130.9  0.06  0.04
       4 24  48.0  38.0  41.7  92.1  39.5  0.06  18.7 182.8   7.6 235.9  0.07  0.05
       4 25  56.4  39.5  45.1  89.4  41.5  0.43  17.6 113.6   4.7 334.6  0.09  0.07
       4 26  61.4  32.2  46.9  83.1  41.2  0.16  20.7  90.0   3.8 500.7  0.12  0.10
       4 27  73.4  36.8  55.4  70.9  44.6  0.04  22.9 123.4   5.1 639.9  0.19  0.16
       4 28  64.6  43.8  53.6  67.5  43.4        26.4 237.9   9.9 324.0  0.14  0.12
       4 29  48.0  45.5  46.7  96.4  45.8  0.19  27.8 269.8  11.2  80.6  0.04  0.02
       4 30  52.6  46.5  50.0  95.7  48.8  0.14  31.9 288.3  12.0  81.8  0.03  0.02
       5  1  55.1  43.7  48.9  96.6  48.1  0.29  28.1 277.7  11.6 129.7  0.05  0.03
       5  2  55.8  42.0  48.2  85.6  43.9  0.01  33.8 230.0   9.6 336.7  0.11  0.08
       5  3  73.6  37.3  55.4  64.9  40.6        33.7 172.2   7.2 564.6  0.21  0.18
       5  4  62.4  43.6  52.2  53.4  35.0        37.1 371.3  15.5 579.1  0.27  0.20
       5  5  57.0  38.3  47.4  48.4  27.7        39.2 431.6  18.0 573.9  0.29  0.19
       5  6  58.8  37.2  47.7  36.6  21.0        43.0 411.4  17.1 653.5  0.33  0.23
       5  7  72.7  29.5  52.8  44.9  29.7  0.01  19.1 143.7   6.0 674.1  0.25  0.20
       5  8  80.0  31.8  59.9  50.6  39.5        33.5 192.5   8.0 675.8  0.27  0.22
       5  9  84.7  45.3  63.9  58.3  45.8        34.3 172.2   7.2 615.8  0.27  0.23
       5 10  57.0  36.0  48.6  66.6  37.8  0.01  30.8 263.7  11.0 333.3  0.16  0.11
       5 11  58.8  28.0  45.1  51.2  26.4        20.8 130.6   5.4 641.2  0.22  0.17
       5 12  69.5  29.0  51.6  53.7  31.2        22.6 146.7   6.1 665.5  0.24  0.19
       5 13  83.8  48.3  63.5  49.5  43.2        33.3 352.1  14.7 548.4  0.36  0.30
       5 14  64.7  44.2  54.4  85.1  50.0  0.01  33.8 155.9   6.5 267.4  0.10  0.08
       5 15  72.6  33.2  54.7  76.0  46.1  0.65  23.5 137.1   5.7 669.1  0.22  0.17
       5 16  57.0  45.1  50.8  90.1  47.8  0.41  22.9 194.0   8.1 226.3  0.09  0.07
       5 17  65.7  41.9  51.8  69.6  40.5  0.02  17.8 124.7   5.2 626.6  0.21  0.16
       5 18  78.0  39.0  59.8  58.8  43.0        15.8 138.9   5.8 710.0  0.26  0.21
       5 19  86.7  47.3  65.6  60.5  49.6        25.4 129.9   5.4 630.3  0.26  0.21
       5 20  67.5  51.4  58.7  78.1  51.5  0.19  26.5 203.6   8.5 502.7  0.19  0.14
       5 21  80.0  43.7  63.6  67.1  50.8        28.6 212.6   8.9 665.1  0.28  0.22
       5 22  75.3  49.5  63.3  76.4  55.4  0.01  27.4 169.9   7.1 549.6  0.21  0.16
       5 23  76.0  47.9  62.6  66.4  50.0        17.5  74.6   3.1 699.4  0.24  0.19
       5 24  74.2  46.1  61.8  67.0  49.7        18.3 123.5   5.1 614.6  0.23  0.18
       5 25  66.5  50.0  58.8  73.4  50.0        22.3 131.9   5.5 423.2  0.17  0.13
       5 26  73.1  43.0  60.3  72.9  50.4        20.5 156.9   6.5 615.6  0.22  0.17
       5 27  72.1  48.1  59.4  81.1  53.3  0.65  20.0 128.6   5.4 526.0  0.19  0.15
       5 28  77.4  53.1  64.7  72.2  54.2        18.5 130.2   5.4 713.0  0.25  0.20
       5 29  81.6  51.1  64.9  74.9  55.1  0.13  28.1 129.2   5.4 643.6  0.25  0.20
       5 30  76.3  50.6  61.8  78.7  54.5  0.03  36.9 113.0   4.7 598.1  0.22  0.17
       5 31  63.3  45.7  54.3  93.7  52.5  0.03  21.5 156.8   6.5 218.6  0.10  0.07
       6  1  78.2  46.1  62.9  54.6  45.1  0.05  29.0 177.1   7.4 741.0  0.31  0.24
       6  2  84.1  49.1  68.2  64.8  54.4  0.03  35.5 261.6  10.9 674.7  0.31  0.24
       6  3  83.0  53.6  69.8  56.7  51.0        25.5 187.5   7.8 732.0  0.32  0.25
       6  4  89.0  44.2  68.1  52.7  46.7        25.9 143.1   6.0 759.0  0.36  0.28
       6  5  79.3  45.8  60.3  63.4  46.6        37.9 177.8   7.4 643.2  0.32  0.24
       6  6  76.1  41.5  60.7  57.0  43.9        35.4 198.1   8.3 559.4  0.28  0.21
       6  7  86.7  47.7  69.8  46.4  45.3        21.3 138.1   5.8 756.0  0.33  0.26
       6  8  91.1  53.4  74.4  42.6  47.0        27.8 179.1   7.5 768.0  0.38  0.30
       6  9  74.2  56.0  65.8  58.6  50.3        28.5 240.4  10.0 730.0  0.32  0.24
       6 10  73.1  56.0  61.9  78.8  54.9  0.44  33.5 177.6   7.4 365.0  0.20  0.15
       6 11  73.6  49.7  60.3  82.0  54.1  0.35  19.8 104.3   4.3 637.4  0.23  0.18
       6 12  70.9  51.0  60.0  87.4  56.0        19.1  96.6   4.0 443.6  0.16  0.13
       6 13  71.1  49.8  60.1  78.5  52.6        14.1  87.2   3.6 514.2  0.19  0.14
       6 14  76.0  51.3  62.0  82.1  56.0  0.66  31.5 186.9   7.8 447.0  0.20  0.15
       6 15  63.6  49.7  57.5  85.9  53.1        21.7 180.2   7.5 413.9  0.14  0.10
       6 16  70.2  46.0  57.3  70.6  46.3        22.0  97.3   4.1 557.9  0.21  0.16
       6 17  77.0  51.9  63.3  67.3  51.3  0.06  31.6 310.7  12.9 662.9  0.33  0.23
       6 18  83.6  52.3  68.1  67.4  54.5        18.5 107.8   4.5 642.3  0.25  0.19
       6 19  91.1  54.6  71.1  70.7  58.4        22.7  99.5   4.1 664.0  0.29  0.21
       6 20  92.3  59.3  74.4  56.9  56.4  0.03  27.1 203.2   8.5 723.0  0.39  0.30
       6 21  89.1  59.7  75.7  52.0  55.1        21.7 225.0   9.4 669.0  0.37  0.28
       6 22  90.2  56.6  73.1  58.3  55.0        32.2 130.4   5.4 663.4  0.33  0.25
       6 23  88.8  55.3  72.8  60.7  55.1        20.7 115.3   4.8 746.0  0.34  0.26
       6 24  92.9  61.2  75.9  59.8  58.5        28.5 177.3   7.4 737.0  0.39  0.30
       6 25  94.2  62.5  78.5  57.7  59.6        30.5 249.7  10.4 742.0  0.43  0.33
       6 26  86.4  60.8  74.0  68.8  62.3        28.1 231.6   9.7 715.0  0.35  0.26
       6 27  80.0  59.6  69.2  79.1  61.9  0.05  24.1 170.0   7.1 554.3  0.25  0.19
       6 28  72.0  53.2  64.1  62.0  50.0  0.39  29.6 205.5   8.6 749.0  0.32  0.23
       6 29  84.9  52.3  68.1  59.6  51.6        24.7 156.8   6.5 547.1  0.30  0.22
       6 30  77.8  53.4  67.1  74.4  58.4  0.06  19.8 132.2   5.5 638.8  0.24  0.18
       7  1  85.8  55.6  70.1  66.2  57.2        30.9 239.0  10.0 734.0  0.36  0.26
       7  2  95.4  58.0  74.9  65.2  60.8  0.05  41.2 152.5   6.4 557.2  0.32  0.24
       7  3  99.2  58.0  78.5  50.1  55.9  0.01  23.2 151.9   6.3 589.7  0.36  0.27
       7  4  98.3  60.4  79.0  55.0  59.5        13.8 102.5   4.3 737.0  0.36  0.27
       7  5  77.6  58.2  70.0  72.6  60.5        25.0 197.7   8.2 550.2  0.25  0.19
       7  6  83.8  65.5  73.1  59.2  58.3        23.6 192.2   8.0 435.0  0.29  0.22
       7  7  93.5  64.3  80.9  55.0  60.3        27.0 217.9   9.1 746.0  0.39  0.30
       7  8  88.3  60.3  76.7  59.4  60.6        25.1 130.7   5.4 604.9  0.28  0.22
       7  9  79.4  58.0  69.2  57.4  52.8        20.3 132.1   5.5 686.3  0.31  0.24
       7 10  78.3  50.5  65.5  61.6  51.1        17.8 125.9   5.2 731.0  0.31  0.23
       7 11  85.9  54.2  67.8  64.2  54.5  0.24  23.2 178.3   7.4 620.9  0.33  0.25
       7 12  88.7  53.6  70.2  69.3  58.0        15.7  88.0   3.7 742.0  0.30  0.23
       7 13  90.6  55.3  74.0  63.4  58.8        16.5 109.8   4.6 734.0  0.31  0.24
       7 14  93.7  60.2  77.5  52.0  57.2        24.1 105.6   4.4 579.6  0.29  0.22
       7 15  89.3  63.8  76.0  58.9  59.5        25.1  92.6   3.9 415.0  0.23  0.17
       7 16  68.5  58.5  65.1  86.7  61.1  0.03  19.2 153.1   6.4 216.2  0.11  0.08
       7 17  81.6  62.7  71.4  82.3  65.2  1.13  26.7 160.2   6.7 521.1  0.22  0.17
       7 18  89.6  60.1  72.6  77.7  64.2  0.03  41.1  74.9   3.1 553.9  0.24  0.18
       7 19  89.5  60.9  71.7  82.6  65.5  1.05  25.0 123.1   5.1 648.8  0.28  0.22
       7 20  85.7  60.1  72.1  78.4  63.6  0.01  11.6  71.4   3.0 710.0  0.27  0.21
       7 21  94.2  59.0  76.9  65.2  61.2        15.7  93.7   3.9 719.0  0.31  0.24
       7 22  94.1  61.8  75.6  69.1  63.2        24.1  89.5   3.7 570.3  0.27  0.21
       7 23  94.9  61.1  77.5  63.5  61.1        14.3  84.4   3.5 693.6  0.31  0.24
       7 24  95.4  60.0  76.8  64.4  60.7  0.35  31.2 121.0   5.0 569.8  0.31  0.24
       7 25  91.2  63.2  77.0  71.8  65.1        17.4 105.8   4.4 641.6  0.29  0.23
       7 26  89.1  62.2  75.7  67.8  63.2        18.9 133.9   5.6 698.9  0.31  0.25
       7 27  92.8  60.0  78.1  62.2  61.7        18.0 109.7   4.6 701.0  0.31  0.25
       7 28  94.7  62.6  77.0  66.7  63.6  0.02  33.8 116.9   4.9 587.7  0.30  0.24
       7 29  90.1  63.5  76.2  72.3  65.4        14.8 108.4   4.5 541.8  0.25  0.20
       7 30  88.8  63.4  76.4  63.9  61.4  0.01  21.2 152.4   6.3 635.1  0.31  0.24
       7 31  85.0  62.2  73.1  73.1  62.4  0.95  25.4 140.7   5.9 401.5  0.22  0.17
       8  1  64.2  56.6  61.0 100.6  61.0  0.43  15.8 149.8   6.2 109.2  0.06  0.05
       8  2  68.3  56.3  61.5  94.2  59.5  0.01  11.6  79.0   3.3 266.3  0.11  0.09
       8  3  81.5  57.7  69.4  84.4  64.0        11.8  76.7   3.2 627.5  0.21  0.17
       8  4  78.7  60.4  68.6  88.9  64.8        14.8  89.7   3.7 308.3  0.11  0.09
       8  5  71.4  61.2  65.4  96.1  64.2  0.36  25.1 127.8   5.3 239.4  0.09  0.07
       8  6  83.7  61.5  69.2  90.8  65.8  0.20  27.5  74.5   3.1 509.6  0.19  0.16
       8  7  83.5  60.7  71.3  75.5  61.9        20.5 100.9   4.2 642.5  0.24  0.20
       8  8  89.5  57.4  73.4  78.9  65.4        19.8 115.5   4.8 670.8  0.26  0.21
       8  9  84.6  57.3  72.3  72.4  61.6        18.0 115.7   4.8 654.7  0.25  0.21
       8 10  77.8  60.8  66.4  94.0  64.5  1.84  24.5 113.1   4.7 185.2  0.11  0.09
       8 11  87.9  56.8  71.2  81.9  64.4  0.01  15.3  90.2   3.8 629.7  0.24  0.20
       8 12  83.2  53.4  70.2  56.2  51.9        26.4 182.8   7.6 622.2  0.30  0.23
       8 13  79.4  53.0  65.4  78.4  57.9        20.8 141.8   5.9 563.9  0.23  0.18
       8 14  90.5  55.9  72.6  70.8  61.9        18.6  84.4   3.5 632.7  0.25  0.20
       8 15  87.1  58.2  72.2  73.5  62.5        14.0  89.6   3.7 522.7  0.21  0.17
       8 16  88.0  56.6  70.7  73.0  60.6        11.7  75.7   3.2 610.5  0.24  0.20
       8 17  90.4  60.2  72.9  70.4  61.9        20.2  74.2   3.1 529.3  0.23  0.19
       8 18  87.6  54.3  69.9  72.3  59.6        15.6  81.7   3.4 640.9  0.25  0.21
       8 19  87.5  53.3  72.1  67.1  58.5        18.8 101.5   4.2 614.6  0.25  0.21
       8 20  89.6  56.1  72.3  73.9  62.4        14.8  78.0   3.3 545.5  0.22  0.18
       8 21  87.8  55.0  70.3  80.3  62.7  0.19  25.9  89.4   3.7 558.8  0.22  0.19
       8 22  82.2  59.0  70.5  83.0  63.9        15.6  82.6   3.4 620.0  0.22  0.19
       8 23  79.7  54.4  67.3  76.7  58.6        13.1  79.2   3.3 616.9  0.22  0.19
       8 24  95.0  53.6  72.6  71.0  60.9        18.6  76.2   3.2 618.0  0.25  0.21
       8 25  86.8  54.2  71.6  73.3  61.9        18.0  80.5   3.4 524.6  0.20  0.17
       8 26  97.4  57.1  75.7  66.4  61.9        22.4  73.7   3.1 596.5  0.25  0.21
       8 27  90.9  63.0  77.3  60.7  61.2        31.4 145.6   6.1 561.2  0.27  0.22
       8 28  85.6  63.6  70.6  86.7  66.0  0.69  42.0 100.0   4.2 451.4  0.20  0.17
       8 29  86.9  56.2  70.9  82.5  64.2        19.6  97.6   4.1 591.6  0.23  0.20
       8 30  91.3  56.1  74.1  71.4  62.3  0.01  19.1 118.4   4.9 592.5  0.26  0.22
       8 31  90.1  60.5  73.5  71.4  62.2        18.4 111.0   4.6 510.2  0.23  0.19
       9  1  85.3  58.4  70.6  78.0  62.5  0.04  22.4 143.2   6.0 449.8  0.21  0.17
       9  2  85.2  58.7  67.8  84.7  62.5  0.01  32.9 129.7   5.4 410.3  0.21  0.17
       9  3  78.6  56.3  66.2  84.3  60.7  0.31  26.2 122.3   5.1 511.3  0.20  0.16
       9  4  70.8  53.2  60.2  83.5  54.5  0.08  27.8 110.3   4.6 490.1  0.18  0.15
       9  5  84.3  47.2  64.0  75.5  54.2        18.0  92.0   3.8 565.4  0.22  0.18
       9  6  88.6  49.2  67.0  75.7  56.9         9.3  60.9   2.5 579.4  0.20  0.17
       9  7  75.4  47.4  61.9  69.4  50.9        23.8 147.0   6.1 561.4  0.21  0.17
       9  8  73.8  48.7  59.7  58.6  43.0        14.2  72.8   3.0 528.0  0.19  0.16
       9  9  77.9  40.1  59.6  64.1  46.1        11.8  91.1   3.8 559.8  0.20  0.17
       9 10  85.9  49.0  64.3  68.0  51.5  0.06  26.5  89.2   3.7 449.8  0.19  0.16
       9 11  74.2  47.5  58.7  79.5  51.7  0.22  33.1 124.5   5.2 237.8  0.13  0.10
       9 12  65.5  39.9  52.9  68.5  41.2  0.02  24.1 145.3   6.1 485.4  0.18  0.14
       9 13  69.6  34.1  51.1  67.6  38.2  0.01   9.1  57.4   2.4 536.5  0.16  0.14
       9 14  69.0  40.0  55.4  61.5  40.3        16.9 111.4   4.6 529.3  0.17  0.14
       9 15  70.9  40.5  56.8  75.5  49.1        24.4 172.7   7.2 373.0  0.14  0.11
       9 16  74.5  51.4  61.8  78.0  54.0        22.4 230.3   9.6 471.7  0.19  0.14
       9 17  81.7  43.0  61.1  75.0  50.7  0.01  17.0 104.1   4.3 471.9  0.18  0.15
       9 18  86.4  40.5  62.2  61.1  43.3        14.5  87.9   3.7 512.1  0.20  0.18
       9 19  64.2  44.3  49.9  85.0  45.4  0.14  27.8 220.7   9.2 106.1  0.13  0.10
       9 20  56.1  38.5  47.8  91.5  45.1  0.14   9.1  56.7   2.4 150.2  0.06  0.05
       9 21  76.5  35.6  52.3  77.1  42.1  0.01  12.3  93.2   3.9 491.1  0.17  0.15
       9 22  81.7  38.6  57.5  67.6  43.2        15.3 114.7   4.8 512.8  0.19  0.17
       9 23  82.3  42.0  60.5  61.3  43.2        11.5  86.7   3.6 492.6  0.17  0.15
       9 24  81.9  44.2  61.8  60.6  45.9        20.5 126.6   5.3 362.4  0.17  0.15
       9 25  85.5  41.5  63.2  62.1  46.4        28.5 135.5   5.6 486.9  0.22  0.19
       9 26  64.1  36.8  50.5  67.7  38.8  0.45  25.7 173.6   7.2 446.5  0.18  0.14
       9 27  46.4  32.3  40.6  97.0  39.7  0.50  13.1  97.4   4.1 102.2  0.05  0.04
       9 28  49.2  30.7  40.1  91.2  37.5  0.88  21.2 170.1   7.1 179.8  0.07  0.05
       9 29  66.2  27.4  44.2  74.6  34.6  0.01  18.3 137.4   5.7 476.6  0.15  0.13
       9 30  66.1  31.7  50.6  65.9  37.7        15.5  95.6   4.0 453.4  0.11  0.10
      10  1  58.6  33.2  45.5  72.9  37.2        30.6 225.0   9.4 397.4  0.14  0.10
      10  2  54.9  25.4  39.2  78.3  32.5        23.4 148.6   6.2 428.3  0.12  0.09
      10  3  55.2  35.2  43.3  75.1  35.6        14.8  92.1   3.8 339.9  0.09  0.08
      10  4  76.6  30.7  49.7  67.9  35.0  0.01  16.5 114.5   4.8 457.3  0.17  0.15
      10  5  77.4  29.5  54.3  56.8  34.2        20.8 154.9   6.5 451.5  0.18  0.16
      10  6  85.4  38.0  61.7  58.0  43.7        20.0 134.3   5.6 383.7  0.17  0.15
      10  7  60.9  40.9  54.3  80.6  48.1  0.01  18.5 107.4   4.5 134.9  0.05  0.04
      10  8  73.3  33.5  51.1  72.5  39.8  0.01  10.2  75.7   3.2 424.0  0.14  0.12
      10  9  80.7  34.2  55.9  63.2  40.0        18.9 112.3   4.7 429.7  0.17  0.16
      10 10  68.3  33.5  53.6  68.8  42.4        16.6 100.1   4.2 418.5  0.12  0.10
      10 11  81.5  39.9  58.5  61.2  43.6        17.2 104.3   4.3 415.6  0.15  0.14
      10 12  84.9  39.0  58.4  54.2  38.0        24.7 138.9   5.8 356.1  0.20  0.18
      10 13  74.4  34.6  54.9  65.3  41.1        21.3 165.4   6.9 404.1  0.17  0.15
      10 14  82.5  35.5  55.6  60.7  38.5        12.7 100.0   4.2 407.7  0.17  0.16
      10 15  54.5  33.3  45.4  69.3  35.3  0.02  27.3 213.1   8.9 271.4  0.12  0.09
      10 16  40.2  28.3  36.4  87.8  33.0  0.17  20.2 174.4   7.3  81.2  0.04  0.03
      10 17  53.8  18.9  34.7  73.0  24.9        17.7 118.7   4.9 393.8  0.11  0.09
      10 18  52.5  31.8  43.1  64.8  31.4        22.9 159.9   6.7 260.6  0.08  0.07
      10 19  56.8  28.1  40.8  70.0  30.3        17.3  99.6   4.2 337.9  0.08  0.07
      10 20  70.5  26.6  44.6  64.7  29.5        24.6 125.3   5.2 382.1  0.14  0.12
      10 21  72.4  29.8  48.4  58.0  29.2        22.1 149.0   6.2 371.3  0.15  0.14
      10 22  72.4  27.3  46.5  62.1  31.2         9.8  76.1   3.2 369.1  0.11  0.10
      10 23  71.6  24.2  46.5  64.9  33.0        18.9  86.5   3.6 365.8  0.11  0.10
      10 24  77.5  25.7  47.3  62.3  30.8        15.3 122.6   5.1 359.0  0.16  0.15
      10 25  73.2  26.8  47.1  51.2  26.4        12.5  90.5   3.8 357.8  0.12  0.12
      10 26  79.6  30.2  51.3  47.5  28.2        14.3 122.0   5.1 334.9  0.16  0.15
      10 27  78.3  27.9  47.8  51.7  27.5        31.3 208.6   8.7 340.6  0.24  0.21
      10 28  69.1  21.2  45.0  58.0  27.8        25.2 177.9   7.4 335.0  0.16  0.14
      10 29  57.5  40.0  50.7  44.7  29.4  0.01  33.8 280.5  11.7 176.1  0.14  0.12
      10 30  63.6  30.5  45.7  47.0  24.1        19.5 151.2   6.3 340.6  0.13  0.12
      10 31  76.2  24.3  46.1  53.2  27.4        14.8 131.5   5.5 339.0  0.16  0.15
      11  1  49.6  16.8  38.2  39.7  15.2        31.6 262.7  10.9 325.6            
      11  2  61.5   9.2  33.2  48.6  11.6        12.2  99.6   4.2 342.8            
      11  3  67.1  27.0  47.9  34.5  18.2        16.9 132.1   5.5 308.3            
      11  4  78.1  24.3  45.4  43.9  20.6        21.9 156.2   6.5 286.8            
      11  5  60.3  22.0  40.9  55.0  24.3        15.8 102.4   4.3 314.7            
      11  6  74.1  24.3  43.6  57.8  26.3        14.3 127.6   5.3 307.6            
      11  7  83.0  24.5  46.8  44.2  21.6        13.1 109.4   4.6 312.4            
      11  8  78.6  29.4  47.5  46.7  24.6        11.8  96.4   4.0 293.8            
      11  9  69.3  26.7  46.3  49.0  25.3        25.1 154.7   6.4 242.4            
      11 10  72.6  24.1  43.5  54.4  25.1        12.9  96.5   4.0 284.5            
      11 11  72.2  27.4  45.8  53.0  26.6        16.8 112.3   4.7 220.2            
      11 12  70.1  24.5  42.2  55.9  24.7        15.8 141.0   5.9 290.2            
      11 13  77.4  25.2  45.9  48.2  22.8        20.5 137.5   5.7 290.6            
      11 14  75.6  26.3  44.0  49.3  22.3        13.9  99.4   4.1 283.6            
      11 15  81.9  25.4  43.7  50.9  22.7        12.3 110.5   4.6 283.6            
      11 16  78.8  23.4  43.8  50.7  22.7        14.1  99.8   4.2 274.4            
      11 17  73.8  24.4  45.9  51.3  25.1        18.9 104.3   4.3 271.3            
      11 18  55.9  33.8  45.5  55.0  29.1        36.5 333.5  13.9 184.8            
      11 19  58.6  25.8  39.9  59.5  25.1        20.7 125.0   5.2 267.8            
      11 20  63.5  24.5  42.0  55.5  25.2        21.2  99.2   4.1 166.9            
      11 21  49.3  32.4  41.5  56.8  26.4        27.6 158.6   6.6 251.5            
      11 22  35.8  30.1  32.0 100.2  31.7  0.06  17.2 145.7   6.1  68.3            
      11 23  37.9  13.0  27.9  81.5  22.9  0.04  18.9 143.0   6.0 262.7            
      11 24  30.2   8.1  17.0  86.4  13.8        15.7 175.7   7.3 261.1            
      11 25  37.5  10.5  24.3  84.1  20.7        16.2 155.8   6.5 170.3            
      11 26  59.4  24.8  38.4  81.9  33.2  0.04  15.0 153.8   6.4 212.5            
      11 27  48.5  25.0  37.5  88.9  34.6        16.6 120.7   5.0 132.5            
      11 28  51.5  25.0  35.3  90.2  32.2        12.8  96.5   4.0 241.7            
      11 29  43.1  27.6  33.8 100.3  33.5        13.1 128.6   5.4  77.9            
      11 30  62.5  28.6  40.2  86.5  35.2        15.7 142.9   6.0 172.7            
      12  1  65.0  28.4  41.6  74.1  32.2         9.7  85.8   3.6 163.1            
      12  2  51.5  20.9  37.3  70.7  27.8        17.1 116.4   4.8 225.7            
      12  3  43.1  18.0  32.8  85.6  29.0        28.8 251.7  10.5  98.3            
      12  4  38.1  13.0  29.3  71.6  21.1        25.9 234.8   9.8 228.3            
      12  5  46.9  12.6  25.4  73.7  16.9        16.1 145.0   6.0 239.8            
      12  6  56.7  19.7  32.4  68.0  20.1        24.7 120.0   5.0 227.2            
      12  7  48.6  18.4  31.3  76.0  24.0        28.8 102.3   4.3 126.1            
      12  8  37.0  13.0  24.7  80.8  19.2        12.6  77.8   3.2 100.4            
      12  9  44.3   9.5  23.4  70.2  13.5        17.1 115.6   4.8 224.6            
      12 10  33.9  14.6  24.3  74.7  17.3        12.8  56.6   2.4  90.9            
      12 11  45.5  13.1  28.2  64.1  16.1        11.9  79.0   3.3 219.3            
      12 12  48.5  14.4  30.1  61.4  16.2        21.5 131.0   5.5 227.4            
      12 13  41.5  13.9  27.8  73.4  20.1        29.4 108.0   4.5  90.8            
      12 14  35.6  15.5  28.7  44.9   9.6        35.7 381.1  15.9 179.3            
      12 15  46.4  12.1  28.6  45.3   8.4        28.9 186.6   7.8 193.6            
      12 16  60.1  20.8  38.5  50.9  19.5        27.6 170.9   7.1 210.7            
      12 17  47.2  22.8  36.3  86.1  32.6  0.23  28.5 173.6   7.2 139.9            
      12 18  50.4  20.4  33.8  76.8  26.6        24.3 147.2   6.1 127.4            
      12 19  33.3  16.6  23.9  76.8  17.9  0.01  30.4 192.3   8.0  56.5            
      12 20  27.4  11.9  20.2  89.6  17.8        11.5  97.4   4.1 156.9            
      12 21  36.4  16.3  24.6  82.8  20.2        28.5 173.4   7.2 121.8            
      12 22  36.3  14.8  27.4  82.8  23.7  0.01  27.2 185.4   7.7  58.2            
      12 23  53.2  30.2  40.3  59.8  26.2        24.7 150.2   6.3 217.4            
      12 24  59.5  24.9  37.8  61.6  24.3        21.9 124.4   5.2 222.5            
      12 25  60.5  19.8  33.8  70.0  23.0        14.1 120.4   5.0 223.3            
      12 26  51.3  17.2  29.8  70.2  19.7        12.1  97.6   4.1 222.8            
      12 27  50.2  23.0  37.7  59.8  24.2        26.6 187.4   7.8 219.5            
      12 28  66.9  22.6  40.9  54.7  22.0        22.4 156.5   6.5 229.6            
      12 29  65.1  17.4  37.2  54.4  18.3        25.6 158.0   6.6 219.7            
      12 30  55.3  19.3  33.5  56.0  16.9        11.8  98.1   4.1 229.2            
      12 31  59.5  16.9  32.3  64.0  19.7        12.2  95.1   4.0 208.1            

      Total                               18.37                         48.91 39.57
        Max  99.2  65.5  80.9 100.6  66.0        43.2 440.5  18.4 768.0
        Min  22.9   3.7  16.1  26.3   5.2         9.1  56.6   2.4  48.6
        Ave  66.5  35.4  50.2  66.3  37.2        23.2 159.2   6.6 400.0
