                                                                    07-JUN-99
      Cellular-linked Weather Station near STERLING, Colorado            1996
      -----------------------------------------------------------------------
               Temperature      Rel   Dew             Wind        Solar Alflf
            ----------------- Humid Point  Prec -----------------   Rad   ETR
       Date   Max   Min   Ave   Ave   Ave Total   Max Total   Ave Total Total
      MoDay     F     F     F     %     F  inch   mph miles   mph Langl  inch
      ----- ----- ----- ----- ----- ----- ----- ----- ----- ----- ----- -----
       1  1  33.0  17.5  25.8  67.0  16.1        27.0 199.2   8.3 131.3      
       1  2  25.6   9.9  17.6  55.2   4.2        23.6 166.7   6.9 194.8      
       1  3  54.8  21.7  34.5  53.3  19.5        41.4 253.3  10.6 116.0      
       1  4  38.6   7.3  19.7  75.8  14.2  0.04  18.9 217.5   9.1  67.1      
       1  5  16.4 -13.3   3.0  71.9  -3.3         8.4  79.0   3.3 155.1      
       1  6  18.1 -13.1   2.8  69.9  -3.8        13.5 118.9   5.0 230.3      
       1  7  34.2   6.4  19.5  66.7  10.6        14.5 117.2   4.9 227.3      
       1  8  60.2  17.1  34.8  59.9  22.3        16.8 142.2   5.9 189.1      
       1  9  53.8  20.9  34.8  66.2  23.9        10.1  79.2   3.3 211.8      
       1 10  49.5  25.8  35.1  66.6  24.6        31.8 201.6   8.4  92.0      
       1 11  53.5  17.8  36.1  51.5  19.2        26.8 154.6   6.4 205.7      
       1 12  68.3  22.5  38.3  50.2  19.5        14.7 129.5   5.4 240.5      
       1 13  65.8  22.0  37.3  49.1  18.6        18.6 135.4   5.6 243.8      
       1 14  60.5  17.4  35.2  54.2  18.2        21.2 133.5   5.6 246.7      
       1 15  51.5  13.5  28.4  64.9  17.3        14.1  81.1   3.4 143.1      
       1 16  59.5  21.8  40.4  44.7  19.2        32.4 165.5   6.9 202.3      
       1 17  47.4  -2.2  20.6  48.6   8.6        48.5 434.2  18.1  74.5      
       1 18  22.7  -2.5   7.1  48.0  -7.8        34.2 260.7  10.9 259.2      
       1 19  46.9   3.2  23.5  50.3   8.1        21.0 119.3   5.0 188.9      
       1 20  48.5  14.5  30.5  43.7  10.7        35.5 230.2   9.6 255.3      
       1 21  58.3   6.6  31.1  41.4  10.1        20.2 125.4   5.2 260.5      
       1 22  21.8   7.0  14.4  71.7   6.9  0.02  23.8 189.4   7.9  85.6      
       1 23  35.5  -5.2  14.7  60.2   3.6        28.6 137.0   5.7 260.8      
       1 24  48.5   4.4  27.1  48.1  10.1        26.5 166.6   6.9 180.8      
       1 25  36.0   3.1  14.1  57.7   1.9  0.02  28.0 280.6  11.7 102.6      
       1 26  26.3 -13.7   3.6  62.3  -5.3        15.3 121.1   5.0 278.4      
       1 27  38.5  -2.8  19.1  48.6   3.9        26.0 158.2   6.6 270.9      
       1 28  48.3   6.8  19.5  54.6   6.6        41.2 206.2   8.6 244.1      
       1 29  20.1  -0.2   9.8  55.7  -2.2        23.3 197.0   8.2 193.6      
       1 30   4.1  -5.1  -0.2  63.1  -9.6  0.09  14.8 131.3   5.5 189.8      
       1 31  18.5   0.0   9.5  63.0  -0.4  0.04  10.3  72.9   3.0 155.2      
       2  1  16.8 -17.9  -0.6  59.6 -10.5        28.0 143.8   6.0 308.0      
       2  2   7.4 -17.0  -5.4  57.8 -16.6  0.01   7.4  71.4   3.0 248.6      
       2  3  14.3 -22.6  -7.4  58.6 -16.6        10.8 109.7   4.6 319.2      
       2  4  33.8 -14.5  10.7  59.1   3.4        15.4 122.8   5.1 310.2      
       2  5  52.0  12.9  34.4  63.6  23.2        16.1 112.5   4.7 309.1      
       2  6  61.2  24.6  39.9  60.5  26.2        25.6 141.7   5.9 226.7      
       2  7  65.7  27.5  44.1  54.3  27.7        33.1 140.8   5.9 248.7      
       2  8  61.5  29.3  42.7  56.3  27.4        17.9 131.2   5.5 243.6      
       2  9  73.0  26.9  47.8  46.3  24.8        33.8 211.1   8.8 324.5      
       2 10  55.9  15.8  35.1  42.3  15.6        41.4 295.0  12.3 247.5      
       2 11  52.5  11.8  28.9  45.6   9.7        23.7 126.6   5.3 342.0      
       2 12  63.7  14.7  33.3  42.0  12.1        17.5 128.7   5.4 345.2      
       2 13  63.6  22.4  39.6  37.1  15.3        21.0 171.0   7.1 312.5      
       2 14  53.2  27.6  39.9  46.3  21.0        29.5 229.3   9.6 100.5      
       2 15  41.8  10.1  26.9  51.8  12.8        39.2 241.4  10.1 256.0      
       2 16  64.5  10.1  34.6  43.8  14.3        17.0 153.7   6.4 360.3      
       2 17  61.5  24.8  44.9  39.3  21.2        18.3 106.2   4.4 356.5      
       2 18  62.2  32.9  47.4  39.8  24.2        27.0 198.4   8.3 276.3      
       2 19  67.8  26.7  47.6  40.1  23.2        32.4 288.6  12.0 301.6      
       2 20  62.3  33.0  45.5  43.8  24.5        25.9 153.4   6.4 154.8      
       2 21  63.5  33.9  48.4  53.9  30.9  0.01  26.4 108.4   4.5 325.7      
       2 22  71.4  28.5  49.4  40.5  25.1        40.6 333.9  13.9 348.5      
       2 23  53.7  22.5  37.4  34.8  12.2        32.5 323.3  13.5 414.9      
       2 24  68.0  14.5  40.6  34.7  14.4        18.6 138.6   5.8 380.1      
       2 25  43.0  19.4  29.0  56.0  15.0        23.4 240.4  10.0 393.9      
       2 26  21.7  14.2  17.6  70.4   9.5        13.8 177.2   7.4 166.9      
       2 27  22.2   7.0  13.2  60.2   2.2        18.3 215.4   9.0 361.4      
       2 28  23.4   1.5  11.2  54.0  -1.7        15.2 130.7   5.4 417.5      
       2 29  41.9   2.9  21.3  51.1   6.4        24.8 173.2   7.2 410.1      
       3  1  44.7  21.4  32.5  47.0  14.4  0.01  41.7 346.5  14.4 300.6  0.10
       3  2  44.3  21.8  32.1  55.6  17.5        25.3 203.1   8.5 351.6  0.08
       3  3  59.5  12.1  36.7  46.3  16.3        18.6 152.9   6.4 442.6  0.11
       3  4  61.1  19.7  38.3  46.3  18.6        21.6 149.9   6.2 224.7  0.10
       3  5  48.3  10.4  25.7  67.2  16.0        27.5 241.0  10.0 318.6  0.11
       3  6  20.8   3.2  10.6  60.0  -0.7        19.6 200.1   8.3 411.8  0.07
       3  7  21.5   2.8  13.3  63.9   3.3        17.6 163.6   6.8 329.8  0.05
       3  8  36.7   1.3  20.6  60.3   9.5        11.8  92.5   3.9 372.1  0.05
       3  9  59.9  14.1  36.5  53.1  20.6        14.7 111.3   4.6 470.7  0.08
       3 10  74.3  20.6  46.7  42.9  23.3        14.3 118.8   5.0 412.2  0.11
       3 11  73.5  34.3  53.3  35.0  25.2        18.1 142.4   5.9 425.3  0.13
       3 12  60.1  33.8  48.8  51.3  31.0        15.2 120.3   5.0 216.6  0.08
       3 13  64.5  24.0  42.8  68.6  31.4  0.18  33.2 196.4   8.2 333.5  0.14
       3 14  41.3  29.1  35.0  87.2  31.6  0.41  18.5 184.2   7.7 158.9  0.06
       3 15  54.0  27.1  38.5  72.8  29.8  0.02  15.3 149.2   6.2 507.7  0.12
       3 16  51.7  31.4  41.4  57.5  26.7  0.03  28.4 262.4  10.9 441.4  0.13
       3 17  44.3  30.5  35.2  75.0  27.7  0.21  29.1 197.0   8.2 288.8  0.08
       3 18  41.0  27.3  33.1  64.7  22.1  0.03  34.6 315.9  13.2 380.3  0.12
       3 19  40.7  16.8  29.6  56.4  15.4        30.4 267.0  11.1 414.0  0.12
       3 20  54.6  11.9  33.0  56.3  17.7        12.9 101.1   4.2 520.2  0.11
       3 21  55.2  23.9  40.5  52.3  23.8        30.8 225.2   9.4 498.3  0.13
       3 22  64.2  30.4  46.2  43.8  24.5        26.4 270.4  11.3 466.5  0.18
       3 23  58.4  26.7  41.9  51.9  25.0  0.01  34.3 283.0  11.8 451.0  0.17
       3 24  26.9   5.6  14.1  70.3   6.6  0.13  40.0 484.5  20.2 254.9  0.11
       3 25  25.3   0.8  12.3  57.1   0.5        22.3 215.6   9.0 564.0  0.10
       3 26  48.4   6.2  28.0  57.3  14.8        17.7 147.9   6.2 568.4  0.11
       3 27  56.1  16.9  38.3  51.8  21.2        16.7 147.7   6.2 511.2  0.10
       3 28  57.8  27.8  41.2  64.8  28.8        24.4 209.6   8.7 422.5  0.12
       3 29  49.6  33.2  39.4  80.4  33.4        16.0 193.7   8.1 259.1  0.08
       3 30  51.9  27.9  38.5  57.8  23.6        21.1 206.2   8.6 552.8  0.15
       3 31  62.0  28.8  44.8  46.3  24.6        17.2 155.9   6.5 507.9  0.15
       4  1  75.7  25.6  51.1  39.2  24.9        18.3 134.0   5.6 515.1  0.18
       4  2  80.3  28.9  57.8  34.6  26.7        29.4 178.7   7.4 542.6  0.21
       4  3  58.5  33.8  47.0  49.0  28.1        33.3 363.6  15.2 469.3  0.22
       4  4  45.3  30.4  36.5  59.5  23.4        17.3 204.0   8.5 287.6  0.13
       4  5  54.8  24.4  38.4  55.1  22.9        17.7 133.2   5.5 540.7  0.15
       4  6  69.1  21.6  47.8  46.5  26.3        23.7 176.6   7.4 575.3  0.19
       4  7  67.7  40.7  55.6  41.8  32.1        27.7 234.4   9.8 458.6  0.18
       4  8  74.1  38.5  55.7  48.5  35.1        28.5 195.4   8.1 534.4  0.21
       4  9  79.1  29.6  55.4  47.1  32.2        16.5 111.0   4.6 613.0  0.22
       4 10  84.3  36.0  62.3  38.3  33.3        26.9 139.1   5.8 535.2  0.22
       4 11  57.6  32.8  45.4  65.9  34.4  0.01  28.4 256.2  10.7 277.0  0.15
       4 12  62.5  29.2  44.2  55.3  27.6  0.03  23.7 182.6   7.6 564.8  0.21
       4 13  42.5  31.0  36.1  77.7  29.6  0.18  20.6 271.0  11.3 199.1  0.10
       4 14  47.2  29.7  36.5  73.0  28.0  0.16  30.6 321.5  13.4 379.2  0.14
       4 15  62.1  26.8  44.3  56.3  27.4        22.0 160.1   6.7 655.7  0.19
       4 16  72.6  29.7  51.5  51.1  30.9        15.5 133.4   5.6 557.6  0.18
       4 17  73.3  36.5  56.3  43.7  32.1        28.9 244.4  10.2 540.0  0.23
       4 18  66.0  36.7  52.2  40.9  28.3  0.01  22.8 206.1   8.6 555.8  0.22
       4 19  49.1  33.3  41.9  65.7  31.1  0.13  40.6 334.4  13.9 326.0  0.15
       4 20  58.2  26.1  44.1  54.5  27.0        23.0 173.2   7.2 529.1  0.18
       4 21  53.8  30.5  41.8  60.2  28.2        26.3 235.6   9.8 525.4  0.18
       4 22  58.8  23.1  40.7  65.7  28.9  0.01  26.7 121.0   5.0 513.4  0.15
       4 23  72.7  32.7  53.0  50.8  31.8        24.6 145.9   6.1 522.3  0.19
       4 24  83.8  39.7  62.8  39.3  33.8        41.4 206.1   8.6 480.9  0.24
       4 25  65.3  39.8  53.9  28.9  19.9        43.3 392.5  16.4 668.7  0.35
       4 26  74.9  30.9  52.6  37.4  26.0        40.7 227.4   9.5 607.0  0.30
       4 27  65.8  31.3  47.5  62.0  33.4  0.07  30.4 177.7   7.4 533.5  0.21
       4 28  50.2  29.9  39.0  68.0  28.7        39.5 368.2  15.3 401.7  0.18
       4 29  58.5  22.4  43.2  42.8  19.4        27.6 178.7   7.4 550.6  0.20
       4 30  57.9  38.7  47.9  57.4  32.3  0.02  26.1 206.5   8.6 354.5  0.15
       5  1  64.1  36.9  49.6  61.5  36.5        24.0 149.0   6.2 428.3  0.15
       5  2  69.0  40.0  52.8  59.7  38.2        23.4 170.3   7.1 573.2  0.21
       5  3  69.8  40.1  55.9  51.7  37.0        22.5 148.8   6.2 643.9  0.22
       5  4  66.5  35.5  51.9  73.5  43.8  0.01  25.6 190.4   7.9 468.7  0.17
       5  5  64.6  35.1  51.4  57.8  36.1        27.1 217.6   9.1 680.8  0.24
       5  6  66.4  48.1  55.8  74.8  47.5        24.0 236.2   9.8 537.2  0.20
       5  7  67.1  45.1  53.8  83.6  48.8  0.01  22.7 177.0   7.4 419.6  0.15
       5  8  76.3  52.2  62.1  74.3  52.5  0.21  29.7 166.3   6.9 575.3  0.21
       5  9  55.7  38.6  50.2  95.1  49.3  0.59  30.2 222.0   9.3 100.3  0.03
       5 10  61.2  35.6  45.6  84.2  41.5        22.3 167.1   7.0 422.3  0.16
       5 11  71.8  47.2  58.0  69.4  47.1        22.4 147.2   6.1 633.0  0.22
       5 12  56.2  46.5  51.5  86.0  47.3        20.3 158.7   6.6 270.7  0.09
       5 13  75.3  43.8  59.7  73.1  50.3        30.0 245.7  10.2 683.2  0.25
       5 14  86.1  48.5  66.1  62.6  50.5        18.9 109.2   4.5 560.8  0.23
       5 15  85.1  50.3  70.7  55.9  52.5        17.8 121.4   5.1 665.2  0.25
       5 16  87.8  64.1  75.4  60.8  59.2        19.3 172.0   7.2 665.5  0.29
       5 17  81.3  50.9  69.2  44.3  44.3  0.02  28.1 177.4   7.4 568.8  0.29
       5 18  93.4  50.4  70.4  41.9  44.4        35.4 185.7   7.7 603.8  0.38
       5 19  74.8  48.2  61.2  49.7  41.2  0.03  25.3 174.9   7.3 524.5  0.28
       5 20  66.9  47.2  57.3  60.9  42.5  0.11  25.0 160.2   6.7 668.1  0.26
       5 21  74.9  50.3  62.1  63.9  48.5  0.04  22.6 163.6   6.8 504.7  0.23
       5 22  83.3  52.3  66.1  60.5  51.8        29.8 189.6   7.9 639.1  0.29
       5 23  60.2  53.6  56.4  95.2  55.1  0.67  36.4 170.5   7.1 110.9  0.06
       5 24  55.3  47.9  52.5  97.8  52.0  0.05  17.6 200.5   8.4  97.2  0.04
       5 25  50.9  46.0  48.4  98.5  48.1  0.77  19.0 161.7   6.7  66.4  0.04
       5 26  56.1  44.1  49.2  92.7  47.1  0.58  22.8 227.2   9.5 285.6  0.10
       5 27  46.2  39.6  42.7  83.2  37.9  0.06  31.4 305.2  12.7 192.4  0.09
       5 28  49.7  37.5  43.7  85.6  39.7  0.01  14.0 105.3   4.4 201.8  0.07
       5 29  70.7  41.6  57.0  75.9  49.2        23.1 181.9   7.6 608.7  0.19
       5 30  76.7  53.6  61.3  76.6  53.6  0.04  39.7 263.6  11.0 376.6  0.20
       5 31  76.8  48.7  61.3  70.2  50.0  0.15  19.7 101.1   4.2 567.7  0.21
       6  1  74.9  48.4  61.8  59.1  44.6        22.9 129.9   5.4 686.5  0.27
       6  2  74.8  48.4  61.1  50.7  41.2        19.4 123.1   5.1 622.3  0.27
       6  3  78.5  45.9  63.7  56.8  45.9        18.7 106.9   4.5 700.0  0.27
       6  4  84.6  52.6  68.5  56.6  50.1  0.03  30.7 169.0   7.0 672.8  0.31
       6  5  85.3  54.4  71.6  49.7  49.7        26.6 199.1   8.3 699.7  0.34
       6  6  73.6  52.9  63.6  51.6  43.8        31.7 306.4  12.8 645.2  0.36
       6  7  75.0  44.1  61.1  53.5  41.6        18.9 151.6   6.3 744.0  0.32
       6  8  88.8  46.8  68.9  48.5  45.6        17.4 147.0   6.1 725.0  0.35
       6  9  90.9  52.2  73.9  48.1  49.7        25.0 144.4   6.0 709.0  0.33
       6 10  90.4  52.2  72.4  51.4  50.8  0.01  34.3 111.8   4.7 661.8  0.31
       6 11  88.7  55.9  70.4  54.4  51.1  0.07  49.2 151.1   6.3 604.1  0.34
       6 12  82.9  50.8  68.5  61.2  52.4  0.01  30.1 148.4   6.2 696.5  0.31
       6 13  85.2  53.0  71.6  59.4  54.8  0.07  21.7 153.3   6.4 681.0  0.31
       6 14  83.8  56.9  70.8  69.3  59.1  0.34  35.7 182.2   7.6 548.6  0.27
       6 15  64.4  59.9  62.3  94.1  60.6  0.83  21.3 150.4   6.3  87.8  0.06
       6 16  80.5  60.0  68.8  71.3  58.2  0.02  16.2  98.0   4.1 687.9  0.27
       6 17  86.5  53.8  70.2  67.6  57.1  0.37  44.1 137.7   5.7 732.0  0.31
       6 18  91.4  57.9  75.0  53.2  54.8        30.5 181.3   7.6 755.0  0.37
       6 19  82.8  56.5  70.7  62.7  56.2        22.5 183.1   7.6 739.0  0.33
       6 20  85.4  59.2  69.5  72.9  60.1  0.98  34.3 121.1   5.0 552.9  0.27
       6 21  79.0  60.2  67.9  79.4  60.4  0.28  30.2 132.5   5.5 545.2  0.24
       6 22  79.0  60.2  69.1  78.3  61.7  0.02  21.3 157.7   6.6 358.0  0.18
       6 23  81.3  51.9  67.7  64.9  53.7  0.02  27.3 120.1   5.0 725.0  0.29
       6 24  81.8  63.5  72.0  72.0  62.2  0.03  35.7 244.2  10.2 536.6  0.27
       6 25  86.7  60.2  74.1  59.6  58.4  0.08  26.9 247.3  10.3 646.6  0.34
       6 26  89.4  60.6  76.8  59.9  60.2        25.0 216.5   9.0 724.0  0.35
       6 27  87.4  66.6  76.2  66.5  63.5  0.03  31.8 197.6   8.2 496.6  0.29
       6 28  86.3  60.8  71.7  72.8  62.0        35.3 119.0   5.0 528.0  0.26
       6 29  85.0  55.3  70.6  51.5  49.6        22.4 118.2   4.9 715.0  0.34
       6 30  82.1  58.6  71.9  53.2  54.0        29.3 242.7  10.1 689.9  0.36
       7  1  92.9  54.0  74.1  61.0  58.1  0.03  16.2  65.4   2.7 672.4  0.29
       7  2  93.5  53.7  76.8  56.4  57.1        24.6 131.3   5.5 729.0  0.34
       7  3  99.5  58.9  77.5  49.3  55.4        24.9 131.3   5.5 659.5  0.38
       7  4  96.1  54.8  75.5  59.6  59.3  0.35  27.4 113.8   4.7 608.7  0.33
       7  5  93.1  61.0  74.2  71.0  63.3  0.13  38.8 127.9   5.3 518.3  0.30
       7  6  83.7  59.4  72.6  74.0  63.4        20.2 136.8   5.7 646.1  0.27
       7  7  91.8  61.7  74.5  69.7  62.8        26.1 131.7   5.5 672.7  0.32
       7  8  77.7  58.6  67.3  60.8  52.7        20.9 160.6   6.7 509.3  0.28
       7  9  67.6  57.7  62.4  79.8  55.9  0.32  25.9 192.9   8.0 118.4  0.12
       7 10  80.4  58.1  67.3  76.7  59.1        25.1 252.3  10.5 522.7  0.28
       7 11  81.0  54.2  69.6  72.7  59.4        24.5 171.6   7.2 698.3  0.27
       7 12  82.5  58.7  70.8  65.4  57.0        16.2 128.1   5.3 599.2  0.26
       7 13  82.9  57.3  68.0  78.7  60.0  0.44  33.2 148.5   6.2 514.3  0.24
       7 14  83.2  52.1  67.0  65.3  52.6        15.3  76.8   3.2 725.0  0.29
       7 15  94.2  56.0  72.8  65.4  58.0        22.5 122.6   5.1 620.3  0.32
       7 16  92.4  62.9  77.0  60.4  59.9        19.7 120.2   5.0 571.0  0.28
       7 17  95.7  58.8  77.7  55.8  58.5  0.02  24.8 108.4   4.5 638.0  0.31
       7 18  94.2  61.8  76.9  61.5  60.9        21.4 101.2   4.2 550.5  0.29
       7 19  85.9  67.0  75.6  70.5  64.6        18.3 122.7   5.1 604.2  0.27
       7 20  93.1  66.1  77.3  69.4  64.1        17.3 110.9   4.6 646.4  0.31
       7 21  89.5  59.7  76.5  56.6  57.3        18.7 109.4   4.6 716.0  0.32
       7 22  77.6  60.1  68.6  73.6  59.4        29.1 155.6   6.5 591.3  0.26
       7 23  80.6  56.8  67.9  76.2  59.7        22.8  83.3   3.5 523.8  0.22
       7 24  78.1  54.6  64.9  72.8  54.8        18.4  66.7   2.8 439.4  0.20
       7 25  84.5  53.2  66.5  73.9  57.1        34.6 162.5   6.8 462.1  0.25
       7 26  79.0  56.8  66.1  76.0  58.0  0.07  16.1  77.6   3.2 589.2  0.22
       7 27  89.0  53.3  71.1  67.8  58.3  0.01  22.6  57.8   2.4 648.5  0.24
       7 28  86.7  63.4  73.1  71.7  62.8        25.2 125.3   5.2 507.3  0.23
       7 29  76.9  58.2  66.7  83.0  61.1        12.9  62.7   2.6 416.7  0.16
       7 30  79.7  56.5  67.0  84.0  61.6  0.36  27.3 125.2   5.2 476.0  0.20
       7 31  80.7  57.2  68.0  83.8  62.6  0.12  22.1  83.3   3.5 464.9  0.18
       8  1  87.5  55.3  70.1  76.4  61.2  0.01  21.9  83.1   3.5 646.2  0.25
       8  2  93.5  60.5  73.8  70.7  62.2  0.09  28.5  26.5   1.1 609.2  0.23
       8  3  88.0  61.7  74.5  66.9  62.2        21.0 126.2   5.3 587.8  0.26
       8  4  90.8  54.9  69.7  70.7  58.5  0.03  30.0  81.4   3.4 589.3  0.27
       8  5  85.6  51.2  70.1  63.4  54.5  0.01  24.6 171.2   7.1 670.6  0.32
       8  6  81.9  59.1  71.0  65.7  57.8  0.02  20.9 134.0   5.6 625.6  0.26
       8  7  79.7  51.0  67.7  57.4  51.6  0.01  18.4  85.1   3.5 644.5  0.25
       8  8  80.9  58.5  71.4  65.5  58.3        21.9 189.6   7.9 623.5  0.27
       8  9  81.5  61.8  71.1  68.8  59.9        24.5 232.8   9.7 589.7  0.29
       8 10  84.2  54.1  69.3  67.0  56.7  0.07  25.8 106.1   4.4 643.3  0.26
       8 11  85.1  48.7  68.0  66.6  54.4        15.1  65.8   2.7 646.7  0.25
       8 12  93.9  49.1  71.9  61.9  55.4        19.9  99.9   4.2 604.0  0.28
       8 13  88.5  51.6  71.6  67.3  58.8        18.4  89.2   3.7 604.6  0.24
       8 14  83.8  64.3  72.1  77.2  64.1  0.09  22.6 120.6   5.0 336.1  0.17
       8 15  90.4  59.8  70.0  76.6  60.9  0.20  31.7  70.4   2.9 483.8  0.22
       8 16  84.2  55.6  69.6  72.6  58.7        16.3  87.0   3.6 623.8  0.24
       8 17  88.2  54.7  72.1  65.8  57.6        25.5 124.9   5.2 624.8  0.27
       8 18  89.2  58.7  70.1  74.7  60.2  0.55  35.8 136.4   5.7 539.0  0.27
       8 19  77.4  57.0  66.3  76.2  58.0        18.9 132.8   5.5 483.5  0.20
       8 20  90.3  62.7  75.5  59.1  57.9        23.8 252.4  10.5 608.0  0.36
       8 21  86.0  60.4  72.0  74.7  62.3  0.19  29.2 121.8   5.1 470.6  0.21
       8 22  75.0  61.4  67.1  80.3  60.5        18.5 128.7   5.4 401.4  0.17
       8 23  79.5  60.5  69.4  76.9  61.2        20.2 146.7   6.1 553.1  0.23
       8 24  84.8  58.4  70.7  75.6  61.6        25.0 149.6   6.2 496.6  0.22
       8 25  85.0  55.3  71.2  70.2  59.5        14.1  62.1   2.6 567.2  0.20
       8 26  81.9  54.5  69.4  72.8  59.1        17.9 107.6   4.5 568.2  0.22
       8 27  82.4  53.4  69.7  66.0  55.9        21.5 144.8   6.0 551.5  0.24
       8 28  83.0  61.2  71.9  68.5  60.3        20.2 176.4   7.3 478.3  0.23
       8 29  80.0  56.7  67.3  80.6  60.7  1.38  35.0 218.4   9.1 351.0  0.19
       8 30  71.7  55.5  61.4  86.7  57.1  0.08  14.0  48.6   2.0 247.9  0.11
       8 31  78.9  51.0  65.2  79.8  58.1        14.2 100.3   4.2 564.1  0.20
       9  1  83.3  51.7  68.5  72.7  57.7         8.3  56.4   2.4 566.5  0.18
       9  2  87.1  58.3  70.6  76.2  61.2        15.1  46.2   1.9 509.2  0.17
       9  3  86.6  53.3  68.8  67.7  54.9         8.0  37.4   1.6 547.4  0.19
       9  4  88.9  50.5  70.7  64.2  55.2        19.6 103.3   4.3 542.8  0.23
       9  5  89.4  60.4  75.4  57.8  57.3        26.1 216.3   9.0 549.0  0.30
       9  6  71.0  54.2  60.2  87.9  56.5  0.37  21.7 143.2   6.0 128.0  0.10
       9  7  76.4  49.0  60.4  78.1  52.5        12.6  14.7   0.6 459.1  0.15
       9  8  82.0  44.2  63.6  65.8  49.9         9.6  40.8   1.7 550.9  0.18
       9  9  88.7  47.6  68.0  62.3  51.5        12.9  43.2   1.8 548.0  0.18
       9 10  86.8  47.8  66.1  61.6  50.7        20.5  33.6   1.4 517.6  0.17
       9 11  72.9  52.6  63.1  82.9  57.8        17.0 104.4   4.3 184.9  0.09
       9 12  72.7  55.2  63.3  62.3  49.8        17.4 128.4   5.3 489.2  0.19
       9 13  71.5  54.1  62.8  71.5  52.9        22.1 201.4   8.4 268.3  0.15
       9 14  66.8  55.3  58.7  86.9  54.7        18.4 174.7   7.3 310.3  0.13
       9 15  67.8  53.0  57.6  92.3  55.2  0.52  10.7  32.5   1.4 293.8  0.09
       9 16  68.6  54.5  60.3  82.8  54.8        20.9 188.5   7.9 335.0  0.13
       9 17  68.8  48.3  57.0  87.6  53.5  0.78  20.5 202.5   8.4 152.6  0.09
       9 18  67.4  45.0  54.2  80.7  47.7  0.68  17.5  52.8   2.2 397.1  0.12
       9 19  64.1  42.0  52.6  62.8  38.5  0.33  31.8 303.2  12.6 442.3  0.23
       9 20  64.7  42.6  53.5  61.2  39.5        20.5 144.1   6.0 391.1  0.15
       9 21  76.7  35.6  54.9  71.0  43.2        17.4  81.5   3.4 462.5  0.15
       9 22  73.6  41.0  57.1  77.1  49.8        13.9  31.0   1.3 333.2  0.09
       9 23  62.6  46.8  53.5  76.0  46.0        20.0 129.4   5.4 248.3  0.10
       9 24  71.9  47.8  57.4  69.3  46.4  0.72  21.2 149.6   6.2 321.8  0.15
       9 25  64.3  37.3  49.4  86.2  46.4  0.01  31.4 195.3   8.1 172.6  0.10
       9 26  52.2  34.0  42.2  73.7  33.6        21.1 125.8   5.2 318.6  0.11
       9 27  57.4  30.6  44.9  55.9  28.3        25.1 189.5   7.9 476.6  0.17
       9 28  71.4  43.8  57.7  58.5  41.9        18.2 124.5   5.2 426.6  0.13
       9 29  82.2  37.8  57.8  64.3  42.1        17.5 113.1   4.7 459.3  0.17
       9 30  85.6  39.7  61.0  62.0  44.6        10.2  67.7   2.8 446.2  0.15
      10  1  87.3  46.4  65.7  49.1  40.6        27.9 185.5   7.7 436.2  0.26
      10  2  54.7  42.9  48.2  65.6  37.1        28.8 224.0   9.3 380.5  0.16
      10  3  73.3  38.8  54.2  61.6  40.6        25.5 240.8  10.0 359.5  0.22
      10  4  76.4  40.5  58.6  69.7  47.2        17.1  57.5   2.4 418.6  0.12
      10  5  81.4  42.5  59.0  67.9  45.7        16.9 116.1   4.8 420.8  0.16
      10  6  70.3  41.3  56.8  65.7  44.6        16.2 114.2   4.8 402.4  0.13
      10  7  66.3  44.9  53.3  74.7  45.0        17.5 108.9   4.5 317.5  0.12
      10  8  74.3  35.3  53.2  66.2  38.5        24.1 124.1   5.2 415.5  0.17
      10  9  69.5  33.1  51.4  61.8  36.5        12.3  86.1   3.6 405.7  0.13
      10 10  77.3  34.6  56.7  56.1  39.3        19.7 146.3   6.1 399.7  0.17
      10 11  89.3  41.6  62.1  50.4  38.2        20.2 131.3   5.5 406.1  0.20
      10 12  85.6  38.8  61.2  49.1  37.5        14.7 102.3   4.3 397.0  0.17
      10 13  87.6  38.0  58.8  56.3  39.7         9.3  68.7   2.9 383.7  0.16
      10 14  76.7  37.1  55.7  54.7  37.2        25.9 133.0   5.5 328.1  0.17
      10 15  76.0  32.0  52.6  56.1  33.6        25.7 122.1   5.1 365.3  0.17
      10 16  61.9  31.7  45.7  70.1  35.3  0.03  32.3 164.1   6.8 317.4  0.13
      10 17  46.5  20.8  36.8  66.3  26.3  0.01  28.7 226.2   9.4 226.7  0.10
      10 18  70.6  17.5  42.5  53.3  21.5        19.2 132.2   5.5 377.7  0.16
      10 19  73.6  32.2  51.7  49.7  30.6        37.3 184.7   7.7 321.7  0.16
      10 20  50.6  32.5  42.5  57.5  28.4  0.03  29.0 223.5   9.3 267.3  0.11
      10 21  45.2  19.3  33.4  55.4  17.9        32.8 200.9   8.4 290.8  0.11
      10 22  58.9  16.0  39.6  40.8  15.5        30.8 200.1   8.3 359.0  0.15
      10 23  61.2  27.4  45.7  36.0  19.2        14.5  84.2   3.5 320.0  0.08
      10 24  67.0  23.5  47.1  47.6  25.7        18.6 117.3   4.9 283.6  0.10
      10 25  63.0  28.8  48.7  53.0  31.1        18.3 128.5   5.4 217.5  0.08
      10 26  45.3  33.2  41.1  82.6  36.5  0.12  40.0 303.4  12.6 162.1  0.06
      10 27  47.5  26.9  34.5  77.6  28.0        18.5 103.7   4.3 237.2  0.07
      10 28  68.3  23.4  45.9  76.0  38.9        26.2 185.5   7.7 310.5  0.11
      10 29  53.7  28.5  44.8  72.1  36.4  0.03  55.5 355.3  14.8 168.7  0.07
      10 30  37.0  25.1  30.8  80.9  25.3        14.0  91.2   3.8 148.1  0.04
      10 31  33.7  29.6  31.8  76.4  25.2        11.0  85.0   3.5  66.9  0.03
      11  1  54.8  19.5  37.7  62.9  23.5        27.2 156.6   6.5 295.3      
      11  2  65.4  21.6  40.6  61.5  25.9        13.1  92.6   3.9 310.6      
      11  3  64.0  21.9  44.2  60.5  29.7        17.0 113.8   4.7 254.8      
      11  4  62.6  30.5  49.6  46.5  28.4        32.3 270.4  11.3 305.7      
      11  5  58.5  27.3  41.0  67.6  30.1        27.4 168.4   7.0 205.4      
      11  6  46.8  20.8  34.0  54.3  17.7        22.8 132.1   5.5 225.8      
      11  7  52.3  20.6  35.9  46.3  16.4        38.1 265.8  11.1 250.5      
      11  8  51.9  17.5  34.7  51.6  17.8        16.1 124.9   5.2 282.4      
      11  9  59.7  26.3  44.8  54.2  27.2        26.7 183.2   7.6 271.1      
      11 10  67.7  18.8  39.2  65.1  25.8        16.9  90.4   3.8 257.0      
      11 11  39.0  17.0  26.8  76.0  19.8        13.7  94.0   3.9 269.6      
      11 12  54.8  17.3  34.4  68.0  24.0        16.1 116.6   4.9 263.5      
      11 13  30.4  25.5  28.0  93.6  26.5        15.9 172.4   7.2  58.5      
      11 14  35.2  27.4  30.7  94.8  29.4        27.0 260.2  10.8  53.2      
      11 15  36.5  27.2  31.8  96.8  30.8  0.05  19.8 145.1   6.0  56.7      
      11 16  27.4   7.5  18.0  85.3  15.0  0.04  24.5 238.2   9.9 150.1      
      11 17  36.5   2.1  21.4  77.3  17.2        16.2 126.4   5.3 203.9      
      11 18  50.3  22.1  35.1  80.1  29.8        13.6 104.3   4.3 162.8      
      11 19  74.5  30.8  47.1  72.9  36.3        18.3 134.8   5.6 233.0      
      11 20  69.5  28.4  44.0  72.1  31.1        33.2 246.0  10.3 252.3      
      11 21  48.6  26.4  33.0  83.6  28.4        11.9 103.3   4.3 138.8      
      11 22  50.0  28.0  37.1  91.8  34.7        14.0 116.8   4.9 126.8      
      11 23  35.9   7.9  21.0  84.2  18.3        25.5 201.8   8.4 127.5      
      11 24  42.8   4.5  20.1  74.2  12.8        13.7 106.5   4.4 243.6      
      11 25  50.6  13.3  32.4  68.5  21.9        19.1 136.5   5.7 219.9      
      11 26  26.9  19.5  23.7  88.6  20.9  0.04  12.2  97.2   4.0  66.2      
      11 27  42.1  17.4  27.8  79.0  21.6        16.4 139.4   5.8 202.6      
      11 28  56.6  15.5  30.3  68.6  19.1        12.2  96.8   4.0 238.9      
      11 29  40.4  17.1  30.5  79.5  25.1  0.01  24.3 216.3   9.0 141.9      
      11 30  37.1  14.4  26.4  68.6  16.8        22.3 192.2   8.0 206.6      
      12  1  53.6  12.2  30.2  59.8  16.0        18.1 123.9   5.2 223.7      
      12  2  39.2  24.9  33.6  43.4  13.9        37.3 292.1  12.2 148.9      
      12  3  46.8   5.9  24.4  47.2   4.5        13.2  93.5   3.9 222.9      
      12  4  37.4   8.2  21.3  47.7   1.7        34.6 207.1   8.6 183.2      
      12  5  56.9   6.8  35.0  42.5  14.5        33.5 186.5   7.8  99.7      
      12  6  43.0  20.0  30.3  60.7  17.3        21.3 108.5   4.5  92.0      
      12  7  49.6  16.7  31.3  43.8   9.1        36.9 213.4   8.9 227.1      
      12  8  63.2  18.0  37.4  48.9  19.2        15.6 142.4   5.9 204.3      
      12  9  60.7  29.7  40.6  51.2  22.7        14.2 128.9   5.4 120.8      
      12 10  64.0  33.1  44.9  49.8  26.3        30.4 159.3   6.6 111.2      
      12 11  56.3  22.5  39.2  53.0  21.5        31.8 119.0   5.0 105.3      
      12 12  62.2  20.7  37.7  55.2  21.3        23.9 118.9   5.0 208.6      
      12 13  50.8  23.0  38.8  58.9  24.9        30.7 181.4   7.6 198.4      
      12 14  40.9  20.7  32.1  54.0  17.0        43.9 409.5  17.1 211.7      
      12 15  39.8  17.4  27.1  37.8   3.4        24.0 172.7   7.2 219.8      
      12 16  36.7  10.5  24.4  47.1   8.4        34.6 305.2  12.7  56.0      
      12 17  14.6   3.6  10.7  50.2  -4.1        45.9 458.1  19.1 108.6      
      12 18  11.0  -9.4   3.9  54.8  -9.0        36.0 255.9  10.7 210.2      
      12 19  31.7  -9.7  13.0  67.7   7.1        18.8 128.9   5.4 111.2      
      12 20  48.6   6.5  24.5  60.4  11.2        14.0  98.3   4.1 160.8      
      12 21  46.1  24.2  33.7  56.3  18.6        25.2 145.3   6.1  91.8      
      12 22  37.8  16.7  22.8  87.7  19.5        18.0 129.9   5.4 165.7      
      12 23  16.7   2.1   9.4  74.4   3.1        16.2 144.7   6.0 130.6      
      12 24  48.9  -1.8  19.3  68.3   9.9        35.1 172.9   7.2 196.4      
      12 25  30.0   2.5  11.0  73.8   4.0        26.5 180.1   7.5 199.7      
      12 26  32.9  -1.6  13.8  54.8   0.5        14.7 119.7   5.0 192.7      
      12 27  58.7  17.2  33.3  48.8  15.4        19.9 134.5   5.6 163.3      
      12 28  57.8  14.2  32.2  51.2  12.9        24.5 139.3   5.8 193.5      
      12 29  65.2  18.8  37.6  41.7  14.3        15.8 137.1   5.7 205.7      
      12 30  62.0  28.6  43.6  45.1  22.7        30.3 171.1   7.1 101.5      
      12 31  58.5  27.7  40.1  54.0  23.7        19.1 136.6   5.7 143.9      

      Total                               16.77                         48.07
        Max  99.5  67.0  77.7  98.5  64.6        55.5 484.5  20.2 755.0
        Min   4.1 -22.6  -7.4  28.9 -16.6         7.4  14.7   0.6  53.2
        Ave  63.5  33.6  47.8  62.6  34.2        23.7 162.3   6.8 389.9
