                                                                    07-JUN-00
      Cellular-linked Weather Station near STERLING, Colorado            1998
      -----------------------------------------------------------------------------
               Temperature      Rel   Dew             Wind        Solar StandrdASCE
            ----------------- Humid Point  Prec -----------------   Rad   ETr   ETo
       Date   Max   Min   Ave   Ave   Ave Total   Max Total   Ave Total Alflf Grass
      MoDay     F     F     F     %     F  inch   mph miles   mph Langl  inch  inch
      ----- ----- ----- ----- ----- ----- ----- ----- ----- ----- ----- ----- -----
       1  1  60.9  21.3  37.6  70.4  26.8        13.5 124.3   5.2 223.5            
       1  2  49.8  23.2  33.2  83.2  28.5        12.0 102.6   4.3 126.1            
       1  3  28.9  20.8  22.8  84.5  19.0        23.5 136.9   5.7  80.1            
       1  4  43.6  17.1  27.7  88.1  24.5        14.2 106.7   4.4 161.5            
       1  5  49.1  14.0  28.5  83.7  24.0         9.6  83.6   3.5 213.4            
       1  6  41.7  10.6  28.0  73.1  19.9  0.01  16.9 107.9   4.5 212.0            
       1  7  42.3   6.0  20.4  72.5  12.0        13.4 112.0   4.7 234.0            
       1  8  49.3   6.6  25.6  65.5  13.7        18.9 142.5   5.9 233.0            
       1  9  22.7   7.9  15.2  69.3   6.7        20.8 162.1   6.8 225.2            
       1 10  26.5  10.3  19.1  80.5  14.2        17.0 115.2   4.8  97.6            
       1 11  43.4  13.5  23.3  81.0  17.8        22.9 170.3   7.1 169.9            
       1 12  18.7   1.7  10.1  87.1   7.3        21.5 128.9   5.4 232.5            
       1 13  34.0  11.8  22.6  84.3  18.8        13.1 104.7   4.4 145.5            
       1 14  49.5  12.5  30.9  59.0  16.2        24.0 145.6   6.1 233.9            
       1 15  42.1   7.1  26.4  67.3  16.3        13.5 106.1   4.4  90.9            
       1 16  45.8  24.5  34.5  50.5  16.3        21.5 153.7   6.4 248.9            
       1 17  48.7  16.4  33.9  65.8  23.8        35.6 159.2   6.6  80.5            
       1 18  49.4  16.0  35.0  60.4  21.7        27.5 168.4   7.0 236.6            
       1 19  46.7  13.5  28.5  77.0  21.6        14.5  91.8   3.8 181.1            
       1 20  42.3  15.2  29.6  82.9  24.3        26.3 147.4   6.1 141.9            
       1 21  42.6   5.9  23.3  78.8  17.5  0.01  14.2  83.7   3.5 194.7            
       1 22  43.7   6.8  26.9  56.8  11.1        27.4 139.3   5.8 265.5            
       1 23  44.1  12.2  28.8  53.6  12.7        25.5 172.3   7.2 267.7            
       1 24  49.3   9.4  29.8  61.7  17.6        25.1 145.9   6.1 105.9            
       1 25  52.8  24.2  38.2  57.0  22.9        23.3 158.5   6.6 177.4            
       1 26  54.9  15.8  34.0  51.2  15.3        16.4 133.6   5.6 275.8            
       1 27  60.5  13.6  32.8  56.9  16.3         8.7  79.8   3.3 249.3            
       1 28  54.2  17.2  33.1  59.7  19.5        28.2 162.2   6.8 260.2            
       1 29  56.1  12.8  29.9  65.8  17.9        15.1 115.1   4.8 288.6            
       1 30  60.4  11.0  32.3  55.8  14.9        12.0  97.8   4.1 271.6            
       1 31  47.8  19.0  33.2  70.3  24.7        22.3 126.4   5.3 152.4            
       2  1  51.9  13.5  28.3  69.6  18.0        19.1 113.5   4.7 277.4            
       2  2  48.8  11.6  27.7  67.1  17.5        11.6  70.0   2.9 227.9            
       2  3  42.1  24.3  31.5  89.1  28.6        24.2 207.0   8.6 208.0            
       2  4  39.2  28.7  33.3  88.1  30.1        28.6 247.8  10.3  65.1            
       2  5  40.2  25.8  32.2  85.3  28.0        21.3 207.2   8.6 137.1            
       2  6  49.8  23.3  35.2  75.9  27.7        21.6 148.8   6.2 295.9            
       2  7  49.3  11.5  30.7  81.6  26.2        21.4 139.2   5.8 307.6            
       2  8  58.7  18.5  36.4  67.5  24.4        10.2  81.5   3.4 303.1            
       2  9  39.9  31.1  35.0  90.6  32.6  0.55  13.9  90.6   3.8  57.6            
       2 10  44.9  27.8  35.6  83.2  30.6  0.25  21.6 166.9   7.0 240.3            
       2 11  47.7  20.3  32.2  68.5  21.5        16.7  97.8   4.1 340.8            
       2 12  49.2  17.2  31.4  70.9  20.5        16.6  98.5   4.1 344.9            
       2 13  50.6  18.3  33.3  67.3  21.9        19.1 102.2   4.3 323.8            
       2 14  54.5  25.2  38.1  74.1  29.2        18.6 107.1   4.5 288.4            
       2 15  43.0  31.3  36.4  96.7  35.2  0.05  23.8  91.5   3.8  97.9            
       2 16  40.4  32.6  36.1  97.5  35.5  0.08  18.9 128.4   5.3  42.0            
       2 17  46.3  28.4  36.3  92.4  33.8        12.6  79.2   3.3 143.5            
       2 18  48.0  26.7  35.2  83.8  29.7        19.3 119.5   5.0 275.4            
       2 19  49.3  24.3  37.5  60.5  23.9        27.8 177.7   7.4 278.5            
       2 20  51.5  16.6  32.2  67.2  20.2        12.4  83.3   3.5 378.3            
       2 21  57.1  16.2  34.0  69.2  22.6        11.3  87.8   3.7 368.6            
       2 22  60.4  21.3  40.3  63.1  26.6        33.0 135.2   5.6 205.4            
       2 23  54.4  27.2  42.2  58.3  26.9        21.0 124.7   5.2 376.9            
       2 24  66.6  32.0  47.9  51.0  30.1        29.2 288.2  12.0 337.5            
       2 25  54.5  31.4  37.9  67.1  27.5  0.06  30.5 455.0  19.0 133.8            
       2 26  40.0  22.4  31.1  52.9  15.4        29.2 341.1  14.2 408.1            
       2 27  31.5  22.5  27.0  50.0  10.4        36.7 447.2  18.6 194.4            
       2 28  37.4  21.7  28.9  42.0   7.7        32.4 392.3  16.3 405.4            
       3  1  35.1  23.2  28.3  40.2   6.8        34.8 390.5  16.3 248.7  0.12  0.09
       3  2  41.1  17.2  28.6  47.5  10.1        17.5 133.9   5.6 258.4  0.07  0.07
       3  3  54.3   9.5  32.7  57.6  17.9        18.0 113.5   4.7 416.1  0.09  0.08
       3  4  32.6  20.6  25.2  84.4  21.0        15.1 123.0   5.1 181.8  0.04  0.03
       3  5  47.5  21.1  32.0  66.1  19.9  0.01  17.5 104.7   4.4 362.0  0.07  0.07
       3  6  31.8  23.3  28.0  83.2  23.5  0.03  30.1 263.2  11.0  50.2  0.03  0.02
       3  7  25.5  11.2  20.0  85.8  16.8  0.06  28.1 279.7  11.7 243.7  0.04  0.02
       3  8  28.6  -0.4  16.3  71.2   8.5        18.4 153.9   6.4 461.5  0.07  0.05
       3  9  30.5   8.2  18.7  73.7  11.1        10.5  69.4   2.9 380.0  0.05  0.04
       3 10  47.4   2.4  24.0  66.7  13.7        29.5 219.2   9.1 325.1  0.09  0.08
       3 11  28.7  -0.2  15.9  58.3   4.5        21.0 200.3   8.3 346.9  0.06  0.05
       3 12  57.4  17.4  35.9  56.4  19.1        19.5 140.4   5.8 470.4  0.10  0.10
       3 13  63.9  16.2  40.4  56.9  22.4        23.0 160.3   6.7 481.7  0.12  0.12
       3 14  57.0  23.3  38.4  65.0  26.1        18.5 164.2   6.8 465.5  0.11  0.10
       3 15  58.3  16.9  36.5  71.8  27.0        17.3 119.1   5.0 473.7  0.11  0.10
       3 16  47.7  27.9  37.1  89.2  34.0        18.5 160.2   6.7 225.5  0.06  0.05
       3 17  52.8  32.0  40.6  85.2  36.0        18.7 139.7   5.8 334.7  0.08  0.07
       3 18  38.8  28.5  32.0  94.6  30.9  0.03  25.9 258.9  10.8  82.8  0.04  0.03
       3 19  42.3  21.7  31.5  72.4  23.0        20.3 199.4   8.3 344.3  0.09  0.07
       3 20  56.0  16.0  34.5  67.6  22.4        16.2  98.6   4.1 504.8  0.11  0.10
       3 21  62.3  19.1  41.0  53.1  20.9        17.0 104.8   4.4 512.5  0.12  0.12
       3 22  62.3  26.0  47.3  54.6  29.9        24.3 185.8   7.7 469.4  0.13  0.12
       3 23  65.9  38.9  53.9  55.0  37.3        27.0 169.4   7.1 364.1  0.11  0.11
       3 24  81.3  37.6  59.2  52.8  37.2        22.9 151.4   6.3 487.6  0.18  0.19
       3 25  82.9  31.8  58.5  44.0  31.4        24.5 134.6   5.6 537.9  0.20  0.21
       3 26  77.3  28.7  53.1  48.8  31.6        38.1 146.2   6.1 443.6  0.19  0.19
       3 27  68.9  34.5  52.8  56.6  34.5        28.5 198.2   8.3 434.4  0.18  0.17
       3 28  66.9  40.7  54.3  58.4  37.4  0.02  31.8 290.8  12.1 373.9  0.19  0.17
       3 29  59.6  30.5  43.5  68.6  33.4        38.1 257.1  10.7 509.3  0.18  0.14
       3 30  40.2  28.0  34.2  68.2  24.6        23.6 265.5  11.1 196.1  0.10  0.07
       3 31  48.3  22.0  35.1  56.0  19.3        27.9 244.1  10.2 388.9  0.14  0.11
       4  1  64.8  19.9  44.3  46.4  22.3        22.1 148.7   6.2 530.4  0.16  0.15
       4  2  50.0  32.6  42.6  60.6  29.4  0.03  28.9 270.6  11.3 135.5  0.08  0.07
       4  3  58.8  27.9  43.6  63.7  30.1  0.01  19.2 111.4   4.6 575.0  0.14  0.12
       4  4  69.1  30.3  50.5  54.1  33.0        28.1 349.0  14.5 572.0  0.25  0.20
       4  5  67.2  32.3  47.8  57.3  29.2        25.9 121.4   5.1 438.3  0.15  0.14
       4  6  58.6  37.2  47.9  53.0  31.2  0.01  24.1 186.7   7.8 234.4  0.12  0.11
       4  7  47.8  32.2  41.6  78.9  35.4  0.03  22.0 222.6   9.3 159.4  0.07  0.05
       4  8  54.1  24.8  40.7  63.5  28.1        27.6 214.0   8.9 513.5  0.16  0.12
       4  9  59.6  16.6  40.8  53.5  23.1        23.1 102.8   4.3 511.9  0.14  0.12
       4 10  66.3  27.7  49.1  46.2  25.2        22.1 144.7   6.0 599.2  0.18  0.16
       4 11  84.8  27.2  59.3  36.2  26.4        26.5 236.3   9.8 621.6  0.29  0.28
       4 12  70.7  46.7  60.1  34.8  30.1        36.6 298.2  12.4 496.6  0.25  0.23
       4 13  62.8  35.1  49.9  48.8  28.4  0.16  28.3 201.2   8.4 531.7  0.21  0.18
       4 14  42.3  37.8  39.7  97.8  39.1  0.32  17.3 183.5   7.6  77.4  0.05  0.03
       4 15  44.4  29.8  38.0  87.2  34.2  0.04  20.7 197.6   8.2 220.0  0.08  0.05
       4 16  47.4  26.6  36.6  67.5  25.3        17.2  98.5   4.1 614.7  0.14  0.11
       4 17  58.3  22.6  40.9  61.7  27.3        27.3 155.9   6.5 482.8  0.14  0.12
       4 18  54.2  35.9  43.4  60.8  29.4        20.2 170.9   7.1 485.4  0.14  0.12
       4 19  59.0  29.6  45.2  48.4  24.8        27.8 212.8   8.9 497.7  0.18  0.15
       4 20  58.0  20.5  41.3  50.3  21.4        22.8 107.3   4.5 646.7  0.17  0.14
       4 21  62.1  34.1  48.3  50.3  29.1        20.5 163.7   6.8 578.4  0.18  0.15
       4 22  69.9  25.8  49.0  46.9  25.2        14.0  95.0   4.0 658.4  0.20  0.17
       4 23  81.1  31.0  58.4  38.7  29.5        21.6 134.3   5.6 655.6  0.24  0.22
       4 24  81.8  45.6  62.8  43.2  37.5        29.2 173.8   7.2 469.8  0.23  0.21
       4 25  67.6  45.4  57.7  38.4  32.1        26.2 230.3   9.6 497.8  0.23  0.20
       4 26  62.4  37.3  49.9  47.0  28.8        35.2 264.6  11.0 542.5  0.25  0.20
       4 27  55.5  32.6  43.5  71.8  34.9        26.5 193.5   8.1 332.3  0.14  0.11
       4 28  60.8  20.8  43.6  49.0  21.3        21.9 141.9   5.9 619.9  0.21  0.17
       4 29  67.6  20.2  46.2  41.3  20.2        15.3 104.3   4.3 607.3  0.20  0.17
       4 30  75.5  28.4  54.4  40.4  28.1        27.4 180.6   7.5 589.1  0.24  0.21
       5  1  69.4  33.2  52.5  62.0  38.8  0.03  33.8 142.3   5.9 465.9  0.17  0.14
       5  2  66.5  32.8  50.9  57.0  33.5        20.4 102.8   4.3 618.6  0.20  0.16
       5  3  79.0  35.3  57.8  45.6  35.7        21.1 123.5   5.1 567.5  0.23  0.19
       5  4  75.5  40.3  58.2  58.9  42.0  0.14  28.5 218.3   9.1 553.0  0.24  0.20
       5  5  67.8  46.7  54.6  77.7  46.9  0.27  23.2 151.9   6.3 453.2  0.17  0.14
       5  6  66.2  40.4  51.7  86.8  47.4  0.51  29.1 125.7   5.2 325.4  0.13  0.10
       5  7  59.9  36.8  46.9  91.4  44.3  0.24  20.8 100.7   4.2 294.4  0.11  0.08
       5  8  53.3  41.6  47.2  97.5  46.4  0.02  25.3 185.8   7.7 263.1  0.08  0.05
       5  9  58.7  43.2  49.3  91.5  46.6  0.02  18.3 153.1   6.4 326.3  0.10  0.08
       5 10  69.6  43.4  57.6  80.8  51.3        31.5 281.0  11.7 652.8  0.20  0.14
       5 11  65.4  48.0  57.1  76.8  49.4  0.02  26.0 198.9   8.3 444.5  0.15  0.12
       5 12  70.3  36.7  56.5  67.2  44.4        24.5 168.8   7.0 623.0  0.21  0.17
       5 13  84.1  49.3  66.6  49.9  42.6        27.7 260.4  10.8 543.5  0.32  0.27
       5 14  75.7  47.5  61.1  52.9  42.2  0.07  35.7 218.6   9.1 640.2  0.29  0.23
       5 15  72.7  46.7  58.7  52.1  38.5        32.7 243.5  10.1 567.2  0.29  0.23
       5 16  77.8  38.9  62.0  47.6  39.2        24.0 141.1   5.9 651.5  0.27  0.22
       5 17  87.6  39.7  65.8  39.3  36.7        16.7  98.3   4.1 694.0  0.29  0.23
       5 18  83.6  41.8  61.6  51.5  42.3        34.4 110.3   4.6 465.2  0.25  0.19
       5 19  87.0  47.0  67.5  57.6  50.4  0.01  27.2 130.3   5.4 620.0  0.27  0.22
       5 20  82.3  49.5  67.1  69.1  55.6        23.7 201.0   8.4 472.2  0.23  0.19
       5 21  80.9  56.7  67.1  78.1  59.2        30.8 205.2   8.6 475.9  0.23  0.18
       5 22  69.3  50.2  58.0  85.3  53.4  0.30  28.9 178.0   7.4 386.6  0.17  0.13
       5 23  71.1  45.1  58.8  65.4  44.9        21.0 136.3   5.7 537.0  0.22  0.17
       5 24  73.9  40.6  56.3  75.9  47.1  0.43  34.1 132.9   5.5 430.6  0.20  0.15
       5 25  70.9  44.9  59.4  76.5  51.2        20.3 124.6   5.2 487.0  0.17  0.13
       5 26  78.6  53.4  64.6  73.4  55.1        28.6 297.9  12.4 364.2  0.22  0.17
       5 27  83.9  48.1  68.0  64.4  53.1        17.8 107.7   4.5 603.4  0.24  0.19
       5 28  86.0  49.3  68.8  58.1  51.9        17.1 114.3   4.8 575.6  0.25  0.20
       5 29  82.2  51.4  69.4  64.0  55.4        26.7 210.6   8.8 353.2  0.21  0.17
       5 30  86.7  53.1  68.8  63.7  53.0        15.8  95.4   4.0 408.2  0.23  0.17
       5 31  76.5  49.2  64.7  56.0  47.3        19.3 127.5   5.3 482.9  0.24  0.18
       6  1  86.9  45.8  69.9  41.7  40.9        33.8 200.9   8.4 382.7  0.30  0.24
       6  2  79.9  44.8  64.1  51.0  44.8        26.6 205.6   8.6 495.0  0.29  0.22
       6  3  49.9  39.7  43.8  83.2  39.1  0.01  25.6 187.8   7.8 131.6  0.11  0.07
       6  4  47.5  40.0  42.7  95.6  41.4  0.04  16.1 137.3   5.7 152.1  0.08  0.05
       6  5  55.8  34.8  44.2  83.7  39.2  0.05  10.6  75.1   3.1 272.1  0.10  0.07
       6  6  72.4  30.8  54.4  62.9  39.2        18.3  98.5   4.1 568.0  0.19  0.14
       6  7  76.5  45.3  60.5  70.9  50.4  0.21  37.3 219.7   9.2 340.8  0.18  0.13
       6  8  62.1  48.8  55.0  86.3  50.8  0.36  26.9 207.8   8.7 346.2  0.12  0.09
       6  9  76.0  39.7  57.4  78.1  49.5  0.06  27.8 163.5   6.8 510.3  0.22  0.16
       6 10  72.1  54.2  62.0  80.8  55.6  0.02  21.9 128.7   5.4 335.1  0.14  0.10
       6 11  78.4  51.4  65.1  56.8  47.0        26.3 171.3   7.1 609.3  0.28  0.21
       6 12  80.9  46.8  66.0  59.6  49.3        18.0 140.4   5.8 577.9  0.26  0.19
       6 13  85.8  56.4  65.6  60.9  50.4  0.37  27.1 168.7   7.0 354.2  0.28  0.21
       6 14  71.8  54.5  63.2  58.2  47.8        29.2 295.8  12.3 503.4  0.29  0.21
       6 15  73.2  46.0  59.9  53.1  40.7        23.4 164.3   6.8 589.7  0.28  0.21
       6 16  77.3  47.9  64.0  53.2  45.7        28.3 205.3   8.6 459.3  0.27  0.20
       6 17  69.0  47.8  56.8  80.5  50.8  0.13  34.0 225.1   9.4 232.2  0.16  0.11
       6 18  77.5  42.2  61.5  54.3  41.6        33.6 279.1  11.6 473.2  0.32  0.23
       6 19  90.3  45.1  71.7  37.2  39.3        27.2 173.6   7.2 669.2  0.36  0.27
       6 20  80.0  53.2  68.2  50.5  47.2        21.5 168.7   7.0 642.6  0.30  0.22
       6 21  83.7  55.2  66.6  65.4  53.5  0.27  35.9 185.1   7.7 405.9  0.27  0.20
       6 22  84.4  48.6  67.6  69.6  55.3  0.06  35.5 219.5   9.1 653.8  0.32  0.24
       6 23  87.2  56.2  70.6  62.7  55.7  0.87  27.9 113.2   4.7 729.0  0.31  0.24
       6 24  90.3  57.7  71.8  60.1  53.3        25.3 120.7   5.0 676.0  0.33  0.25
       6 25  91.3  48.2  72.7  51.1  48.7        25.2 197.1   8.2 751.0  0.40  0.30
       6 26  94.6  52.3  76.1  50.5  52.1        26.7 130.1   5.4 761.0  0.37  0.28
       6 27  89.0  54.0  72.5  46.0  48.4        18.0 100.4   4.2 745.0  0.35  0.26
       6 28  91.7  47.2  73.4  47.5  50.3        21.9 148.2   6.2 724.0  0.37  0.28
       6 29  86.5  65.0  77.0  53.3  57.3        21.0 169.4   7.1 734.0  0.35  0.27
       6 30  85.0  57.4  72.3  59.1  56.5  0.01  25.5 183.6   7.7 551.0  0.30  0.23
       7  1  87.0  61.3  74.4  64.2  60.6  0.09  32.4 255.6  10.7 645.7  0.35  0.26
       7  2  92.1  59.1  76.2  60.6  60.0        25.6 207.4   8.6 712.0  0.38  0.29
       7  3  83.6  62.7  73.5  71.3  63.5  0.12  20.2 201.4   8.4 704.0  0.31  0.23
       7  4  88.7  64.4  72.1  83.1  65.7  0.33  24.5 121.3   5.1 591.7  0.28  0.22
       7  5  91.9  59.2  74.6  75.5  64.8        11.0  68.9   2.9 703.0  0.29  0.23
       7  6  85.6  60.7  73.0  69.3  60.8        23.5 125.9   5.2 508.2  0.25  0.19
       7  7  89.9  56.2  71.6  73.5  61.6        25.0 102.5   4.3 586.0  0.28  0.21
       7  8  82.4  64.8  72.5  75.4  63.8        21.6 137.4   5.7 490.2  0.23  0.18
       7  9  83.7  62.3  72.3  82.7  66.3  0.58  17.3  86.9   3.6 495.2  0.20  0.16
       7 10  83.3  63.9  73.0  83.2  67.0  0.01  17.4  87.2   3.6 597.1  0.22  0.18
       7 11  90.9  66.5  74.9  76.5  66.1  0.58  26.7  86.6   3.6 660.2  0.29  0.22
       7 12  91.8  61.8  77.0  66.5  63.4        15.8 104.0   4.3 730.0  0.31  0.24
       7 13  95.6  59.7  78.2  64.1  63.4        12.9  77.8   3.2 748.0  0.32  0.25
       7 14  97.5  59.1  77.2  51.0  56.1        25.6 112.2   4.7 579.2  0.34  0.25
       7 15  86.7  59.1  73.3  64.0  59.1  0.32  27.0 179.5   7.5 646.0  0.33  0.25
       7 16  85.6  59.2  73.1  69.6  61.3        22.0 132.7   5.5 644.3  0.29  0.22
       7 17  94.6  57.3  76.2  62.2  60.3        10.6  70.8   3.0 731.0  0.31  0.24
       7 18  99.5  57.8  79.7  51.4  56.3        15.3 123.5   5.1 731.0  0.37  0.29
       7 19 102.1  60.2  79.6  50.8  56.7        12.1  80.5   3.4 713.0  0.36  0.27
       7 20 105.1  57.5  81.7  47.5  54.9        14.2  72.8   3.0 723.0  0.36  0.27
       7 21  96.8  61.5  78.3  56.5  59.5  0.37  37.9 200.5   8.4 633.0  0.41  0.31
       7 22  78.0  63.6  70.2  86.4  65.6  0.04  20.0 119.1   5.0 341.4  0.17  0.13
       7 23  80.3  62.7  69.3  87.9  65.2  1.07  26.1 173.2   7.2 401.3  0.20  0.16
       7 24  80.0  62.8  69.6  90.1  66.4  0.25  18.9 176.5   7.4 302.1  0.16  0.12
       7 25  83.1  63.8  70.4  89.6  66.6  0.87  26.1  94.2   3.9 371.6  0.16  0.13
       7 26  80.4  63.9  70.3  87.1  65.4  0.02  14.3 110.0   4.6 482.9  0.19  0.15
       7 27  85.9  58.8  72.4  74.1  61.9  0.01  12.9  77.3   3.2 639.0  0.24  0.20
       7 28  86.3  57.5  73.0  67.3  59.8        15.7  90.7   3.8 642.5  0.26  0.20
       7 29  82.5  62.0  67.9  91.6  65.0  2.16  33.8  83.5   3.5 281.8  0.15  0.11
       7 30  66.0  59.7  62.3  98.6  61.8  0.37  14.5 146.9   6.1 143.8  0.07  0.05
       7 31  74.3  59.8  66.7  88.4  62.9        26.5 241.1  10.0 532.5  0.20  0.14
       8  1  79.9  59.5  68.6  89.7  65.3  0.60  33.1 176.2   7.3 310.0  0.14  0.11
       8  2  82.4  54.7  68.3  75.1  58.6  0.01  24.7 118.9   5.0 625.2  0.24  0.19
       8  3  78.5  58.0  67.1  75.5  58.6        30.0 165.3   6.9 499.6  0.22  0.17
       8  4  69.9  58.8  64.3  83.6  59.0        20.7 147.2   6.1 325.1  0.14  0.11
       8  5  77.1  52.3  64.6  81.4  57.9         9.8  62.3   2.6 579.6  0.20  0.16
       8  6  82.7  53.8  67.9  72.0  57.2        12.1  74.8   3.1 661.5  0.24  0.19
       8  7  86.1  53.1  70.7  67.0  57.7        18.8  89.5   3.7 674.3  0.25  0.20
       8  8  92.9  59.7  74.4  70.3  63.0  0.04  19.8 113.4   4.7 562.6  0.26  0.20
       8  9  85.6  61.7  71.5  75.2  62.8  0.02  23.0  92.1   3.8 487.2  0.21  0.17
       8 10  83.3  57.3  70.5  78.7  62.8        14.2  93.2   3.9 618.3  0.23  0.19
       8 11  83.4  58.7  69.9  80.6  63.3        33.2 115.8   4.8 524.3  0.22  0.18
       8 12  82.3  53.1  67.4  76.5  58.2        19.4 104.5   4.4 646.9  0.25  0.20
       8 13  87.0  50.0  68.4  70.5  56.2        13.3  73.1   3.0 644.8  0.25  0.20
       8 14  87.1  51.7  69.6  68.2  56.6        27.2 103.8   4.3 584.7  0.25  0.20
       8 15  88.1  56.6  70.5  71.8  60.2        16.7  69.2   2.9 601.2  0.23  0.19
       8 16  92.1  52.6  70.8  71.4  59.7  0.04  32.7  96.6   4.0 563.9  0.25  0.20
       8 17  91.3  52.7  73.8  66.2  59.6        16.5 116.7   4.9 634.6  0.27  0.22
       8 18  91.7  56.7  75.2  63.2  60.0        22.6 122.6   5.1 617.3  0.28  0.23
       8 19  85.7  58.4  70.2  81.2  63.6  0.07  16.5  65.4   2.7 302.2  0.15  0.12
       8 20  87.2  57.8  72.7  72.5  62.3        15.2 110.9   4.6 585.8  0.24  0.20
       8 21  88.9  60.2  74.9  68.0  62.1        26.1 123.0   5.1 556.2  0.25  0.20
       8 22  92.9  55.1  72.8  69.1  60.0        13.4  69.2   2.9 627.3  0.26  0.21
       8 23  94.2  53.1  72.9  65.4  59.1        12.7  73.1   3.0 612.1  0.26  0.22
       8 24  84.7  57.2  71.5  60.8  55.4        19.8 123.7   5.2 554.7  0.25  0.21
       8 25  91.1  57.5  73.9  62.7  58.6        24.7 207.8   8.7 594.2  0.33  0.26
       8 26  90.8  59.2  75.1  65.7  61.4        14.3  73.5   3.1 585.7  0.23  0.20
       8 27  88.3  56.6  74.6  51.1  53.2  0.02  26.2 154.7   6.4 492.1  0.27  0.22
       8 28  89.8  49.0  68.1  63.8  51.4        12.1  99.8   4.2 606.7  0.28  0.23
       8 29  94.4  48.4  71.0  54.3  48.8        14.4 104.7   4.4 585.4  0.29  0.24
       8 30  97.9  54.4  75.2  52.5  52.9        16.5  87.5   3.6 565.7  0.27  0.22
       8 31  81.8  58.1  70.8  63.2  56.9        20.2 147.2   6.1 456.4  0.22  0.18
       9  1  85.5  58.3  71.2  63.9  56.4        10.7  61.5   2.6 480.2  0.19  0.16
       9  2  90.3  51.3  68.4  65.5  53.6        18.9 114.8   4.8 578.5  0.28  0.23
       9  3  98.6  50.5  73.4  49.9  48.2        12.1  87.6   3.6 580.6  0.27  0.23
       9  4  96.6  51.9  75.6  43.0  47.0        22.7 163.0   6.8 573.3  0.33  0.28
       9  5  98.0  61.1  79.6  34.8  47.6        23.9 146.6   6.1 572.0  0.32  0.27
       9  6  95.2  49.1  72.8  53.2  51.3        16.6 103.7   4.3 567.4  0.28  0.24
       9  7  80.6  61.1  68.8  80.6  62.0        20.0 138.5   5.8 342.4  0.18  0.15
       9  8  92.4  61.5  74.2  63.2  58.1        29.4 250.8  10.4 482.6  0.35  0.28
       9  9  91.5  59.8  75.3  51.6  53.8        23.9 182.9   7.6 537.3  0.30  0.26
       9 10  96.1  52.4  74.2  50.8  52.5        18.9  95.7   4.0 538.3  0.25  0.22
       9 11  92.0  54.1  74.2  51.7  53.0        18.2 119.7   5.0 500.6  0.25  0.22
       9 12  89.7  51.0  69.0  66.4  56.0  0.24  40.6 110.0   4.6 492.2  0.24  0.20
       9 13  80.4  56.0  66.5  74.9  57.3  0.02  26.7 133.4   5.6 469.4  0.21  0.17
       9 14  72.4  49.8  61.4  84.5  56.6  0.02  18.0 100.0   4.2 334.5  0.13  0.11
       9 15  78.7  46.5  62.4  74.7  52.4  0.01  16.4  89.5   3.7 521.3  0.19  0.16
       9 16  82.4  49.5  66.7  64.6  52.5        18.2 124.4   5.2 519.1  0.20  0.17
       9 17  91.3  48.1  67.7  63.0  52.4        11.9  75.0   3.1 524.2  0.20  0.18
       9 18  89.8  47.7  67.5  60.2  51.0        14.7  89.7   3.7 513.9  0.21  0.18
       9 19  78.4  53.3  66.1  51.7  46.2  0.02  21.5 143.9   6.0 502.1  0.22  0.19
       9 20  75.2  52.2  62.8  66.4  50.4  0.39  28.5 197.9   8.2 390.7  0.21  0.16
       9 21  52.6  45.3  47.2  96.7  46.3  0.29  22.7 162.4   6.8  70.8  0.07  0.05
       9 22  58.4  45.3  50.4  93.0  48.4        17.8 129.2   5.4 211.3  0.08  0.06
       9 23  71.7  47.4  58.6  82.8  52.9  0.01  15.2  95.3   4.0 341.5  0.10  0.09
       9 24  81.7  47.2  64.0  75.6  54.4  0.01  14.4  88.4   3.7 478.5  0.14  0.12
       9 25  89.0  49.5  68.9  63.8  52.2        23.3 114.7   4.8 457.6  0.18  0.16
       9 26  80.2  45.2  64.6  50.0  43.9        22.7  96.0   4.0 482.2  0.18  0.16
       9 27  80.1  42.2  60.8  71.4  50.3        14.3  71.2   3.0 470.0  0.16  0.14
       9 28  86.3  46.5  64.7  67.2  51.3        11.7  76.0   3.2 468.1  0.18  0.16
       9 29  82.5  45.5  61.7  70.7  50.7        16.5  63.0   2.6 371.1  0.14  0.12
       9 30  64.8  49.2  56.8  71.6  47.3        26.1 194.7   8.1 382.4  0.16  0.12
      10  1  53.0  40.6  45.6  77.7  38.4  0.03  21.6 215.0   9.0 108.4  0.10  0.08
      10  2  50.4  40.1  44.0  95.6  42.6  0.53  14.0 119.2   5.0 152.0  0.06  0.05
      10  3  51.6  44.3  47.1  98.6  46.7  0.05  20.2 182.2   7.6  90.3  0.03  0.02
      10  4  49.2  43.2  45.6  89.3  42.4  0.19  30.0 243.8  10.2 114.7  0.05  0.04
      10  5  50.5  35.3  44.2  67.0  33.7        38.0 307.0  12.8 174.0  0.11  0.07
      10  6  61.7  31.1  46.3  66.0  34.1        30.6 183.7   7.7 285.8  0.13  0.10
      10  7  71.3  31.6  51.1  65.7  37.3        16.6 123.5   5.1 429.7  0.14  0.12
      10  8  77.1  36.8  55.4  66.2  43.0        13.2  70.9   3.0 404.2  0.11  0.10
      10  9  76.3  35.9  55.6  62.8  39.4        12.4  81.9   3.4 422.2  0.13  0.12
      10 10  78.3  33.2  56.9  62.9  41.7        23.7 156.5   6.5 404.2  0.17  0.15
      10 11  65.4  42.8  54.7  38.3  28.7        37.5 265.3  11.1 414.9  0.23  0.18
      10 12  69.8  31.2  48.7  64.2  35.2        10.1  60.0   2.5 264.0  0.10  0.09
      10 13  77.4  31.6  53.7  69.5  42.2        23.5 138.4   5.8 351.1  0.15  0.14
      10 14  73.8  44.9  58.4  60.9  42.4        18.6 137.1   5.7 358.0  0.14  0.12
      10 15  63.7  50.1  54.3  79.9  48.1        17.9 154.5   6.4 253.3  0.10  0.08
      10 16  52.4  41.3  49.1  95.7  47.9  0.22  26.4 190.4   7.9  63.7  0.02  0.01
      10 17  48.0  31.9  40.2  86.5  36.4  0.02  30.7 234.8   9.8 157.0  0.07  0.05
      10 18  64.4  25.8  43.7  70.8  32.4  0.01  16.2  96.5   4.0 384.1  0.11  0.10
      10 19  62.6  29.0  45.1  74.2  36.2        13.4  93.5   3.9 369.9  0.09  0.08
      10 20  57.0  29.2  44.2  74.7  35.6        18.1 113.0   4.7 253.6  0.07  0.06
      10 21  63.9  25.5  43.5  67.8  31.2        15.9 109.5   4.6 368.6  0.11  0.10
      10 22  72.2  38.0  52.0  58.3  36.7        19.1 106.4   4.4 355.6  0.11  0.10
      10 23  73.6  35.6  53.6  71.3  42.8  0.05  27.1 119.2   5.0 340.6  0.11  0.10
      10 24  68.6  37.2  51.3  73.4  41.0  0.01  15.9 110.1   4.6 344.8  0.10  0.09
      10 25  66.1  34.9  49.1  79.8  42.6        12.5  63.7   2.7 225.4  0.07  0.06
      10 26  64.7  39.2  50.4  91.0  47.7        10.4  67.0   2.8 213.5  0.06  0.05
      10 27  60.2  38.4  49.9  97.5  49.3  0.09  20.7 122.5   5.1 108.3  0.03  0.02
      10 28  58.8  48.6  53.1  81.5  47.5  0.11  30.7 238.1   9.9 144.1  0.06  0.05
      10 29  59.6  37.0  49.4  72.2  40.3        20.6 143.4   6.0 309.4  0.09  0.07
      10 30  45.0  38.0  41.1  89.8  38.2  0.18  19.2 173.5   7.2  40.3  0.04  0.03
      10 31  38.5  34.3  36.8 100.0  36.6  0.16  13.7 106.9   4.5  56.2  0.03  0.02
      11  1  44.9  36.8  40.8  94.5  39.3  0.01   9.8  93.2   3.9  70.3            
      11  2  39.5  31.9  33.6 102.1  33.5  0.36  12.8 125.0   5.2  54.2            
      11  3  35.8  31.4  33.4  96.7  32.3  0.07  10.2  94.2   3.9  72.5            
      11  4  42.5  30.0  34.5  93.5  32.7        11.6  72.2   3.0 182.8            
      11  5  49.1  30.2  38.2  92.0  35.8        23.6 163.0   6.8 123.3            
      11  6  41.9  33.6  37.1  99.2  36.9  0.03  25.6 218.8   9.1  80.0            
      11  7  42.8  27.2  35.1  95.2  33.7        18.3 130.0   5.4 134.1            
      11  8  41.2  26.0  33.9  93.7  32.3        24.6 161.3   6.7 184.0            
      11  9  34.1  23.9  30.3  89.5  27.9  0.02  29.7 312.1  13.0  48.3            
      11 10  42.2  17.0  29.4  60.9  16.3        36.5 258.4  10.8 258.9            
      11 11  48.8  15.5  31.2  69.6  21.2        10.5  57.8   2.4 229.8            
      11 12  54.4  21.2  35.2  72.3  25.2        21.3 104.5   4.4 282.1            
      11 13  64.2  22.3  41.8  64.6  28.2        17.6 140.3   5.8 275.4            
      11 14  64.4  29.1  46.0  62.7  32.0        21.4 152.4   6.3 255.0            
      11 15  73.7  29.9  50.7  55.7  31.6        28.2 175.1   7.3 207.7            
      11 16  63.8  28.5  49.3  45.5  27.7        29.3 168.6   7.0 267.1            
      11 17  50.9  26.6  35.7  83.0  30.6        10.7  66.6   2.8 149.1            
      11 18  59.6  29.1  45.3  52.7  27.1        28.6 219.5   9.1 239.8            
      11 19  47.9  24.6  35.3  84.1  30.8  0.01  19.4 122.6   5.1 154.3            
      11 20  50.7  18.8  31.4  74.7  22.6        14.3 129.0   5.4 238.2            
      11 21  56.9  22.7  37.1  67.5  26.1        13.5 104.6   4.4 172.0            
      11 22  77.3  31.9  49.4  52.5  29.7        36.3 172.5   7.2 237.7            
      11 23  58.4  25.7  41.9  58.2  26.7        23.1 160.2   6.7 235.7            
      11 24  73.0  24.1  44.9  54.3  24.1        37.0 193.5   8.1 216.3            
      11 25  61.2  23.3  41.6  49.4  22.9        16.8 110.7   4.6 202.2            
      11 26  70.3  28.0  44.7  58.6  28.7        14.2 131.3   5.5 243.4            
      11 27  74.8  26.5  43.6  63.3  28.8        10.4  85.0   3.5 238.3            
      11 28  66.0  28.1  42.3  71.2  32.2        13.5  83.0   3.5 143.5            
      11 29  63.5  29.6  41.7  74.5  32.8        13.4 103.9   4.3 149.8            
      11 30  67.1  26.0  42.4  65.6  29.0        21.0 137.3   5.7 236.5            
      12  1  68.4  25.6  40.7  64.2  27.0        15.4  96.8   4.0 189.6            
      12  2  70.0  26.0  40.7  64.9  27.0        14.8 106.4   4.4 218.3            
      12  3  64.9  23.3  39.0  66.5  26.6        13.3 109.5   4.6 229.8            
      12  4  61.1  23.3  37.8  76.8  30.6        11.3  71.5   3.0 178.7            
      12  5  45.0  21.4  32.8  70.2  21.8  0.08  19.7 152.5   6.4 218.3            
      12  6  36.9  13.1  23.2  88.6  20.2        14.6  82.1   3.4 193.4            
      12  7  37.9  10.9  21.4  69.6  11.2        14.8  80.4   3.4 229.3            
      12  8  50.0   9.5  25.0  66.7  13.5        13.7 118.7   4.9 216.5            
      12  9  32.6  16.1  25.6  88.6  23.1  0.04  26.4 188.1   7.8  58.2            
      12 10  34.9   8.9  20.4  88.6  17.8        18.8 116.1   4.8 174.0            
      12 11  50.3  11.4  26.0  75.8  18.8        14.1 137.6   5.7 221.1            
      12 12  55.9  17.9  33.0  69.1  22.6        31.6 173.7   7.2 199.2            
      12 13  56.6  18.8  32.6  67.2  21.1        12.4 128.2   5.3 220.0            
      12 14  60.1  18.5  32.5  65.0  20.0        13.4 118.8   5.0 222.6            
      12 15  48.2  14.2  29.5  75.3  22.3        10.5  68.0   2.8 218.2            
      12 16  46.9  19.8  31.5  69.6  21.5        22.0 148.8   6.2 192.1            
      12 17  66.6  16.4  34.0  64.7  21.4        20.0 163.0   6.8 217.8            
      12 18  41.1   9.6  26.1  78.2  20.8  0.07  29.4 208.9   8.7 148.8            
      12 19   9.8   2.6   5.0  85.9   1.8  0.06  17.1 188.4   7.8 118.5            
      12 20   2.9  -2.3   0.4  85.1  -3.0  0.16  14.9 174.3   7.3 157.1            
      12 21   1.8 -21.7  -6.4  81.4  -9.2  0.03  12.4 120.4   5.0 208.7            
      12 22  15.5 -25.2  -9.3  74.0 -13.3        13.2  98.8   4.1 205.1            
      12 23  11.1 -19.0  -6.9  75.6 -11.6        12.1 108.5   4.5 229.0            
      12 24  22.3 -20.4  -0.9  75.7  -4.5        19.3 159.7   6.7 165.6            
      12 25  41.4  -1.9  19.1  74.8  14.0        32.4 186.8   7.8 163.8            
      12 26  46.9  14.4  32.1  69.7  23.1        28.2 151.4   6.3 183.4            
      12 27  42.1  20.4  31.1  73.0  23.2        16.4 119.4   5.0 188.5            
      12 28  51.3  20.9  36.4  70.5  27.4        34.4 205.1   8.5 117.2            
      12 29  33.0  26.9  30.2  97.8  29.6        13.2  93.8   3.9  66.8            
      12 30  46.1  25.7  35.2  84.1  30.8        31.7 193.9   8.1 113.7            
      12 31  45.2  23.0  33.5  82.0  28.4        18.6 115.1   4.8 169.7            

      Total                               17.87                         47.80 38.53
        Max 105.1  66.5  81.7 102.1  67.0        40.6 455.0  19.0 761.0
        Min   1.8 -25.2  -9.3  34.8 -13.3         8.7  57.8   2.4  40.3
        Ave  64.8  35.4  49.5  68.6  37.5        21.6 148.1   6.2 377.2
