                                                                    17-JAN-02
      Cellular-linked Weather Station near CROOK, Colorado               2001
      -----------------------------------------------------------------------------
               Temperature      Rel   Dew             Wind        Solar StandrdASCE
            ----------------- Humid Point  Prec -----------------   Rad   ETr   ETo
       Date   Max   Min   Ave   Ave   Ave Total   Max Total   Ave Total Alflf Grass
      MoDay     F     F     F     %     F  inch   mph miles   mph Langl  inch  inch
      ----- ----- ----- ----- ----- ----- ----- ----- ----- ----- ----- ----- -----
       1  1  25.2   0.5  13.9  94.1  14.1  0.02  10.4  71.9   3.0  80.6            
       1  2  44.0  17.2  28.8  80.1  22.7  0.02  20.4 188.5   7.9 220.1            
       1  3  55.0  19.6  38.2  55.4  21.9  0.01  31.6 271.6  11.3 209.7            
       1  4  63.6  19.0  38.6  54.7  19.5        29.4 237.6   9.9 203.5            
       1  5  58.1  15.1  32.4  66.1  19.9        17.3 145.3   6.1 219.2            
       1  6  54.3  16.8  32.7  66.2  20.2        24.0 157.6   6.6 186.5            
       1  7  44.5  13.2  30.2  59.8  16.7        28.9 213.0   8.9 226.4            
       1  8  51.6   7.7  24.0  63.1   9.2        13.0  99.8   4.2 233.5            
       1  9  60.3   4.1  29.9  51.6   8.7        27.7 140.8   5.9 233.6            
       1 10  59.4  13.8  34.4  57.9  19.2        24.6 175.5   7.3 224.6            
       1 11  54.3  14.5  36.8  44.1  15.0  0.01  30.5 200.1   8.3 238.1            
       1 12  57.2  10.0  34.8  50.8  16.3        24.5 114.5   4.8 222.2            
       1 13  31.0  15.0  27.1  81.7  22.2  0.01  46.6 354.4  14.8  36.0            
       1 14  42.0  16.1  27.5  63.3  15.2        28.2 205.1   8.5 198.9            
       1 15  39.6  12.3  24.3  64.5  12.7        20.2 148.1   6.2 233.6            
       1 16  30.9   7.4  20.2  77.2  13.8        12.9  80.1   3.3 150.4            
       1 17  36.0   5.5  17.6  75.2  10.4        20.2 170.5   7.1 240.2            
       1 18  38.1  13.4  27.8  74.2  20.4        26.7 218.6   9.1 120.9            
       1 19  37.4   9.0  21.4  77.1  15.0        13.2  99.2   4.1 215.5            
       1 20  42.4   9.7  28.2  77.6  22.6        30.5 227.9   9.5 115.3            
       1 21  49.7  14.5  27.8  58.8  12.0        23.2 139.5   5.8 259.5            
       1 22  51.2  13.7  30.3  65.0  17.9        24.2 174.7   7.3 166.4            
       1 23  43.5  12.0  26.9  71.8  17.9        10.8  59.0   2.5 197.1            
       1 24  45.3   9.2  26.3  70.6  17.0        19.0 127.2   5.3 261.5            
       1 25  48.5  23.3  35.2  64.8  23.6        30.1 213.1   8.9 183.9            
       1 26  38.1   8.4  27.7  58.0  14.7        29.1 238.9  10.0 260.2            
       1 27  42.2  12.9  27.7  78.4  21.5  0.03  21.5 145.7   6.1 165.1            
       1 28  27.7  24.0  25.4  98.7  25.1  0.23  12.6  96.2   4.0  62.9            
       1 29  33.2  23.8  28.4  96.4  27.6  0.09  35.3 251.9  10.5 124.2            
       1 30  32.7  16.4  29.4  71.5  21.5  0.03  36.0 392.6  16.4 150.8            
       1 31  34.8   9.6  22.8  67.4  13.8        25.2 207.3   8.6 278.2            
       2  1  32.8  10.4  22.9  76.1  16.5        24.7 166.3   6.9 289.2            
       2  2  49.1  15.0  30.6  73.5  23.1        25.5 194.9   8.1 263.0            
       2  3  44.8  26.7  35.1  64.4  23.7        21.1 189.3   7.9 200.2            
       2  4  50.0  23.1  33.5  58.9  19.2        23.4 197.4   8.2 297.9            
       2  5  61.4  24.7  37.5  75.7  28.5        34.8 225.9   9.4 224.1            
       2  6  44.1  22.6  34.1  84.8  29.7        23.6 184.3   7.7 251.7            
       2  7  33.4  15.1  24.6  94.4  24.3        29.1 293.2  12.2  37.2            
       2  8  15.2   6.1  11.7  82.8   7.7  0.01  30.8 321.8  13.4 117.6            
       2  9  21.9  -4.2  10.1  68.1   1.7        25.4 184.3   7.7 322.6            
       2 10  40.7   1.6  19.4  74.4  12.7        17.2 139.4   5.8 285.0            
       2 11  44.3  13.4  26.8  84.3  22.1        16.7 127.5   5.3 222.6            
       2 12  49.2   9.4  29.5  70.8  19.3        21.3 142.7   5.9 323.8            
       2 13  48.8  11.7  26.7  84.2  22.9        27.3 223.7   9.3 298.7            
       2 14  16.1   9.0  12.4  86.6   9.3  0.02  18.0 144.4   6.0 200.3            
       2 15  44.5   5.4  23.0  73.4  14.8  0.01  21.5 188.0   7.8 348.9            
       2 16  26.7  16.0  21.2  85.3  17.5  0.01  17.8 207.8   8.7 119.5            
       2 17  42.1  17.2  26.9  81.6  21.5  0.01  21.2 179.4   7.5 278.3            
       2 18  61.2  15.8  36.1  65.6  23.3        27.4 172.1   7.2 269.7            
       2 19  56.8  27.2  41.4  67.0  29.8        20.1 115.5   4.8 231.2            
       2 20  29.0  23.2  26.3  99.4  26.2        18.8 166.0   6.9  54.7            
       2 21  47.2  21.9  30.1  87.3  26.5        20.0 199.3   8.3 196.3            
       2 22  56.4  23.5  39.0  63.3  24.1        22.8 177.7   7.4 323.4            
       2 23  33.6  27.7  31.0 100.0  30.8        20.0 214.6   8.9  59.2            
       2 24  30.8  14.7  27.3  98.0  27.0  0.22  10.4  83.6   3.5 206.7            
       2 25  46.3   8.5  27.0  87.3  25.1        11.1  76.5   3.2 377.7            
       2 26  30.7  17.0  22.5  90.8  20.2  0.02  30.8 200.3   8.3 108.6            
       2 27  17.1  10.4  13.7  88.3  10.8  0.04  17.6 176.2   7.3 344.1            
       2 28  34.0   5.8  21.3  80.9  17.3        16.2 137.3   5.7 371.9            
       3  1  49.5  21.9  35.7  70.1  25.5  0.03  33.9 224.0   9.3 380.7  0.12  0.08
       3  2  51.9  20.1  35.6  68.5  25.0        22.9 123.6   5.2 415.6  0.11  0.08
       3  3  50.4  21.2  35.4  72.2  25.4        17.8 130.9   5.5 415.6  0.10  0.08
       3  4  50.3  19.4  33.3  70.4  22.8        14.8  96.5   4.0 431.6  0.10  0.07
       3  5  63.6  17.9  39.8  68.7  27.9        14.5  89.3   3.7 411.4  0.13  0.10
       3  6  59.9  25.5  42.3  74.7  32.7        19.7 115.8   4.8 374.2  0.12  0.09
       3  7  59.2  20.9  39.7  74.1  30.8        13.9  86.8   3.6 370.4  0.10  0.08
       3  8  59.9  23.1  41.9  69.3  30.5        16.3  55.5   2.3 441.9  0.10  0.08
       3  9  68.9  23.6  45.3  62.2  29.3        18.0 118.1   4.9 436.3  0.18  0.13
       3 10  39.5  26.5  32.0  94.5  30.5  0.07  28.3 240.4  10.0  66.2  0.03  0.03
       3 11  27.7  19.4  24.7  97.7  24.2  0.14  17.6 152.0   6.3 270.3  0.02  0.02
       3 12  50.8  22.9  37.3  71.5  28.0  0.08  35.5 310.7  12.9 417.4  0.13  0.09
       3 13  59.2  30.0  44.6  53.8  27.0        32.9 262.9  11.0 379.1  0.20  0.13
       3 14  57.8  24.9  41.0  59.3  25.6        37.0 314.4  13.1 284.6  0.20  0.13
       3 15  34.9  18.7  28.4  84.9  24.3  0.11  38.9 319.2  13.3 285.7  0.04  0.03
       3 16  46.1  13.9  30.9  70.7  21.3        22.6 143.4   6.0 459.1  0.10  0.07
       3 17  42.2  26.1  34.4  71.0  25.7        28.1 233.0   9.7 214.4  0.08  0.06
       3 18  53.6  22.7  37.4  71.9  28.0        34.0 171.6   7.2 415.0  0.13  0.09
       3 19  63.3  19.0  40.2  63.5  25.6        21.0 145.9   6.1 455.2  0.18  0.13
       3 20  67.2  31.8  48.8  59.6  33.9        16.4 139.2   5.8 460.2  0.19  0.13
       3 21  64.3  34.9  47.7  83.5  42.4  0.22  35.7 107.7   4.5 310.3  0.11  0.09
       3 22  62.0  36.7  48.7  83.1  43.1  0.03  18.0 143.9   6.0 454.0  0.12  0.10
       3 23  46.3  27.7  36.0  95.6  35.3  0.03  23.6 218.9   9.1 119.6  0.04  0.03
       3 24  31.8  27.9  30.0  88.7  27.0        11.8 115.1   4.8  75.8  0.03  0.02
       3 25  33.7  28.5  31.2  90.7  28.8  0.03  16.9 186.0   7.8 100.8  0.03  0.02
       3 26  46.3  30.2  35.7  81.4  30.3  0.02  23.2 264.3  11.0 309.7  0.10  0.07
       3 27  59.0  31.3  42.4  65.3  29.9  0.01  28.8 225.6   9.4 421.1  0.19  0.13
       3 28  55.4  19.8  37.7  65.4  25.3        26.6 156.2   6.5 351.2  0.14  0.10
       3 29  55.2  24.2  41.6  59.3  26.2        16.4 113.1   4.7 367.9  0.12  0.09
       3 30  62.4  25.4  41.5  72.2  31.4  0.04  36.8 276.3  11.5 391.3  0.20  0.14
       3 31  51.3  29.5  39.1  55.5  22.8        26.5 197.9   8.2 515.6  0.17  0.12
       4  1  67.7  21.7  47.0  53.2  28.5  0.02  37.4 199.8   8.3 401.4  0.23  0.15
       4  2  65.3  28.6  48.4  66.0  37.3  0.34  37.6 307.5  12.8 296.0  0.19  0.13
       4  3  50.4  36.8  44.3  97.7  43.8  0.02  25.3 184.8   7.7 114.9  0.03  0.03
       4  4  50.4  39.5  44.7  95.1  43.4        17.5 131.8   5.5 133.5  0.04  0.04
       4  5  59.8  44.3  50.8  87.2  47.0        18.7 121.6   5.1 219.6  0.08  0.07
       4  6  75.2  45.2  53.4  79.4  45.3  0.03  39.2 317.2  13.2 311.5  0.29  0.19
       4  7  67.4  42.4  55.5  44.9  32.6  0.02  41.1 366.8  15.3 515.8  0.32  0.22
       4  8  59.6  38.6  47.0  75.4  38.7        25.5 198.4   8.3 357.8  0.15  0.11
       4  9  61.8  32.5  48.5  47.6  28.3        27.6 221.0   9.2 521.7  0.22  0.16
       4 10  51.9  38.4  44.0  76.3  36.6  0.04  29.7 338.9  14.1 174.4  0.12  0.08
       4 11  40.8  32.4  36.0  94.4  34.6  0.67  55.8 500.4  20.9  39.3  0.03  0.02
       4 12  50.1  25.7  39.7  71.9  30.7        18.0 163.5   6.8 576.7  0.12  0.10
       4 13  56.2  30.5  44.3  60.8  29.6  0.01  42.2 245.2  10.2 596.7  0.19  0.14
       4 14  63.6  28.5  47.5  58.0  31.6        30.3 155.6   6.5 467.1  0.18  0.14
       4 15  58.6  33.3  46.4  48.2  26.8        30.2 168.7   7.0 597.4  0.20  0.15
       4 16  45.0  27.8  37.1  64.6  25.8        25.1 186.8   7.8 399.0  0.11  0.09
       4 17  58.6  22.7  41.6  53.6  25.1        27.4 198.8   8.3 605.7  0.20  0.15
       4 18  83.2  25.7  57.8  48.5  33.0        20.5 170.4   7.1 581.1  0.34  0.24
       4 19  81.5  41.6  62.3  38.0  31.4        38.1 227.1   9.5 562.0  0.40  0.27
       4 20  63.7  35.8  49.5  71.7  40.7        23.7 159.2   6.6 348.6  0.15  0.11
       4 21  59.0  30.1  45.2  77.3  37.6  0.02  37.0 278.5  11.6 497.1  0.15  0.12
       4 22  42.0  27.0  33.4  98.5  33.3  0.44  45.8 510.4  21.3  79.7  0.03  0.02
       4 23  55.4  27.2  42.3  67.4  31.2  0.09  28.1 251.0  10.5 654.0  0.17  0.13
       4 24  64.9  31.6  49.4  66.5  36.3        17.3 143.8   6.0 641.0  0.20  0.16
       4 25  75.7  32.8  54.2  63.5  38.5        25.4 143.6   6.0 634.8  0.26  0.20
       4 26  77.9  38.0  58.4  55.4  37.5        14.6 112.1   4.7 662.0  0.27  0.21
       4 27  80.5  37.8  62.3  53.2  42.0        25.0 161.0   6.7 611.5  0.29  0.22
       4 28  83.5  39.6  65.3  50.5  42.1        35.9 247.4  10.3 623.8  0.37  0.26
       4 29  84.2  42.7  65.8  48.3  43.3        27.4 182.1   7.6 551.2  0.33  0.24
       4 30  74.5  39.4  61.0  48.4  37.8        35.9 221.1   9.2 589.8  0.30  0.22
       5  1  79.5  40.1  61.0  54.3  42.2        23.2 205.4   8.6 549.7  0.31  0.22
       5  2  58.7  38.2  43.0  83.1  38.0  0.02  33.0 357.5  14.9  84.1  0.16  0.10
       5  3  46.0  35.2  41.2  94.6  40.0  0.20  19.0 219.3   9.1  69.7  0.03  0.02
       5  4  46.9  43.2  44.3  98.6  43.9  0.20  20.0 224.3   9.3  96.0  0.03  0.03
       5  5  55.5  43.8  47.3  94.7  45.8  0.80  36.7 376.0  15.7 204.3  0.09  0.06
       5  6  59.6  42.4  50.0  76.0  42.1  0.02  36.7 235.1   9.8 572.4  0.17  0.14
       5  7  66.1  41.2  53.3  62.7  39.2        17.3 103.3   4.3 630.0  0.20  0.16
       5  8  76.6  35.5  58.0  58.5  39.5        16.6 122.8   5.1 691.2  0.26  0.21
       5  9  77.0  43.3  60.1  64.1  45.6        16.4 150.8   6.3 532.4  0.25  0.19
       5 10  72.1  46.4  59.0  67.8  47.1        19.6 174.8   7.3 551.4  0.23  0.18
       5 11  72.2  43.8  59.0  71.2  48.7        18.0 124.4   5.2 548.0  0.19  0.16
       5 12  87.1  46.8  67.3  59.5  50.2        21.9 157.8   6.6 686.9  0.34  0.26
       5 13  90.1  46.6  68.8  58.5  49.7        17.0 119.8   5.0 649.2  0.32  0.25
       5 14  86.1  47.8  67.8  60.1  51.0        19.1 106.2   4.4 585.1  0.27  0.21
       5 15  87.5  50.4  69.2  59.3  51.4        25.7 176.5   7.4 591.0  0.34  0.25
       5 16  79.2  50.5  64.1  67.1  51.0        22.5 131.5   5.5 514.1  0.24  0.19
       5 17  57.4  47.5  52.3  82.1  46.8  0.05  23.8 127.0   5.3 107.2  0.07  0.06
       5 18  79.0  40.6  61.6  68.6  49.1  0.03  19.1  94.3   3.9 652.6  0.23  0.19
       5 19  66.7  47.0  57.6  83.4  52.4  0.01  21.2 120.4   5.0 221.4  0.10  0.08
       5 20  66.8  36.1  49.9  77.9  42.1  0.15  41.9 295.8  12.3 488.9  0.21  0.15
       5 21  58.5  33.5  45.2  59.5  30.2  0.02  34.5 281.7  11.7 469.7  0.21  0.15
       5 22  69.2  39.7  54.5  54.8  36.3        37.6 280.3  11.7 543.3  0.29  0.21
       5 23  74.0  37.3  56.7  50.4  35.4  0.01  39.0 295.9  12.3 646.2  0.35  0.25
       5 24  67.7  31.3  50.1  56.8  32.6        28.4 225.7   9.4 723.0  0.28  0.21
       5 25  66.9  29.2  49.5  70.3  38.9        14.8  82.3   3.4 660.6  0.18  0.16
       5 26  77.3  36.3  57.9  66.7  44.2        23.3 126.5   5.3 460.5  0.22  0.17
       5 27  68.8  47.9  58.2  81.4  52.2        19.1 115.6   4.8 298.9  0.12  0.10
       5 28  78.1  40.8  63.0  70.1  51.6  0.15  32.7 172.2   7.2 486.2  0.22  0.17
       5 29  70.8  53.2  60.3  92.0  58.0  0.32  23.3 143.6   6.0 275.1  0.11  0.09
       5 30  69.2  46.1  59.2  82.7  53.5  0.03  25.5 216.0   9.0 399.2  0.14  0.12
       5 31  75.4  40.5  58.6  76.8  49.8        19.6 107.9   4.5 560.9  0.20  0.17
       6  1  78.8  43.7  63.9  63.6  48.4        23.2 151.4   6.3 699.9  0.27  0.22
       6  2  78.6  40.6  60.5  67.1  48.9  0.01  25.7 200.1   8.3 671.4  0.28  0.22
       6  3  61.0  51.9  54.1  95.2  52.8  0.05  29.7 223.4   9.3  72.6  0.07  0.05
       6  4  54.1  48.5  51.4  97.7  50.8  0.22  23.3 170.5   7.1 124.4  0.04  0.04
       6  5  73.6  40.1  58.6  74.4  48.9  0.03  19.4  96.2   4.0 630.4  0.20  0.17
       6  6  80.5  55.6  68.3  70.1  57.2  0.15  31.5 186.2   7.8 667.2  0.28  0.22
       6  7  75.9  61.0  66.8  87.0  62.7  0.10  30.8 236.4   9.8 344.5  0.16  0.13
       6  8  82.2  51.8  68.3  75.8  59.2        19.4 141.8   5.9 659.4  0.25  0.21
       6  9  90.2  61.0  73.7  66.3  60.6  0.02  39.3 135.2   5.6 597.0  0.31  0.24
       6 10  92.1  51.2  72.4  61.0  56.6        21.2 111.1   4.6 723.0  0.32  0.26
       6 11  83.1  54.5  71.5  66.9  58.9        21.0 162.9   6.8 678.4  0.27  0.23
       6 12  88.5  61.8  72.6  67.6  59.9  0.02  45.9 174.4   7.3 506.1  0.31  0.23
       6 13  75.4  44.8  58.9  50.4  37.3  0.23  42.8 365.0  15.2 518.6  0.40  0.27
       6 14  69.8  41.0  55.9  59.9  39.5  0.03  34.1 252.5  10.5 653.1  0.28  0.21
       6 15  86.0  36.0  62.4  55.1  40.1        29.1 188.4   7.8 607.2  0.38  0.27
       6 16  85.3  40.8  65.9  55.7  45.7        17.9 119.8   5.0 726.0  0.31  0.25
       6 17  98.3  52.1  76.7  50.2  50.9        28.6 113.7   4.7 701.0  0.38  0.29
       6 18  95.4  49.7  71.2  49.3  47.6        30.9 258.6  10.8 659.5  0.53  0.37
       6 19  72.4  46.7  61.0  58.6  45.3        20.6 142.8   6.0 571.1  0.23  0.19
       6 20  71.3  46.5  61.4  61.5  47.2        24.5 175.6   7.3 502.5  0.22  0.17
       6 21  82.7  38.9  62.9  57.1  43.9        14.4  88.9   3.7 723.0  0.27  0.23
       6 22  91.7  49.1  73.2  47.3  49.2        27.0  94.7   3.9 715.0  0.32  0.26
       6 23  98.2  51.2  76.6  44.5  46.7        18.4 133.4   5.6 727.0  0.42  0.32
       6 24  99.3  49.7  79.2  40.8  48.5        22.6 122.7   5.1 708.0  0.39  0.30
       6 25  98.4  62.8  81.6  42.3  54.4        16.7 100.5   4.2 597.5  0.34  0.26
       6 26  95.2  59.4  80.5  44.2  53.7        30.7 182.5   7.6 601.4  0.40  0.30
       6 27  92.5  65.1  79.1  48.2  56.5        26.2 173.6   7.2 609.7  0.38  0.29
       6 28  97.0  55.1  78.3  51.3  54.7        14.2  94.6   3.9 689.4  0.33  0.27
       6 29  99.5  55.8  74.5  57.8  56.0  0.13  25.0 131.7   5.5 507.9  0.37  0.27
       6 30  91.7  58.2  77.6  55.5  59.0        24.0 176.3   7.3 635.7  0.35  0.27
       7  1  96.4  66.5  77.8  59.0  61.1  0.10  59.0 308.7  12.9 618.7  0.52  0.36
       7  2  93.2  56.5  74.8  58.5  58.0  0.11  43.0 159.9   6.7 468.1  0.32  0.24
       7  3  86.0  59.3  74.0  67.8  62.2        21.8 151.2   6.3 606.0  0.27  0.22
       7  4  91.3  56.9  75.6  69.8  63.6  0.04  26.3 136.4   5.7 631.0  0.29  0.24
       7  5  88.8  63.4  77.4  61.6  62.2  0.01  24.8 210.3   8.8 663.1  0.34  0.27
       7  6  98.2  61.3  79.5  62.9  63.8        14.5  94.8   4.0 613.6  0.31  0.25
       7  7  92.4  62.7  78.4  69.3  66.9  0.01  32.4 121.0   5.0 634.2  0.28  0.24
       7  8  91.1  64.2  77.5  64.7  63.4  0.03  35.8 128.7   5.4 639.8  0.31  0.25
       7  9  90.2  66.2  77.6  65.3  63.9        22.8 147.0   6.1 578.6  0.30  0.24
       7 10  83.3  63.3  73.5  77.8  65.7  0.36  34.3 183.1   7.6 541.1  0.23  0.19
       7 11  87.9  61.2  73.0  79.3  65.4  0.41  22.4  77.3   3.2 644.1  0.24  0.22
       7 12  88.9  65.0  75.9  76.3  67.0        17.2  79.7   3.3 623.2  0.25  0.22
       7 13  87.0  63.0  74.8  73.5  64.8        16.2  94.3   3.9 550.7  0.23  0.20
       7 14  83.8  61.7  71.0  81.6  64.2  2.55  38.9 122.7   5.1 484.1  0.21  0.18
       7 15  87.3  60.3  73.8  77.3  65.0  0.02  14.9 101.5   4.2 645.4  0.25  0.22
       7 16  93.5  59.8  76.5  60.1  58.9  0.01  20.9 126.6   5.3 719.0  0.35  0.28
       7 17  92.1  59.1  76.4  58.2  58.9        21.1  91.5   3.8 574.0  0.27  0.22
       7 18  97.6  54.5  75.0  62.7  58.8        14.2  88.3   3.7 668.4  0.32  0.26
       7 19  92.3  58.1  74.7  64.0  59.6  0.01  27.8 104.3   4.3 423.5  0.25  0.19
       7 20  97.8  60.8  78.9  59.7  61.1        17.1 117.8   4.9 687.0  0.35  0.28
       7 21  99.8  62.2  75.9  72.6  64.0  0.55  33.1 102.9   4.3 552.7  0.32  0.25
       7 22  94.3  62.5  77.2  67.3  62.5        20.1 128.8   5.4 655.6  0.33  0.26
       7 23  84.7  61.1  70.7  83.6  65.1  0.21  37.7 186.9   7.8 298.4  0.19  0.15
       7 24  84.0  61.2  72.5  79.1  65.0  0.03  15.6  97.4   4.1 566.1  0.21  0.19
       7 25  86.6  56.9  73.9  70.8  62.4        18.3 126.3   5.3 687.1  0.27  0.23
       7 26  79.7  61.7  70.7  86.9  66.4  0.08  37.2 152.9   6.4 232.0  0.12  0.10
       7 27  86.1  60.7  73.3  75.1  63.5        16.7  96.5   4.0 647.7  0.25  0.22
       7 28  91.0  58.2  76.4  66.2  61.8        21.3 142.2   5.9 667.7  0.31  0.25
       7 29 100.6  61.9  80.9  54.0  59.9        25.1 164.9   6.9 684.1  0.43  0.32
       7 30  97.7  64.7  82.7  55.3  61.9        25.8 204.2   8.5 675.3  0.42  0.32
       7 31  95.4  69.7  80.5  52.2  60.4        24.9 153.3   6.4 555.0  0.37  0.27
       8  1  87.2  61.5  73.9  74.8  64.5  0.46  45.4 156.8   6.5 526.6  0.25  0.20
       8  2  90.3  63.1  76.3  75.7  67.2  0.09  22.9 135.3   5.6 629.9  0.27  0.23
       8  3  93.3  67.2  80.7  58.9  63.8        19.3 129.9   5.4 633.7  0.32  0.26
       8  4  95.3  63.1  80.6  56.5  62.5        20.0 127.5   5.3 632.5  0.32  0.26
       8  5  98.1  62.5  80.0  61.7  63.9        13.1  61.5   2.6 468.4  0.23  0.19
       8  6  94.1  62.3  76.9  72.5  65.3        17.0 114.6   4.8 609.2  0.29  0.24
       8  7  93.8  60.0  77.0  61.8  59.7        21.0 132.1   5.5 632.2  0.33  0.26
       8  8  93.0  56.2  76.7  50.6  54.8  0.02  30.0 105.7   4.4 644.5  0.31  0.25
       8  9  74.4  53.1  67.3  61.1  52.7  0.02  33.4 260.8  10.9 601.1  0.25  0.20
       8 10  77.4  49.3  64.1  65.3  51.2        15.9 113.7   4.7 489.8  0.20  0.16
       8 11  87.7  50.4  71.6  60.5  54.4        19.4  94.5   3.9 630.2  0.26  0.21
       8 12  83.8  55.8  70.1  71.2  59.8        27.3 151.5   6.3 568.8  0.25  0.20
       8 13  85.6  59.1  71.5  65.7  59.4        35.2 158.4   6.6 487.9  0.26  0.20
       8 14  78.9  56.6  69.7  78.2  62.3        16.3  98.9   4.1 331.2  0.14  0.12
       8 15  81.3  56.0  68.7  65.1  54.4        25.1 174.1   7.3 560.8  0.27  0.21
       8 16  81.8  47.3  64.4  72.7  53.8        17.2  81.2   3.4 545.0  0.20  0.17
       8 17  85.5  48.2  65.7  65.0  50.4        16.5 102.1   4.3 574.7  0.26  0.20
       8 18  90.0  43.4  67.4  60.3  50.3        13.5  87.5   3.6 619.7  0.27  0.21
       8 19  90.4  54.9  71.2  61.5  55.7  0.01  25.4 102.9   4.3 490.9  0.26  0.20
       8 20  93.4  51.3  71.5  64.8  57.2  0.01  29.5  91.8   3.8 427.2  0.24  0.18
       8 21  87.0  54.5  69.4  65.5  55.0        20.2 130.3   5.4 467.3  0.26  0.20
       8 22  90.2  50.3  70.9  64.5  55.8        21.0 110.2   4.6 464.5  0.25  0.19
       8 23  78.8  58.0  66.9  83.8  61.2  0.10  15.5  78.9   3.3 329.9  0.14  0.12
       8 24  83.0  52.9  67.5  81.1  60.6        12.0  78.3   3.3 557.7  0.19  0.17
       8 25  86.6  58.0  71.1  68.6  58.4  0.01  17.3 109.4   4.6 439.7  0.22  0.18
       8 26  92.4  47.0  70.4  58.1  51.0        18.3 141.1   5.9 572.8  0.33  0.24
       8 27  94.1  47.0  71.8  54.1  50.4        19.6  99.2   4.1 573.0  0.29  0.22
       8 28  91.3  61.3  78.3  32.2  44.1  0.04  39.4 181.7   7.6 524.0  0.39  0.27
       8 29  92.2  49.9  73.6  49.8  51.3        20.9 143.7   6.0 548.8  0.32  0.23
       8 30  79.8  50.5  66.0  61.3  51.8        16.2 106.0   4.4 530.9  0.21  0.17
       8 31  81.2  61.5  70.6  67.1  58.6        21.5 177.2   7.4 360.8  0.22  0.16
       9  1  89.5  52.9  68.9  65.6  55.0  0.06  18.0 122.4   5.1 536.9  0.28  0.21
       9  2  93.7  51.8  70.4  61.0  53.7  0.01  12.3  88.3   3.7 513.1  0.26  0.20
       9  3  92.1  47.1  69.8  59.5  52.4  0.01  17.8  95.0   4.0 545.5  0.26  0.20
       9  4  89.9  49.2  73.1  50.3  49.7  0.01  23.0 149.1   6.2 550.9  0.31  0.23
       9  5  85.6  64.2  75.3  46.3  52.2  0.02  27.9 247.6  10.3 511.7  0.38  0.26
       9  6  89.5  56.6  69.7  69.0  56.8  0.33  33.4 115.4   4.8 490.6  0.26  0.20
       9  7  68.3  48.5  58.3  65.6  46.3  0.07  38.1 218.4   9.1 452.1  0.20  0.15
       9  8  58.7  39.3  49.6  79.7  43.1  0.25  25.2 180.5   7.5 269.3  0.10  0.08
       9  9  75.7  35.7  53.9  67.1  39.5  0.01  20.9 148.8   6.2 546.3  0.24  0.18
       9 10  87.7  36.9  61.7  58.4  41.2        13.7  91.4   3.8 547.5  0.26  0.19
       9 11  93.3  41.6  64.8  59.4  43.9        15.6 118.2   4.9 536.0  0.33  0.23
       9 12  84.8  41.2  63.7  68.0  51.4        19.1 154.6   6.4 524.8  0.26  0.19
       9 13  86.4  53.9  67.4  78.4  59.3        28.3 236.4   9.8 400.9  0.27  0.19
       9 14  75.6  56.1  63.2  88.2  59.4  0.02  24.7 163.7   6.8 294.6  0.14  0.11
       9 15  62.2  53.3  57.8  93.6  55.9  0.62  20.2 145.6   6.1 185.2  0.06  0.05
       9 16  73.3  56.0  62.4  85.6  57.8  0.02  16.4 133.1   5.5 257.3  0.12  0.10
       9 17  62.6  55.5  58.8  98.0  58.2  0.30  15.6 122.4   5.1 142.7  0.05  0.04
       9 18  67.4  49.3  58.8  87.4  54.7  0.08  25.4 124.5   5.2 398.9  0.11  0.10
       9 19  82.5  47.7  63.0  70.0  50.0        14.8 129.8   5.4 418.2  0.22  0.16
       9 20  75.1  50.3  62.2  66.8  49.8        22.4 135.5   5.6 470.8  0.19  0.15
       9 21  88.1  48.8  64.6  69.2  51.5        20.8 117.9   4.9 448.9  0.25  0.18
       9 22  79.6  48.3  63.0  60.0  45.9        25.8 190.2   7.9 441.2  0.27  0.19
       9 23  63.5  38.2  50.4  76.9  42.8        14.3 117.2   4.9 398.4  0.12  0.10
       9 24  72.8  39.3  55.7  69.9  44.8        17.8 140.0   5.8 443.5  0.18  0.13
       9 25  78.4  38.5  59.7  64.9  46.1        17.0 108.4   4.5 448.0  0.18  0.14
       9 26  86.6  42.7  63.4  65.6  49.0        20.6 105.6   4.4 433.2  0.22  0.16
       9 27  86.5  44.8  64.9  65.0  49.9        14.0 114.0   4.8 434.4  0.23  0.16
       9 28  79.2  42.8  63.6  65.0  49.6        27.8 179.3   7.5 421.6  0.21  0.15
       9 29  77.2  49.5  62.7  65.4  50.1        21.9 124.3   5.2 222.6  0.16  0.11
       9 30  75.7  43.9  59.8  78.5  52.5        17.2  97.8   4.1 400.7  0.14  0.11
      10  1  84.7  43.4  62.4  66.7  47.7        17.8 105.0   4.4 383.4  0.21  0.15
      10  2  83.7  43.9  63.0  53.1  41.2        26.0 192.2   8.0 422.6  0.31  0.21
      10  3  72.5  34.8  54.2  60.0  37.6        15.2 121.1   5.0 367.3  0.18  0.12
      10  4  50.1  32.8  45.1  84.0  40.3  0.11  23.3 236.9   9.9  70.3  0.04  0.03
      10  5  49.5  30.0  37.4  86.0  32.7  0.28  13.6  90.7   3.8 299.6  0.07  0.06
      10  6  71.3  27.7  47.6  68.1  34.7  0.01  13.7 108.8   4.5 428.8  0.17  0.12
      10  7  79.7  33.9  53.7  70.0  42.1        17.8 144.6   6.0 322.9  0.22  0.15
      10  8  82.1  40.3  59.7  64.1  44.6  0.03  34.0 153.0   6.4 353.1  0.24  0.16
      10  9  63.6  46.2  54.1  79.0  47.5  0.09  32.4 207.7   8.7 272.6  0.12  0.09
      10 10  56.4  29.9  45.0  68.3  33.9        23.9 201.4   8.4 373.7  0.12  0.09
      10 11  67.6  25.9  46.2  65.9  33.3        24.9 118.3   4.9 304.0  0.15  0.10
      10 12  52.6  25.2  43.0  62.5  30.3        37.3 293.9  12.2 220.7  0.12  0.08
      10 13  57.7  25.8  43.8  65.7  32.1        34.3 251.9  10.5 209.7  0.13  0.09
      10 14  60.3  36.6  46.9  68.5  36.3  0.16  22.1 120.3   5.0 275.1  0.11  0.08
      10 15  49.0  26.6  38.5  75.3  30.6  0.18  32.9 219.6   9.2 380.6  0.09  0.07
      10 16  69.0  21.7  41.6  70.8  30.2        14.7  92.4   3.9 374.5  0.15  0.10
      10 17  78.1  31.0  49.9  69.0  37.3        18.3 165.5   6.9 307.9  0.25  0.16
      10 18  53.5  30.9  42.9  70.3  33.5        21.2 122.3   5.1 335.6  0.09  0.07
      10 19  65.2  27.8  45.8  61.0  29.8        22.4 156.2   6.5 361.2  0.17  0.11
      10 20  61.8  31.0  47.6  62.8  34.6        16.9 111.3   4.6 252.6  0.11  0.08
      10 21  62.7  30.5  47.2  69.4  36.7        12.6  76.3   3.2 309.3  0.09  0.07
      10 22  73.8  38.4  55.7  54.2  36.9        24.3 167.1   7.0 274.7  0.21  0.13
      10 23  73.0  29.8  48.8  57.7  32.3  0.02  48.7 272.2  11.3 278.1  0.28  0.18
      10 24  52.9  29.6  42.8  40.9  19.0  0.01  35.2 355.1  14.8 352.3  0.20  0.13
      10 25  57.0  21.1  38.0  52.4  19.1        19.4 131.5   5.5 279.6  0.14  0.09
      10 26  58.7  17.1  38.3  52.9  19.2        18.5 149.3   6.2 340.9  0.15  0.10
      10 27  77.8  22.1  44.7  52.9  23.4        18.2 144.1   6.0 331.6  0.27  0.17
      10 28  80.2  32.3  53.6  47.8  32.7        16.7 177.0   7.4 247.7  0.28  0.17
      10 29  55.6  37.5  44.5  73.4  36.1        14.6 129.8   5.4 268.9  0.09  0.07
      10 30  73.7  31.8  50.6  66.8  38.0        14.2  99.2   4.1 212.7  0.14  0.09
      10 31  77.2  35.3  52.0  58.4  35.3        36.7 199.6   8.3 191.7  0.27  0.17
      11  1  66.0  31.7  48.0  53.4  28.7        30.1 195.0   8.1 260.9            
      11  2  67.0  33.1  50.3  54.0  31.9        21.6 135.7   5.7 295.0            
      11  3  66.3  28.2  43.8  66.1  30.8        14.0 101.3   4.2 290.1            
      11  4  73.0  25.5  46.9  70.8  37.0        18.0 142.8   6.0 294.6            
      11  5  78.0  28.1  47.1  64.9  31.7        16.7 131.8   5.5 294.7            
      11  6  71.5  32.9  49.6  57.1  32.3        11.3 103.6   4.3 279.8            
      11  7  71.8  29.4  45.0  69.5  33.6  0.18  30.8 259.1  10.8 224.3            
      11  8  50.4  24.1  35.3  74.5  26.9        14.8 137.5   5.7 292.7            
      11  9  64.8  23.4  36.6  75.1  27.2  0.01  18.7 202.3   8.4 298.8            
      11 10  64.5  18.1  37.1  64.0  22.3        15.4 121.3   5.1 296.6            
      11 11  62.1  18.1  35.5  72.8  25.6        14.5  97.1   4.0 276.4            
      11 12  71.2  26.5  43.6  69.7  32.0        15.5 116.2   4.8 274.4            
      11 13  62.2  27.2  40.3  86.6  36.4        11.5  83.5   3.5 233.2            
      11 14  69.1  27.9  43.0  74.5  32.4         9.7  93.5   3.9 262.5            
      11 15  67.8  25.0  44.7  72.1  35.0        17.2 139.1   5.8 265.4            
      11 16  66.6  26.8  45.7  86.1  41.7        26.1 148.8   6.2 229.7            
      11 17  66.2  30.0  48.6  77.7  40.9        19.6 149.8   6.2 248.2            
      11 18  47.1  23.4  34.2  84.9  30.1  0.03  35.2 275.7  11.5  85.2            
      11 19  48.0  12.8  27.8  85.3  24.0        18.6 152.8   6.4 241.3            
      11 20  64.7  21.7  34.8  75.7  25.9        15.6 162.7   6.8 267.6            
      11 21  60.7  18.3  33.8  69.8  22.2        18.0 143.5   6.0 252.6            
      11 22  58.2  20.6  34.9  68.2  23.9        21.9 116.4   4.8 104.3            
      11 23  43.9  27.3  39.6  82.1  34.7  0.07  36.0 339.6  14.2  44.9            
      11 24  47.5  17.2  35.2  73.4  27.3        30.5 244.2  10.2 193.9            
      11 25  36.7  20.8  31.5  90.1  28.8        27.8 255.6  10.7  65.9            
      11 26  28.5   7.4  17.0  92.0  15.7  0.01  39.0 432.9  18.0 214.8            
      11 27  15.1  -7.8   6.3  81.8   2.3        15.5 139.9   5.8 263.5            
      11 28  19.8  -9.4   1.5  85.1  -0.6        15.2 106.5   4.4 240.1            
      11 29  22.0  -6.7  12.7  88.8  11.2         9.5  59.7   2.5 192.3            
      11 30  40.5   6.2  25.5  83.5  21.8  0.04  25.6 168.4   7.0 190.7            
      12  1  41.5  11.0  26.1  74.4  18.8  0.01  23.5 146.5   6.1 241.3            
      12  2  48.6  21.3  32.7  75.8  25.8        19.7 146.1   6.1 242.5            
      12  3  43.1  28.1  35.2  82.9  30.4        17.5  95.6   4.0  95.0            
      12  4  44.8  20.2  31.5  85.3  27.5  0.04  27.3 104.2   4.3 169.8            
      12  5  44.9  20.1  35.0  50.5  17.3  0.01  37.3 272.3  11.3 242.6            
      12  6  50.7  19.1  33.1  72.5  24.7        13.3  98.3   4.1 230.7            
      12  7  43.8  20.5  34.9  68.9  25.4        23.8 171.7   7.2 233.3            
      12  8  46.1  15.1  28.8  68.2  18.6        17.3 181.1   7.5 233.3            
      12  9  52.6  19.5  30.6  71.9  21.2        16.1 143.5   6.0 235.4            
      12 10  39.5  13.1  25.0  84.2  21.0        16.6 117.6   4.9 226.6            
      12 11  47.6  10.9  26.8  81.0  21.6        17.9 144.3   6.0 204.7            
      12 12  34.3  12.6  23.3  78.0  17.2        14.3 130.0   5.4 153.7            
      12 13  41.9  10.7  21.9  78.3  15.5        16.0 145.4   6.1 207.1            
      12 14  53.0  13.1  31.7  67.0  21.0        17.3 141.0   5.9 195.9            
      12 15  34.7  16.4  26.2  86.0  22.7        16.2 107.1   4.5 133.7            
      12 16  42.4  14.2  28.4  64.9  17.5        21.5 169.5   7.1 227.7            
      12 17  56.5  17.3  30.6  72.3  21.2        17.8 165.0   6.9 205.4            
      12 18  38.4  11.0  27.4  80.5  22.1        28.2 199.7   8.3 139.7            
      12 19  56.3   8.5  27.6  74.9  19.5        25.4 136.3   5.7 210.7            
      12 20  46.3  13.7  30.5  65.7  19.0        17.1 118.9   5.0 207.4            
      12 21  47.3  22.9  33.3  68.3  23.5        27.7 129.4   5.4 154.4            
      12 22  35.0  18.5  27.7  51.5  12.4        37.0 351.9  14.7 141.1            
      12 23  40.6   4.5  21.0  61.2   8.2        24.3 180.5   7.5 229.0            
      12 24  36.5   7.3  19.6  72.3  11.1        17.9 136.0   5.7 221.6            
      12 25  37.3   9.5  25.1  66.7  15.1        28.7 208.2   8.7 166.0            
      12 26  48.7  18.8  34.7  48.4  16.1        36.7 225.2   9.4 203.1            
      12 27  43.8  18.2  32.7  50.9  15.7        30.4 235.9   9.8 228.2            
      12 28  39.6   6.2  21.7  69.0  12.8  0.01  33.6 240.5  10.0  96.1            
      12 29  30.2   1.4  18.0  70.7  10.2        14.3  97.8   4.1 144.7            
      12 30  28.9   8.4  17.9  69.4   9.1        14.3  78.2   3.3 168.8            
      12 31  31.1   2.7  17.3  77.8  11.5        13.1  78.2   3.3 223.5            

      Total                               14.70                         53.53 40.67
        Max 100.6  69.7  82.7 100.0  67.2        59.0 510.4  21.3 727.0
        Min  15.1  -9.4   1.5  32.2  -0.6         9.5  55.5   2.3  36.0
        Ave  64.9  34.2  49.2  69.3  37.5        23.8 166.3   6.9 380.5
