                                                                    10-JAN-01
      Cellular-linked Weather Station near CROOK, Colorado               2000
      -----------------------------------------------------------------------------
               Temperature      Rel   Dew             Wind        Solar StandrdASCE
            ----------------- Humid Point  Prec -----------------   Rad   ETr   ETo
       Date   Max   Min   Ave   Ave   Ave Total   Max Total   Ave Total Alflf Grass
      MoDay     F     F     F     %     F  inch   mph miles   mph Langl  inch  inch
      ----- ----- ----- ----- ----- ----- ----- ----- ----- ----- ----- ----- -----
       1  1  51.8  18.8  34.2  56.3  18.0        20.6  92.5   3.9 199.2            
       1  2  47.3  16.5  33.3  63.3  21.5        23.7 131.7   5.5 201.2            
       1  3  29.8   6.4  21.5  85.2  18.4  0.02  38.8 333.0  13.9 158.8            
       1  4  36.2   3.6  18.2  72.4  11.8        17.9 141.2   5.9 225.0            
       1  5  39.0  15.5  30.1  74.1  22.7  0.07  25.6 185.9   7.7 148.3            
       1  6  40.6   9.2  22.9  65.4  11.3        23.2 146.4   6.1 233.7            
       1  7  46.3  12.0  25.3  69.1  15.9        17.2 161.2   6.7 225.0            
       1  8  48.2  14.9  28.9  66.5  17.8        18.6 115.4   4.8 222.9            
       1  9  41.5  22.5  33.1  57.2  18.9        31.3 231.4   9.6 212.9            
       1 10  44.0  18.9  30.4  60.8  18.0  0.02  42.8 241.2  10.1 117.0            
       1 11  51.9  17.5  31.0  71.6  22.1        21.6 116.6   4.9 178.5            
       1 12  52.8  20.9  42.7  39.2  17.6  0.02  51.4 421.3  17.6 220.7            
       1 13  47.9  12.8  31.6  61.8  18.4        20.4 143.5   6.0 194.4            
       1 14  52.6  19.6  30.5  71.4  21.2        16.8 153.5   6.4 131.9            
       1 15  54.0  22.0  35.5  59.6  21.4        20.8 174.3   7.3 114.0            
       1 16  38.8  23.9  30.2  69.2  21.2        18.3 117.8   4.9 119.4            
       1 17  59.3  23.2  38.5  68.5  27.9        15.9 131.0   5.5 168.1            
       1 18  46.7  28.2  37.1  76.4  29.8  0.01  15.4 100.4   4.2 142.6            
       1 19  44.1  14.2  33.4  74.2  26.0  0.05  34.6 213.6   8.9 112.1            
       1 20  50.9  11.5  26.9  77.7  20.3        17.0  87.5   3.6 214.3            
       1 21  54.8  19.4  35.1  79.2  29.0        25.1 145.4   6.1 114.7            
       1 22  44.4  17.8  30.5  78.2  24.1        17.1 101.1   4.2 226.9            
       1 23  40.4  12.2  23.4  76.4  16.0        25.9 122.8   5.1 245.6            
       1 24  52.0  12.3  30.0  63.2  17.3        25.6 190.7   7.9 180.8            
       1 25  34.3  17.5  26.5  71.5  17.9        22.7 158.2   6.6 130.8            
       1 26  35.2  22.1  27.9  69.6  19.0        21.5 194.1   8.1 148.3            
       1 27  30.4  16.3  26.3  88.2  23.5        11.5  99.9   4.2  78.1            
       1 28  33.0  16.4  25.3  86.3  21.8  0.01  19.9 152.7   6.4 111.4            
       1 29  29.6  15.2  23.6  89.0  20.8        15.1 129.6   5.4 147.0            
       1 30  28.5   9.2  18.1  92.8  16.7        10.0  71.8   3.0 185.6            
       1 31  45.1   8.8  22.2  75.3  14.5  0.04  15.3 105.8   4.4 289.6            
       2  1  50.8   7.0  25.3  68.4  15.0  0.01  14.8 148.7   6.2 296.7            
       2  2  68.6  24.0  40.6  48.2  18.5  0.03  24.5 194.8   8.1 268.8            
       2  3  42.8  23.9  33.9  66.9  23.9  0.01  29.3 246.0  10.3 162.2            
       2  4  39.2  10.4  25.3  59.8  11.6        12.9 105.7   4.4 309.6            
       2  5  56.9  15.9  34.0  49.2  14.5        27.0 176.3   7.3 267.3            
       2  6  58.0  20.9  37.4  56.6  20.9        27.8 203.9   8.5 312.1            
       2  7  56.9  20.5  35.1  62.9  21.6        17.6 145.9   6.1 245.8            
       2  8  68.6  22.1  40.6  46.9  17.0        18.6 179.3   7.5 284.1            
       2  9  63.3  24.2  42.3  44.4  19.6        15.6 143.8   6.0 178.8            
       2 10  43.7  21.5  31.4  81.1  26.1        28.0 225.5   9.4 188.1            
       2 11  21.6  11.9  18.7  94.8  17.5        20.0 190.4   7.9 214.2            
       2 12  29.3  11.5  22.9  93.9  21.7        15.1 153.3   6.4 215.5            
       2 13  34.2  15.4  22.9  86.9  19.5  0.18  14.7 114.4   4.8 258.3            
       2 14  44.4  15.9  29.9  83.1  25.6  0.01  13.6 114.1   4.8 273.8            
       2 15  55.7  20.2  40.1  60.9  25.7  0.05  43.6 344.0  14.3 343.3            
       2 16  54.9  18.5  37.0  59.6  21.3        30.1 209.4   8.7 294.3            
       2 17  36.0  24.1  30.3  76.7  23.5        21.9 236.8   9.9 126.3            
       2 18  35.2  18.6  26.0  82.2  20.9  0.10  20.8 130.5   5.4 355.8            
       2 19  44.8  15.6  28.8  72.0  19.8  0.05  30.0 176.8   7.4 374.3            
       2 20  57.5  16.9  34.8  68.7  24.1        18.4 126.0   5.3 351.2            
       2 21  69.5  25.2  44.1  63.2  29.0        16.5 140.4   5.8 367.9            
       2 22  62.2  24.3  43.7  70.1  34.1        22.4 161.1   6.7 268.1            
       2 23  62.9  31.2  48.0  57.9  31.8        28.7 245.8  10.2 353.9            
       2 24  67.0  32.4  49.0  54.4  31.5        30.0 181.3   7.6 314.1            
       2 25  45.1  31.7  39.0  60.0  25.8  0.02  48.9 519.6  21.6 133.9            
       2 26  48.5  19.0  35.6  53.4  18.4  0.01  50.9 355.0  14.8 393.6            
       2 27  62.1  17.0  39.8  51.1  18.8        23.7 187.0   7.8 397.4            
       2 28  64.5  21.2  45.2  49.7  25.5        28.8 170.0   7.1 287.1            
       2 29  56.3  24.0  44.0  54.5  27.3        28.6 191.7   8.0 315.2            
       3  1  60.0  21.1  42.0  57.9  25.8        21.4 152.2   6.3 359.3  0.15  0.10
       3  2  40.4  32.7  36.9  87.9  33.6        26.5 118.6   4.9  61.0  0.03  0.03
       3  3  62.7  26.5  41.8  74.9  32.2  0.03  18.7 146.4   6.1 367.7  0.15  0.10
       3  4  70.1  24.5  46.4  60.8  29.3        17.0 155.9   6.5 434.8  0.21  0.14
       3  5  71.0  20.3  46.9  59.1  30.8  0.01  35.5 198.7   8.3 424.8  0.23  0.15
       3  6  64.7  33.2  51.5  39.9  25.4        36.2 180.5   7.5 305.9  0.20  0.13
       3  7  67.1  30.8  46.8  83.6  43.2  0.38  37.7 183.5   7.6 151.1  0.12  0.08
       3  8  47.8  29.4  36.0  88.1  33.4  1.06  51.6 532.5  22.2 140.0  0.09  0.06
       3  9  29.4  25.7  27.5  92.7  25.7  0.08  14.5 152.5   6.4 174.3  0.03  0.02
       3 10  34.4  20.3  29.0  92.7  27.2  0.15  28.0 174.1   7.3 281.5  0.03  0.03
       3 11  57.2  18.3  36.8  69.6  25.9        20.0 143.7   6.0 456.0  0.14  0.10
       3 12  48.3  32.3  40.0  65.7  28.8        28.6 227.5   9.5 401.7  0.12  0.09
       3 13  54.1  21.5  38.7  67.4  26.7        23.1 109.4   4.6 437.9  0.11  0.09
       3 14  63.4  29.1  45.0  65.0  31.0        22.5 236.2   9.8 362.4  0.20  0.14
       3 15  49.3  26.1  34.9  82.1  30.1        25.1 252.0  10.5 127.4  0.09  0.06
       3 16  47.2  20.0  34.3  69.9  25.1        22.3 156.7   6.5 463.2  0.10  0.08
       3 17  52.5  27.6  38.6  68.3  28.6        25.7 228.5   9.5 462.3  0.14  0.10
       3 18  46.9  19.0  37.3  70.7  28.4  0.02  29.6 249.8  10.4 234.1  0.08  0.06
       3 19  67.4  15.4  42.3  49.9  19.7        24.8 204.5   8.5 455.8  0.26  0.17
       3 20  47.8  32.7  35.4  84.6  30.7        32.8 278.4  11.6  28.0  0.10  0.06
       3 21  37.4  31.8  34.4  95.9  33.4  0.03  17.0 141.7   5.9  82.1  0.02  0.02
       3 22  55.3  25.7  41.9  77.9  35.1  0.01  16.0 108.2   4.5 347.3  0.09  0.07
       3 23  65.4  36.7  50.2  72.6  40.1  0.01  20.7 132.4   5.5 445.9  0.16  0.12
       3 24  57.5  25.2  45.2  54.7  27.9  0.02  29.8 233.3   9.7 522.1  0.18  0.13
       3 25  67.2  24.2  47.5  54.0  27.4        27.0 115.6   4.8 504.6  0.19  0.14
       3 26  59.2  28.1  46.8  57.3  30.3  0.01  33.3 233.0   9.7 514.3  0.18  0.13
       3 27  70.3  26.6  47.9  52.6  25.1        28.7 203.4   8.5 551.9  0.28  0.19
       3 28  56.1  27.0  40.9  52.4  22.5        23.3 191.3   8.0 463.7  0.18  0.13
       3 29  54.8  24.1  41.3  73.2  33.4        23.5 148.5   6.2 229.4  0.09  0.07
       3 30  45.9  21.8  35.8  84.6  31.7        29.9 223.1   9.3 218.2  0.06  0.05
       3 31  40.5  32.0  35.3  94.7  33.9  0.07  19.5 126.0   5.3 170.9  0.04  0.04
       4  1  52.3  26.1  38.6  68.4  27.3  0.05  26.1 167.2   7.0 470.7  0.14  0.10
       4  2  46.0  28.9  38.3  59.5  24.6  0.01  35.0 332.5  13.9 191.7  0.13  0.09
       4  3  45.4  19.3  33.9  50.4  15.3  0.01  34.4 266.8  11.1 546.7  0.16  0.11
       4  4  78.7  17.1  48.8  48.9  24.1        33.0 222.9   9.3 584.3  0.38  0.25
       4  5  76.8  37.8  55.7  39.5  28.2  0.01  43.8 308.2  12.8 565.6  0.42  0.27
       4  6  74.7  24.1  51.9  40.2  24.2  0.01  39.1 209.9   8.7 447.2  0.31  0.21
       4  7  52.5  21.0  40.9  52.0  23.2        42.5 459.0  19.1 542.2  0.19  0.13
       4  8  68.7  15.7  42.4  51.1  19.0        20.1 157.7   6.6 605.3  0.26  0.18
       4  9  70.8  23.5  49.6  46.4  25.7        31.9 245.3  10.2 594.8  0.31  0.21
       4 10  64.9  30.2  49.5  50.5  30.2        28.8 243.2  10.1 557.6  0.24  0.17
       4 11  61.7  24.7  44.9  55.0  28.7        24.1 169.3   7.1 584.8  0.20  0.15
       4 12  77.1  35.1  54.7  47.8  30.5        28.9 214.8   8.9 553.7  0.35  0.24
       4 13  81.6  35.2  58.9  36.7  27.2  0.01  28.8 208.1   8.7 556.5  0.39  0.26
       4 14  60.7  29.3  45.7  57.8  31.2  0.01  31.0 300.9  12.5 521.0  0.22  0.15
       4 15  29.4  23.5  26.5  90.4  24.1        18.3 220.3   9.2 125.3  0.03  0.02
       4 16  60.7  20.8  39.4  65.6  28.1        18.6 149.9   6.2 595.6  0.18  0.14
       4 17  78.0  25.6  55.6  48.0  31.6        23.1 173.9   7.2 627.4  0.31  0.22
       4 18  80.1  30.4  58.5  53.8  38.7  0.01  52.7 291.7  12.2 502.4  0.35  0.24
       4 19  48.4  31.9  39.3  77.8  32.9  0.02  36.4 296.4  12.3 168.8  0.10  0.07
       4 20  61.8  29.8  45.0  43.9  21.9        24.8 239.6  10.0 651.9  0.27  0.19
       4 21  78.1  25.2  54.8  42.8  26.7        20.5 143.7   6.0 595.9  0.30  0.21
       4 22  78.5  31.5  59.1  53.4  39.7  0.08  31.7 222.0   9.3 545.5  0.30  0.21
       4 23  72.1  47.5  58.6  65.4  45.6  0.03  23.2 208.2   8.7 483.0  0.24  0.18
       4 24  69.8  38.5  51.7  74.8  43.8  0.15  41.4 174.2   7.3 299.2  0.17  0.13
       4 25  65.3  33.2  51.0  49.7  30.6        24.1 184.7   7.7 640.6  0.24  0.18
       4 26  72.8  38.2  57.5  45.5  35.3        37.3 271.5  11.3 638.7  0.33  0.23
       4 27  65.9  33.8  51.3  46.7  28.7        24.3 187.8   7.8 667.0  0.26  0.19
       4 28  69.4  33.2  53.1  57.4  36.7        30.3 245.3  10.2 646.5  0.27  0.20
       4 29  77.2  43.5  58.0  64.5  45.1  1.02  57.7 392.2  16.3 509.8  0.35  0.24
       4 30  55.3  41.6  46.7  78.4  39.9  0.74  28.1 310.6  12.9 216.9  0.13  0.09
       5  1  65.7  34.6  49.9  68.0  37.8        15.9  97.3   4.1 609.9  0.18  0.15
       5  2  71.8  32.6  54.8  63.0  39.5        22.1 176.4   7.3 687.9  0.25  0.19
       5  3  75.0  44.1  60.4  68.6  48.4        22.1 169.9   7.1 672.4  0.25  0.20
       5  4  89.5  41.9  67.3  59.3  47.9  0.01  21.3 175.4   7.3 665.1  0.37  0.27
       5  5  84.4  55.0  71.1  67.6  58.5        31.0 260.0  10.8 665.2  0.32  0.24
       5  6  77.6  53.7  65.7  70.3  55.6        20.8 186.6   7.8 578.1  0.24  0.19
       5  7  81.8  50.8  66.5  73.2  57.1  0.01  37.8 220.4   9.2 417.2  0.24  0.18
       5  8  56.3  40.0  49.5  73.3  40.9        22.9 203.6   8.5 274.7  0.11  0.09
       5  9  70.5  35.8  54.7  64.5  40.2        25.7 174.3   7.3 581.2  0.23  0.18
       5 10  76.2  52.6  64.9  48.8  43.9        25.5 177.7   7.4 660.4  0.31  0.23
       5 11  64.5  44.7  56.1  56.4  40.2  0.01  33.8 331.2  13.8 621.4  0.26  0.19
       5 12  59.9  30.7  48.0  41.6  23.7  0.02  38.9 321.1  13.4 527.5  0.26  0.18
       5 13  68.2  27.3  48.3  50.2  26.2        22.1 126.4   5.3 655.1  0.24  0.19
       5 14  71.6  36.8  55.0  47.6  33.6        20.0 148.3   6.2 661.3  0.27  0.20
       5 15  83.2  36.7  61.5  48.2  38.3        16.6 125.2   5.2 538.2  0.29  0.21
       5 16  74.8  46.1  61.9  76.9  55.1        25.6 213.9   8.9 446.8  0.18  0.14
       5 17  69.0  45.1  58.0  90.9  55.7  0.08  42.7 391.1  16.3 176.7  0.09  0.07
       5 18  56.0  37.5  45.8  72.9  37.0  0.01  41.7 329.3  13.7 480.8  0.17  0.13
       5 19  71.5  33.6  53.5  60.6  36.5        15.6  91.8   3.8 662.2  0.22  0.18
       5 20  68.6  39.0  55.7  69.3  44.9  0.05  24.0 141.7   5.9 483.3  0.18  0.14
       5 21  78.7  35.5  58.8  64.6  43.6  0.01  20.2 120.3   5.0 650.3  0.26  0.20
       5 22  84.3  47.0  66.9  58.5  48.8  0.01  29.3 174.1   7.3 514.0  0.30  0.22
       5 23  83.6  48.8  69.1  55.1  49.6        26.7 171.5   7.1 698.8  0.32  0.25
       5 24  74.9  43.7  61.5  57.7  44.8        28.1 162.1   6.8 484.1  0.24  0.18
       5 25  80.9  49.6  63.5  64.7  50.9  0.45  32.3 244.3  10.2 490.7  0.31  0.22
       5 26  74.3  51.4  62.8  77.7  55.1  0.25  31.7 157.0   6.5 435.8  0.18  0.15
       5 27  79.7  52.5  63.5  58.9  47.3  0.01  22.2 143.5   6.0 732.0  0.31  0.25
       5 28  92.0  43.2  69.3  54.2  49.1  0.04  37.6 175.3   7.3 602.6  0.38  0.28
       5 29  95.9  57.1  75.3  51.6  53.9        25.1 138.8   5.8 670.1  0.39  0.29
       5 30  66.9  52.3  58.8  82.3  53.3  0.01  27.8 274.5  11.4 362.8  0.15  0.12
       5 31  72.4  51.8  59.8  89.6  56.6  0.01  19.6 160.6   6.7 329.8  0.14  0.11
       6  1  69.2  47.8  59.7  59.5  44.8  0.01  27.5 205.9   8.6 730.0  0.26  0.21
       6  2  76.4  45.1  61.6  51.8  42.3        27.8 227.8   9.5 703.0  0.33  0.25
       6  3  90.6  54.7  72.0  52.2  50.1        24.0 164.0   6.8 730.0  0.40  0.30
       6  4  68.9  49.3  61.8  62.3  48.5        24.8 226.1   9.4 684.3  0.24  0.19
       6  5  73.2  42.3  59.5  60.6  44.9        23.9 191.5   8.0 662.2  0.26  0.20
       6  6  93.3  50.4  71.8  43.2  47.0        33.3 160.5   6.7 593.0  0.40  0.29
       6  7  96.7  50.9  77.2  39.1  46.9        23.4 147.1   6.1 753.0  0.43  0.32
       6  8  96.1  51.3  78.7  34.0  43.1        28.2 195.0   8.1 754.0  0.48  0.35
       6  9  89.8  59.9  76.0  38.7  48.4        38.9 190.5   7.9 592.5  0.40  0.29
       6 10  82.7  54.5  70.7  34.8  41.0        20.9 133.1   5.5 729.0  0.34  0.27
       6 11  89.3  60.2  74.0  40.6  47.6  0.02  33.5 181.7   7.6 598.4  0.40  0.29
       6 12  93.5  53.1  73.8  48.6  49.9        20.3 119.3   5.0 684.8  0.36  0.28
       6 13  75.1  51.8  63.8  53.0  45.4  0.05  50.5 260.1  10.8 516.5  0.31  0.22
       6 14  77.9  42.6  62.6  52.2  42.7        27.3 214.2   8.9 723.0  0.33  0.25
       6 15  87.3  47.3  65.5  48.0  43.5        39.8 278.3  11.6 604.8  0.47  0.32
       6 16  64.2  50.8  56.0  62.3  43.0        25.9 175.0   7.3 293.7  0.18  0.13
       6 17  65.6  49.7  55.3  77.0  47.4  0.12  19.2 143.6   6.0 472.7  0.18  0.14
       6 18  90.2  41.7  69.0  52.9  46.8  0.01  28.9 213.8   8.9 714.0  0.42  0.31
       6 19  90.7  51.9  69.1  56.2  50.0  0.02  43.6 160.2   6.7 526.2  0.36  0.26
       6 20  78.7  41.7  62.5  48.6  40.5  0.01  31.9 237.9   9.9 678.2  0.35  0.26
       6 21  86.6  36.6  64.0  50.5  39.2        21.3 162.6   6.8 749.0  0.38  0.28
       6 22  95.7  42.5  70.5  51.2  47.8        32.5 153.2   6.4 587.6  0.39  0.28
       6 23  92.6  60.2  74.7  46.7  50.8        41.7 164.4   6.8 563.4  0.39  0.28
       6 24  90.9  48.7  72.8  48.7  49.3  0.10  48.7 133.8   5.6 666.1  0.34  0.27
       6 25  75.7  52.7  67.1  63.5  53.8        26.2 223.7   9.3 390.5  0.22  0.16
       6 26  70.2  43.9  59.5  63.5  45.5        10.8  81.8   3.4 361.7  0.15  0.12
       6 27  69.4  53.1  61.7  73.3  52.9  0.12  27.7 175.2   7.3 410.6  0.17  0.14
       6 28  75.9  52.7  63.2  61.6  47.8  0.01  14.4 125.3   5.2 684.9  0.27  0.22
       6 29  89.2  54.1  70.3  57.7  52.1  0.02  28.6 223.2   9.3 724.0  0.42  0.31
       6 30  91.0  45.5  71.4  52.6  47.8        27.0 157.8   6.6 739.0  0.38  0.29
       7  1  96.4  62.3  77.7  48.3  54.1  0.02  42.2 181.2   7.5 667.6  0.45  0.33
       7  2  97.2  51.8  77.0  45.9  48.2        15.1 109.9   4.6 746.0  0.38  0.30
       7  3  92.7  59.7  75.9  57.4  57.0        30.8 167.2   7.0 507.9  0.35  0.25
       7  4  95.4  62.7  78.1  61.9  59.3        18.1 126.2   5.3 677.5  0.36  0.28
       7  5  91.3  69.0  79.4  64.4  64.7  0.22  55.1 242.9  10.1 705.0  0.40  0.31
       7  6  95.7  67.6  80.8  60.8  62.6        21.7 143.2   6.0 682.7  0.37  0.29
       7  7  96.3  66.3  83.2  37.7  53.3        26.0 176.1   7.3 714.0  0.45  0.33
       7  8  98.5  57.2  79.2  51.9  57.9        15.6 115.3   4.8 737.0  0.37  0.30
       7  9  93.5  62.7  77.7  59.1  60.6        22.7 129.0   5.4 657.8  0.34  0.27
       7 10  84.6  66.3  73.5  76.8  65.6  0.65  31.0 147.4   6.1 476.6  0.23  0.19
       7 11  87.9  61.3  75.1  67.8  61.8  0.02  14.8  99.0   4.1 688.2  0.28  0.24
       7 12  85.0  59.7  71.0  70.9  60.3  0.07  36.2 161.8   6.7 385.0  0.24  0.18
       7 13  91.1  55.8  75.9  63.2  60.4        20.0 127.8   5.3 700.0  0.31  0.26
       7 14  94.0  59.3  79.3  57.3  61.1        17.0 103.2   4.3 703.0  0.31  0.26
       7 15  96.0  64.6  81.5  55.5  62.8  0.02  22.4  95.5   4.0 612.4  0.30  0.25
       7 16  83.2  63.2  71.7  67.1  60.3  0.02  24.2 201.2   8.4 509.2  0.28  0.21
       7 17  70.6  60.0  65.6  80.5  59.7        13.4 104.7   4.4 175.6  0.09  0.08
       7 18  88.8  59.2  70.8  75.1  60.9  0.16  27.5 107.9   4.5 574.0  0.26  0.22
       7 19  87.7  51.0  68.7  71.2  57.8  0.01  27.0 112.8   4.7 629.1  0.27  0.22
       7 20  79.4  55.8  67.0  77.3  59.2  0.01  24.3 130.2   5.4 530.7  0.21  0.18
       7 21  80.4  53.0  65.0  79.0  57.5  0.12  39.7 146.0   6.1 471.3  0.21  0.17
       7 22  87.0  47.1  67.9  70.4  56.3        13.1  74.2   3.1 699.7  0.25  0.22
       7 23  92.6  54.4  76.0  59.8  58.4        19.2 109.2   4.5 675.0  0.30  0.25
       7 24  94.5  58.2  78.0  52.3  56.2        17.6 116.4   4.8 671.8  0.34  0.27
       7 25  90.0  54.4  73.8  63.5  58.7        16.8 114.4   4.8 667.1  0.29  0.24
       7 26  94.9  56.7  77.5  55.3  57.9        22.5  97.8   4.1 567.4  0.29  0.23
       7 27  95.3  63.4  75.8  69.1  63.3  0.21  35.2 103.5   4.3 561.8  0.29  0.23
       7 28  86.6  56.6  72.6  66.7  59.0  0.01  17.3  89.9   3.7 664.2  0.26  0.22
       7 29  88.1  54.1  72.1  67.4  58.7  0.01  16.7  70.7   2.9 640.4  0.24  0.21
       7 30  87.2  55.3  71.9  64.1  56.9        16.4  80.5   3.4 658.9  0.26  0.22
       7 31  92.3  49.3  73.4  52.6  50.8  0.01  17.0  77.6   3.2 656.5  0.28  0.23
       8  1  98.8  53.2  78.8  41.2  49.0        19.7 112.6   4.7 581.9  0.35  0.26
       8  2  94.9  65.6  79.8  47.6  56.4  0.01  27.0 157.4   6.6 579.2  0.38  0.28
       8  3  95.4  57.6  77.2  61.7  60.9        20.6 130.2   5.4 547.3  0.31  0.24
       8  4  97.9  67.5  79.1  59.0  62.0  0.28  38.1 131.3   5.5 453.0  0.33  0.24
       8  5  91.4  63.0  74.8  61.1  58.9  0.10  43.0 151.0   6.3 494.7  0.32  0.23
       8  6  91.0  52.7  72.3  57.1  52.5        15.0  96.5   4.0 640.3  0.29  0.23
       8  7  98.9  51.8  74.1  55.3  51.9  0.01  16.6  82.2   3.4 596.9  0.31  0.24
       8  8 101.0  50.3  75.3  51.0  49.2        12.5  93.7   3.9 643.1  0.35  0.27
       8  9  96.8  64.0  78.5  63.8  62.5        25.8 204.2   8.5 556.6  0.40  0.29
       8 10  91.9  53.7  75.8  58.3  57.6        31.9 172.0   7.2 630.0  0.34  0.26
       8 11  96.4  58.6  79.6  51.5  57.8        16.4  95.7   4.0 581.3  0.29  0.23
       8 12  85.3  61.1  74.0  57.5  57.4  0.03  21.0 141.4   5.9 321.2  0.23  0.17
       8 13  94.3  57.3  76.7  57.1  57.9        19.3 149.2   6.2 617.3  0.34  0.26
       8 14  96.9  54.6  76.9  51.7  53.0        17.2 111.0   4.6 624.2  0.34  0.26
       8 15  92.2  60.1  76.5  58.4  59.3  0.01  26.2 204.7   8.5 569.7  0.36  0.26
       8 16  95.4  60.3  74.0  66.3  60.0  1.57  36.8 146.2   6.1 346.1  0.30  0.21
       8 17  78.2  59.3  68.6  66.1  55.9  0.01  13.3 106.6   4.4 491.9  0.21  0.17
       8 18  79.2  61.9  69.5  61.1  54.8  0.05  29.5 226.1   9.4 456.9  0.28  0.21
       8 19  90.5  55.7  73.9  56.0  55.3  0.01  19.1 129.3   5.4 611.3  0.30  0.24
       8 20  92.3  58.1  71.8  67.9  58.8  0.09  29.5  91.2   3.8 478.5  0.25  0.19
       8 21  79.0  57.8  67.8  78.3  60.6        20.5 129.2   5.4 334.7  0.16  0.13
       8 22  91.9  55.1  73.9  58.5  56.3        19.7 116.6   4.9 571.7  0.29  0.22
       8 23  87.6  55.1  72.6  63.1  57.8        14.7  99.7   4.2 573.5  0.24  0.20
       8 24  92.2  55.2  76.5  58.1  58.3        15.3  97.4   4.1 585.8  0.26  0.21
       8 25  92.1  56.0  74.2  57.9  56.2        17.8 105.3   4.4 500.2  0.27  0.20
       8 26  88.7  58.5  72.8  63.2  56.6  0.10  25.6 133.4   5.6 480.5  0.27  0.20
       8 27  90.8  59.8  72.7  73.1  61.4  0.05  25.7 137.3   5.7 544.5  0.28  0.22
       8 28  90.4  60.8  74.5  55.6  55.9        31.4 178.4   7.4 475.8  0.33  0.24
       8 29  83.2  58.3  70.3  68.2  58.6  0.01  22.0 130.4   5.4 494.1  0.23  0.18
       8 30  92.5  57.5  74.5  65.4  60.0  0.01  34.2 123.5   5.1 496.0  0.27  0.21
       8 31  64.9  54.5  59.8  89.3  56.6  0.03  23.2 130.9   5.5 123.0  0.06  0.05
       9  1  83.7  55.6  67.7  78.4  59.7        13.7  97.4   4.1 437.6  0.19  0.15
       9  2  85.8  55.9  70.6  60.9  54.5  0.01  23.4  90.8   3.8 514.9  0.23  0.18
       9  3  89.0  52.7  68.7  65.6  55.1        23.0  92.4   3.9 513.0  0.24  0.19
       9  4  89.5  51.7  70.6  65.0  55.8  0.52  43.2 120.1   5.0 542.1  0.26  0.20
       9  5  90.3  60.1  75.9  59.7  59.3  0.04  31.5 189.7   7.9 476.8  0.31  0.22
       9  6  90.7  53.3  71.3  65.6  56.9  0.02  32.1 178.5   7.4 447.1  0.30  0.21
       9  7  77.6  47.3  63.4  50.5  43.2        25.7 112.3   4.7 552.8  0.23  0.18
       9  8  91.2  57.0  69.4  56.6  51.7  0.03  46.0 112.9   4.7 488.7  0.29  0.21
       9  9  88.3  49.1  67.8  56.0  47.5        24.0 153.7   6.4 529.4  0.32  0.23
       9 10  88.3  43.0  66.9  48.7  43.3        16.2 109.7   4.6 537.8  0.27  0.20
       9 11  74.3  46.8  61.3  52.4  42.1        20.5 137.8   5.7 469.6  0.22  0.16
       9 12  87.0  41.2  63.0  61.0  45.5        20.4 106.9   4.5 528.1  0.26  0.19
       9 13  88.2  46.4  65.7  53.7  44.4        24.0 142.7   5.9 465.3  0.31  0.21
       9 14  79.8  41.3  62.1  58.1  44.8        16.1 100.6   4.2 508.8  0.21  0.16
       9 15  90.0  51.9  71.3  38.5  43.1        25.9 182.9   7.6 505.5  0.37  0.25
       9 16  93.4  43.3  70.7  47.6  45.8        14.9  99.8   4.2 513.3  0.27  0.20
       9 17  98.2  45.2  74.8  40.3  43.5        29.5 156.7   6.5 479.4  0.38  0.26
       9 18  90.1  52.7  70.7  43.6  44.0        30.7 157.6   6.6 416.5  0.33  0.22
       9 19  68.1  49.0  59.1  68.4  48.1  0.58  23.2 165.6   6.9 174.9  0.14  0.10
       9 20  60.0  44.8  50.9  63.2  38.0  0.11  29.6 225.4   9.4 496.0  0.19  0.14
       9 21  74.6  43.4  55.9  67.4  45.6  0.08  23.6 155.7   6.5 303.5  0.19  0.13
       9 22  50.6  39.0  44.8  87.7  41.6  0.04  21.9 229.4   9.6  93.9  0.05  0.04
       9 23  39.1  32.3  36.0  94.6  34.6  0.05  18.9 198.5   8.3  82.2  0.02  0.02
       9 24  43.6  31.4  35.1  90.6  32.3  0.24  15.8 132.9   5.5 234.3  0.06  0.05
       9 25  66.3  26.9  44.1  70.6  32.7  0.02  12.0  96.7   4.0 481.0  0.16  0.12
       9 26  72.9  28.8  49.5  67.8  35.0  0.01  14.2  90.3   3.8 483.5  0.18  0.13
       9 27  75.6  33.5  52.2  68.0  37.4        15.3  95.9   4.0 474.8  0.19  0.14
       9 28  84.4  33.7  58.6  55.1  36.3        20.3 131.0   5.5 475.6  0.28  0.19
       9 29  83.2  44.2  63.3  56.5  45.5        28.9 105.8   4.4 314.6  0.20  0.14
       9 30  83.1  47.9  63.3  57.5  43.5        26.5 197.2   8.2 432.2  0.31  0.21
      10  1  82.2  44.9  63.1  59.7  44.9        32.2 161.7   6.7 426.4  0.26  0.18
      10  2  82.8  40.5  62.5  60.5  45.8        30.2 148.0   6.2 428.1  0.24  0.17
      10  3  70.4  49.8  56.9  79.4  50.2        23.2 152.9   6.4 305.3  0.15  0.11
      10  4  55.2  43.7  48.6  94.9  47.2        19.3 184.1   7.7  86.6  0.04  0.04
      10  5  49.3  30.0  38.3  84.2  35.2        21.9 214.0   8.9 104.8  0.06  0.04
      10  6  42.1  30.8  35.5  66.2  24.9        11.5  61.9   2.6 206.2  0.06  0.05
      10  7  48.6  24.5  35.7  63.5  23.3        18.9  83.1   3.5 373.4  0.09  0.07
      10  8  55.4  25.1  40.4  47.2  20.7        22.9 179.3   7.5 421.8  0.16  0.11
      10  9  62.0  29.7  46.2  59.3  32.0        22.4 209.2   8.7 415.8  0.17  0.12
      10 10  67.8  25.7  47.8  60.1  33.2        26.9 153.7   6.4 408.6  0.17  0.12
      10 11  75.5  30.9  55.8  56.5  38.5        26.5 169.5   7.1 402.3  0.21  0.14
      10 12  73.8  49.4  60.0  47.0  38.8        17.8 102.5   4.3 394.0  0.18  0.13
      10 13  67.0  31.5  48.9  63.6  35.0        35.4 137.4   5.7 239.6  0.15  0.10
      10 14  63.2  33.1  49.0  65.0  35.5        23.0 112.9   4.7 329.5  0.12  0.09
      10 15  67.9  31.6  49.9  64.6  35.9        18.3 106.6   4.4 290.7  0.13  0.09
      10 16  68.0  31.2  49.5  55.7  30.9        23.9 131.0   5.5 386.3  0.17  0.12
      10 17  73.3  28.8  47.8  56.7  29.0        16.7 111.3   4.6 380.3  0.19  0.13
      10 18  80.5  29.3  53.3  52.3  31.8        21.0 141.6   5.9 373.5  0.26  0.16
      10 19  79.7  28.4  54.4  46.0  28.1        20.5 126.5   5.3 372.5  0.24  0.15
      10 20  67.7  34.5  53.7  48.0  33.4        17.8 109.4   4.6 358.3  0.14  0.10
      10 21  76.6  42.4  59.3  54.6  41.9        34.4 264.2  11.0 351.9  0.27  0.17
      10 22  58.6  42.3  49.8  94.4  48.8  0.38  31.4 206.2   8.6  58.5  0.04  0.03
      10 23  55.2  43.7  48.5  87.3  45.0  0.01  12.6  78.2   3.3 163.7  0.05  0.04
      10 24  66.4  48.1  55.9  87.5  51.9  0.01  21.1 172.8   7.2 197.3  0.09  0.07
      10 25  67.5  37.9  51.9  69.8  40.9  0.04  30.3 159.5   6.6 303.3  0.14  0.10
      10 26  67.5  38.7  51.1  71.6  40.4        13.7 106.7   4.4 317.7  0.12  0.09
      10 27  58.1  47.0  52.1  94.6  50.7  0.03  27.2 209.8   8.7  87.3  0.04  0.03
      10 28  66.3  53.0  57.9  92.3  55.6  0.64  36.1 283.8  11.8 129.6  0.08  0.06
      10 29  58.5  38.1  49.7  88.6  46.5  0.09  16.5 103.1   4.3 171.7  0.05  0.04
      10 30  65.5  34.1  49.7  77.0  41.8  0.02  25.1 143.3   6.0 274.0  0.11  0.08
      10 31  51.0  32.0  42.6  97.3  42.1  0.44  16.1 111.3   4.6  92.5  0.02  0.02
      11  1  49.4  30.4  42.0  72.2  33.5  0.07  48.4 440.4  18.4 184.7            
      11  2  49.4  31.1  39.1  62.7  26.3        25.1 164.8   6.9 307.7            
      11  3  49.3  23.0  36.5  79.7  30.1        15.2  83.3   3.5  97.2            
      11  4  59.3  20.4  40.0  80.8  34.9        19.2 140.3   5.8 302.7            
      11  5  49.6  30.6  39.7  86.2  35.8  0.04  30.3 240.5  10.0 122.7            
      11  6  31.1  22.2  27.3  66.5  17.6  0.01  35.2 343.0  14.3 106.6            
      11  7  29.7  21.4  25.7  53.8  11.0  0.02  39.8 373.5  15.6 141.0            
      11  8  45.2  17.5  28.9  52.5  11.3        13.8  82.5   3.4 298.8            
      11  9  43.7  15.2  28.2  58.2  13.8        18.8 153.5   6.4 219.0            
      11 10  22.8  16.5  20.2  89.9  17.7        26.6 253.4  10.6  48.4            
      11 11  23.8   2.4  19.0  92.8  17.9  0.05  25.6 194.2   8.1  87.3            
      11 12  25.7  -6.2   9.8  75.5   4.4        19.7 167.7   7.0 286.2            
      11 13  30.1   3.7  15.9  72.9   8.6        19.8 152.8   6.4 279.5            
      11 14  36.9   3.0  16.9  77.9  11.1        15.6 114.3   4.8 257.9            
      11 15  30.6   9.5  20.2  82.6  15.9  0.02  33.0 139.0   5.8 101.8            
      11 16  28.3   6.4  17.7  73.1  10.3        21.4 156.2   6.5 266.7            
      11 17  33.3   5.9  19.3  74.0  12.4  0.01  40.1 223.0   9.3 262.0            
      11 18  40.3   5.9  24.8  65.5  14.3        21.9 236.0   9.8 214.1            
      11 19  41.7  16.9  29.4  61.9  17.0        28.8 180.0   7.5 258.5            
      11 20  43.2  13.4  25.0  69.8  14.9        21.1 150.1   6.3 258.4            
      11 21  54.2  11.2  29.6  68.7  17.6        18.9 144.6   6.0 251.5            
      11 22  49.3  17.9  30.7  73.5  21.7        13.7  85.7   3.6 173.7            
      11 23  48.3  15.8  31.8  66.2  20.3        18.4 110.7   4.6 226.5            
      11 24  56.4  15.9  33.0  67.4  21.5        17.8 173.1   7.2 250.8            
      11 25  46.7  15.5  31.4  62.7  18.4        22.9 177.9   7.4 243.8            
      11 26  53.8  15.3  33.1  66.6  21.6        27.5 182.0   7.6 199.6            
      11 27  46.3  23.9  35.3  72.5  26.8        18.0 154.3   6.4  84.0            
      11 28  40.8  18.8  31.3  59.8  17.9        31.4 228.2   9.5 114.0            
      11 29  44.0  13.8  28.4  60.9  14.8        22.4 146.7   6.1 229.9            
      11 30  52.6  15.2  33.8  62.5  20.6        46.9 305.3  12.7 170.5            
      12  1  41.4  14.4  26.9  67.2  16.9        20.5 115.3   4.8 225.8            
      12  2  35.1   8.9  21.5  83.6  17.5        25.4 171.1   7.1 216.5            
      12  3  55.3   8.6  26.6  70.0  15.6        24.7 143.8   6.0 206.1            
      12  4  45.0  11.1  26.4  66.7  14.8        22.6 116.2   4.8 224.8            
      12  5  44.1  12.9  27.4  74.0  20.0        30.4 181.7   7.6  61.0            
      12  6  53.3  16.6  33.3  60.8  19.5        24.4 215.9   9.0 210.1            
      12  7  56.5  22.5  38.2  65.0  25.0        29.1 198.3   8.3 216.2            
      12  8  41.8  30.2  34.0  70.9  25.4        28.4 174.1   7.3  78.0            
      12  9  55.7  22.3  34.8  71.6  25.0        26.2 113.1   4.7 206.5            
      12 10  35.0   1.1  10.1  77.9   5.1  0.01  36.2 251.0  10.5  64.6            
      12 11  10.0  -9.4  -0.1  78.0  -5.0  0.01  17.0 115.7   4.8 215.0            
      12 12  20.5  -4.3   8.2  80.9   4.0  0.01  20.3 117.1   4.9 114.5            
      12 13  22.8  -6.3  10.3  84.1   7.5        15.9 105.5   4.4 191.3            
      12 14  37.9   5.6  22.9  82.9  18.8        19.8 115.4   4.8 167.0            
      12 15  44.6  15.6  30.1  70.4  20.6  0.03  36.6 218.8   9.1 111.0            
      12 16  25.1   7.0  14.0  55.6   1.1  0.01  44.0 309.6  12.9 210.2            
      12 17  51.0   6.6  27.4  63.5  16.1  0.01  44.1 271.8  11.3 115.4            
      12 18  32.8   9.6  27.0  58.7  14.3        49.5 441.9  18.4 151.3            
      12 19  52.4   9.3  32.4  48.5  10.9        27.9 214.9   9.0 192.4            
      12 20  47.0   6.2  26.7  62.5  15.8  0.01  30.8 261.2  10.9 163.2            
      12 21  30.7   2.7  17.1  64.3   6.6        16.8 141.0   5.9 213.2            
      12 22  57.1   8.0  29.6  66.4  18.8        31.6 139.1   5.8 178.0            
      12 23  36.6  14.4  25.6  90.4  23.4        15.2  92.7   3.9 152.7            
      12 24  24.2   8.5  16.9  76.4  10.7        16.7 154.2   6.4 135.8            
      12 25  23.5  13.4  17.8  85.7  14.3        12.4  92.2   3.8  46.6            
      12 26  40.7   6.4  20.8  77.7  14.2        17.3 135.4   5.6 214.8            
      12 27  56.7  15.8  31.8  67.9  20.8        17.6 167.6   7.0 205.9            
      12 28  42.2  15.1  32.8  59.0  19.3        36.2 298.2  12.4 113.9            
      12 29  37.4  11.7  24.0  69.6  14.7        24.4 141.7   5.9 204.6            
      12 30  34.4  16.7  24.0  74.2  16.3        14.0 114.5   4.8 124.3            
      12 31  25.6   4.8  14.9  94.3  14.4  0.01  13.4  99.1   4.1 140.2            

      Total                               13.88                         58.59 43.66
        Max 101.0  69.0  83.2  97.3  65.6        57.7 532.5  22.2 754.0
        Min  10.0  -9.4  -0.1  34.0  -5.0        10.0  61.9   2.6  28.0
        Ave  65.0  34.1  49.5  64.7  35.7        25.4 172.4   7.2 389.6
