                                                                    07-JUN-99
      Cellular-linked Weather Station near CROOK, Colorado               1997
      -----------------------------------------------------------------------
               Temperature      Rel   Dew             Wind        Solar Alflf
            ----------------- Humid Point  Prec -----------------   Rad   ETR
       Date   Max   Min   Ave   Ave   Ave Total   Max Total   Ave Total Total
      MoDay     F     F     F     %     F  inch   mph miles   mph Langl  inch
      ----- ----- ----- ----- ----- ----- ----- ----- ----- ----- ----- -----
       1  1  51.6  25.4  37.8  63.4  26.5        16.1 188.1   7.8 116.0      
       1  2  70.0  31.4  43.7  57.3  30.0        16.7 123.9   5.2 126.8      
       1  3  52.0  25.3  39.5  76.6  32.9        22.0 140.9   5.9 123.7      
       1  4  42.4  20.8  34.0  54.9  19.9        46.7 450.0  18.8 121.3      
       1  5  34.0   4.7  19.6  55.5   7.4        16.8 136.8   5.7 208.6      
       1  6  34.8   2.6  16.2  57.1   5.0        15.3 135.3   5.6 229.7      
       1  7  44.3   4.7  24.0  61.4  13.7        16.5 172.0   7.2 221.7      
       1  8  41.1  15.3  30.8  65.8  20.7        25.8 208.2   8.7 168.6      
       1  9  30.8  10.0  21.7  83.4  18.3  0.03  32.7 248.8  10.4  84.1      
       1 10  10.1   2.4   6.2  61.7  -3.8  0.01  36.5 318.9  13.3 132.4      
       1 11   3.0  -4.4  -2.2  66.3 -10.7        21.0 178.7   7.4 153.6      
       1 12   0.9 -16.6  -5.5  70.7 -12.3        11.0  91.9   3.8 212.0      
       1 13   7.6 -17.1  -0.8  73.5  -5.9  0.01  25.3 186.7   7.8 187.5      
       1 14  17.0   2.1   8.3  70.6   0.7        15.1 109.1   4.5 242.1      
       1 15  31.6   6.9  23.1  70.3  15.1  0.08  40.4 337.0  14.0 170.7      
       1 16  20.7  -5.6   8.2  70.7   1.0  0.01  28.5 170.8   7.1 254.7      
       1 17  37.4   1.3  14.9  71.2   8.3        14.8 193.6   8.1 255.4      
       1 18  54.8  16.6  36.0  66.1  26.8        25.6 223.0   9.3 156.4      
       1 19  56.0  22.8  35.0  75.1  27.7        17.8 175.7   7.3 249.9      
       1 20  61.0  22.1  36.6  74.7  29.0        15.8 134.5   5.6 230.2      
       1 21  53.0  29.1  40.8  56.5  26.4        31.5 232.0   9.7 132.4      
       1 22  48.8  18.6  33.5  58.7  20.7  0.01  24.9 167.4   7.0 241.5      
       1 23  36.5  15.2  25.3  76.9  19.0        19.7 130.5   5.4  94.2      
       1 24  35.7   6.9  22.7  63.5  11.9  0.01  35.5 232.4   9.7 272.1      
       1 25  14.4  -1.8   6.2  67.6  -2.2        22.4 242.1  10.1 153.0      
       1 26  37.2   6.6  18.8  59.2   7.6        24.5 133.1   5.5 134.6      
       1 27  29.7   4.8  15.5  60.2   4.4  0.01  24.6 161.1   6.7 266.7      
       1 28  52.2   8.2  29.0  65.6  19.7        40.2 212.4   8.8 254.6      
       1 29  49.0  21.8  36.9  59.8  24.3        21.9 188.8   7.9 285.3      
       1 30  66.2  23.8  40.3  59.8  27.3        29.5 231.7   9.7 263.8      
       1 31  64.4  26.8  46.7  52.6  30.8        26.5 132.8   5.5 202.6      
       2  1  63.5  26.9  47.4  54.4  31.8  0.01  27.5 203.8   8.5 255.7      
       2  2  49.3  21.6  36.5  69.2  27.0        26.6 159.1   6.6 193.7      
       2  3  40.7  26.7  34.0  76.8  27.4  0.01  32.1 216.1   9.0 106.9      
       2  4  37.0  14.2  26.0  71.9  17.9  0.01  23.5 195.7   8.2 228.4      
       2  5  27.9  10.8  22.9  80.4  17.9        12.9 104.7   4.4  85.2      
       2  6  28.6  22.4  24.0  86.3  20.5  0.09  15.3 121.3   5.1 137.1      
       2  7  26.7  -5.3  16.2  79.3  12.2  0.02  17.6 133.3   5.6 274.4      
       2  8  37.1  -5.2  12.4  76.8   8.0        13.1 104.9   4.4 333.8      
       2  9  40.0   1.5  20.9  70.9  13.3  0.01  19.4 140.8   5.9 332.7      
       2 10  42.2  10.7  28.4  66.5  18.5  0.01  21.2 137.8   5.7 330.2      
       2 11  39.4  23.0  31.9  69.3  22.7  0.02  22.9 210.5   8.8 188.5      
       2 12  36.1  21.3  25.8  81.3  20.9  0.11  31.1 260.8  10.9 177.2      
       2 13  42.9  23.4  31.3  70.3  22.2  0.03  24.0 152.6   6.4 321.0      
       2 14  47.3  22.6  33.4  64.2  22.2  0.01  24.4 174.8   7.3 269.4      
       2 15  49.0  24.1  37.0  65.4  26.2  0.09  43.1 266.4  11.1 319.3      
       2 16  62.2  22.0  38.2  68.9  28.7        18.9 158.2   6.6 357.9      
       2 17  65.6  23.8  38.6  69.7  29.3        14.0 114.8   4.8 211.3      
       2 18  52.4  22.3  36.5  72.5  28.3        32.1 187.3   7.8 199.8      
       2 19  58.3  19.1  38.5  75.3  30.9        29.8 229.6   9.6 367.8      
       2 20  46.3  23.8  36.3  65.8  25.2        26.8 235.1   9.8 189.3      
       2 21  45.9  20.7  33.1  67.6  23.1  0.01  30.4 255.7  10.7 297.6      
       2 22  46.2  15.4  29.7  64.1  18.6        30.1 186.4   7.8 362.9      
       2 23  21.9   9.5  18.2  77.0  12.3  0.01  21.8 125.0   5.2 162.3      
       2 24  33.7   6.6  20.5  72.2  12.7        15.1 107.8   4.5 312.3      
       2 25  48.4  12.3  27.5  71.3  19.2        15.4 108.1   4.5 395.8      
       2 26  38.0  23.5  30.3  69.1  21.2  0.05  27.1 207.0   8.6 236.8      
       2 27  42.4  20.8  31.1  74.5  23.7        27.4 231.9   9.7 330.4      
       2 28  37.5  21.0  28.7  83.5  24.5        28.4 244.3  10.2  91.3      
       3  1  43.7   8.1  25.8  66.1  16.1  0.01  27.6 161.2   6.7 426.0  0.08
       3  2  57.8  18.3  36.7  66.8  26.2  0.01  24.6 160.4   6.7 356.0  0.09
       3  3  49.9  18.9  34.4  64.0  22.8  0.11  45.7 312.3  13.0 380.4  0.11
       3  4  27.6  16.4  24.3  80.2  19.0        14.0 113.0   4.7 176.9  0.04
       3  5  47.2  11.8  27.2  68.1  17.7  0.06  31.4 242.0  10.1 436.8  0.11
       3  6  65.6  14.9  37.3  61.6  25.5        21.8 115.7   4.8 387.8  0.10
       3  7  59.2  22.2  39.7  55.9  25.9        27.4 185.6   7.7 456.9  0.12
       3  8  69.6  19.9  46.9  50.6  30.1        27.3 163.0   6.8 459.6  0.13
       3  9  55.9  27.2  39.9  57.5  26.0        27.7 201.2   8.4 463.1  0.13
       3 10  72.4  28.8  51.1  49.1  33.4  0.01  34.3 289.7  12.1 472.8  0.20
       3 11  70.3  23.7  48.5  56.0  33.3        23.5 218.1   9.1 459.4  0.17
       3 12  53.5  25.2  38.8  66.9  28.5        16.8 134.7   5.6 324.6  0.10
       3 13  33.5  13.2  27.8  71.0  20.4        30.6 303.5  12.6 173.2  0.07
       3 14  22.6   5.7  14.8  65.4   5.8        20.8 146.3   6.1 339.9  0.07
       3 15  39.6   6.6  25.3  65.4  15.1        20.3 151.7   6.3 462.9  0.08
       3 16  69.7  22.3  44.4  59.4  31.9        20.6 129.7   5.4 327.2  0.09
       3 17  65.1  34.1  47.6  64.1  35.5  0.11  43.5 141.6   5.9 218.8  0.06
       3 18  61.2  27.7  45.7  58.9  31.9  0.01  28.1 184.9   7.7 510.2  0.14
       3 19  76.5  26.9  54.1  50.6  36.4        26.5 200.9   8.4 472.3  0.18
       3 20  82.7  37.9  59.5  43.6  38.0        23.5 213.3   8.9 441.3  0.21
       3 21  62.3  24.2  50.3  47.5  31.8        30.5 261.7  10.9 476.1  0.17
       3 22  69.5  20.6  43.7  54.0  29.0        23.9 172.0   7.2 460.5  0.19
       3 23  62.7  21.5  43.4  56.9  29.3        22.4 171.7   7.2 464.9  0.16
       3 24  45.9  23.5  39.0  61.8  27.4  0.01  34.6 322.3  13.4 232.8  0.10
       3 25  59.0  18.4  38.8  55.8  24.6        21.6 190.8   8.0 550.8  0.16
       3 26  73.6  27.8  50.6  48.8  33.0        18.3 181.3   7.6 552.7  0.19
       3 27  75.4  21.3  48.3  50.3  32.1  0.01  49.2 312.7  13.0 372.4  0.24
       3 28  60.1  33.0  44.2  52.3  28.0        33.5 252.6  10.5 558.7  0.20
       3 29  52.5  19.5  40.0  52.9  25.1  0.01  33.2 269.5  11.2 398.9  0.14
       3 30  68.9  13.1  44.8  45.5  27.8        26.6 207.7   8.7 570.6  0.20
       3 31  78.6  25.2  54.9  41.2  33.7  0.01  37.0 246.7  10.3 559.9  0.23
       4  1  57.0  42.1  49.1  44.9  28.7        28.6 292.2  12.2 484.5  0.19
       4  2  43.9  31.4  35.8  83.5  31.2  0.08  33.1 250.9  10.5 119.9  0.08
       4  3  73.5  25.0  49.2  67.9  38.7        28.4 205.3   8.6 571.9  0.20
       4  4  63.9  36.3  49.4  77.1  42.2  0.36  32.4 241.4  10.1 190.4  0.09
       4  5  38.0  21.7  26.6  78.8  21.2  0.11  51.2 626.8  26.1 346.9  0.16
       4  6  38.7  21.9  28.1  62.9  17.0        46.7 350.3  14.6 521.5  0.16
       4  7  57.4  15.5  33.8  63.4  22.9  0.03  28.5 217.4   9.1 527.5  0.16
       4  8  36.0  16.5  25.2  60.1  13.0        23.5 208.3   8.7 368.3  0.10
       4  9  27.0  19.1  22.4  78.5  16.4        26.5 292.4  12.2  61.7  0.04
       4 10  23.7  16.1  20.2  80.6  15.1  0.03  22.9 243.1  10.1 243.1  0.05
       4 11  21.3  10.6  15.9  74.9   9.3  0.01  25.0 268.1  11.2 495.0  0.08
       4 12  33.7  10.7  21.0  67.5  12.1        21.5 211.1   8.8 507.9  0.09
       4 13  51.0  10.1  29.7  66.2  19.9        23.7 169.0   7.0 640.0  0.13
       4 14  64.4  18.6  43.0  58.9  29.8  0.02  31.2 255.0  10.6 602.9  0.18
       4 15  61.9  34.8  49.5  58.4  35.2        29.7 188.1   7.8 549.9  0.14
       4 16  67.2  32.4  47.3  65.2  35.3        18.6  91.2   3.8 577.7  0.16
       4 17  79.9  27.4  53.7  56.0  37.6        22.3 169.1   7.0 640.6  0.24
       4 18  74.2  34.0  55.5  56.7  40.3        30.0 183.2   7.6 583.3  0.21
       4 19  81.1  36.7  61.4  56.7  43.9  0.01  31.0 178.0   7.4 552.0  0.22
       4 20  70.0  46.2  57.9  61.8  44.2  0.01  26.0 198.7   8.3 530.0  0.20
       4 21  62.0  43.8  53.0  53.5  36.5  0.01  34.8 305.2  12.7 545.2  0.24
       4 22  61.2  29.5  46.8  57.3  32.0        36.0 318.8  13.3 632.6  0.25
       4 23  59.6  27.7  46.0  61.8  32.8        28.6 179.9   7.5 604.7  0.19
       4 24  53.6  33.4  44.2  62.4  31.9        27.2 272.0  11.3 254.1  0.13
       4 25  56.5  20.1  41.4  60.3  28.1        29.7 159.8   6.7 620.5  0.17
       4 26  60.4  26.9  44.0  66.4  32.9        25.7 142.2   5.9 494.7  0.15
       4 27  70.0  27.1  49.8  58.8  35.1        20.1 168.7   7.0 644.8  0.21
       4 28  68.9  42.9  54.1  62.9  41.6  0.01  36.2 169.5   7.1 450.9  0.17
       4 29  64.3  41.1  51.5  78.6  44.9  0.04  27.6 203.9   8.5 357.2  0.14
       4 30  59.1  34.4  45.4  70.7  35.9        26.4 215.9   9.0 509.8  0.18
       5  1  62.7  37.7  51.2  57.8  36.8  0.02  36.7 278.4  11.6 365.3  0.18
       5  2  54.1  27.3  42.7  67.3  32.3  0.05  43.6 371.6  15.5 318.2  0.16
       5  3  63.8  23.7  44.5  63.2  32.1        24.8 113.0   4.7 633.2  0.19
       5  4  82.2  26.0  58.1  52.0  40.3        33.8 171.0   7.1 622.6  0.25
       5  5  74.6  39.6  59.2  52.7  41.3        25.6 132.3   5.5 690.7  0.22
       5  6  80.5  41.3  62.8  50.9  44.4        17.8 104.4   4.3 568.1  0.21
       5  7  72.9  43.9  59.6  53.5  42.6        31.7 225.3   9.4 569.8  0.25
       5  8  62.8  30.3  50.3  52.2  33.9        28.5 216.8   9.0 616.9  0.24
       5  9  72.7  23.8  52.1  54.3  36.3        23.3 174.9   7.3 704.0  0.27
       5 10  81.7  32.9  59.8  52.8  41.9        22.1 143.3   6.0 714.0  0.28
       5 11  57.6  28.7  50.1  55.0  34.5  0.01  33.5 231.0   9.6 353.8  0.15
       5 12  67.8  25.3  48.0  58.6  33.9        27.8 175.3   7.3 657.0  0.24
       5 13  76.1  32.1  57.9  49.3  39.2  0.01  36.2 305.7  12.7 592.7  0.29
       5 14  70.9  37.3  55.5  53.9  39.1        18.3 101.9   4.2 506.6  0.18
       5 15  77.2  32.9  57.6  56.9  41.4        17.5  79.0   3.3 674.2  0.23
       5 16  83.8  41.3  65.1  56.3  48.2        23.8 150.8   6.3 660.1  0.27
       5 17  84.8  48.5  66.8  56.1  50.4  0.02  36.5 137.8   5.7 514.7  0.23
       5 18  74.5  44.6  58.9  64.1  46.8        38.3 242.3  10.1 603.7  0.28
       5 19  63.8  37.9  50.7  70.0  40.9        19.4 163.5   6.8 562.2  0.22
       5 20  74.3  44.6  59.6  64.4  47.4        31.6 300.5  12.5 664.7  0.30
       5 21  70.5  52.1  59.9  71.9  50.9  0.01  34.2 340.9  14.2 350.4  0.20
       5 22  62.1  54.3  57.5  87.2  53.7  0.01  18.6 178.0   7.4 170.9  0.08
       5 23  66.2  45.3  57.1  87.1  53.2  0.06  23.8 165.9   6.9 318.8  0.11
       5 24  71.7  41.2  55.8  83.4  50.9  2.59  47.4 207.5   8.6 336.2  0.16
       5 25  63.1  43.9  53.1  86.1  48.8  0.92  21.2 141.5   5.9 298.6  0.12
       5 26  51.6  42.3  48.2  91.8  46.0  0.80  19.4 144.6   6.0 147.0  0.06
       5 27  60.2  46.0  51.1  78.5  44.4        18.3 139.5   5.8 416.1  0.15
       5 28  64.3  44.1  52.9  73.0  44.1  0.01  11.5  71.6   3.0 508.2  0.16
       5 29  66.5  48.3  55.9  84.2  51.0  0.57  13.7 100.8   4.2 359.5  0.12
       5 30  70.9  53.3  60.5  75.6  52.0  0.01  13.8  74.9   3.1 585.5  0.18
       5 31  84.5  54.6  68.7  62.8  54.6  0.02  19.8  96.0   4.0 726.4  0.26
       6  1  87.6  56.4  72.5  63.5  58.5  0.06  28.6 224.6   9.4 623.5  0.30
       6  2  78.2  56.4  65.8  77.6  58.1  1.54  35.6 191.4   8.0 451.6  0.22
       6  3  73.8  51.0  62.2  77.7  54.5  0.19  28.9 196.1   8.2 530.3  0.23
       6  4  72.7  46.4  58.8  77.0  51.1        20.0 156.5   6.5 492.9  0.22
       6  5  79.3  57.1  67.1  68.3  56.0        22.6 240.6  10.0 622.4  0.28
       6  6  77.1  58.7  66.3  69.9  55.9        20.1 167.1   7.0 334.0  0.19
       6  7  81.0  51.5  67.6  70.3  57.1  0.03  27.5 198.7   8.3 578.1  0.25
       6  8  79.0  59.4  68.4  67.3  56.3        31.9 258.8  10.8 381.3  0.24
       6  9  69.1  50.8  60.8  81.1  54.7  0.01  22.6 219.3   9.1 379.4  0.17
       6 10  73.6  49.6  61.8  73.0  52.5  0.53  28.4 232.5   9.7 521.7  0.24
       6 11  81.8  48.5  64.2  74.3  54.9  0.17  32.7 142.8   6.0 608.1  0.26
       6 12  73.5  49.7  61.4  78.7  54.3  0.01  19.1 147.9   6.2 594.0  0.22
       6 13  74.2  54.3  62.0  76.7  54.0        14.0 120.3   5.0 518.0  0.21
       6 14  80.3  53.9  65.8  76.6  57.7  0.63  35.5 227.4   9.5 543.7  0.25
       6 15  77.8  53.2  64.6  76.0  56.2  0.33  37.5 180.9   7.5 682.5  0.27
       6 16  78.5  49.3  63.9  71.5  53.2         9.8  88.0   3.7 714.7  0.26
       6 17  79.6  50.7  65.9  71.8  55.5        22.1 117.7   4.9 611.4  0.24
       6 18  88.0  50.7  68.3  71.8  57.7  0.03  40.4 150.2   6.3 633.3  0.29
       6 19  89.8  55.1  69.9  75.0  60.7        21.9 104.8   4.4 577.4  0.26
       6 20  86.2  55.8  70.0  76.1  61.5  0.20  28.7 146.2   6.1 651.1  0.28
       6 21  85.3  60.8  71.0  74.2  61.5  0.01  21.5 115.0   4.8 622.5  0.27
       6 22  91.7  59.8  78.3  59.1  61.4  0.14  35.8 248.7  10.4 723.9  0.37
       6 23  85.1  60.8  73.4  68.4  62.1        21.3 172.0   7.2 710.4  0.31
       6 24  78.0  57.5  67.9  75.9  59.6  0.03  21.6 138.4   5.8 631.8  0.26
       6 25  79.0  52.0  62.7  84.0  57.5  0.45  27.6 120.9   5.0 427.2  0.22
       6 26  81.8  45.7  65.5  74.5  57.1  0.02  22.0 156.1   6.5 720.7  0.28
       6 27  91.9  53.3  71.7  68.7  59.6        22.0 127.5   5.3 705.5  0.32
       6 28  89.2  51.8  71.7  64.6  57.5        13.4  93.1   3.9 701.8  0.29
       6 29  87.1  57.5  73.1  61.0  58.6        14.5 111.6   4.7 724.1  0.30
       6 30  94.1  52.1  75.1  60.9  59.7        17.3  84.3   3.5 728.8  0.31
       7  1  84.5  58.5  74.2  54.3  55.3  0.03  40.9 303.9  12.7 743.4  0.40
       7  2  76.8  48.8  64.1  53.0  46.5        23.2 146.6   6.1 740.8  0.33
       7  3  70.2  47.0  59.2  66.1  47.7        22.6 159.4   6.6 561.0  0.25
       7  4  79.2  40.7  61.2  67.4  49.5        15.4 106.9   4.5 630.7  0.26
       7  5  80.9  46.1  65.3  65.7  52.9        20.2 123.4   5.1 651.1  0.26
       7  6  84.7  48.0  67.5  67.3  55.1  0.22  29.4 183.0   7.6 635.6  0.29
       7  7  85.1  53.7  71.7  65.9  59.1        28.0 156.9   6.5 723.5  0.29
       7  8  86.7  60.7  73.9  63.8  60.3        24.4 162.8   6.8 632.6  0.29
       7  9  92.0  60.4  77.4  55.0  58.7        19.8 177.5   7.4 717.3  0.36
       7 10  96.2  60.1  79.8  51.2  58.7  0.01  32.0 212.1   8.8 606.3  0.38
       7 11  89.3  62.3  72.1  71.3  61.5  0.28  28.2 143.2   6.0 347.0  0.26
       7 12  93.1  58.3  75.3  61.5  58.7  0.12  34.0 154.3   6.4 676.2  0.36
       7 13  86.0  51.9  70.2  50.8  49.3        29.9 188.1   7.8 726.7  0.38
       7 14  92.6  48.9  72.0  57.4  53.6        24.0 145.7   6.1 620.0  0.34
       7 15 100.1  55.1  78.3  51.3  56.8        18.5 119.3   5.0 635.0  0.35
       7 16 104.2  53.2  78.6  48.0  54.3        27.7 179.7   7.5 600.7  0.43
       7 17 103.0  57.0  81.9  44.3  55.8        34.7 173.7   7.2 654.5  0.42
       7 18  98.6  55.4  80.8  46.2  56.1        25.0 170.8   7.1 681.8  0.40
       7 19  89.0  57.4  72.4  70.4  61.4  0.14  29.7 146.5   6.1 445.6  0.27
       7 20  86.5  61.2  73.2  68.5  61.5  0.01  14.5  87.9   3.7 673.1  0.29
       7 21  88.7  59.3  73.6  71.5  62.6        18.3 135.3   5.6 594.4  0.28
       7 22  94.9  67.0  80.6  54.1  61.2  0.09  29.4 161.7   6.7 672.1  0.35
       7 23  97.2  62.3  81.8  52.1  60.6        22.2 144.7   6.0 686.6  0.35
       7 24  96.5  61.5  79.0  56.4  60.3        17.8 101.3   4.2 617.2  0.32
       7 25  94.3  61.6  73.5  68.9  61.1  0.03  39.6 112.9   4.7 412.9  0.29
       7 26  92.1  56.6  74.1  67.5  61.0  0.11  36.8 103.3   4.3 666.6  0.31
       7 27  81.3  63.7  71.2  76.0  62.9  0.01  20.0 146.1   6.1 367.5  0.20
       7 28  76.3  62.6  69.1  80.4  62.6        17.5 159.4   6.6 316.2  0.16
       7 29  77.0  63.1  69.0  86.6  64.7  0.42  24.1 227.3   9.5 354.1  0.17
       7 30  81.1  64.8  71.6  86.1  67.0  1.42  28.1 247.8  10.3 423.9  0.20
       7 31  88.8  67.0  75.7  73.2  65.9        21.9 124.7   5.2 584.5  0.26
       8  1  87.1  64.6  75.0  73.9  65.4        13.3  90.2   3.8 638.4  0.25
       8  2  89.4  61.2  75.4  71.4  64.5        18.8  83.5   3.5 647.7  0.26
       8  3  89.2  60.1  74.7  72.2  64.4        17.5  96.6   4.0 626.0  0.26
       8  4  85.3  62.9  73.5  72.7  63.1  0.03  18.9  97.7   4.1 633.2  0.26
       8  5  68.5  60.7  64.6  93.2  62.7  1.51  21.1 115.0   4.8 146.3  0.08
       8  6  77.2  57.3  64.8  81.9  58.9  0.12  14.9  95.1   4.0 368.6  0.17
       8  7  78.3  50.3  65.0  70.1  54.7        20.9  98.7   4.1 534.6  0.21
       8  8  86.2  52.3  70.3  68.2  59.2        17.8 111.8   4.7 605.3  0.24
       8  9  73.8  59.5  65.7  68.9  54.9  0.09  33.0 192.2   8.0 509.3  0.23
       8 10  60.9  55.2  57.4  91.1  54.8  0.23  16.8 159.2   6.6  87.7  0.07
       8 11  69.6  52.5  58.0  86.2  54.0  0.02  14.2 101.0   4.2 269.5  0.13
       8 12  81.4  50.3  64.0  73.8  54.8  0.06  17.2  72.9   3.0 536.3  0.19
       8 13  86.8  50.7  66.2  74.5  56.9  0.05  34.7 100.8   4.2 638.3  0.25
       8 14  81.1  52.2  65.3  69.2  53.6  0.04  37.3 164.2   6.8 535.3  0.25
       8 15  85.9  51.5  69.9  65.6  56.3        24.3 157.1   6.5 645.0  0.28
       8 16  77.3  53.1  66.2  71.5  56.1        22.6 162.4   6.8 599.0  0.24
       8 17  74.4  56.3  64.0  78.2  56.7        18.9 140.3   5.8 471.5  0.19
       8 18  81.2  57.9  68.3  76.5  60.6  0.01  23.2 155.0   6.5 389.8  0.19
       8 19  82.7  50.6  65.4  75.3  56.6        18.2 102.2   4.3 491.8  0.20
       8 20  84.3  51.0  68.4  73.7  59.2        17.6  94.7   3.9 577.9  0.21
       8 21  87.5  57.0  72.6  71.9  62.0        18.9 120.7   5.0 559.8  0.23
       8 22  87.5  52.3  70.0  69.0  58.4        11.6  61.4   2.6 604.7  0.22
       8 23  95.4  52.6  71.9  67.1  59.4        13.8  96.7   4.0 606.1  0.28
       8 24  94.2  50.3  72.3  64.4  58.2        15.1  97.9   4.1 598.5  0.27
       8 25  89.8  57.3  72.7  69.6  61.7        13.5 108.5   4.5 584.2  0.25
       8 26  88.4  59.7  71.1  78.2  63.0  0.53  30.7 100.2   4.2 310.0  0.17
       8 27  90.8  58.2  73.3  73.4  62.5  0.01  10.4  57.9   2.4 570.7  0.22
       8 28  93.9  59.6  74.9  66.1  60.6        17.7  94.0   3.9 582.1  0.26
       8 29  93.2  59.1  75.8  60.0  59.2  0.05  32.2 157.2   6.5 564.5  0.29
       8 30  89.3  54.6  71.9  61.4  56.3        16.7  92.3   3.8 538.4  0.24
       8 31  87.6  58.8  74.0  64.8  60.0        29.1 186.4   7.8 549.6  0.28
       9  1  87.5  57.7  72.7  69.9  60.9        28.5 160.4   6.7 507.6  0.25
       9  2  72.6  61.1  65.8  79.2  59.0  0.01  17.0 155.9   6.5 234.8  0.14
       9  3  79.3  60.7  67.8  78.7  60.4        20.2 211.9   8.8 403.9  0.22
       9  4  89.8  56.3  70.0  74.6  60.5  0.13  31.0 111.2   4.6 520.2  0.23
       9  5  87.6  57.6  70.5  75.3  61.1  0.01  14.4  62.8   2.6 529.8  0.19
       9  6  90.9  54.7  69.8  73.5  59.9  0.21  20.8  94.8   4.0 409.4  0.20
       9  7  88.0  54.7  69.1  67.8  56.6  0.02  21.9 124.7   5.2 453.8  0.23
       9  8  90.1  51.3  67.9  63.4  53.2  0.07  32.9 171.3   7.1 557.6  0.31
       9  9  78.9  52.4  62.5  67.0  50.2        12.4  64.6   2.7 518.7  0.19
       9 10  86.6  46.9  67.6  63.9  53.5        21.7 117.1   4.9 535.4  0.22
       9 11  88.6  50.0  70.0  64.1  55.9        23.5 139.1   5.8 508.8  0.23
       9 12  84.0  56.5  68.1  68.0  56.0        24.7 100.6   4.2 378.2  0.17
       9 13  87.5  49.0  70.7  61.7  56.1        30.9 149.7   6.2 441.1  0.21
       9 14  87.7  62.1  71.9  67.7  59.9        21.2  88.7   3.7 356.9  0.17
       9 15  90.7  49.7  72.0  61.8  55.9        23.4 159.0   6.6 456.9  0.24
       9 16  74.9  47.6  63.9  55.9  47.5        28.2 128.2   5.3 294.7  0.16
       9 17  83.3  39.4  62.1  59.9  46.5        24.5 129.8   5.4 514.7  0.24
       9 18  88.4  46.9  67.6  59.0  51.8  0.01  35.3 161.5   6.7 386.1  0.23
       9 19  63.9  45.6  53.7  71.9  44.4  0.01  25.7 217.8   9.1 425.4  0.19
       9 20  53.8  44.7  49.2  72.6  40.4  0.06  16.1 132.3   5.5 177.4  0.10
       9 21  50.4  45.7  48.3  77.7  41.8  0.04  25.1 185.9   7.7  58.3  0.07
       9 22  56.6  48.1  51.5  83.1  46.5        16.1 150.3   6.3 118.5  0.06
       9 23  53.4  47.7  50.1  81.7  44.7  0.09  17.7 156.1   6.5 120.4  0.06
       9 24  69.2  41.3  53.9  82.6  48.1  0.02   9.6  61.9   2.6 375.5  0.10
       9 25  85.1  39.8  57.3  72.1  46.7        12.6  98.4   4.1 480.8  0.19
       9 26  88.6  42.0  62.8  68.6  51.2        15.5  78.1   3.3 435.3  0.16
       9 27  81.6  37.8  61.9  62.8  48.9  0.09  36.5 203.5   8.5 448.6  0.21
       9 28  74.0  35.5  52.1  67.6  40.2        21.8 172.3   7.2 437.5  0.21
       9 29  78.3  38.6  55.9  62.7  42.4        20.6 143.3   6.0 466.7  0.21
       9 30  83.8  34.8  56.3  67.7  44.4        14.7  85.9   3.6 449.7  0.17
      10  1  89.4  41.8  63.2  63.3  49.1        15.4 118.6   4.9 448.1  0.19
      10  2  90.5  42.1  63.0  66.5  49.9        14.8  82.2   3.4 440.4  0.18
      10  3  74.0  40.1  58.1  62.8  44.5        28.5 163.9   6.8 356.0  0.17
      10  4  84.2  34.3  60.3  60.3  45.2        26.5 172.2   7.2 434.2  0.22
      10  5  80.6  38.2  60.0  60.3  44.8        19.4 118.5   4.9 436.8  0.17
      10  6  72.3  42.8  56.3  63.2  43.3        25.6 161.6   6.7 412.0  0.17
      10  7  84.0  40.2  63.4  65.5  50.4        31.3 212.3   8.8 354.0  0.20
      10  8  68.9  42.4  54.2  68.1  44.6  0.02  33.3 291.4  12.1 151.1  0.16
      10  9  66.7  26.7  48.6  64.1  36.0        28.4 184.9   7.7 414.5  0.17
      10 10  82.3  29.5  59.9  61.3  46.5  0.01  36.8 219.2   9.1 363.4  0.20
      10 11  84.5  49.4  69.1  65.1  56.0  0.34  46.0 416.4  17.4 366.6  0.25
      10 12  50.0  29.5  41.3  78.2  35.3  0.45  38.4 339.7  14.2  65.6  0.09
      10 13  55.8  29.3  43.7  61.9  31.0        37.0 243.6  10.2 344.2  0.15
      10 14  66.5  33.8  47.8  68.3  37.2        18.7 125.9   5.2 391.1  0.13
      10 15  64.3  35.2  48.0  72.3  38.8        15.7 141.0   5.9 384.9  0.11
      10 16  68.4  29.0  49.9  69.7  40.0        18.6 127.9   5.3 380.8  0.11
      10 17  81.2  30.2  50.2  70.4  39.5        12.4  71.5   3.0 381.3  0.13
      10 18  75.8  36.7  53.9  62.7  40.1        22.9 147.3   6.1 371.0  0.15
      10 19  51.8  43.2  46.1  72.1  37.6  0.01  21.5 144.0   6.0 153.2  0.07
      10 20  52.1  42.9  45.4  63.1  33.6        15.3 125.9   5.2 117.5  0.08
      10 21  53.2  38.4  44.6  70.3  35.5        13.3  98.1   4.1 139.8  0.06
      10 22  68.3  29.0  45.4  74.2  36.6  0.01  14.9  71.8   3.0 343.1  0.09
      10 23  61.7  30.0  48.0  62.6  35.5        19.0 155.2   6.5 291.7  0.09
      10 24  45.5  20.7  33.8  86.3  30.4  0.76  38.3 336.3  14.0  80.1  0.07
      10 25  20.8  13.7  17.9  82.9  13.6  0.03  47.0 572.4  23.9 133.1  0.07
      10 26  35.2   1.4  19.9  76.9  14.7        17.7 166.7   6.9 358.7  0.07
      10 27  46.5  19.0  30.6  75.6  24.2  0.01  20.8 210.8   8.8 340.5  0.07
      10 28  54.9  27.0  38.7  74.8  30.6        18.0 143.2   6.0 336.7  0.06
      10 29  57.1  27.0  38.5  77.3  31.5        17.5 177.3   7.4 212.1  0.08
      10 30  66.5  30.5  47.1  67.7  36.2        30.4 224.9   9.4 308.0  0.12
      10 31  62.1  29.3  41.9  73.8  33.7  0.01  47.4 243.7  10.2 183.9  0.12
      11  1  54.4  29.5  41.4  65.0  29.9        38.8 315.2  13.1 323.7      
      11  2  50.7  32.6  41.4  55.9  26.9        53.5 468.3  19.5 293.0      
      11  3  58.3  24.0  40.0  61.5  27.9        16.4 154.9   6.5 278.9      
      11  4  62.6  30.7  47.4  62.2  34.6        37.8 211.2   8.8 226.4      
      11  5  55.3  28.5  40.4  76.3  33.0        14.1  85.0   3.5 289.7      
      11  6  64.5  21.7  39.6  74.2  31.7        13.0  65.5   2.7 297.3      
      11  7  71.7  23.8  42.6  72.4  33.8        13.9  82.0   3.4 298.5      
      11  8  46.5  30.5  38.1  79.6  32.2        28.1 266.5  11.1  56.4      
      11  9  32.7  23.5  29.9  81.8  25.1        22.6 224.3   9.3  82.1      
      11 10  31.2  22.3  26.0  74.6  19.2        16.7 123.3   5.1 100.3      
      11 11  32.8  15.9  26.0  45.1   8.6        25.6 135.4   5.6 155.4      
      11 12  38.3  21.3  27.5  51.8  13.3        18.0 159.2   6.6 174.6      
      11 13  40.7  12.8  25.3  69.3  16.5  0.04  30.8 268.1  11.2 271.5      
      11 14  26.6   8.4  17.7  63.4   7.3        35.4 311.8  13.0 237.3      
      11 15  32.6   3.0  15.6  69.7   7.3        16.9 104.3   4.3 271.9      
      11 16  43.9   8.9  21.2  67.4  12.3        17.0 173.0   7.2 277.9      
      11 17  51.7  16.5  31.0  65.9  20.9        28.4 217.5   9.1 259.8      
      11 18  52.5  21.7  36.1  61.8  23.8        29.2 231.0   9.6 266.5      
      11 19  49.0  19.2  31.7  68.7  22.2        11.5  95.9   4.0 134.8      
      11 20  52.9  18.5  38.7  63.5  27.1        21.0 163.7   6.8 205.7      
      11 21  53.1  17.3  33.6  69.7  24.1        26.9 167.5   7.0 201.8      
      11 22  47.9  14.8  28.5  72.8  20.4        21.1 130.6   5.4 173.4      
      11 23  40.6  10.8  27.2  75.1  20.4        16.1 127.0   5.3 149.2      
      11 24  62.5  22.8  36.3  67.0  26.4        17.5 183.4   7.6 251.0      
      11 25  66.2  25.0  42.3  61.5  29.5  0.01  30.0 203.6   8.5 203.6      
      11 26  44.8  16.7  33.5  71.3  24.7        25.5 149.2   6.2 100.9      
      11 27  59.6  21.2  41.6  63.8  29.9  0.01  32.4 187.6   7.8 152.9      
      11 28  53.1  28.3  40.9  57.4  27.0        25.3 151.9   6.3 152.6      
      11 29  54.4  19.1  37.5  64.7  26.5        24.8 181.2   7.5 234.3      
      11 30  50.3  12.2  29.7  73.0  21.9        20.2 107.7   4.5 223.4      
      12  1  45.7  23.1  34.1  70.8  25.3        14.1  97.3   4.1 173.0      
      12  2  35.1  26.7  32.0  72.8  24.2        21.7 198.6   8.3  44.2      
      12  3  41.8  20.8  30.1  68.4  20.4        23.5 174.0   7.3 221.0      
      12  4  34.3  10.6  24.6  64.8  14.3        28.8 156.1   6.5 225.2      
      12  5  34.5   4.5  15.4  72.2   7.9        11.4  61.3   2.6 219.3      
      12  6  42.3   3.6  20.9  72.6  14.3        18.6  92.3   3.8 189.8      
      12  7  30.6  16.2  25.3  86.8  22.1        12.9  88.4   3.7  31.7      
      12  8  53.9  14.2  30.5  77.5  24.0        17.7 121.3   5.1 210.3      
      12  9  30.3  25.3  27.2  87.3  24.0  0.01  21.5 192.5   8.0 124.1      
      12 10  29.2  24.0  26.0  80.3  20.8  0.05  27.7 245.4  10.2 100.0      
      12 11  30.3   8.3  21.8  64.2  11.8        25.9 213.1   8.9 226.1      
      12 12  41.2   7.2  26.7  57.3  14.3  0.01  28.9 293.8  12.2 224.9      
      12 13  52.1  24.7  36.9  51.1  21.2        26.6 294.4  12.3 221.7      
      12 14  54.0  13.0  31.3  71.6  23.0  0.03  18.8 173.9   7.2 221.7      
      12 15  56.2  19.7  34.0  70.6  24.9        23.5 175.5   7.3 163.2      
      12 16  50.6  20.9  32.3  74.0  24.3        20.1 146.0   6.1 218.7      
      12 17  53.0  23.5  32.5  75.1  24.7        16.1 142.0   5.9 140.3      
      12 18  48.9  20.7  31.7  78.9  25.3         9.9  92.5   3.9 155.4      
      12 19  34.6  18.8  27.7  84.0  23.5        18.9 162.2   6.8  77.9      
      12 20  42.1  16.7  27.7  85.1  23.6        18.3 136.1   5.7 189.2      
      12 21  30.6  17.2  23.7  94.0  22.3         9.9  95.9   4.0  85.5      
      12 22  39.5  12.5  26.8  70.3  17.6        20.3 149.4   6.2 186.7      
      12 23  43.8   7.9  25.5  74.2  18.4  0.02  13.7  87.3   3.6 209.2      
      12 24  29.4  24.9  26.9  85.3  23.1  0.13  21.4 261.2  10.9  67.3      
      12 25  29.7  12.5  22.0  81.1  17.3  0.05  16.8 193.5   8.1 200.2      
      12 26  36.3  13.1  27.4  70.9  19.3        22.9 233.2   9.7 209.6      
      12 27  43.4  10.9  24.1  73.6  17.0  0.02  37.3 304.4  12.7  78.0      
      12 28  36.5  25.9  29.9  55.5  15.7        36.4 418.2  17.4 215.2      
      12 29  46.2  34.1  39.8  65.1  28.5  0.01  25.0 244.1  10.2  84.9      
      12 30  42.3  22.6  34.1  71.0  25.0  0.02  28.0 193.4   8.1 121.6      
      12 31  52.6  19.2  31.9  78.9  25.3        16.4 147.3   6.1 219.1      

      Total                               19.70                         48.95
        Max 104.2  67.0  81.9  94.0  67.0        53.5 626.8  26.1 743.4
        Min   0.9 -17.1  -5.5  41.2 -12.3         9.6  57.9   2.4  31.7
        Ave  63.0  33.5  48.0  67.7  37.1        24.6 175.8   7.3 386.5
