                                                                    07-JUN-00
      Cellular-linked Weather Station near CROOK, Colorado               1998
      -----------------------------------------------------------------------------
               Temperature      Rel   Dew             Wind        Solar StandrdASCE
            ----------------- Humid Point  Prec -----------------   Rad   ETr   ETo
       Date   Max   Min   Ave   Ave   Ave Total   Max Total   Ave Total Alflf Grass
      MoDay     F     F     F     %     F  inch   mph miles   mph Langl  inch  inch
      ----- ----- ----- ----- ----- ----- ----- ----- ----- ----- ----- ----- -----
       1  1  62.7  24.1  39.1  67.2  27.0        12.6 129.9   5.4 221.2            
       1  2  50.7  25.6  34.4  79.6  28.3        12.2 118.7   4.9 122.7            
       1  3  30.8  19.8  22.0  80.1  17.2        22.0 160.7   6.7  89.1            
       1  4  43.0  19.2  27.4  84.5  23.4        13.0 103.5   4.3 154.9            
       1  5  43.8  15.8  27.4  87.1  24.0        12.6  88.5   3.7 207.0            
       1  6  40.9  12.4  27.8  74.1  19.9  0.01  16.8 117.6   4.9 207.7            
       1  7  45.3   9.7  22.3  68.5  12.0        14.1 127.0   5.3 233.8            
       1  8  50.0   9.3  26.0  65.7  14.1        25.4 165.7   6.9 229.5            
       1  9  21.9   8.1  14.4  67.3   5.4        20.7 162.4   6.8 225.8            
       1 10  25.5  10.0  18.6  76.0  12.4        13.3 151.4   6.3 113.7            
       1 11  40.4  12.7  22.8  81.2  17.5        21.2 191.6   8.0 170.0            
       1 12  16.2   1.3   8.8  85.3   5.5        21.4 132.9   5.5 221.5            
       1 13  31.3  14.3  22.8  88.8  20.3        15.0 153.4   6.4 115.2            
       1 14  48.2  14.1  30.5  63.0  17.6        20.2 158.9   6.6 231.3            
       1 15  43.9   9.6  27.9  66.0  17.6  0.02  15.5 129.4   5.4  98.5            
       1 16  44.5  26.4  34.0  57.1  19.2        19.1 183.2   7.6 246.3            
       1 17  45.5  20.6  33.5  70.3  25.1  0.01  32.3 152.6   6.4  86.2            
       1 18  48.4  19.0  33.9  71.3  24.7        23.5 165.4   6.9 233.7            
       1 19  44.2  15.5  29.3  80.5  23.8        16.6 124.3   5.2 186.3            
       1 20  37.5  20.4  29.5  88.5  25.9        18.5 143.3   6.0 104.0            
       1 21  37.5  11.6  23.3  81.4  18.2        11.8  82.1   3.4 198.7            
       1 22  42.9   8.9  25.8  62.6  12.6  0.01  20.3 138.3   5.8 263.5            
       1 23  43.0  15.3  28.6  57.6  14.3        27.0 187.2   7.8 265.8            
       1 24  45.1  12.5  29.5  63.4  17.9        17.5 150.8   6.3 117.3            
       1 25  50.7  26.2  37.6  58.2  23.0        19.1 158.7   6.6 175.9            
       1 26  54.6  22.2  34.8  52.0  16.6        16.0 143.9   6.0 277.2            
       1 27  58.7  16.1  33.8  54.6  16.6         9.5  96.7   4.0 238.4            
       1 28  52.9  19.1  35.3  56.8  20.4        27.8 207.8   8.7 236.5            
       1 29  56.1  14.7  31.0  64.1  18.0        14.0 119.3   5.0 285.1            
       1 30  60.1  13.7  33.7  54.9  16.0        11.8 120.0   5.0 277.6            
       1 31  48.2  23.6  35.2  70.7  26.6        20.9 168.4   7.0 188.0            
       2  1  51.5  16.1  29.3  69.7  19.0        17.6 121.3   5.1 276.6            
       2  2  46.9  13.1  27.6  72.3  19.4        12.5  97.6   4.1 223.9            
       2  3  37.3  25.2  30.7  93.2  28.8        20.6 205.8   8.6 133.2            
       2  4  36.5  27.4  32.2  90.1  29.6        22.7 263.8  11.0  60.8            
       2  5  37.0  26.9  30.6  90.6  28.0  0.01  15.3 175.7   7.3 130.5            
       2  6  45.7  26.3  33.2  81.7  27.5  0.01  23.7 148.3   6.2 229.7            
       2  7  44.4  17.0  31.7  84.3  27.9        19.8 160.3   6.7 215.7            
       2  8  58.4  23.2  39.1  66.7  26.8        12.5 116.3   4.8 298.2            
       2  9  40.9  32.5  37.0  89.3  34.2  0.43  12.5 123.2   5.1  65.6            
       2 10  44.7  30.4  35.7  86.5  31.8  0.18  20.0 182.5   7.6 211.8            
       2 11  47.0  22.6  33.3  68.0  22.6        13.9 121.5   5.1 339.5            
       2 12  48.3  18.4  31.7  70.4  21.2        15.5 114.7   4.8 343.3            
       2 13  50.4  19.2  33.6  66.2  21.7        13.7  99.8   4.2 318.8            
       2 14  54.5  27.2  37.6  77.4  30.1        16.9 112.8   4.7 284.9            
       2 15  47.2  33.1  39.0  94.6  37.1  0.03  23.9 141.6   5.9 117.0            
       2 16  40.3  32.5  36.4  98.6  36.0  0.06  18.3 149.1   6.2  53.8            
       2 17  43.1  31.0  35.8  95.5  34.3  0.01  10.5  74.5   3.1 113.9            
       2 18  47.2  27.5  34.9  85.9  30.3  0.02  19.7 138.8   5.8 242.0            
       2 19  49.3  23.5  35.4  68.4  24.7        23.9 163.9   6.8 294.0            
       2 20  51.5  17.6  32.5  66.1  19.9        13.0  90.9   3.8 376.6            
       2 21  57.9  18.4  35.6  67.3  23.7        12.3  90.5   3.8 368.7            
       2 22  60.8  21.5  40.2  61.8  25.8  0.01  23.4 141.7   5.9 208.3            
       2 23  53.9  29.5  41.5  59.4  26.7        22.1 146.1   6.1 365.7            
       2 24  62.7  30.1  46.2  56.5  31.4        30.7 282.4  11.8 309.2            
       2 25  54.1  33.0  38.0  65.0  27.1  0.05  41.5 501.4  20.9 112.8            
       2 26  39.1  25.1  31.8  50.2  15.0        36.1 422.2  17.6 391.7            
       2 27  32.2  24.4  27.6  50.0  11.1        39.4 508.1  21.2 185.3            
       2 28  37.5  22.5  29.2  41.6   7.8  0.01  35.1 464.7  19.4 402.1            
       3  1  33.7  18.9  27.1  45.5   8.2        35.7 398.6  16.6 206.4  0.10  0.08
       3  2  40.0  18.6  27.9  53.0  11.7        16.3 128.1   5.3 317.2  0.07  0.06
       3  3  51.6  10.4  31.9  57.6  17.0        15.0 104.8   4.4 419.3  0.08  0.08
       3  4  29.1  20.3  23.9  86.9  20.4        14.6 143.1   6.0 133.7  0.03  0.03
       3  5  44.3  21.3  30.7  68.2  20.0        18.6 116.2   4.8 354.3  0.07  0.06
       3  6  30.3  22.6  26.8  85.5  23.0  0.03  26.6 264.9  11.0  51.9  0.02  0.02
       3  7  25.3  11.0  19.6  88.4  17.1  0.11  27.4 280.5  11.7 250.9  0.04  0.02
       3  8  25.5   2.4  14.5  73.7   7.6        18.7 197.7   8.2 460.2  0.07  0.05
       3  9  27.2   6.5  16.7  75.3  10.0         9.9  82.0   3.4 399.0  0.05  0.04
       3 10  45.8   2.3  23.2  68.0  13.7        29.9 220.7   9.2 326.8  0.08  0.07
       3 11  26.8  -0.9  14.5  57.2   2.5        20.7 197.9   8.2 371.0  0.06  0.05
       3 12  56.5  16.5  35.1  58.5  19.8        20.2 151.4   6.3 465.6  0.10  0.10
       3 13  62.2  18.3  39.7  59.7  23.3        18.8 160.4   6.7 477.6  0.12  0.12
       3 14  53.2  22.9  35.8  66.8  24.2        19.4 161.5   6.7 461.3  0.10  0.10
       3 15  53.6  17.9  34.0  76.8  26.6        16.3 114.0   4.8 442.6  0.10  0.09
       3 16  44.4  27.9  35.7  92.1  33.4        16.0 141.4   5.9 183.8  0.04  0.03
       3 17  50.8  31.8  39.5  88.2  35.7        16.4 137.1   5.7 262.2  0.06  0.05
       3 18  37.6  28.7  31.5  95.3  30.4  0.02  24.5 262.4  10.9  72.9  0.03  0.02
       3 19  40.3  22.7  30.8  72.1  22.4        21.1 227.3   9.5 328.2  0.09  0.07
       3 20  55.8  16.7  35.5  64.0  22.1        13.6  94.9   4.0 501.7  0.11  0.10
       3 21  61.9  21.0  41.2  52.4  20.9        19.1 125.1   5.2 506.7  0.13  0.12
       3 22  58.0  26.7  44.9  57.0  29.5        22.9 171.3   7.1 440.6  0.11  0.10
       3 23  63.2  38.7  50.8  58.5  36.0        23.6 187.3   7.8 371.3  0.12  0.11
       3 24  80.1  38.2  58.7  53.6  37.3        21.2 149.1   6.2 442.2  0.16  0.17
       3 25  82.6  33.5  59.2  46.6  33.5        23.6 143.3   6.0 511.3  0.19  0.20
       3 26  77.1  32.7  54.9  49.5  33.6        35.3 165.3   6.9 453.9  0.20  0.19
       3 27  67.9  37.2  52.0  59.0  35.5        27.7 210.0   8.8 368.0  0.18  0.16
       3 28  64.4  39.6  51.6  71.0  40.7  0.02  31.2 280.5  11.7 273.5  0.15  0.13
       3 29  59.3  31.2  44.5  73.7  36.7        35.6 264.5  11.0 433.4  0.16  0.12
       3 30  40.3  27.9  34.3  69.5  25.2        23.5 285.5  11.9 218.3  0.10  0.07
       3 31  47.1  25.8  34.7  56.2  19.3  0.01  32.8 288.0  12.0 328.4  0.15  0.11
       4  1  63.3  20.1  43.2  47.3  22.3        20.0 149.3   6.2 545.7  0.16  0.14
       4  2  50.7  32.5  41.9  58.0  27.6  0.02  33.0 310.9  13.0 155.0  0.10  0.09
       4  3  58.0  31.0  42.0  61.2  28.2  0.01  18.6 138.6   5.8 537.4  0.14  0.13
       4  4  63.5  28.5  45.8  63.5  32.6  0.05  37.2 297.8  12.4 549.7  0.20  0.16
       4  5  67.2  29.3  46.6  58.3  28.6        28.1 132.5   5.5 445.0  0.15  0.14
       4  6  59.1  32.9  47.8  54.0  31.1        24.5 203.6   8.5 240.0  0.11  0.10
       4  7  47.4  33.0  41.9  74.0  34.2  0.06  24.0 251.9  10.5 177.4  0.08  0.06
       4  8  52.1  24.6  40.0  63.0  27.4  0.01  28.9 234.2   9.8 503.6  0.15  0.12
       4  9  57.8  18.9  38.7  59.9  23.4        27.2  97.6   4.1 524.3  0.14  0.12
       4 10  66.8  26.8  48.3  45.8  23.4        20.7 161.4   6.7 591.7  0.19  0.17
       4 11  84.3  24.2  61.2  31.5  23.6  0.02  34.8 239.0  10.0 622.4  0.28  0.28
       4 12  71.1  47.8  60.7  32.3  28.9  0.01  41.0 372.2  15.5 460.9  0.28  0.25
       4 13  62.0  30.8  49.1  53.0  29.8  0.07  32.1 184.0   7.7 545.8  0.20  0.16
       4 14  43.2  37.4  40.1  89.6  37.2  0.47  20.4 236.0   9.8  75.4  0.06  0.04
       4 15  45.7  33.8  38.7  80.0  32.8  0.02  20.4 227.2   9.5 195.6  0.09  0.07
       4 16  47.6  27.3  37.0  62.2  23.9  0.01  17.1 124.3   5.2 647.4  0.15  0.12
       4 17  59.3  20.7  40.6  61.9  26.1  0.02  29.4 161.2   6.7 486.3  0.15  0.13
       4 18  53.4  34.9  43.3  59.6  28.9        20.4 169.2   7.0 494.4  0.14  0.12
       4 19  57.7  28.2  43.4  49.0  23.2  0.01  35.0 237.5   9.9 526.1  0.19  0.15
       4 20  56.9  19.4  39.7  54.3  21.3        22.1 118.5   4.9 646.6  0.17  0.14
       4 21  61.5  30.1  47.5  51.2  28.2        27.2 191.7   8.0 526.1  0.18  0.15
       4 22  69.3  25.1  48.8  45.7  23.2        18.6  98.4   4.1 657.8  0.20  0.17
       4 23  80.6  28.2  58.9  36.2  26.6        20.6 157.4   6.6 651.9  0.25  0.23
       4 24  80.9  48.8  63.1  39.9  36.6        30.4 184.1   7.7 425.9  0.23  0.22
       4 25  67.0  43.8  57.2  38.6  31.6        28.8 282.8  11.8 545.9  0.26  0.22
       4 26  63.0  37.8  49.6  45.2  27.3        36.7 304.1  12.7 594.7  0.29  0.22
       4 27  53.4  29.7  42.6  70.2  33.5        30.3 223.1   9.3 279.4  0.13  0.10
       4 28  62.0  20.3  42.3  48.3  18.8  0.01  27.1 166.3   6.9 680.8  0.24  0.19
       4 29  67.2  19.5  45.4  44.8  19.8        16.8 113.4   4.7 666.4  0.21  0.18
       4 30  76.1  28.4  53.1  45.3  28.2        28.9 182.4   7.6 655.6  0.26  0.22
       5  1  69.8  32.9  52.8  57.4  36.5        25.9 192.3   8.0 479.7  0.19  0.16
       5  2  65.6  30.2  49.1  54.2  30.1        23.3 122.7   5.1 684.1  0.22  0.18
       5  3  78.3  32.4  56.3  47.9  34.2        22.9 119.8   5.0 632.5  0.24  0.20
       5  4  75.9  37.3  58.5  52.2  38.8        31.4 256.7  10.7 608.7  0.28  0.23
       5  5  69.1  47.1  55.8  60.3  41.6  0.23  37.6 149.8   6.2 403.8  0.18  0.15
       5  6  69.4  42.0  53.8  76.6  45.8  0.01  23.8 147.6   6.2 363.2  0.16  0.13
       5  7  57.8  32.9  45.9  81.0  40.3  0.20  20.3 105.9   4.4 279.8  0.11  0.08
       5  8  49.8  38.2  44.9  94.7  43.6  0.13  25.4 188.3   7.8 113.9  0.04  0.03
       5  9  55.8  44.2  49.1  86.7  45.2  0.10  16.4 147.3   6.1 172.6  0.07  0.05
       5 10  67.4  44.7  56.1  78.0  49.0  0.01  25.3 240.7  10.0 505.9  0.17  0.13
       5 11  63.1  46.8  56.0  77.4  48.8  0.03  30.4 225.6   9.4 434.1  0.14  0.11
       5 12  69.7  38.5  56.7  60.4  42.0        21.5 141.0   5.9 590.1  0.20  0.16
       5 13  86.8  47.5  67.4  49.5  43.1  0.02  34.0 248.8  10.4 545.5  0.32  0.28
       5 14  77.4  48.6  62.8  46.5  40.4  0.02  43.5 250.7  10.4 624.2  0.32  0.26
       5 15  70.8  44.8  57.4  53.7  38.5        39.9 278.9  11.6 568.6  0.30  0.23
       5 16  77.7  40.2  61.9  48.3  39.2        21.7 128.5   5.4 623.4  0.26  0.21
       5 17  88.0  39.4  65.1  43.6  37.3        22.6 114.7   4.8 651.4  0.30  0.24
       5 18  82.7  39.0  62.3  49.7  40.9        34.5 127.3   5.3 507.9  0.25  0.20
       5 19  84.5  47.7  66.1  59.8  50.3  0.06  24.8 177.3   7.4 587.0  0.28  0.23
       5 20  80.7  48.2  67.0  67.1  54.5  0.05  22.5 199.2   8.3 570.8  0.25  0.19
       5 21  77.6  57.3  65.7  80.7  59.3  0.46  30.4 226.5   9.4 496.8  0.22  0.17
       5 22  68.1  50.9  58.2  83.8  53.2  0.38  29.0 194.2   8.1 395.8  0.17  0.13
       5 23  70.0  43.8  57.7  68.9  46.0  0.02  23.5 142.1   5.9 608.2  0.23  0.18
       5 24  71.8  41.6  56.8  76.0  48.1  0.24  48.2 140.6   5.9 527.4  0.20  0.16
       5 25  70.4  47.9  59.4  75.0  50.9  0.01  19.1 107.7   4.5 462.8  0.17  0.13
       5 26  76.6  52.8  63.2  73.1  53.9  0.07  28.6 258.1  10.8 613.1  0.26  0.20
       5 27  82.6  52.3  67.3  66.5  53.9  0.01  22.7 111.7   4.7 701.0  0.26  0.21
       5 28  84.9  50.2  68.8  56.8  51.1  0.01  23.2 119.3   5.0 713.0  0.29  0.23
       5 29  80.5  50.3  68.0  65.5  54.6  0.01  21.7 175.0   7.3 552.0  0.24  0.19
       5 30  85.8  53.7  68.2  63.9  53.6        21.2 112.1   4.7 468.1  0.25  0.19
       5 31  75.1  52.6  63.5  56.8  46.8        20.1 145.2   6.0 646.2  0.28  0.22
       6  1  84.1  50.1  69.9  39.1  40.9  0.03  37.3 232.9   9.7 715.0  0.38  0.30
       6  2  77.5  45.1  63.3  50.8  43.9        32.2 239.9  10.0 708.0  0.34  0.25
       6  3  49.0  40.1  43.7  78.0  37.2        23.0 209.7   8.7 186.4  0.13  0.09
       6  4  44.7  40.0  42.0  92.1  39.8  0.03  13.7 148.9   6.2 134.5  0.07  0.05
       6  5  55.9  35.2  44.7  80.6  38.7  0.06  10.0  73.3   3.1 327.5  0.11  0.08
       6  6  74.0  30.4  53.8  62.6  39.0        16.1 109.6   4.6 669.2  0.23  0.17
       6  7  73.2  46.3  58.4  71.6  48.8  1.55  31.2 246.2  10.3 367.5  0.19  0.14
       6  8  61.9  47.1  54.1  85.6  49.8  0.53  22.7 211.3   8.8 357.6  0.13  0.09
       6  9  71.7  43.2  56.8  76.4  49.2  0.06  39.5 148.0   6.2 601.1  0.22  0.16
       6 10  72.5  55.6  62.2  78.0  55.0        23.4 124.0   5.2 412.4  0.16  0.12
       6 11  76.1  50.0  63.2  63.1  48.7  0.13  29.9 195.1   8.1 707.0  0.29  0.21
       6 12  78.1  47.5  63.8  67.1  51.1        18.5 124.2   5.2 673.2  0.26  0.19
       6 13  82.5  54.0  63.9  67.3  52.0  0.42  30.3 155.8   6.5 428.7  0.26  0.19
       6 14  67.7  52.7  60.6  68.1  49.8  0.01  28.4 265.9  11.1 602.9  0.26  0.18
       6 15  71.3  47.1  58.3  61.9  44.4        21.4 152.9   6.4 600.0  0.26  0.19
       6 16  77.9  49.7  63.8  55.4  47.2  0.01  34.5 230.9   9.6 489.8  0.29  0.21
       6 17  67.6  46.8  56.9  80.2  51.0  0.01  37.2 282.6  11.8 285.3  0.16  0.11
       6 18  77.3  41.9  59.7  59.1  42.9        38.4 277.6  11.6 573.8  0.34  0.23
       6 19  91.0  49.2  71.9  39.0  41.5        32.1 176.2   7.3 727.0  0.38  0.29
       6 20  79.7  53.2  67.2  51.9  46.6        26.7 185.9   7.7 713.0  0.33  0.24
       6 21  82.3  51.9  65.2  66.5  52.6  0.05  38.3 146.4   6.1 429.8  0.25  0.18
       6 22  85.1  48.2  68.1  64.1  53.2  0.04  38.7 185.2   7.7 677.0  0.33  0.24
       6 23  86.0  54.2  69.9  65.5  56.1  0.83  39.5 123.1   5.1 707.0  0.30  0.23
       6 24  89.2  57.7  71.6  64.0  56.0        22.0 128.8   5.4 658.6  0.32  0.24
       6 25  91.7  48.3  71.9  52.4  49.0        23.2 174.0   7.3 724.0  0.39  0.29
       6 26  96.2  53.4  76.0  52.2  52.3        23.2 146.9   6.1 725.0  0.39  0.29
       6 27  88.8  56.0  73.0  39.9  45.0        20.8 120.9   5.0 702.0  0.36  0.27
       6 28  92.9  46.5  71.4  51.3  49.4        15.6 114.3   4.8 680.6  0.35  0.26
       6 29  87.6  60.3  75.5  53.5  55.4        21.2 165.4   6.9 690.9  0.34  0.26
       6 30  84.4  54.8  70.8  57.6  53.7        18.9 135.6   5.7 528.2  0.28  0.21
       7  1  86.7  60.6  74.8  61.5  60.1  0.28  43.4 230.6   9.6 653.8  0.34  0.25
       7  2  90.0  57.0  75.8  59.7  60.1        32.8 178.4   7.4 687.3  0.33  0.25
       7  3  85.4  63.2  74.3  66.0  61.8        23.1 233.4   9.7 680.5  0.34  0.25
       7  4  86.1  64.0  72.8  75.8  64.2  0.08  32.3 175.8   7.3 497.6  0.27  0.20
       7  5  91.9  57.1  75.2  68.8  62.6        11.5  77.7   3.2 707.0  0.30  0.23
       7  6  86.0  58.8  72.2  67.1  58.8        27.0 129.8   5.4 444.7  0.25  0.19
       7  7  90.7  52.2  70.7  69.5  58.8  0.01  23.6 122.6   5.1 618.4  0.31  0.23
       7  8  83.5  63.6  72.3  72.4  62.4  0.02  21.6 128.9   5.4 413.6  0.22  0.16
       7  9  83.5  61.2  72.4  77.9  64.7  0.01  13.8 102.2   4.3 509.1  0.21  0.17
       7 10  83.0  61.8  72.6  77.6  64.8        16.6  96.1   4.0 463.2  0.20  0.15
       7 11  90.1  65.1  74.8  72.8  64.7  0.15  39.7 112.4   4.7 506.2  0.26  0.20
       7 12  94.4  63.7  77.4  59.9  60.5        21.9 129.0   5.4 712.0  0.35  0.27
       7 13  98.3  59.7  80.5  49.9  56.7        17.2  98.3   4.1 705.0  0.34  0.26
       7 14  98.7  59.0  76.3  49.7  53.6  0.05  22.9 127.8   5.3 585.2  0.38  0.28
       7 15  89.2  57.2  73.7  61.3  57.3  0.13  25.9 173.9   7.2 653.5  0.35  0.27
       7 16  88.2  57.7  75.2  58.9  58.0        21.5 148.1   6.2 684.5  0.33  0.25
       7 17  93.9  57.4  77.7  52.1  57.0        15.5  98.3   4.1 707.0  0.32  0.25
       7 18  98.2  54.8  78.7  50.7  54.6        16.4 126.8   5.3 703.0  0.37  0.28
       7 19  97.3  56.2  78.3  52.1  57.6        16.2  81.0   3.4 683.5  0.32  0.25
       7 20 102.4  56.2  79.5  51.9  57.7        16.8  87.2   3.6 695.7  0.36  0.27
       7 21  91.4  62.6  77.3  57.0  59.5  0.06  38.6 228.5   9.5 577.0  0.37  0.28
       7 22  79.4  64.1  70.5  81.5  64.2  0.01  15.5  81.9   3.4 315.2  0.16  0.13
       7 23  80.0  61.9  68.3  84.5  63.1  0.59  21.5 144.6   6.0 273.3  0.17  0.13
       7 24  77.7  62.3  68.9  88.6  65.2  0.09  16.7 139.1   5.8 234.3  0.12  0.09
       7 25  78.0  60.1  68.3  90.4  65.3        73.3 121.2   5.0 191.0  0.10  0.07
       7 26  80.3  62.7  70.0  83.6  64.1  0.04  13.7  96.3   4.0 485.9  0.19  0.15
       7 27  85.9  58.4  72.7  70.3  61.0  0.01  13.4  90.7   3.8 650.4  0.25  0.20
       7 28  86.4  56.8  73.2  64.1  58.7        13.3  84.1   3.5 682.0  0.27  0.21
       7 29  81.9  59.8  70.2  81.9  64.1  0.02  13.7  86.8   3.6 358.6  0.16  0.13
       7 30  67.0  59.0  61.5  93.9  59.8  0.02  16.7 162.9   6.8 114.6  0.09  0.06
       7 31  72.8  59.3  65.3  88.0  61.5  0.03  27.2 204.6   8.5 383.0  0.16  0.12
       8  1  77.0  58.3  66.8  87.8  63.0  0.25  32.7 165.8   6.9 264.3  0.12  0.09
       8  2  82.1  54.9  68.1  73.2  57.9        21.0 131.2   5.5 613.1  0.24  0.19
       8  3  77.4  58.9  66.5  76.1  58.5  0.01  25.6 169.9   7.1 482.7  0.22  0.17
       8  4  69.5  60.3  64.4  82.6  58.8  0.03  20.8 158.3   6.6 266.3  0.13  0.10
       8  5  77.5  53.8  65.7  75.1  56.6        12.4  81.5   3.4 528.8  0.19  0.16
       8  6  81.0  52.4  67.7  67.7  54.7        15.2  80.1   3.3 657.0  0.24  0.19
       8  7  86.0  53.4  71.6  60.1  55.0        15.9  99.9   4.2 655.4  0.26  0.20
       8  8  94.5  61.9  76.1  61.3  60.4  0.06  32.1 132.4   5.5 556.2  0.29  0.23
       8  9  86.9  59.7  72.2  74.3  62.7  0.05  23.0  83.6   3.5 465.2  0.21  0.17
       8 10  83.6  58.5  71.7  71.6  61.0        17.1 118.7   4.9 601.4  0.25  0.20
       8 11  85.2  58.2  72.0  73.5  62.2        18.9 118.2   4.9 506.6  0.22  0.18
       8 12  80.9  52.0  67.0  75.1  57.7        19.4 119.8   5.0 625.0  0.25  0.20
       8 13  86.0  51.0  69.5  65.7  55.4        12.1  95.4   4.0 630.4  0.26  0.21
       8 14  87.6  52.7  71.4  62.7  55.7  0.03  33.4 132.6   5.5 616.5  0.28  0.22
       8 15  86.2  58.7  71.6  65.7  58.6        20.0  88.8   3.7 588.2  0.24  0.19
       8 16  93.9  52.8  72.2  62.0  56.0  0.02  39.3 118.2   4.9 548.7  0.28  0.23
       8 17  90.5  54.7  73.0  67.0  59.5        18.6 125.8   5.2 618.7  0.28  0.23
       8 18  94.1  56.3  77.6  54.6  57.2        22.9 151.5   6.3 604.2  0.30  0.25
       8 19  84.4  56.9  70.7  74.1  61.5  0.01  15.6  79.4   3.3 268.8  0.14  0.12
       8 20  85.6  59.6  73.0  68.3  60.8        16.5 108.2   4.5 519.6  0.23  0.19
       8 21  91.3  59.2  76.6  61.4  59.9  0.01  26.5 145.1   6.0 574.0  0.28  0.23
       8 22  92.8  57.2  74.6  57.9  56.0        19.4  93.8   3.9 580.9  0.27  0.22
       8 23  95.6  56.1  76.3  50.9  53.6        14.3 105.6   4.4 607.8  0.29  0.24
       8 24  83.1  58.6  70.7  61.6  55.3  0.01  24.0 159.2   6.6 519.7  0.27  0.22
       8 25  86.4  55.0  72.4  62.1  57.0        22.7 185.8   7.7 528.2  0.28  0.22
       8 26  87.1  58.4  74.1  67.7  61.9        18.3 106.8   4.5 527.6  0.22  0.18
       8 27  85.2  55.7  71.5  62.6  56.8  0.21  21.4 127.3   5.3 483.0  0.23  0.19
       8 28  89.0  50.3  68.0  64.7  52.2        13.8 112.3   4.7 590.5  0.28  0.23
       8 29  92.0  47.8  69.0  58.8  51.2        17.9 117.0   4.9 575.0  0.29  0.24
       8 30  96.8  50.4  74.2  51.6  51.9        17.8 108.5   4.5 544.5  0.27  0.23
       8 31  81.3  57.7  68.9  69.1  58.0        17.6 115.1   4.8 435.6  0.19  0.16
       9  1  82.6  55.7  70.3  66.0  57.2        10.7  59.7   2.5 467.5  0.17  0.15
       9  2  88.2  50.8  67.9  65.1  52.8        19.9 127.6   5.3 564.3  0.27  0.22
       9  3  93.3  50.0  70.3  57.5  51.6        10.7  79.6   3.3 558.2  0.24  0.20
       9  4  95.8  46.9  73.4  48.1  47.2        22.7 151.6   6.3 542.7  0.31  0.26
       9  5  94.6  61.6  79.8  33.8  47.6        27.5 171.5   7.1 547.4  0.31  0.27
       9  6  91.2  46.8  70.0  61.1  54.0        14.9 107.6   4.5 546.4  0.26  0.22
       9  7  79.6  60.9  68.5  78.6  61.3        19.4 142.7   5.9 373.0  0.18  0.15
       9  8  86.4  60.7  71.9  62.4  57.4        28.1 225.7   9.4 479.2  0.29  0.23
       9  9  92.5  62.1  77.1  46.7  52.4  0.01  25.2 197.7   8.2 521.7  0.32  0.27
       9 10  91.7  52.6  74.7  48.0  51.9  0.01  26.3 120.6   5.0 514.8  0.25  0.21
       9 11  92.0  52.2  73.7  50.9  52.4        21.2 120.3   5.0 497.0  0.25  0.22
       9 12  88.6  49.3  70.6  59.3  54.1        29.7 142.1   5.9 469.9  0.25  0.21
       9 13  80.5  54.4  66.5  72.4  56.5  0.03  33.2 126.4   5.3 387.7  0.19  0.16
       9 14  71.8  49.7  61.4  81.2  55.7        25.9 116.6   4.9 337.3  0.14  0.11
       9 15  76.6  43.7  60.3  74.0  50.5        14.8  92.0   3.8 511.9  0.18  0.15
       9 16  81.7  45.3  66.2  61.4  50.8        19.3 119.2   5.0 506.9  0.19  0.16
       9 17  87.3  45.2  67.6  58.5  50.3        11.6  75.5   3.1 506.0  0.18  0.16
       9 18  90.2  45.0  68.3  54.7  48.0        18.6  93.4   3.9 501.2  0.21  0.18
       9 19  77.5  55.7  67.9  46.0  46.1  0.02  28.7 156.3   6.5 480.5  0.22  0.19
       9 20  73.8  50.9  61.4  66.8  49.6  0.07  30.4 208.7   8.7 353.0  0.20  0.16
       9 21  51.3  45.1  46.7  93.1  44.9  0.09  23.6 202.3   8.4  76.1  0.08  0.05
       9 22  55.7  43.1  49.0  89.8  46.1        15.9 109.1   4.5 163.9  0.07  0.06
       9 23  71.9  48.2  59.1  77.4  51.6        20.3  93.3   3.9 370.8  0.11  0.09
       9 24  82.5  45.5  63.2  70.6  50.9  0.01  17.6 113.2   4.7 470.1  0.16  0.14
       9 25  86.4  49.2  66.9  69.3  54.5        21.9 117.8   4.9 408.3  0.16  0.14
       9 26  78.8  46.9  64.1  48.7  43.1  0.01  27.3 139.4   5.8 460.2  0.20  0.17
       9 27  81.7  40.6  60.5  66.0  46.8        19.3  89.8   3.7 458.6  0.18  0.16
       9 28  89.6  44.7  64.5  63.5  47.7        17.3 120.6   5.0 446.7  0.22  0.20
       9 29  83.4  42.9  60.9  67.6  48.9        17.4  79.7   3.3 358.2  0.15  0.13
       9 30  66.3  47.4  56.5  64.7  44.0        28.4 235.7   9.8 367.8  0.18  0.14
      10  1  52.1  39.5  45.1  72.3  35.9  0.10  20.8 219.0   9.1  59.8  0.10  0.08
      10  2  46.9  39.4  42.8  91.9  40.6  0.16  15.6 136.0   5.7 102.5  0.05  0.04
      10  3  47.7  43.8  45.4  96.1  44.4  0.04  19.4 198.7   8.3  82.0  0.03  0.02
      10  4  50.3  42.8  44.9  89.5  42.1  0.62  32.7 295.1  12.3 112.3  0.06  0.04
      10  5  49.0  39.7  44.3  66.5  33.8        45.9 464.0  19.3 151.7  0.15  0.09
      10  6  60.9  32.1  47.1  63.5  34.2  0.01  32.0 246.8  10.3 380.6  0.16  0.12
      10  7  72.3  31.5  51.5  60.8  35.2  0.01  15.6 144.9   6.0 418.5  0.16  0.14
      10  8  77.6  40.8  57.3  55.6  40.1        14.1  85.8   3.6 412.4  0.13  0.11
      10  9  78.2  35.6  54.8  62.1  37.3        22.5  92.6   3.9 415.1  0.15  0.13
      10 10  77.7  34.9  55.6  65.3  41.4        21.8 131.9   5.5 389.0  0.16  0.14
      10 11  62.8  33.8  52.0  51.5  33.3        47.8 242.9  10.1 407.2  0.18  0.14
      10 12  70.6  29.3  47.2  65.6  33.6        19.1  89.2   3.7 309.8  0.13  0.11
      10 13  75.4  30.4  52.7  69.9  42.0        23.3 132.8   5.5 335.3  0.14  0.12
      10 14  71.0  41.0  56.4  66.3  43.4        16.3 139.9   5.8 321.4  0.11  0.10
      10 15  59.7  45.1  52.5  81.9  47.1        17.2 136.0   5.7 178.4  0.06  0.05
      10 16  53.5  42.6  49.4  92.1  47.2  0.04  21.0 213.1   8.9 100.9  0.04  0.03
      10 17  45.7  28.9  39.4  86.3  35.8  0.04  31.3 237.8   9.9 151.4  0.06  0.04
      10 18  63.7  27.8  42.1  73.8  32.5        17.8 132.8   5.5 356.4  0.13  0.11
      10 19  61.8  25.6  41.8  76.2  33.6        14.8  88.9   3.7 363.0  0.09  0.08
      10 20  57.1  26.3  42.0  74.9  33.6        18.2 125.7   5.2 254.5  0.08  0.07
      10 21  64.1  21.2  42.1  63.6  28.2        17.1 116.4   4.8 362.8  0.11  0.10
      10 22  74.1  39.3  52.8  52.9  35.0        22.1 128.2   5.3 343.7  0.13  0.12
      10 23  71.4  35.4  52.5  70.2  41.7        26.4 129.9   5.4 341.5  0.11  0.10
      10 24  67.8  34.0  49.6  71.7  38.9  0.04  26.7 157.3   6.6 338.2  0.12  0.11
      10 25  69.2  31.8  50.6  73.7  41.6        19.7 110.5   4.6 254.3  0.09  0.08
      10 26  63.4  38.0  49.5  87.8  46.0        11.2  73.6   3.1 208.9  0.06  0.05
      10 27  63.8  37.5  51.1  91.6  49.1  0.28  20.5 147.0   6.1 184.6  0.05  0.04
      10 28  61.3  49.0  53.1  85.1  48.8  0.20  30.5 231.4   9.6 161.4  0.07  0.06
      10 29  59.2  38.7  49.1  74.4  40.6        28.2 187.7   7.8 313.7  0.10  0.08
      10 30  43.1  36.6  39.7  88.8  36.7  0.07  18.5 185.7   7.7  53.7  0.04  0.03
      10 31  38.8  32.4  36.7  95.8  35.6  0.22  15.9 116.9   4.9  62.5  0.03  0.02
      11  1  46.1  36.4  41.6  89.7  38.7  0.03  16.2 120.1   5.0  79.6            
      11  2  37.0  32.1  34.5  96.9  33.7  0.61  13.7 153.3   6.4  40.7            
      11  3  35.7  31.1  32.8  96.2  31.8  0.08  10.7 132.8   5.5  68.9            
      11  4  38.6  28.2  31.9  94.9  30.5        11.8 107.5   4.5  99.0            
      11  5  43.2  28.5  35.4  94.7  34.0  0.01  21.8 186.5   7.8 116.7            
      11  6  38.7  32.4  35.7  97.2  35.0  0.04  24.0 200.3   8.3  33.3            
      11  7  39.8  24.2  34.2  94.9  33.0        16.9 108.6   4.5  94.1            
      11  8  38.7  23.8  32.0  94.2  30.8        23.3 160.7   6.7 123.7            
      11  9  34.4  24.4  30.5  87.7  27.8  0.04  35.4 340.9  14.2  44.8            
      11 10  40.7  16.4  28.3  62.3  15.9        37.4 273.4  11.4 290.4            
      11 11  49.3  13.7  30.9  69.9  20.8        17.0  82.3   3.4 273.5            
      11 12  54.5  22.4  35.9  68.3  24.3        20.1 130.4   5.4 283.7            
      11 13  63.7  24.3  40.4  66.1  28.0        19.7 173.3   7.2 251.8            
      11 14  61.9  36.0  48.5  52.8  31.0        21.6 179.3   7.5 251.6            
      11 15  72.6  28.7  48.5  58.9  31.8        33.9 214.6   8.9 200.5            
      11 16  65.2  25.4  45.1  55.8  27.4        23.8 145.1   6.0 273.9            
      11 17  51.1  25.7  35.8  81.5  30.5        15.5  73.2   3.0 133.1            
      11 18  56.1  27.0  42.0  62.8  29.1        32.0 200.2   8.3 238.2            
      11 19  48.3  21.4  33.2  76.4  26.4        18.0 129.0   5.4 197.6            
      11 20  51.9  17.9  31.5  68.6  20.7        20.8 154.4   6.4 247.5            
      11 21  61.1  25.6  38.2  61.7  24.9        18.2 173.9   7.2 155.1            
      11 22  75.5  30.7  50.3  49.6  29.1        39.3 226.7   9.4 239.2            
      11 23  57.7  22.6  40.2  60.5  26.0        22.6 139.0   5.8 208.6            
      11 24  73.9  20.6  44.9  52.4  23.4  0.02  50.2 274.9  11.5 206.4            
      11 25  61.0  23.1  41.5  44.7  19.6        21.7 154.5   6.4 204.7            
      11 26  70.9  24.4  42.2  62.5  27.5        15.0 150.0   6.3 242.3            
      11 27  72.7  26.3  42.0  66.1  28.3        14.5 104.8   4.4 240.3            
      11 28  67.5  25.4  41.0  72.9  31.3        13.1  90.6   3.8 168.5            
      11 29  58.7  28.5  42.2  69.7  31.8        16.8 136.0   5.7 109.2            
      11 30  67.0  27.0  45.9  53.9  27.8        21.5 171.0   7.1 236.0            
      12  1  65.1  21.6  37.2  69.3  25.8        14.0 103.2   4.3 185.1            
      12  2  68.0  22.8  39.0  66.1  25.6        18.3 132.8   5.5 216.8            
      12  3  64.8  20.7  38.4  65.9  25.1        15.5 108.2   4.5 228.9            
      12  4  67.3  21.2  38.6  74.1  30.2        15.8  99.8   4.2 168.9            
      12  5  44.3  20.6  33.9  65.9  22.1        24.5 193.1   8.0 223.3            
      12  6  39.0   9.0  21.6  73.4  14.6        14.4 104.5   4.4 176.4            
      12  7  38.7   7.3  19.6  67.3   8.3        12.5 103.6   4.3 225.6            
      12  8  49.5   9.8  24.6  63.9  11.9        16.3 153.9   6.4 216.8            
      12  9  34.0  14.7  25.5  85.4  22.2  0.03  28.0 195.8   8.2  62.8            
      12 10  35.0   6.6  18.7  87.7  16.4  0.03  21.2 162.5   6.8 189.0            
      12 11  49.6  11.8  25.7  75.1  18.2        15.0 161.6   6.7 220.8            
      12 12  52.4  15.6  31.9  70.2  22.3        25.9 185.4   7.7 170.9            
      12 13  57.7  17.2  33.6  63.7  20.9        19.3 160.9   6.7 218.6            
      12 14  61.2  16.4  30.8  67.6  18.8        15.3 126.0   5.3 224.5            
      12 15  47.8  21.6  33.1  69.1  23.4        14.3  94.0   3.9 213.0            
      12 16  46.1  21.7  34.3  62.8  22.0        28.9 220.0   9.2 156.9            
      12 17  67.2  15.6  35.4  62.0  20.5        24.2 195.8   8.2 220.3            
      12 18  41.3  10.8  26.5  78.3  21.0  0.02  31.5 231.9   9.7  77.6            
      12 19  10.9   2.9   5.4  81.7   1.0  0.01  22.6 240.2  10.0 110.4            
      12 20   3.1  -2.0   0.4  83.5  -3.3  0.09  15.2 207.7   8.7 168.7            
      12 21   0.7 -22.2  -6.2  78.6 -10.0  0.04  20.2 143.1   6.0 210.0            
      12 22  14.5 -22.0  -8.6  73.6 -12.3  0.01  12.8 138.2   5.8 225.3            
      12 23   6.6 -19.0  -7.6  74.1 -12.8        13.8 138.4   5.8 226.0            
      12 24  22.8 -16.5   1.6  71.8  -3.3        19.4 193.3   8.1 169.8            
      12 25  41.5  -0.4  17.1  75.4  11.9  0.01  17.3 125.5   5.2 160.6            
      12 26  45.2  11.8  31.6  73.0  24.1        22.9 170.5   7.1 185.0            
      12 27  43.2  15.1  28.8  75.6  21.8        12.5 102.7   4.3 191.1            
      12 28  52.1  15.6  35.8  70.5  26.6  0.01  47.3 297.3  12.4 154.7            
      12 29  33.8  22.1  27.5  92.4  25.8        17.3 124.3   5.2  69.0            
      12 30  45.9  23.4  33.6  82.7  28.9        33.2 236.1   9.8  92.8            
      12 31  47.8  23.0  33.6  76.9  26.5        18.3 121.7   5.1 175.7            

      Total                               13.13                         48.29 38.75
        Max 102.4  65.1  80.5  98.6  65.3        73.3 508.1  21.2 727.0
        Min   0.7 -22.2  -8.6  31.5 -12.8         9.5  59.7   2.5  33.3
        Ave  64.0  35.3  49.1  67.7  36.9        22.8 161.4   6.7 373.5
