      2002                                                                03-JAN-03
      Weather Station near CROOK, CO  alfalfa hay site at Kipper farm              
      -----------------------------------------------------------------------------
               Temperature      Rel   Dew             Wind        Solar StandrdASCE
            ----------------- Humid Point  Prec -----------------   Rad   ETr   ETo
       Date   Max   Min   Ave   Ave   Ave Total   Max Total   Ave Total Alflf Grass
      MoDay     F     F     F     %     F  inch   mph miles   mph Langl  inch  inch
      ----- ----- ----- ----- ----- ----- ----- ----- ----- ----- ----- ----- -----
       1  1  24.1  -1.9  12.3  71.9   4.7        18.3 107.0   4.5 233.7            
       1  2  32.2  -4.1   8.8  71.1   0.9        16.6 151.5   6.3 239.2            
       1  3  55.7   1.3  23.8  66.1  13.0        17.2 177.2   7.4 232.7            
       1  4  41.8  14.4  31.5  73.3  24.4        26.1 183.7   7.7 109.1            
       1  5  45.2  21.9  32.7  52.3  15.8        24.4 256.6  10.7 227.5            
       1  6  41.8  14.4  27.6  66.5  17.1        19.6 148.7   6.2 227.2            
       1  7  62.0  15.3  37.2  64.7  25.1        31.6 254.7  10.6 208.4            
       1  8  64.9  26.6  43.1  50.5  22.6        18.1 185.4   7.7 178.4            
       1  9  53.6  29.7  40.6  60.1  27.2        19.9 121.4   5.1 148.7            
       1 10  46.6  18.4  32.9  67.3  22.1        22.3 198.8   8.3 243.4            
       1 11  52.8  18.3  33.2  62.4  19.0        31.9 236.2   9.8 140.2            
       1 12  49.1  20.7  34.4  56.6  19.1        36.5 219.0   9.1 199.2            
       1 13  49.3  25.6  38.9  42.0  17.0        51.1 420.8  17.5 139.1            
       1 14  38.6   8.9  25.0  65.1  13.8        20.7 151.1   6.3 206.6            
       1 15  27.0   5.3  14.9  83.4  10.8        17.2  88.9   3.7 131.4            
       1 16  36.3   2.4  18.6  62.8   5.8        19.9 116.3   4.8 259.6            
       1 17  34.5   6.9  19.3  60.9   6.0        23.7 129.7   5.4 256.0            
       1 18  37.4   1.3  19.4  61.8   6.9        20.9 116.5   4.9 229.2            
       1 19  44.7  -0.3  21.0  48.6   0.2        19.6 166.0   6.9 266.9            
       1 20  40.8   9.2  27.3  42.9   6.0        33.4 240.1  10.0 270.9            
       1 21  55.9  12.5  30.5  43.8   8.1        22.9 182.0   7.6 268.3            
       1 22  56.1  11.8  31.3  59.3  17.0        21.9 178.0   7.4 185.8            
       1 23  36.5   6.6  24.6  63.6  13.5        19.3 162.7   6.8 257.0            
       1 24  46.9   6.0  24.4  51.6   6.5  0.01  30.2 232.8   9.7 279.2            
       1 25  65.9  12.1  35.1  51.4  14.5        26.6 199.7   8.3 269.2            
       1 26  59.8  18.5  37.4  49.1  17.7        18.0 155.1   6.5 179.2            
       1 27  62.9  11.2  32.7  55.5  14.6        25.1 160.1   6.7 190.5            
       1 28  21.0   6.0  14.2  84.0  10.3        18.5 136.2   5.7  85.3            
       1 29  27.8   5.9  17.5  74.4  10.6        12.4  69.3   2.9 184.4            
       1 30  27.1   6.6  18.4  73.0  10.7         9.7  65.6   2.7 131.6            
       1 31  32.8  13.0  22.6  47.1   4.4  0.01  30.4 255.2  10.6 257.6            
       2  1  46.5   8.0  25.6  51.4   7.3        20.1 173.9   7.2 307.6            
       2  2  43.4   9.0  24.6  60.2  10.4        32.3 168.5   7.0 219.6            
       2  3  48.0   6.7  23.1  58.2   7.6        17.7 132.6   5.5 315.9            
       2  4  51.3   3.2  26.3  53.4   8.6        26.6 166.5   6.9 316.7            
       2  5  46.5   6.6  27.5  62.1  15.1        19.1 119.0   5.0 319.4            
       2  6  55.8   8.3  26.6  50.3   6.3        33.2 220.2   9.2 328.6            
       2  7  64.7   8.5  31.3  39.5   4.0        20.5 189.2   7.9 317.8            
       2  8  56.6  12.6  34.4  38.1   8.7        40.0 283.7  11.8 181.0            
       2  9  34.3  19.1  27.3  79.7  22.2  0.04  43.3 504.9  21.0  99.2            
       2 10  48.1  13.7  27.6  49.9   9.2        21.2 187.6   7.8 347.4            
       2 11  62.8  14.6  35.8  41.2  10.3        37.3 246.8  10.3 170.4            
       2 12  39.7   7.5  26.1  50.8   8.5        20.8 159.5   6.6 296.5            
       2 13  53.7   6.5  27.8  47.9   5.9        23.2 181.3   7.6 356.2            
       2 14  49.2  19.6  37.0  37.8  12.5  0.01  40.7 301.8  12.6 190.7            
       2 15  55.1   8.4  30.8  46.0   6.9        19.6 192.0   8.0 368.3            
       2 16  60.8  12.0  35.7  32.2   5.6        18.3 116.7   4.9 368.3            
       2 17  69.0  18.3  42.2  30.5   9.3        20.4 149.4   6.2 340.1            
       2 18  60.4  25.9  43.5  38.2  18.7        24.3 166.7   6.9 279.0            
       2 19  50.6  16.7  35.1  64.2  23.4        30.0 176.3   7.3 283.7            
       2 20  54.2  18.5  37.5  56.3  20.8        31.2 226.2   9.4 318.3            
       2 21  50.3  14.7  34.0  48.2  14.4        33.5 276.2  11.5 378.9            
       2 22  69.1  16.2  40.6  39.6  14.4        30.9 206.8   8.6 299.1            
       2 23  67.4  27.1  45.1  38.8  18.0        27.8 165.9   6.9 185.3            
       2 24  38.4  19.3  28.7  74.6  21.8        27.3 300.6  12.5 181.3            
       2 25  19.7  -0.3   9.5  73.3   3.3  0.07  29.7 334.3  13.9 365.1            
       2 26  24.0  -6.9   8.7  60.4  -2.4  0.02  36.2 270.6  11.3 428.7            
       2 27  32.8  -5.6  16.3  70.8   8.6        30.0 208.2   8.7 311.3            
       2 28  43.1  -0.8  22.0  73.0  15.1        30.0 174.1   7.3 302.0            
       3  1  21.9  -1.7   7.2  85.7   4.4  0.11  31.7 306.1  12.8 241.2  0.04  0.03
       3  2  12.2 -21.9  -2.9  73.8  -7.8  0.01  23.8 164.7   6.9 450.3  0.03  0.02
       3  3  24.4  -3.1   9.2  69.1   1.3        20.3 173.2   7.2 460.8  0.06  0.04
       3  4  44.2   9.4  29.6  65.1  19.0        30.3 234.5   9.8 444.2  0.10  0.07
       3  5  55.9  20.8  34.8  65.6  22.9        16.6 155.2   6.5 396.7  0.15  0.10
       3  6  33.0  21.3  26.8  84.3  22.6        20.4 207.5   8.6 235.2  0.05  0.04
       3  7  55.4  24.3  33.9  80.5  27.8        22.6 196.5   8.2 389.9  0.14  0.10
       3  8  26.8   7.6  18.0  89.5  16.8  0.01  30.8 278.6  11.6  60.0  0.02  0.01
       3  9  41.3   3.3  26.7  54.0  12.2        28.5 198.2   8.3 473.1  0.10  0.07
       3 10  59.2  13.8  33.1  65.3  20.5        12.4  75.1   3.1 413.0  0.12  0.09
       3 11  57.8  23.9  40.3  53.2  21.9        22.6 145.7   6.1 461.0  0.16  0.11
       3 12  69.2  24.9  48.1  47.0  24.2  0.02  32.2 205.1   8.5 342.2  0.25  0.16
       3 13  54.5  23.9  40.5  63.6  28.1        30.6 276.9  11.5 431.8  0.15  0.11
       3 14  30.7  20.6  25.9  85.6  22.2  0.06  30.8 284.7  11.9 341.7  0.04  0.04
       3 15  38.6  14.9  26.0  73.6  17.8        16.4  90.0   3.8 401.2  0.07  0.06
       3 16  46.5  23.4  33.8  64.8  22.2        33.3 287.3  12.0 290.4  0.13  0.09
       3 17  45.5  15.2  29.7  76.2  22.3        21.4 165.1   6.9 475.1  0.10  0.07
       3 18  37.1  16.6  28.7  88.0  25.6        24.8 164.0   6.8 153.4  0.03  0.03
       3 19  51.8  13.3  31.3  63.1  17.2  0.01  26.4 162.4   6.8 491.7  0.15  0.10
       3 20  66.3  13.8  32.5  61.3  17.0  0.01  33.2 271.5  11.3 507.7  0.31  0.20
       3 21  28.6   9.5  17.1  56.4   3.9        19.2 185.9   7.7 416.9  0.08  0.06
       3 22  58.3  10.3  35.2  46.9  14.5        16.7  99.2   4.1 519.2  0.15  0.11
       3 23  62.5  18.5  39.0  53.5  21.6        30.2 186.1   7.8 351.8  0.20  0.14
       3 24  34.7  17.3  24.7  84.4  20.7  0.02  21.3 268.1  11.2  91.2  0.05  0.03
       3 25  35.5  14.8  23.0  84.0  19.0  0.02  18.4 136.5   5.7 367.4  0.06  0.05
       3 26  62.0  16.7  40.1  60.0  23.5  0.03  23.1 179.9   7.5 534.8  0.20  0.14
       3 27  70.8  22.6  47.6  51.0  24.2  0.02  36.0 232.4   9.7 489.4  0.29  0.20
       3 28  67.4  23.3  43.9  55.3  25.1        24.8 171.8   7.2 387.8  0.23  0.15
       3 29  55.7  25.3  41.2  57.2  25.2        21.8 155.3   6.5 415.3  0.15  0.11
       3 30  59.3  23.9  43.7  54.1  26.2        25.6 180.6   7.5 426.1  0.17  0.12
       3 31  65.5  22.5  45.6  58.8  29.4        21.6 183.0   7.6 535.4  0.21  0.15
       4  1  78.9  28.9  53.0  42.5  23.5        40.7 287.6  12.0 524.2  0.43  0.28
       4  2  33.5  18.8  26.3  51.9  10.5        33.7 300.7  12.5 374.6  0.11  0.08
       4  3  43.4  15.2  29.1  45.7   9.2        27.7 243.0  10.1 514.5  0.15  0.11
       4  4  59.0  22.1  40.8  35.8  14.4        16.6 124.2   5.2 575.7  0.19  0.14
       4  5  67.4  24.9  48.8  45.9  28.0        31.3 241.6  10.1 566.1  0.26  0.18
       4  6  78.3  37.0  58.6  52.0  38.2        28.9 197.3   8.2 480.7  0.29  0.20
       4  7  71.1  38.4  55.2  67.4  43.2        23.0 179.9   7.5 532.0  0.21  0.16
       4  8  50.2  41.1  46.1  81.5  40.7        23.4 204.8   8.5 122.0  0.07  0.05
       4  9  75.2  41.0  57.5  49.2  34.1        25.4 192.3   8.0 582.4  0.31  0.22
       4 10  72.5  33.7  55.2  57.9  39.0  0.04  24.8 165.2   6.9 359.2  0.21  0.15
       4 11  66.9  44.3  54.0  68.3  42.3  0.03  21.0 140.1   5.8 503.6  0.19  0.15
       4 12  73.7  31.2  54.5  55.4  34.3  0.01  22.2 143.3   6.0 561.8  0.24  0.18
       4 13  78.8  40.3  60.0  39.8  31.8  0.02  27.7 189.5   7.9 598.1  0.34  0.24
       4 14  85.2  43.2  65.1  31.3  29.8        28.8 170.8   7.1 473.3  0.37  0.25
       4 15  87.4  38.0  66.7  33.0  31.1        31.4 225.0   9.4 579.7  0.43  0.29
       4 16  71.3  31.5  52.4  45.4  30.3  0.02  40.7 201.6   8.4 355.5  0.26  0.18
       4 17  79.3  24.7  56.2  40.6  25.5        35.4 269.0  11.2 624.3  0.41  0.27
       4 18  70.1  30.4  53.5  37.1  25.9  0.03  40.6 355.4  14.8 557.5  0.35  0.24
       4 19  41.8  27.6  35.5  63.9  24.2        23.5 237.3   9.9 204.3  0.10  0.07
       4 20  43.6  32.0  36.9  66.5  26.3  0.04  22.3 204.7   8.5 129.1  0.10  0.07
       4 21  59.4  31.4  43.7  62.1  28.4  0.04  41.2 235.4   9.8 483.3  0.21  0.15
       4 22  71.2  20.9  49.3  42.3  21.7        43.2 221.1   9.2 532.5  0.31  0.21
       4 23  80.4  24.7  57.9  32.5  22.2        35.4 187.0   7.8 627.8  0.37  0.25
       4 24  55.0  24.8  42.3  45.1  21.0        36.4 311.0  13.0 626.7  0.22  0.16
       4 25  60.4  18.6  42.9  42.5  19.0        31.4 228.2   9.5 377.6  0.22  0.15
       4 26  52.8  34.9  44.1  70.4  35.4        28.3 303.9  12.7 455.6  0.14  0.11
       4 27  55.8  32.9  45.5  84.3  40.9  0.11  31.2 249.6  10.4 185.5  0.08  0.06
       4 28  68.7  28.0  48.4  68.3  36.4        27.9 123.4   5.1 271.8  0.16  0.12
       4 29  74.1  35.8  57.3  48.3  34.8        18.6 152.0   6.3 269.5  0.22  0.15
       4 30  70.3  37.7  54.9  68.8  44.4        24.6 245.1  10.2 320.8  0.20  0.14
       5  1  55.0  30.5  41.9  91.0  40.2  0.02  28.1 288.8  12.0  84.7  0.07  0.05
       5  2  61.9  22.4  45.2  63.9  31.3        18.2 127.6   5.3 532.9  0.17  0.13
       5  3  75.1  27.2  55.6  46.8  30.6  0.01  34.8 169.9   7.1 405.2  0.26  0.18
       5  4  67.7  38.4  53.6  57.4  37.6        34.3 239.0  10.0 507.8  0.24  0.18
       5  5  81.8  43.1  64.0  45.9  39.5        27.7 179.2   7.5 459.6  0.32  0.22
       5  6  84.5  35.3  60.5  48.0  35.4        33.5 208.3   8.7 502.4  0.38  0.26
       5  7  50.3  38.9  44.4  88.9  41.4        22.5 208.8   8.7 141.4  0.06  0.05
       5  8  60.9  28.3  49.6  50.3  29.7  0.02  37.7 299.6  12.5 468.6  0.22  0.16
       5  9  62.8  17.0  43.5  43.7  19.3        24.6 164.9   6.9 579.1  0.23  0.17
       5 10  65.3  39.4  53.8  47.6  34.6  0.27  30.4 263.8  11.0 425.7  0.25  0.17
       5 11  57.9  41.0  49.9  81.5  44.5  0.03  27.2 264.5  11.0 399.8  0.12  0.10
       5 12  61.9  34.4  48.8  64.3  36.0        20.4 174.9   7.3 410.4  0.17  0.13
       5 13  70.3  26.9  51.2  54.1  31.7        18.9 125.7   5.2 663.2  0.24  0.19
       5 14  79.8  43.4  61.9  38.9  35.3        20.8 116.6   4.9 398.7  0.26  0.19
       5 15  76.8  40.9  60.0  58.1  43.8  0.12  32.9 166.8   7.0 500.5  0.25  0.19
       5 16  54.7  40.9  48.7  83.0  43.6  0.15  28.1 223.8   9.3 252.0  0.09  0.07
       5 17  62.0  39.6  49.4  79.0  42.7  0.05  18.0 122.5   5.1 386.7  0.13  0.11
       5 18  69.4  42.5  55.8  61.8  42.2  0.03  35.6 294.8  12.3 526.4  0.26  0.19
       5 19  71.5  42.8  55.9  65.4  43.9        30.2 306.5  12.8 616.8  0.28  0.21
       5 20  68.5  46.0  54.5  74.8  46.2  0.01  32.3 269.1  11.2 226.0  0.19  0.13
       5 21  79.7  48.7  64.4  56.3  45.7  0.04  52.4 481.4  20.1 479.8  0.42  0.28
       5 22  72.6  34.7  58.0  44.1  31.1        30.7 257.4  10.7 687.5  0.34  0.24
       5 23  60.8  33.0  49.0  61.5  35.5        24.0 222.1   9.3 620.4  0.20  0.16
       5 24  53.6  37.3  44.2  70.8  35.3        20.8 177.0   7.4 353.5  0.13  0.10
       5 25  74.5  27.2  54.7  57.2  35.9        20.2 100.7   4.2 674.6  0.24  0.19
       5 26  81.8  39.6  62.0  49.7  39.5        20.2 135.4   5.6 623.2  0.30  0.23
       5 27  84.1  42.0  62.1  61.1  46.8  0.04  26.3 118.5   4.9 573.3  0.28  0.21
       5 28  82.9  41.9  65.1  56.9  46.8        15.3  98.5   4.1 630.8  0.26  0.21
       5 29  86.8  44.8  68.1  48.4  44.3        25.9 159.6   6.7 552.8  0.34  0.25
       5 30  91.7  45.1  72.5  44.5  45.4        24.8 151.1   6.3 642.8  0.37  0.28
       5 31  88.2  51.9  74.3  43.8  50.1        23.8 181.2   7.5 636.5  0.36  0.27
       6  1  92.0  52.2  72.9  59.2  55.0  0.10  34.2 159.5   6.6 461.2  0.32  0.23
       6  2  86.2  54.2  71.7  65.2  58.0  0.04  25.7 146.6   6.1 636.1  0.29  0.23
       6  3  72.3  54.8  62.2  81.4  56.1  0.99  34.9 256.1  10.7 418.3  0.19  0.15
       6  4  66.2  52.1  57.1  87.9  53.3  0.33  17.2 124.7   5.2 251.5  0.11  0.09
       6  5  77.1  42.2  61.3  67.8  48.2  0.04  21.2 123.4   5.1 627.9  0.24  0.19
       6  6  86.4  47.3  69.6  54.8  49.8  0.01  26.2 170.2   7.1 653.4  0.33  0.26
       6  7  90.1  48.8  68.9  64.5  55.6  0.09  34.7 175.8   7.3 598.5  0.34  0.25
       6  8  94.5  51.2  74.9  57.1  54.2  0.02  38.7 248.2  10.3 645.8  0.45  0.32
       6  9  97.0  66.5  82.3  44.6  56.3  0.01  35.1 279.1  11.6 671.7  0.54  0.38
       6 10  80.5  55.8  66.4  52.0  47.7  0.01  39.9 278.8  11.6 600.0  0.39  0.27
       6 11  79.8  50.6  65.2  51.2  44.0        15.4  90.2   3.8 681.2  0.27  0.22
       6 12  81.3  49.5  65.7  50.9  45.1        24.8 138.9   5.8 693.5  0.31  0.24
       6 13  73.3  45.3  60.8  54.5  43.0        17.4 104.1   4.3 507.1  0.21  0.17
       6 14  80.4  36.4  62.2  49.4  39.2        17.2  95.6   4.0 704.2  0.27  0.22
       6 15  79.5  56.2  68.6  48.5  48.1        28.0 193.6   8.1 653.0  0.33  0.25
       6 16  88.1  51.6  70.3  50.2  47.0        18.3 123.0   5.1 641.9  0.33  0.25
       6 17  98.6  49.7  74.6  40.3  42.7        23.4 145.2   6.0 622.3  0.44  0.31
       6 18  99.4  50.2  79.8  24.8  35.6        21.0 179.4   7.5 669.2  0.50  0.35
       6 19  88.7  58.5  76.2  36.7  46.8        31.0 260.6  10.9 639.2  0.46  0.33
       6 20  82.5  59.4  70.7  64.4  57.6  0.05  26.7 176.8   7.4 473.2  0.26  0.20
       6 21  96.6  62.7  81.2  37.9  51.4        27.4 245.8  10.2 607.2  0.51  0.35
       6 22  96.4  68.5  82.3  40.1  53.1  0.02  27.0 175.8   7.3 527.0  0.43  0.30
       6 23  97.6  59.7  79.2  40.8  49.7        18.9 139.2   5.8 647.9  0.41  0.30
       6 24 100.6  51.5  75.3  46.9  49.0        20.8 102.4   4.3 477.2  0.34  0.25
       6 25  97.2  53.7  78.1  43.8  50.4  0.27  48.0 161.0   6.7 566.4  0.40  0.29
       6 26  92.3  56.4  76.1  52.7  54.4  0.01  16.1 143.0   6.0 665.9  0.36  0.27
       6 27  95.7  54.0  79.1  43.0  50.6        20.5 146.7   6.1 615.8  0.38  0.28
       6 28  97.8  56.7  82.2  34.1  47.8  0.01  29.4 181.7   7.6 656.5  0.45  0.33
       6 29 101.4  61.3  84.6  30.7  47.3        23.5 197.4   8.2 652.2  0.51  0.36
       6 30  94.8  54.0  78.6  41.8  51.4        25.8 134.5   5.6 651.1  0.36  0.28
       7  1 101.4  60.4  83.7  44.2  56.5        29.1 134.5   5.6 639.2  0.40  0.30
       7  2  91.1  63.0  78.7  52.1  57.5        25.1 162.5   6.8 556.9  0.34  0.26
       7  3  94.6  58.8  77.8  55.8  58.3        23.2 169.4   7.1 583.0  0.36  0.27
       7  4  89.0  62.8  77.8  51.2  57.1        25.6 195.1   8.1 641.0  0.37  0.28
       7  5  85.4  63.1  74.0  63.5  60.4        26.4 207.3   8.6 579.9  0.31  0.24
       7  6  77.9  66.5  70.6  85.1  65.9  0.82  38.6 112.5   4.7 251.9  0.13  0.11
       7  7  90.3  65.1  78.2  59.2  61.2  0.01  26.9 194.5   8.1 657.4  0.36  0.28
       7  8  92.0  57.7  77.1  60.6  60.2        15.3  92.4   3.9 676.0  0.29  0.24
       7  9  92.6  59.3  77.0  62.4  61.7  0.01  22.4 132.8   5.5 667.6  0.32  0.26
       7 10  86.8  61.4  74.2  63.0  59.5        18.3 104.7   4.4 603.1  0.27  0.22
       7 11  80.5  55.2  68.1  67.6  56.3        16.9 105.3   4.4 667.0  0.25  0.21
       7 12  86.8  47.0  68.8  64.3  54.5        17.8  77.9   3.2 696.9  0.26  0.22
       7 13  87.1  55.7  72.8  53.2  53.5        16.0 102.2   4.3 686.1  0.29  0.24
       7 14  91.1  55.8  76.6  43.6  50.9        23.0 147.2   6.1 698.6  0.37  0.28
       7 15  91.6  62.9  79.2  47.4  56.0        23.4 182.7   7.6 683.7  0.39  0.30
       7 16  93.8  63.7  80.9  42.8  54.0        27.5 159.3   6.6 682.4  0.40  0.30
       7 17  94.0  56.4  79.6  42.0  52.4        18.8 121.5   5.1 675.9  0.35  0.27
       7 18  96.3  58.3  80.4  41.5  53.1        19.2 118.5   4.9 687.6  0.36  0.28
       7 19  95.9  60.6  81.9  38.9  52.4        23.2 144.0   6.0 674.6  0.39  0.29
       7 20  97.1  62.4  83.7  37.8  53.8        25.2 157.6   6.6 655.2  0.40  0.30
       7 21  81.7  57.6  69.7  71.0  59.6  0.04  35.8 193.3   8.1 441.7  0.23  0.18
       7 22  84.1  57.5  70.8  55.7  51.7        19.8 138.8   5.8 660.7  0.31  0.24
       7 23  91.7  62.6  78.1  38.6  49.5        28.4 230.4   9.6 572.2  0.45  0.32
       7 24 100.7  56.7  80.3  42.5  51.1        17.0 138.0   5.8 665.8  0.42  0.31
       7 25  99.2  56.2  76.1  46.8  50.4  0.01  36.5 203.7   8.5 525.2  0.48  0.33
       7 26  92.2  55.8  73.1  58.0  54.9        36.8 112.3   4.7 543.4  0.30  0.23
       7 27  94.5  51.8  77.0  40.8  45.8        27.3 155.2   6.5 653.2  0.40  0.29
       7 28  87.1  57.4  72.8  44.5  48.2        25.4 148.5   6.2 471.6  0.32  0.23
       7 29  94.7  49.0  73.2  50.3  48.7        20.7  89.8   3.7 669.4  0.32  0.25
       7 30 100.5  56.4  78.5  40.2  46.7        15.1 100.9   4.2 628.4  0.37  0.28
       7 31 104.7  52.5  81.2  34.1  44.8        15.4 104.9   4.4 578.0  0.38  0.28
       8  1  82.7  59.7  68.9  33.5  38.4  0.01  37.4 245.2  10.2 528.3  0.44  0.30
       8  2  88.4  58.7  73.9  36.5  46.2        33.2 266.0  11.1 609.7  0.47  0.32
       8  3  93.6  65.1  79.7  47.6  56.6        15.3 104.5   4.4 545.8  0.30  0.23
       8  4  90.4  62.1  74.4  69.8  62.9  1.53  45.2 176.5   7.4 572.1  0.31  0.24
       8  5  86.7  62.8  74.3  75.5  65.1  0.02  29.7 165.2   6.9 606.0  0.27  0.22
       8  6  92.1  58.8  76.9  55.3  56.3        26.2 181.2   7.5 630.1  0.37  0.27
       8  7  92.1  65.5  80.4  41.0  53.1  0.01  29.3 227.0   9.5 622.2  0.44  0.31
       8  8  90.2  61.6  74.9  60.7  59.3  0.03  24.3  74.5   3.1 476.7  0.23  0.19
       8  9  79.5  58.1  66.7  74.8  58.0        18.5 134.6   5.6 423.9  0.20  0.16
       8 10  88.5  53.9  70.9  69.6  58.9        16.5  97.9   4.1 516.3  0.24  0.19
       8 11  96.0  60.6  77.9  52.1  55.8  0.02  17.7 129.7   5.4 623.9  0.36  0.27
       8 12  72.6  51.3  63.8  53.7  46.0  0.11  32.2 276.7  11.5 498.9  0.28  0.20
       8 13  75.4  45.4  60.8  65.2  46.8  0.05  15.1  88.9   3.7 597.8  0.21  0.17
       8 14  92.7  43.7  69.1  50.9  45.0  0.03  25.4 157.8   6.6 623.4  0.38  0.28
       8 15  81.1  56.6  68.7  51.9  49.6  0.04  35.7 172.1   7.2 608.3  0.31  0.23
       8 16 100.4  60.8  77.3  43.9  49.5        34.5 223.6   9.3 613.8  0.55  0.37
       8 17  72.3  49.3  60.7  41.0  36.2        27.6 170.9   7.1 544.1  0.28  0.21
       8 18  89.2  49.3  65.9  52.3  46.2        18.7 100.1   4.2 412.1  0.27  0.19
       8 19  78.6  45.1  63.5  70.4  53.2        26.5 174.0   7.3 514.8  0.22  0.17
       8 20  88.8  59.2  70.7  73.6  60.5  0.06  38.4 133.7   5.6 362.4  0.24  0.18
       8 21  84.4  54.6  70.3  58.2  53.9        23.1 122.2   5.1 297.0  0.21  0.15
       8 22  86.2  53.3  69.5  68.7  57.8  0.35  37.1 120.8   5.0 574.4  0.25  0.20
       8 23  86.0  51.8  67.5  70.6  56.2  0.78  40.0 131.1   5.5 547.7  0.26  0.20
       8 24  80.4  58.3  66.3  77.1  58.5  0.31  26.7 162.1   6.8 422.5  0.22  0.17
       8 25  86.1  54.1  70.5  71.3  59.4  0.01  19.3 129.8   5.4 529.1  0.24  0.19
       8 26  86.6  60.8  72.0  70.2  61.7  0.04  37.6 226.4   9.4 535.9  0.30  0.22
       8 27  77.7  61.0  69.2  65.1  57.0  0.04  30.6 182.5   7.6 462.4  0.23  0.18
       8 28  77.2  56.6  68.0  80.5  61.7  0.24  23.2 164.4   6.8 332.9  0.14  0.12
       8 29  80.5  52.0  67.0  74.3  57.8  0.14  27.0 179.3   7.5 478.7  0.21  0.17
       8 30  85.5  53.5  69.3  72.4  58.7  0.03  17.6 121.5   5.1 554.6  0.23  0.19
       8 31  86.7  52.9  71.2  71.4  60.5  0.02  23.4 126.2   5.3 486.6  0.22  0.17
       9  1  84.6  58.4  71.7  64.4  58.4  0.01  21.9 109.7   4.6 462.4  0.21  0.17
       9  2  78.4  50.0  63.6  64.1  50.0        21.2 133.5   5.6 548.7  0.23  0.18
       9  3  84.7  54.2  70.9  51.3  52.0  0.02  27.7 199.6   8.3 502.9  0.30  0.22
       9  4  89.5  56.5  74.7  49.1  53.0        17.0 130.1   5.4 482.3  0.28  0.21
       9  5  96.4  51.5  73.8  49.0  49.2        19.6 118.6   4.9 536.9  0.33  0.24
       9  6  90.2  47.9  73.0  54.3  52.7        23.5 139.0   5.8 509.3  0.28  0.21
       9  7  92.0  58.1  78.0  49.9  56.0        29.8 235.3   9.8 502.5  0.37  0.26
       9  8  84.3  57.6  72.8  64.3  59.4        30.8 152.7   6.4 444.1  0.22  0.17
       9  9  67.7  55.1  62.9  87.8  59.3  0.40  21.9 165.0   6.9 186.6  0.07  0.06
       9 10  65.3  53.4  57.9  78.5  50.9        11.7  81.2   3.4 217.2  0.10  0.08
       9 11  72.5  50.4  63.0  73.1  53.7        20.9 140.1   5.8 392.5  0.15  0.12
       9 12  74.0  58.7  64.9  82.4  59.1  0.04  18.2 116.0   4.8 343.2  0.14  0.11
       9 13  72.3  54.9  61.9  78.6  54.7  0.02  15.7  87.6   3.6 295.8  0.12  0.10
       9 14  71.6  46.8  59.4  72.7  49.9  0.05  26.5 150.7   6.3 500.2  0.18  0.14
       9 15  87.1  38.3  61.8  60.6  44.0        16.8 141.3   5.9 505.3  0.30  0.21
       9 16  86.2  39.6  64.6  52.6  42.4        19.6 137.1   5.7 505.2  0.28  0.20
       9 17  83.6  40.9  63.1  53.5  42.6        25.9 135.0   5.6 457.5  0.26  0.18
       9 18  69.2  50.1  60.2  52.8  42.7  0.01  32.6 270.7  11.3 376.4  0.25  0.17
       9 19  69.2  37.3  52.9  60.2  37.4        26.8 198.0   8.3 455.9  0.22  0.16
       9 20  81.4  32.9  57.8  55.7  37.0        23.2 166.1   6.9 481.4  0.29  0.20
       9 21  62.2  32.0  48.4  63.6  35.9        25.9 164.0   6.8 423.1  0.15  0.11
       9 22  74.1  33.1  51.8  61.1  35.7        27.7 107.8   4.5 455.7  0.20  0.14
       9 23  66.5  35.1  51.6  52.5  33.8        24.0 132.4   5.5 457.0  0.18  0.13
       9 24  85.2  39.8  61.4  46.6  38.3        26.4 142.4   5.9 452.9  0.29  0.20
       9 25  60.4  44.3  49.9  69.4  40.0        27.3 225.1   9.4 214.0  0.15  0.10
       9 26  64.1  42.6  49.7  73.9  41.1        14.5  71.7   3.0 315.1  0.11  0.09
       9 27  79.9  32.7  59.1  59.6  42.8  0.03  28.4 170.2   7.1 411.4  0.24  0.16
       9 28  66.1  40.2  52.1  73.5  43.6        17.4 136.0   5.7 373.6  0.14  0.10
       9 29  80.6  33.8  56.9  65.3  41.9        31.0  89.9   3.7 423.0  0.19  0.14
       9 30  80.2  37.6  57.9  53.9  36.8        20.2 126.3   5.3 441.2  0.24  0.17
      10  1  66.0  45.2  54.8  54.1  38.1  0.02  30.1 341.0  14.2 409.1  0.26  0.17
      10  2  46.0  36.7  39.0  88.5  35.8  0.13  24.6 180.6   7.5  87.2  0.06  0.04
      10  3  52.9  38.4  44.9  85.2  40.8  0.24  28.1 191.5   8.0 122.6  0.07  0.05
      10  4  61.1  42.3  49.8  72.5  40.9  0.02  29.1 175.1   7.3 346.0  0.14  0.10
      10  5  70.6  32.0  53.1  60.4  37.3        27.8 122.6   5.1 380.2  0.16  0.12
      10  6  58.9  34.7  46.5  69.8  36.7        25.5 136.4   5.7 142.8  0.10  0.07
      10  7  76.3  33.0  51.9  64.2  37.8        16.7 131.0   5.5 405.1  0.21  0.14
      10  8  65.2  32.0  48.4  74.1  39.9        27.7 189.2   7.9 394.2  0.15  0.11
      10  9  70.8  44.1  56.8  74.1  48.4        19.5 146.9   6.1 283.0  0.14  0.10
      10 10  79.7  37.9  58.7  65.8  43.9        19.4 132.9   5.5 373.3  0.20  0.14
      10 11  83.6  38.3  57.3  56.6  38.0  0.01  41.5 208.5   8.7 341.0  0.34  0.21
      10 12  53.4  23.4  40.7  65.9  28.9        23.4 176.2   7.3 387.7  0.11  0.08
      10 13  71.1  19.1  44.6  57.7  27.4        21.9 152.6   6.4 384.3  0.21  0.14
      10 14  63.6  27.0  45.1  51.4  24.5        27.6 219.0   9.1 381.0  0.22  0.14
      10 15  60.7  19.1  41.7  55.3  23.6        24.1 151.9   6.3 357.2  0.16  0.10
      10 16  56.2  25.2  42.9  53.8  25.6        33.4 223.4   9.3 272.9  0.15  0.10
      10 17  66.1  22.3  40.2  58.2  23.6        15.5 119.1   5.0 356.2  0.17  0.11
      10 18  71.2  24.1  46.8  48.4  24.1        21.8 150.8   6.3 365.1  0.22  0.14
      10 19  67.7  22.0  44.5  63.1  30.9        20.1 130.1   5.4 348.0  0.16  0.11
      10 20  69.7  27.7  44.7  57.4  26.8        14.4  98.8   4.1 329.2  0.17  0.11
      10 21  57.6  22.7  41.0  70.6  31.3        13.8  92.6   3.9 336.6  0.09  0.07
      10 22  39.1  26.2  33.5  91.8  31.5        24.3 221.2   9.2  44.3  0.02  0.02
      10 23  26.8  21.8  24.6  93.0  22.9        14.0 157.8   6.6  90.1  0.02  0.02
      10 24  35.4  21.7  28.4  88.3  25.7        14.5 133.9   5.6 125.0  0.03  0.02
      10 25  57.5  24.1  39.5  72.1  29.1  0.02  30.3 194.5   8.1 313.4  0.13  0.09
      10 26  58.5  18.5  38.2  78.9  32.0        23.1 155.5   6.5 296.3  0.10  0.07
      10 27  41.9  30.2  37.5  93.6  35.9  0.48  14.5 118.7   4.9 101.2  0.02  0.02
      10 28  62.2  24.2  41.9  82.0  36.4  0.12  20.7 134.0   5.6 291.8  0.10  0.07
      10 29  40.6  17.9  28.9  92.3  28.0  1.46  33.5 397.7  16.6  72.7  0.04  0.03
      10 30  20.1  15.2  17.3  84.3  13.4        19.9 215.1   9.0 172.0  0.03  0.02
      10 31  20.3  10.4  16.9  90.5  14.7        11.3 116.7   4.9 138.4  0.01  0.01
      11  1  28.1   2.0  19.0  89.3  17.0  0.16  12.6  71.8   3.0 137.1            
      11  2  35.0  25.2  28.8  87.9  25.7  0.02  27.8 107.6   4.5 190.6            
      11  3  39.3  20.3  29.3  70.0  20.4        25.7 207.7   8.7 309.1            
      11  4  39.3  15.6  29.1  77.1  22.7        20.1 126.1   5.3 171.4            
      11  5  46.6  26.0  35.5  64.2  24.2        31.9 229.1   9.5 298.0            
      11  6  58.1  25.3  38.0  71.7  27.9        21.1 166.3   6.9 291.7            
      11  7  60.3  25.2  39.1  76.6  31.6        19.9 174.5   7.3 232.7            
      11  8  65.3  30.1  44.2  68.2  32.5        13.8 116.4   4.8 236.2            
      11  9  63.2  29.9  43.9  68.8  32.7        29.4 185.4   7.7 175.1            
      11 10  53.5  27.4  40.0  62.7  26.9        23.7 193.7   8.1 269.4            
      11 11  47.4  24.8  36.6  78.3  30.3  0.01  20.8 173.0   7.2 145.4            
      11 12  53.3  21.9  34.5  65.9  21.9        23.3 166.7   6.9 270.1            
      11 13  61.7  25.8  41.2  65.7  29.7  0.05  19.4 157.2   6.5 123.7            
      11 14  52.8  33.7  42.6  67.5  31.9        21.0 164.4   6.8 227.9            
      11 15  48.6  30.0  37.8  74.0  29.7        26.9 182.6   7.6 150.3            
      11 16  58.3  22.0  36.3  64.5  22.7        21.0 176.5   7.4 243.4            
      11 17  58.2  23.9  42.1  51.1  21.6        37.0 206.1   8.6  94.7            
      11 18  53.5  22.4  38.8  52.6  21.2        27.6 215.2   9.0 247.7            
      11 19  57.0  24.7  43.8  45.3  21.8        25.9 225.1   9.4 243.3            
      11 20  62.0  35.9  49.6  48.6  30.4        26.3 247.2  10.3 239.3            
      11 21  61.4  29.5  47.3  62.2  34.1        26.2 246.7  10.3 233.5            
      11 22  75.4  27.8  45.4  63.9  30.9        29.1 193.1   8.0 230.3            
      11 23  45.9  23.4  35.4  64.8  24.0        24.2 179.0   7.5 160.1            
      11 24  32.3  22.6  25.9  81.9  21.0  0.01  21.6 194.1   8.1 128.4            
      11 25  39.3  16.7  26.5  71.9  18.7  0.02  39.6 213.4   8.9 231.5            
      11 26  29.5  12.8  19.1  67.7   9.7        24.0 171.0   7.1 219.2            
      11 27  40.9  14.9  28.8  75.3  22.4        27.6 203.6   8.5  60.4            
      11 28  62.1  21.7  36.7  68.9  25.8        22.1 182.7   7.6 223.2            
      11 29  57.9  25.7  41.0  51.7  22.4        35.7 325.5  13.6 217.1            
      11 30  50.9  19.5  32.8  53.0  15.7        20.9 141.9   5.9 206.6            
      12  1  56.4  19.3  36.0  65.0  24.1        15.1 151.9   6.3 135.7            
      12  2  56.2  28.6  42.1  61.2  28.8        29.8 163.3   6.8 214.5            
      12  3  32.3  24.6  28.0  81.0  22.9        12.7 149.0   6.2  64.6            
      12  4  27.4  21.6  25.0  87.7  21.9        16.9 108.1   4.5  63.3            
      12  5  47.5  17.7  30.1  77.0  22.7        24.6 146.4   6.1 210.7            
      12  6  56.5  16.4  29.1  72.5  19.3        29.1 158.0   6.6 213.8            
      12  7  52.4  16.9  28.4  72.7  19.2        15.2 113.3   4.7 199.8            
      12  8  42.9  14.3  27.2  78.8  21.3        14.4  98.0   4.1 192.5            
      12  9  54.3  12.2  28.0  69.7  17.2        12.3 124.3   5.2 212.3            
      12 10  57.5  16.4  28.8  63.2  15.1        20.5 160.3   6.7 214.5            
      12 11  50.8  19.1  35.0  52.0  17.7        23.8 149.3   6.2 161.3            
      12 12  44.9  12.7  30.7  61.9  18.3  0.01  31.9 201.0   8.4 182.0            
      12 13  59.0  13.4  32.3  60.7  18.1        19.2 155.6   6.5 202.9            
      12 14  60.2  21.0  33.6  59.2  18.5        15.1 141.9   5.9 197.3            
      12 15  58.5  24.1  38.9  50.8  21.0        38.3 187.3   7.8 142.8            
      12 16  56.1  22.6  39.3  43.5  17.9        29.5 147.1   6.1 158.8            
      12 17  54.8  23.4  36.7  65.0  25.0        15.1 112.7   4.7 157.8            
      12 18  43.4  27.7  36.2  58.6  22.9        28.1 287.7  12.0 117.9            
      12 19  39.3  18.0  29.4  47.1  10.7        30.7 312.7  13.0 209.0            
      12 20  44.8  16.1  27.5  48.2   9.2        25.6 165.3   6.9 198.5            
      12 21  37.0  11.0  25.6  60.8  13.2        18.5 136.4   5.7 176.5            
      12 22  40.0   6.6  20.9  71.6  12.0        13.8  69.5   2.9 199.8            
      12 23  33.4   3.8  13.6  77.4   7.5         8.5  65.5   2.7 121.7            
      12 24  36.6   3.9  17.9  71.9   9.5        12.6  91.2   3.8 196.7            
      12 25  39.7   5.2  17.2  65.8   5.6        24.0 158.6   6.6 203.3            
      12 26  39.8   2.2  16.1  63.3   4.0        19.9 172.7   7.2 205.6            
      12 27  58.8  11.9  31.5  49.5  12.7        31.5 188.4   7.8 185.5            
      12 28  55.1  23.5  35.5  52.4  18.5        17.5 139.1   5.8 116.2            
      12 29  44.7  19.2  30.9  66.6  20.4        38.1 155.6   6.5  54.8            
      12 30  49.5  10.5  33.4  45.6  13.2        36.3 235.6   9.8 177.3            
      12 31  48.6   8.3  26.7  63.1  15.1        12.4  99.1   4.1 116.7            

      Total                               11.73                         59.23 43.43
        Max 104.7  68.5  84.6  93.6  65.9        52.4 504.9  21.0 704.2
        Min  12.2 -21.9  -2.9  24.8  -7.8         8.5  65.5   2.7  44.3
        Ave  64.9  32.3  48.5  60.0  32.6        25.3 177.5   7.4 385.2
