                                                                    15-JUN-00
      Cellular-linked Weather Station near CROOK, Colorado               1999
      -----------------------------------------------------------------------------
               Temperature      Rel   Dew             Wind        Solar StandrdASCE
            ----------------- Humid Point  Prec -----------------   Rad   ETr   ETo
       Date   Max   Min   Ave   Ave   Ave Total   Max Total   Ave Total Alflf Grass
      MoDay     F     F     F     %     F  inch   mph miles   mph Langl  inch  inch
      ----- ----- ----- ----- ----- ----- ----- ----- ----- ----- ----- ----- -----
       1  1  40.6  24.5  30.4  80.3  25.4  0.09  32.0 240.4  10.0  76.6            
       1  2  27.3  11.3  20.4  56.2   7.4        33.9 377.2  15.7 122.4            
       1  3  21.8   8.7  14.9  58.2   2.5        38.2 261.9  10.9 161.4            
       1  4  35.3  13.4  24.5  69.4  15.9        15.7 130.8   5.5 105.5            
       1  5  51.5  29.0  39.3  60.5  26.1        37.0 214.7   8.9 124.4            
       1  6  40.1  16.3  23.9  79.3  19.3  0.01  27.5 197.2   8.2 100.1            
       1  7  33.1  17.9  25.2  79.5  19.7        14.7 130.7   5.4  90.5            
       1  8  32.5  13.1  22.3  79.8  17.5        24.8 188.7   7.9 128.4            
       1  9  50.0  16.7  32.2  65.3  20.0        31.8 208.3   8.7 174.3            
       1 10  54.1  23.0  34.8  65.0  22.5  0.01  22.6 136.3   5.7 232.7            
       1 11  66.2  27.2  42.5  54.1  24.1        28.9 220.3   9.2 210.8            
       1 12  52.7  19.7  35.8  66.5  24.1        30.7 173.3   7.2 170.6            
       1 13  45.0  13.5  30.6  74.7  22.8        26.7 152.1   6.3  74.1            
       1 14  49.1  21.5  33.4  72.6  24.6        22.6 213.4   8.9 169.6            
       1 15  56.6  23.6  38.0  63.3  25.2  0.01  31.1 194.9   8.1  33.9            
       1 16  51.7  15.3  33.4  72.6  24.3        28.3 120.6   5.0 164.1            
       1 17  44.8  15.7  33.0  53.5  16.2        39.2 289.0  12.0 256.7            
       1 18  63.3  15.7  36.5  60.3  21.8        32.7 171.8   7.2 174.4            
       1 19  58.0  23.6  39.3  63.5  26.2        22.7 137.2   5.7 232.1            
       1 20  56.8  29.3  42.0  52.1  23.9        15.9  98.1   4.1 208.6            
       1 21  48.5  16.8  33.9  74.6  26.4  0.01  31.0 209.0   8.7 201.4            
       1 22  44.8  28.5  33.8  63.8  22.3        27.8 295.1  12.3 201.1            
       1 23  57.2  19.6  34.8  58.3  20.5        20.0 132.5   5.5 193.5            
       1 24  38.0  18.8  23.0  76.5  16.9        22.3 169.5   7.1 136.7            
       1 25  42.4  15.7  27.6  73.1  19.7        18.8 134.0   5.6 133.7            
       1 26  50.1  25.2  34.1  66.8  23.8        35.2 170.8   7.1 217.2            
       1 27  42.0  15.8  28.4  69.8  19.2        18.3 139.1   5.8 276.2            
       1 28  48.3  14.4  27.2  73.0  18.4        17.6 131.9   5.5 277.5            
       1 29  50.1   9.8  25.9  71.4  16.5        19.1 111.2   4.6 259.1            
       1 30  45.3  22.2  35.7  64.8  24.5         7.6  56.7   2.4  71.2            
       1 31  55.0  25.0  39.1  77.7  32.3        11.6  58.3   2.4 174.8            
       2  1  49.8  18.7  32.8  73.4  23.6        30.9 197.9   8.2 121.4            
       2  2  54.8  14.0  35.4  48.6  14.7        27.5 193.2   8.1 272.0            
       2  3  50.3  16.6  40.5  35.8  14.1  0.03  45.1 398.9  16.6 293.5            
       2  4  60.7  11.9  35.9  53.7  18.0        19.2 110.5   4.6 267.1            
       2  5  54.1  24.2  38.1  58.9  23.5        21.3 124.4   5.2 250.9            
       2  6  56.8  17.0  40.4  47.4  20.7        17.6 126.6   5.3 310.5            
       2  7  66.6  17.1  40.7  54.0  22.1        17.8 153.6   6.4 219.2            
       2  8  60.8  24.1  42.0  44.1  18.6        33.3 190.1   7.9 320.2            
       2  9  66.1  22.4  43.8  44.3  21.9        27.8 199.4   8.3 296.9            
       2 10  76.9  17.3  35.6  67.2  22.2  0.04  47.9 293.8  12.2 291.6            
       2 11  30.9  10.9  23.5  55.8   9.9  0.03  42.7 426.2  17.8 299.8            
       2 12  49.2   6.3  26.1  51.0   6.7        26.2 203.3   8.5 340.7            
       2 13  67.7  16.4  35.5  55.0  16.0        22.7 179.7   7.5 333.7            
       2 14  70.2  13.6  40.0  48.0  15.6        34.0 140.5   5.9 323.9            
       2 15  45.5  14.3  34.9  52.9  18.4        29.1 209.1   8.7 150.6            
       2 16  50.0  11.9  29.2  65.8  17.0        16.4 139.7   5.8 317.9            
       2 17  51.0  17.5  35.9  52.4  18.6        33.8 175.8   7.3 174.2            
       2 18  46.9  17.9  34.5  49.5  16.5        36.1 254.6  10.6 374.7            
       2 19  57.4  25.4  37.6  47.4  17.9        45.0 227.7   9.5 261.9            
       2 20  45.7  18.7  32.2  62.1  20.1        32.6 222.3   9.3 183.3            
       2 21  45.4   7.4  28.5  63.8  16.7        33.0 226.7   9.4 268.1            
       2 22  42.3  24.0  33.7  55.8  18.7  0.02  46.0 350.0  14.6 105.6            
       2 23  60.0  15.5  39.3  39.2  13.6        32.0 215.8   9.0 331.4            
       2 24  65.6  23.8  43.6  41.6  19.0  0.01  35.4 239.6  10.0 360.2            
       2 25  70.2  22.9  42.7  45.5  17.9        18.2 132.7   5.5 360.0            
       2 26  57.1  20.9  43.3  30.3  10.3  0.01  38.7 392.1  16.3 388.8            
       2 27  50.2  16.8  37.1  30.0   6.3        33.8 280.3  11.7 426.3            
       2 28  66.9  18.0  42.7  39.8  18.2        29.5 235.7   9.8 359.1            
       3  1  69.2  24.8  46.6  45.0  23.2  0.01  37.6 209.7   8.7 208.4  0.14  0.15
       3  2  46.2  12.1  33.9  57.2  18.6        33.3 312.0  13.0 330.0  0.11  0.09
       3  3  63.3   8.3  38.3  46.5  13.7        23.5 158.3   6.6 412.4  0.14  0.14
       3  4  51.6  26.3  39.4  55.8  23.5        30.2 196.5   8.2 297.4  0.10  0.09
       3  5  43.2  21.4  32.9  65.7  21.0  0.02  38.1 245.0  10.2 314.2  0.09  0.07
       3  6  37.1  21.7  28.5  68.5  19.2        25.5 222.6   9.3 324.7  0.08  0.06
       3  7  53.0  25.1  34.6  76.1  27.1  0.01  35.2 325.5  13.6 224.0  0.12  0.10
       3  8  41.5  15.7  31.5  85.0  27.3  0.06  38.7 253.3  10.6 258.4  0.05  0.04
       3  9  56.9  12.0  33.7  69.0  22.8        33.5 234.3   9.8 453.1  0.13  0.12
       3 10  55.2  21.7  36.9  68.9  25.5        34.4 259.4  10.8 427.0  0.13  0.11
       3 11  33.2  17.4  27.1  86.6  23.7        22.1 204.7   8.5 105.6  0.03  0.02
       3 12  29.0  24.7  26.8  93.8  25.3  0.04  18.3 151.4   6.3 136.2  0.03  0.02
       3 13  49.0  17.1  31.7  80.1  25.6        13.7  65.4   2.7 454.7  0.07  0.07
       3 14  70.6  15.9  42.7  59.5  25.0  0.02  18.1 124.9   5.2 482.5  0.13  0.13
       3 15  75.9  28.2  48.4  45.5  22.4        24.3 181.7   7.6 369.0  0.17  0.19
       3 16  78.1  27.7  52.5  34.7  18.7  0.02  35.0 188.7   7.9 435.3  0.19  0.21
       3 17  51.3  22.3  38.7  34.0  11.2        41.1 234.9   9.8 501.3  0.17  0.14
       3 18  52.7  26.7  39.0  38.2  14.5        26.8 166.0   6.9 441.5  0.14  0.13
       3 19  54.1  20.3  39.2  46.9  19.2        17.8 126.7   5.3 500.4  0.13  0.12
       3 20  64.2  20.6  43.5  55.1  25.3        22.4 173.5   7.2 504.3  0.15  0.14
       3 21  62.2  34.2  47.6  50.7  29.8        41.4 344.8  14.4 470.2  0.20  0.17
       3 22  53.2  24.8  40.6  61.8  28.0        20.2 143.3   6.0 355.7  0.10  0.09
       3 23  64.3  17.8  42.4  62.2  28.6        21.1 112.9   4.7 483.2  0.13  0.12
       3 24  62.2  23.0  44.9  62.3  31.0        19.1 154.9   6.5 486.2  0.14  0.12
       3 25  63.6  24.8  45.6  61.0  30.6        28.4 233.8   9.7 511.5  0.17  0.15
       3 26  67.4  33.9  50.6  60.4  36.7        33.3 295.7  12.3 483.0  0.19  0.16
       3 27  69.1  36.1  48.0  63.1  35.3  0.10  45.5 225.2   9.4 377.7  0.18  0.17
       3 28  57.2  22.6  40.1  53.5  22.2        34.0 206.4   8.6 458.7  0.16  0.14
       3 29  70.0  17.4  45.7  55.0  24.9  0.02  27.1 203.7   8.5 539.1  0.21  0.19
       3 30  79.5  26.1  56.3  41.4  25.1        30.8 209.3   8.7 443.5  0.21  0.22
       3 31  72.7  27.5  53.3  32.7  22.6        25.4 147.5   6.1 529.8  0.18  0.18
       4  1  49.8  27.9  40.3  68.6  30.9  0.01  38.4 397.1  16.5 393.3  0.15  0.10
       4  2  33.8  24.5  28.6  80.5  23.2  0.06  22.6 246.4  10.3 166.5  0.08  0.05
       4  3  41.3  22.3  29.1  85.6  24.9  0.01  15.7  94.3   3.9 301.6  0.08  0.06
       4  4  54.0  16.1  38.4  65.6  26.9  0.01  29.5 131.7   5.5 279.5  0.08  0.07
       4  5  52.4  28.7  40.7  84.2  36.0  0.39  29.2 233.8   9.7 304.2  0.07  0.06
       4  6  67.7  22.3  46.5  64.3  32.7        25.9 140.6   5.9 592.6  0.16  0.14
       4  7  70.2  28.5  53.0  48.0  30.2        26.9 202.9   8.5 599.6  0.20  0.18
       4  8  55.2  33.4  47.2  73.3  39.0  0.04  64.2 468.6  19.5 217.4  0.11  0.07
       4  9  61.3  23.2  42.3  71.9  31.8  0.22  52.6 293.4  12.2 518.3  0.20  0.15
       4 10  46.8  32.3  39.2  67.7  29.1  0.05  54.7 505.1  21.0 332.5  0.17  0.10
       4 11  58.5  26.0  42.5  56.6  26.0        18.3 116.7   4.9 584.9  0.16  0.13
       4 12  68.4  36.5  51.6  49.4  32.0        18.7 121.0   5.0 579.8  0.17  0.15
       4 13  68.4  33.2  51.9  75.3  44.2        23.4 161.3   6.7 466.6  0.14  0.12
       4 14  53.0  32.3  41.5  72.5  33.7  0.11  43.1 446.6  18.6 208.8  0.14  0.10
       4 15  41.9  29.1  33.5  60.3  20.9  0.02  52.2 416.8  17.4 428.5  0.18  0.11
       4 16  43.7  20.8  32.4  55.1  16.9  0.01  46.0 319.7  13.3 500.4  0.17  0.11
       4 17  57.7  20.3  38.9  43.6  15.1        26.7 222.1   9.3 649.0  0.21  0.17
       4 18  73.0  24.3  49.8  49.1  25.7        32.3 239.4  10.0 632.5  0.25  0.22
       4 19  77.5  28.5  55.4  47.8  31.5        22.8 144.4   6.0 575.7  0.20  0.18
       4 20  74.3  48.5  62.5  41.8  37.9        35.7 173.7   7.2 469.0  0.18  0.17
       4 21  63.3  41.6  53.8  64.7  41.2  0.07  26.7 237.6   9.9 557.1  0.20  0.16
       4 22  46.3  39.4  43.1  90.4  40.5  0.33  25.8 310.8  12.9 152.3  0.07  0.05
       4 23  42.2  35.9  39.3  84.6  35.0  0.01  27.0 234.7   9.8 142.7  0.07  0.05
       4 24  46.6  38.4  41.1  90.5  38.5        17.8 150.6   6.3 142.9  0.05  0.04
       4 25  56.0  38.2  44.8  90.0  41.8  0.47  15.9 128.5   5.4 242.4  0.07  0.06
       4 26  60.4  38.8  47.4  86.8  43.1  0.02  20.8  92.8   3.9 429.4  0.11  0.09
       4 27  69.1  33.6  53.3  72.5  43.5  0.02  20.2 128.9   5.4 611.5  0.17  0.14
       4 28  62.3  44.8  53.1  79.3  46.6  0.01  25.6 236.3   9.8 485.9  0.15  0.12
       4 29  48.3  44.8  46.6  93.5  44.9  0.07  24.2 275.5  11.5  59.6  0.04  0.02
       4 30  54.6  46.4  50.5  91.6  48.2  0.09  29.1 247.2  10.3  79.9  0.04  0.03
       5  1  53.8  43.7  48.8  92.2  46.7  0.28  30.8 286.9  12.0 125.7  0.05  0.04
       5  2  56.6  43.3  49.1  80.3  43.1  0.03  28.4 221.7   9.2 358.4  0.12  0.09
       5  3  75.3  36.3  55.9  62.1  39.5        34.8 173.7   7.2 613.8  0.24  0.20
       5  4  61.2  43.1  51.8  57.0  36.5  0.02  40.3 406.3  16.9 588.2  0.27  0.19
       5  5  56.2  40.3  47.8  46.8  27.1        42.7 457.2  19.1 630.0  0.31  0.20
       5  6  57.8  31.1  47.3  37.7  21.3        47.6 446.3  18.6 628.0  0.31  0.21
       5  7  70.7  29.4  50.5  47.3  28.4        26.5 202.8   8.4 709.0  0.28  0.22
       5  8  77.6  34.3  58.3  50.0  38.0        31.6 200.5   8.4 687.1  0.27  0.22
       5  9  85.3  48.9  63.7  59.0  46.3        34.2 198.9   8.3 606.8  0.29  0.25
       5 10  57.0  32.9  48.3  69.4  38.7        34.6 314.2  13.1 328.9  0.15  0.10
       5 11  57.3  26.0  42.6  60.5  27.7        24.0 122.6   5.1 602.6  0.20  0.15
       5 12  70.0  28.6  51.2  52.6  29.8        20.1 172.3   7.2 658.4  0.26  0.20
       5 13  80.5  46.2  62.2  51.8  44.1  0.01  38.5 380.3  15.8 543.4  0.33  0.27
       5 14  65.5  37.0  53.3  85.7  49.2        36.8 160.3   6.7 202.8  0.08  0.06
       5 15  71.4  34.1  54.2  76.9  46.2  0.15  24.7 162.3   6.8 626.5  0.21  0.16
       5 16  56.4  45.3  51.1  86.8  47.4  0.30  28.8 221.4   9.2 224.4  0.09  0.06
       5 17  64.6  41.7  52.5  65.6  39.7  0.05  19.1 134.7   5.6 630.5  0.21  0.16
       5 18  77.8  35.5  59.6  55.3  41.0        20.7 132.9   5.5 682.2  0.25  0.20
       5 19  83.3  47.9  65.6  58.5  49.6  0.01  25.3 152.0   6.3 625.9  0.26  0.21
       5 20  68.8  47.1  58.7  73.8  49.8  0.13  31.0 236.9   9.9 439.3  0.19  0.14
       5 21  79.4  38.6  61.2  67.1  48.3        28.1 190.9   8.0 644.0  0.27  0.21
       5 22  76.1  49.2  63.8  71.7  54.0        25.9 175.0   7.3 537.4  0.21  0.17
       5 23  73.3  47.8  61.6  62.8  47.2        21.3 124.1   5.2 682.1  0.25  0.19
       5 24  74.9  43.8  61.0  63.3  46.5        18.3 120.2   5.0 612.0  0.24  0.18
       5 25  68.9  49.0  60.2  65.0  47.7        21.3 129.7   5.4 432.6  0.18  0.14
       5 26  75.6  41.6  61.2  63.6  47.1        19.2 139.4   5.8 522.8  0.22  0.17
       5 27  73.0  45.3  59.6  76.8  52.1  0.26  21.3 168.3   7.0 398.6  0.17  0.13
       5 28  77.3  51.4  64.5  66.6  51.3  0.02  28.4 129.3   5.4 579.6  0.23  0.18
       5 29  83.6  53.4  67.4  63.9  52.9  0.15  39.7 172.5   7.2 658.0  0.29  0.23
       5 30  79.6  49.8  62.3  73.9  52.7  0.05  39.4 126.8   5.3 591.8  0.25  0.19
       5 31  64.4  45.0  53.6  90.6  50.9  0.05  23.1 167.4   7.0 240.8  0.12  0.09
       6  1  77.5  43.8  61.7  57.4  45.0  0.05  25.4 191.6   8.0 713.0  0.31  0.23
       6  2  84.9  46.7  68.7  60.1  52.1  0.33  37.8 275.7  11.5 687.1  0.33  0.25
       6  3  84.5  57.9  71.3  53.3  50.9        28.3 204.2   8.5 697.5  0.33  0.26
       6  4  91.3  45.2  69.3  52.9  47.3        30.0 158.8   6.6 664.1  0.36  0.28
       6  5  82.8  43.8  61.5  62.5  47.2  0.04  44.6 179.7   7.5 594.3  0.33  0.24
       6  6  74.3  40.1  59.2  60.9  44.3        30.5 226.7   9.4 586.6  0.29  0.21
       6  7  86.9  50.4  71.2  43.0  45.2        21.3 121.5   5.1 741.0  0.32  0.25
       6  8  95.4  52.1  76.5  39.5  45.6        31.6 204.9   8.5 712.0  0.40  0.32
       6  9  75.5  54.5  66.1  55.6  48.9        33.6 279.0  11.6 713.0  0.35  0.25
       6 10  73.1  52.9  61.7  74.3  52.9  0.31  35.4 205.1   8.5 339.1  0.21  0.15
       6 11  75.1  52.2  61.7  72.9  51.9        18.7 103.5   4.3 635.6  0.25  0.19
       6 12  73.9  48.9  61.1  79.5  54.2        17.6 103.7   4.3 490.2  0.19  0.15
       6 13  72.7  47.6  60.2  71.7  50.2        18.6 116.3   4.8 549.8  0.21  0.16
       6 14  75.2  45.1  63.5  70.7  53.0        25.8 191.3   8.0 481.6  0.21  0.15
       6 15  62.0  47.1  56.2  86.3  52.2  0.02  21.9 190.0   7.9 296.4  0.11  0.08
       6 16  69.6  39.6  55.4  66.7  42.3        17.5  91.7   3.8 669.9  0.24  0.18
       6 17  75.5  52.4  63.1  61.6  48.8        30.1 269.2  11.2 628.4  0.31  0.22
       6 18  84.4  51.3  68.4  63.5  53.4        19.1 131.7   5.5 642.4  0.27  0.20
       6 19  89.0  52.9  69.7  72.1  58.1  0.73  41.2 174.1   7.3 592.5  0.29  0.22
       6 20  89.5  57.9  73.9  59.6  58.0  0.34  30.8 187.7   7.8 664.9  0.33  0.25
       6 21  88.1  58.4  75.2  54.1  55.3        29.5 200.6   8.4 651.4  0.34  0.26
       6 22  91.2  58.4  72.2  63.3  57.0  0.04  30.0 152.8   6.4 550.1  0.33  0.24
       6 23  88.9  53.2  71.7  61.4  54.3        19.2 104.7   4.4 723.0  0.33  0.25
       6 24  91.4  59.9  76.1  59.5  58.6        28.4 177.4   7.4 701.0  0.36  0.27
       6 25  93.9  64.8  78.7  55.5  58.8  0.01  39.4 257.9  10.7 684.5  0.42  0.33
       6 26  85.5  59.0  73.9  66.6  61.1  2.03  57.0 281.6  11.7 701.0  0.36  0.26
       6 27  78.7  58.6  68.4  79.2  61.2  0.50  36.8 180.2   7.5 618.5  0.27  0.20
       6 28  71.9  53.1  63.2  63.3  49.5  0.60  36.7 223.2   9.3 721.0  0.32  0.23
       6 29  82.8  53.7  68.7  57.7  51.0        28.6 195.6   8.2 675.1  0.34  0.25
       6 30  76.0  56.1  66.5  75.9  58.1  0.01  20.1 136.7   5.7 555.0  0.22  0.16
       7  1  82.7  51.7  69.3  63.2  55.3  0.02  33.2 215.7   9.0 723.0  0.32  0.24
       7  2  90.8  57.8  74.2  65.2  60.6  0.01  42.2 158.6   6.6 545.8  0.28  0.21
       7  3  97.4  58.3  79.9  46.9  55.6        28.5 193.9   8.1 546.5  0.36  0.27
       7  4  96.3  60.3  81.1  48.9  58.4        20.0 133.5   5.6 703.0  0.35  0.27
       7  5  81.5  60.1  70.8  66.1  58.6        27.3 223.2   9.3 541.9  0.30  0.22
       7  6  82.9  63.7  71.1  62.9  57.8        21.5 171.7   7.2 416.7  0.28  0.21
       7  7  93.7  66.6  81.2  53.5  59.9        24.7 215.1   9.0 718.0  0.40  0.31
       7  8  89.5  61.2  77.2  54.2  58.4        24.3 165.0   6.9 594.0  0.31  0.24
       7  9  81.4  55.4  68.9  51.8  48.9        21.9 138.6   5.8 709.0  0.34  0.25
       7 10  76.3  49.2  63.1  63.5  49.5        18.3 121.1   5.0 705.0  0.30  0.23
       7 11  83.8  54.0  67.8  61.5  53.1  0.49  24.9 175.4   7.3 620.6  0.32  0.24
       7 12  87.0  54.6  71.5  61.8  56.1        14.4 123.8   5.2 715.0  0.30  0.23
       7 13  94.6  53.6  76.8  52.3  54.1        20.6 138.8   5.8 698.9  0.34  0.26
       7 14  92.6  59.3  77.2  54.2  57.8  0.07  37.0 139.9   5.8 569.7  0.30  0.23
       7 15  88.8  65.3  75.8  64.1  61.4        16.2  80.8   3.4 425.2  0.23  0.17
       7 16  71.1  61.2  66.4  78.4  59.4  0.01  27.6 208.4   8.7 188.7  0.15  0.11
       7 17  80.2  64.8  70.8  81.1  64.3  0.02  27.8 155.2   6.5 400.6  0.20  0.15
       7 18  89.8  57.3  73.9  74.5  64.5  0.02  21.9  83.9   3.5 577.0  0.24  0.19
       7 19  84.4  60.6  70.0  83.1  64.3  2.89  54.6 155.2   6.5 391.5  0.21  0.16
       7 20  83.2  58.5  71.0  80.1  63.7  0.04  12.5  67.3   2.8 662.5  0.24  0.20
       7 21  90.6  58.3  75.0  70.8  63.1        12.1  86.2   3.6 708.0  0.28  0.22
       7 22  91.1  61.0  74.9  74.1  65.2        11.5  64.0   2.7 516.4  0.22  0.17
       7 23  91.2  61.2  76.5  69.1  64.2  0.01  11.8  77.4   3.2 691.5  0.28  0.22
       7 24  89.9  58.9  75.4  69.0  62.4  0.01  28.9 117.3   4.9 623.9  0.28  0.22
       7 25  89.6  62.9  75.8  71.3  64.4  0.01  17.8 100.1   4.2 620.9  0.27  0.22
       7 26  87.3  61.7  75.6  72.6  65.5        15.6 100.9   4.2 677.6  0.27  0.22
       7 27  91.0  60.7  76.6  66.7  62.9  0.01  19.5  96.6   4.0 668.3  0.29  0.23
       7 28  93.4  62.5  77.0  66.7  64.2  0.04  29.6  92.8   3.9 535.0  0.26  0.20
       7 29  94.7  61.4  77.3  67.1  63.2        17.0 123.9   5.2 645.9  0.32  0.25
       7 30  90.7  68.1  79.2  50.8  58.1  0.01  25.7 165.3   6.9 602.2  0.34  0.26
       7 31  87.9  62.9  75.1  61.7  59.3  0.80  27.1 166.5   6.9 489.1  0.29  0.23
       8  1  63.8  56.3  60.3  94.3  58.7  0.27  19.1 184.1   7.7 101.4  0.08  0.06
       8  2  67.9  56.4  61.2  91.4  58.6        11.8  88.4   3.7 194.6  0.10  0.08
       8  3  82.7  59.3  70.0  79.5  62.7  0.01  11.5  67.8   2.8 557.6  0.20  0.16
       8  4  78.5  57.6  69.0  82.0  62.9        18.3 107.7   4.5 403.5  0.15  0.12
       8  5  68.7  62.0  65.3  93.7  63.4  0.25  22.9 136.9   5.7 168.6  0.07  0.05
       8  6  84.3  60.7  70.5  82.8  64.2  0.13  12.1  83.3   3.5 554.0  0.21  0.17
       8  7  85.2  61.0  72.3  70.6  60.7        18.4 114.7   4.8 633.0  0.26  0.20
       8  8  91.1  57.3  75.9  68.7  63.2        18.3 131.7   5.5 638.2  0.27  0.22
       8  9  87.3  56.9  72.9  68.1  59.6        19.0 124.9   5.2 645.0  0.28  0.22
       8 10  76.5  60.7  66.7  89.4  63.3  0.91  41.5  99.4   4.1 180.0  0.11  0.09
       8 11  87.9  60.0  73.1  73.0  62.6  0.01  25.2 112.1   4.7 601.7  0.26  0.21
       8 12  83.0  56.1  70.8  49.1  49.2        30.3 246.8  10.3 635.3  0.36  0.27
       8 13  79.9  48.7  64.7  73.0  55.1        22.9 100.3   4.2 620.5  0.24  0.19
       8 14  90.9  55.2  75.0  58.9  58.0        26.1 144.4   6.0 589.7  0.28  0.22
       8 15  90.2  59.8  74.6  59.6  58.2        21.1 152.4   6.3 519.8  0.27  0.22
       8 16  89.9  57.8  72.4  63.2  57.6        14.6  89.4   3.7 585.5  0.26  0.21
       8 17  91.2  58.6  72.7  70.5  61.5        20.6  94.5   3.9 503.3  0.24  0.19
       8 18  83.0  53.3  69.8  67.5  56.9        11.4  83.2   3.5 616.7  0.24  0.20
       8 19  91.3  53.5  74.3  57.9  56.1        19.7 111.0   4.6 603.2  0.27  0.22
       8 20  88.3  56.3  73.0  66.5  59.8        16.5  92.3   3.8 494.8  0.22  0.18
       8 21  87.8  53.7  70.8  75.6  61.4  1.58  34.3 103.8   4.3 504.6  0.22  0.18
       8 22  84.1  59.7  71.0  78.9  63.0  0.02  17.8  77.0   3.2 592.2  0.22  0.19
       8 23  86.0  57.2  69.5  69.9  57.3        12.6  59.4   2.5 600.3  0.23  0.19
       8 24  87.2  53.8  71.1  69.6  59.3        17.0 115.2   4.8 591.6  0.25  0.20
       8 25  87.4  56.1  71.6  72.3  61.6        15.1  73.2   3.0 535.7  0.21  0.17
       8 26  95.1  57.5  76.3  62.5  60.3        11.3  83.0   3.5 585.1  0.25  0.21
       8 27  91.8  63.2  77.7  60.2  60.9        22.1 127.5   5.3 555.4  0.26  0.22
       8 28  84.0  64.0  70.1  85.1  65.1  0.40  28.0 102.0   4.3 362.7  0.18  0.15
       8 29  84.7  57.4  70.5  80.6  63.6  0.02  28.6 118.4   4.9 511.9  0.22  0.18
       8 30  91.4  57.3  75.2  70.9  63.4        20.8 137.1   5.7 571.0  0.26  0.21
       8 31  88.0  59.7  73.8  72.2  63.6        21.3 122.1   5.1 441.3  0.20  0.17
       9  1  83.3  59.0  70.8  72.7  60.9        23.5 138.2   5.8 515.5  0.22  0.19
       9  2  81.8  58.5  68.1  79.4  61.0  0.01  41.0 143.0   6.0 434.6  0.20  0.17
       9  3  76.4  55.7  65.8  81.0  59.5  0.37  37.6 153.5   6.4 460.9  0.19  0.15
       9  4  70.2  50.7  59.1  82.3  53.2  0.12  15.2 112.6   4.7 448.6  0.17  0.14
       9  5  79.7  45.3  62.9  74.0  53.1        20.3  89.3   3.7 539.7  0.19  0.16
       9  6  86.5  50.5  68.0  72.1  56.6        11.8  63.1   2.6 563.3  0.19  0.16
       9  7  75.4  50.0  62.7  65.0  49.6  0.01  23.8 152.5   6.4 546.8  0.22  0.18
       9  8  71.9  44.5  57.1  65.5  43.3        13.1  72.2   3.0 496.2  0.18  0.15
       9  9  75.1  39.0  56.6  71.7  46.2        11.3  69.8   2.9 542.0  0.18  0.15
       9 10  83.1  46.0  62.9  68.5  50.7        24.3  64.2   2.7 427.1  0.15  0.13
       9 11  69.7  48.1  58.0  80.4  51.8  0.17  28.6 121.8   5.1 232.6  0.10  0.08
       9 12  62.9  36.8  51.4  68.9  40.2  0.09  21.2 150.2   6.3 439.4  0.16  0.13
       9 13  66.8  31.0  48.3  73.3  38.2        12.7  62.6   2.6 500.9  0.15  0.13
       9 14  67.7  37.6  52.6  68.6  40.7        18.4  71.1   3.0 469.6  0.14  0.12
       9 15  68.6  38.9  56.3  75.3  48.7        22.6 142.3   5.9 397.2  0.12  0.10
       9 16  70.9  53.2  60.2  79.3  53.3  0.01  24.0 180.2   7.5 414.4  0.15  0.12
       9 17  80.1  43.2  62.8  70.9  51.3        17.1 134.0   5.6 450.1  0.17  0.14
       9 18  87.4  38.0  62.3  61.9  44.4        15.8  92.8   3.9 476.3  0.20  0.17
       9 19  60.7  45.6  50.1  81.4  44.5  0.26  28.3 199.5   8.3 134.0  0.12  0.09
       9 20  58.0  38.6  48.6  84.8  43.8  0.08  11.3  63.1   2.6 222.2  0.08  0.07
       9 21  75.5  35.3  52.3  74.2  41.4        12.4  91.1   3.8 506.1  0.17  0.15
       9 22  83.4  39.2  57.9  66.1  42.2  0.01  17.9 137.8   5.7 501.1  0.22  0.19
       9 23  84.7  42.7  60.8  61.8  42.5        13.7  98.6   4.1 486.3  0.19  0.16
       9 24  83.5  44.1  61.2  63.8  46.4  0.05  38.2 122.3   5.1 278.0  0.16  0.14
       9 25  87.1  39.7  62.0  61.2  44.6        29.9 156.5   6.5 471.6  0.25  0.21
       9 26  64.1  39.0  50.9  62.3  36.8  0.48  27.3 174.4   7.3 420.2  0.18  0.14
       9 27  45.7  35.4  41.6  92.9  39.8  0.39  13.0 103.7   4.3  72.1  0.05  0.04
       9 28  48.8  31.0  40.9  88.1  37.5  0.61  23.5 171.5   7.1 133.0  0.06  0.04
       9 29  66.4  29.1  44.5  71.8  33.5        21.3 180.0   7.5 464.1  0.18  0.14
       9 30  66.3  35.9  52.6  56.6  35.8        18.6 109.0   4.5 447.2  0.12  0.10
      10  1  56.9  30.4  45.6  67.7  35.4        31.7 239.6  10.0 390.5  0.13  0.10
      10  2  51.5  24.8  36.5  78.0  29.7        21.0 151.1   6.3 336.5  0.11  0.08
      10  3  55.9  36.4  43.3  67.8  33.0        16.0  84.6   3.5 292.2  0.09  0.08
      10  4  77.8  29.1  49.5  67.8  34.8        17.2 134.8   5.6 442.5  0.18  0.16
      10  5  76.6  29.6  53.8  55.8  33.7        22.4 154.1   6.4 437.9  0.18  0.15
      10  6  87.1  38.0  62.0  58.1  44.2        25.7 125.0   5.2 409.9  0.17  0.16
      10  7  61.2  41.5  55.3  77.5  48.1        28.9 116.7   4.9 123.1  0.04  0.04
      10  8  71.5  35.2  50.9  70.5  38.5        13.5  97.4   4.1 412.1  0.15  0.13
      10  9  83.5  34.8  56.0  61.2  38.7        16.5 156.9   6.5 415.9  0.22  0.20
      10 10  68.3  39.4  53.0  66.6  40.8        15.9  94.5   3.9 404.1  0.12  0.11
      10 11  83.7  42.1  60.3  56.1  42.8        19.0 112.8   4.7 398.9  0.16  0.15
      10 12  82.5  41.6  57.6  55.7  38.6        17.2 134.7   5.6 337.7  0.19  0.17
      10 13  73.5  34.2  53.9  64.2  39.4        21.9 142.8   6.0 389.6  0.16  0.14
      10 14  85.2  38.4  56.3  57.6  35.8        20.6 162.4   6.8 397.8  0.24  0.22
      10 15  55.9  36.9  46.8  61.3  33.5  0.01  28.6 232.3   9.7 286.9  0.14  0.11
      10 16  43.0  29.3  37.6  78.1  31.1  0.10  19.1 179.8   7.5  95.3  0.06  0.05
      10 17  54.2  19.0  35.0  68.2  23.5        23.5 157.7   6.6 386.6  0.13  0.10
      10 18  53.9  35.0  45.1  53.8  28.8        22.7 193.9   8.1 265.0  0.10  0.09
      10 19  56.5  26.3  39.3  67.9  27.6        18.8 134.7   5.6 329.8  0.10  0.08
      10 20  69.6  26.9  44.8  61.1  28.0        20.6 160.1   6.7 371.5  0.15  0.14
      10 21  72.8  31.4  49.2  52.5  26.7        27.3 189.5   7.9 371.4  0.19  0.17
      10 22  70.9  29.5  47.2  58.4  30.3        12.0  97.5   4.1 357.5  0.12  0.11
      10 23  67.6  32.1  49.1  53.6  31.2        17.3 125.9   5.2 351.0  0.12  0.11
      10 24  78.5  24.8  47.3  58.5  28.6        16.4 133.0   5.5 339.9  0.18  0.17
      10 25  71.2  26.4  47.6  48.9  25.5        14.5  99.9   4.2 341.3  0.12  0.12
      10 26  79.3  31.4  52.7  43.0  25.9        24.5 152.8   6.4 337.9  0.18  0.17
      10 27  77.3  28.2  47.4  49.7  25.3  0.01  33.8 230.2   9.6 316.0  0.25  0.22
      10 28  64.6  20.0  42.1  60.1  26.9        25.9 168.6   7.0 318.8  0.14  0.12
      10 29  58.2  30.4  48.5  46.5  27.7        35.2 261.5  10.9 152.7  0.12  0.10
      10 30  62.8  28.8  44.2  49.0  23.3        23.1 169.4   7.1 331.5  0.14  0.12
      10 31  73.5  27.3  46.5  51.5  26.0        16.9 165.2   6.9 329.3  0.17  0.16
      11  1  51.7  18.2  38.8  35.9  13.6        33.1 273.6  11.4 316.6            
      11  2  60.5  10.3  34.2  44.2   9.5        17.2 156.6   6.5 332.1            
      11  3  65.8  24.8  46.5  34.3  15.7        22.1 173.5   7.2 299.3            
      11  4  78.9  24.6  46.3  40.5  19.1        23.8 195.5   8.1 275.3            
      11  5  59.7  23.2  41.7  51.8  23.0        13.5  96.6   4.0 289.3            
      11  6  79.3  23.4  44.3  55.9  24.7        16.1 127.6   5.3 300.5            
      11  7  76.4  23.7  46.9  44.7  21.1        18.6 125.9   5.2 300.1            
      11  8  78.1  26.3  46.5  46.9  22.3        13.7 101.2   4.2 277.3            
      11  9  69.1  26.4  46.6  47.7  24.6        27.4 194.5   8.1 233.1            
      11 10  69.7  25.6  42.6  55.5  24.5        14.2 115.7   4.8 277.4            
      11 11  71.9  27.4  44.1  52.9  24.5        15.5 116.3   4.8 160.1            
      11 12  72.3  23.1  42.7  53.3  22.7        18.5 153.6   6.4 273.6            
      11 13  77.0  30.6  46.5  46.0  22.1        21.3 182.4   7.6 278.0            
      11 14  72.9  24.7  41.6  53.6  20.8        14.5 105.7   4.4 272.0            
      11 15  75.8  23.7  41.8  53.6  21.9        14.6 108.3   4.5 271.2            
      11 16  74.0  21.6  41.8  53.8  21.6        15.2 101.7   4.2 262.8            
      11 17  75.4  22.6  45.9  49.6  23.2        14.5 111.7   4.7 258.7            
      11 18  54.1  29.7  44.9  57.6  29.9  0.01  47.1 450.8  18.8 155.6            
      11 19  59.1  22.4  41.0  55.0  24.5        25.8 185.1   7.7 257.7            
      11 20  65.5  21.4  42.8  50.3  22.8        26.8 129.9   5.4 191.3            
      11 21  49.2  31.0  39.5  59.3  25.7        24.5 189.3   7.9 238.7            
      11 22  35.3  30.5  32.3  92.0  30.2        18.9 156.4   6.5  71.9            
      11 23  39.1  12.1  28.6  76.6  22.3  0.02  21.4 178.0   7.4 246.3            
      11 24  40.5   9.7  20.2  74.6  12.2        18.3 203.7   8.5 251.6            
      11 25  53.4  13.2  28.1  71.0  19.5  0.01  26.6 216.6   9.0 170.2            
      11 26  65.5  24.6  42.5  65.7  30.6        22.8 179.1   7.5 197.6            
      11 27  49.6  21.3  35.8  84.4  31.6        18.1 119.7   5.0 117.1            
      11 28  40.5  20.7  31.5  93.4  30.3        14.4 108.6   4.5 142.4            
      11 29  42.3  25.0  35.9  94.6  34.6        17.5 148.4   6.2  49.5            
      11 30  63.3  29.0  40.2  81.0  33.6        19.2 165.5   6.9 198.0            
      12  1  63.0  28.5  41.2  68.3  29.3        14.9 105.8   4.4 154.1            
      12  2  51.4  17.7  37.1  65.4  25.9        23.2 140.2   5.8 217.3            
      12  3  43.5  15.6  33.3  77.0  27.0  0.01  31.1 303.2  12.6 110.2            
      12  4  38.0   8.1  28.0  69.3  19.3        23.2 203.4   8.5 221.1            
      12  5  49.2   8.5  23.7  69.4  13.1        17.3 161.0   6.7 229.7            
      12  6  54.9  14.9  31.0  62.2  16.3        21.0 153.4   6.4 226.2            
      12  7  51.1  15.0  32.5  67.1  21.8        34.1 150.9   6.3 123.1            
      12  8  37.1  12.2  26.0  74.2  18.5        14.3 116.8   4.9  95.5            
      12  9  43.4   8.8  22.1  68.6  11.9        18.3 135.3   5.6 221.3            
      12 10  36.4  12.6  25.5  67.8  16.5        15.1  57.4   2.4  83.3            
      12 11  43.8   9.9  27.8  59.8  14.4        15.2 119.1   5.0 209.9            
      12 12  48.4  12.1  28.8  57.7  13.7        22.6 168.9   7.0 220.8            
      12 13  43.6  10.9  27.2  70.3  18.5        37.0 148.2   6.2  84.5            
      12 14  35.6  23.1  28.7  45.8  10.2  0.01  37.9 388.7  16.2 171.5            
      12 15  46.1  17.6  30.0  40.3   7.2  0.01  33.3 263.6  11.0 187.3            
      12 16  58.7  18.5  37.6  50.5  19.0        28.6 218.9   9.1 192.4            
      12 17  47.1  18.8  35.7  80.7  30.4  0.17  25.2 180.6   7.5 140.0            
      12 18  50.8  18.6  32.6  76.0  24.9        27.1 154.5   6.4 111.3            
      12 19  33.1  13.3  23.4  72.8  16.5  0.02  37.7 224.9   9.4  38.1            
      12 20  26.0   9.6  20.5  86.1  17.3        14.4  93.3   3.9 115.7            
      12 21  37.3  10.6  24.1  83.2  20.0        24.7 152.8   6.4 117.8            
      12 22  36.3  11.7  27.5  83.6  24.2        25.1 225.6   9.4  74.6            
      12 23  49.2  27.6  39.5  64.9  27.5  0.02  32.1 293.5  12.2 211.2            
      12 24  56.3  24.4  38.4  59.6  24.1        24.3 167.2   7.0 217.4            
      12 25  59.3  19.3  34.5  67.3  22.6        16.1 144.5   6.0 216.7            
      12 26  50.3  15.7  29.2  69.2  18.9        17.7 134.9   5.6 215.4            
      12 27  50.4  28.0  39.3  53.2  22.9        31.9 226.6   9.4 214.7            
      12 28  63.8  22.9  45.7  39.4  19.9        29.0 230.4   9.6 218.1            
      12 29  63.6  18.1  38.0  52.9  18.0        25.6 192.5   8.0 221.6            
      12 30  55.3  15.7  32.4  57.7  15.7        21.3 138.3   5.8 222.3            
      12 31  59.2  15.0  32.0  60.9  17.3        17.5 142.7   5.9 216.8            

      Total                               20.23                         49.12 39.40
        Max  97.4  68.1  81.2  94.6  65.5        64.2 505.1  21.0 741.0
        Min  21.8   6.3  14.9  30.0   2.5         7.6  56.7   2.4  33.9
        Ave  66.1  34.7  50.0  64.3  36.2        25.5 174.3   7.3 387.5
