                                                                    07-JUN-99
      Cellular-linked Weather Station near CROOK, Colorado               1996
      -----------------------------------------------------------------------
               Temperature      Rel   Dew             Wind        Solar Alflf
            ----------------- Humid Point  Prec -----------------   Rad   ETR
       Date   Max   Min   Ave   Ave   Ave Total   Max Total   Ave Total Total
      MoDay     F     F     F     %     F  inch   mph miles   mph Langl  inch
      ----- ----- ----- ----- ----- ----- ----- ----- ----- ----- ----- -----
       1  1  34.7  15.5  27.0  72.0  19.1  0.01  29.7 276.1  11.5 136.1      
       1  2  25.3   8.6  16.8  67.2   8.0        24.6 191.0   8.0 207.4      
       1  3  53.8  23.0  34.7  62.1  23.7  0.05  43.4 265.7  11.1 130.8      
       1  4  37.9   8.0  18.9  79.9  14.7        21.0 208.8   8.7  84.1      
       1  5  12.3 -10.7   4.2  76.8  -0.8         9.5  87.8   3.7 186.9      
       1  6  18.1 -13.1   1.4  76.0  -3.5  0.01  16.8 135.2   5.6 230.5      
       1  7  33.0  -9.3  13.6  73.8   9.9        15.0 138.6   5.8 221.0      
       1  8  55.6  11.4  33.6  67.5  24.3  0.02  20.2 181.8   7.6 162.0      
       1  9  52.4  22.8  35.3  71.7  26.8        21.5 108.3   4.5 210.0      
       1 10  49.3  28.3  36.9  67.9  27.0  0.11  37.5 262.9  11.0  86.6      
       1 11  52.1  20.9  38.3  56.2  24.0        27.2 218.0   9.1 212.9      
       1 12  65.8  25.9  40.3  55.6  25.6        19.7 196.8   8.2 243.0      
       1 13  65.7  25.0  38.9  56.4  24.8        21.3 197.8   8.2 242.7      
       1 14  59.9  20.9  35.0  65.7  24.0        22.4 171.5   7.1 245.2      
       1 15  47.2  13.9  27.6  77.4  21.3        12.7  76.5   3.2 148.5      
       1 16  58.0  25.4  42.4  50.9  25.6  0.01  34.4 195.3   8.1 223.9      
       1 17  45.6  -2.7  18.9  58.2  11.4  0.05  57.0 475.8  19.8  64.8      
       1 18  17.9  -3.0   4.5  57.4  -6.8        35.0 267.3  11.1 258.0      
       1 19  46.3   8.1  22.5  58.3  10.9        25.8 124.9   5.2 225.1      
       1 20  47.8   4.9  24.3  62.9  14.0        30.5 189.3   7.9 223.1      
       1 21  59.7   7.3  29.7  56.7  16.8        16.4 111.9   4.7 264.2      
       1 22  25.6   5.8  14.8  79.3   9.7        23.2 194.3   8.1  74.7      
       1 23  34.4  -3.9  14.2  67.9   6.3  0.01  28.9 198.2   8.3 265.5      
       1 24  44.2   5.4  25.8  59.6  14.1        33.6 151.3   6.3 143.9      
       1 25  36.1   3.6  12.4  64.2   3.3  0.01  24.5 282.9  11.8  92.5      
       1 26  26.6 -11.7   5.5  68.2  -1.6        18.1 166.3   6.9 284.9      
       1 27  37.6  -0.3  19.9  57.2   8.4  0.03  26.5 177.0   7.4 264.7      
       1 28  50.2   5.2  19.2  61.7   9.4  0.01  41.7 237.4   9.9 234.8      
       1 29  13.1  -2.0   7.4  63.1  -1.7        22.1 233.5   9.7 193.5      
       1 30   2.2  -8.1  -2.1  68.9  -9.6  0.02  14.8 119.0   5.0 181.3      
       1 31  17.4 -10.7   6.8  67.0  -1.4  0.01   8.9  77.9   3.2 210.1      
       2  1  18.3 -13.4  -1.0  66.9  -8.2  0.01  23.2 192.1   8.0 308.6      
       2  2   5.7 -20.6  -7.1  65.3 -15.4         8.1  60.1   2.5 249.2      
       2  3  13.4 -22.2  -7.8  66.3 -14.6        14.2 125.0   5.2 319.4      
       2  4  47.0  -9.0  13.0  65.7   7.5  0.02  27.7 196.8   8.2 314.1      
       2  5  49.9  24.3  36.1  66.9  26.0        19.1 172.7   7.2 308.0      
       2  6  62.9  23.9  41.0  64.1  29.1  0.03  31.9 223.9   9.3 206.0      
       2  7  67.2  28.4  46.5  57.6  31.8  0.01  34.8 216.6   9.0 245.8      
       2  8  61.3  31.0  42.8  62.8  30.6        17.0 129.4   5.4 246.4      
       2  9  74.4  29.5  49.1  53.8  32.2        31.2 249.2  10.4 312.0      
       2 10  55.9  11.3  34.3  48.7  18.7  0.03  45.6 356.2  14.8 265.3      
       2 11  51.5  12.2  28.9  53.4  15.1        22.6 184.4   7.7 342.4      
       2 12  60.6  16.7  33.0  51.4  18.2        16.2 175.5   7.3 344.5      
       2 13  63.0  23.6  43.0  44.8  24.1        28.5 238.3   9.9 312.4      
       2 14  56.8  22.0  41.2  53.9  25.8  0.01  34.1 252.2  10.5 223.8      
       2 15  36.8   7.1  23.4  63.0  13.6  0.01  39.2 222.9   9.3 129.0      
       2 16  65.0   6.0  35.4  54.2  21.6        21.0 208.5   8.7 359.3      
       2 17  60.1  31.0  45.7  46.8  26.8        19.7 128.9   5.4 345.0      
       2 18  61.9  30.5  47.1  48.7  29.3        28.6 247.5  10.3 348.8      
       2 19  67.9  29.6  49.3  46.5  29.8        35.9 299.1  12.5 219.0      
       2 20  57.5  26.1  44.7  51.3  28.0        21.0 135.2   5.6 131.9      
       2 21  65.0  30.8  48.1  52.2  31.1        17.5  86.4   3.6 315.7      
       2 22  72.1  28.8  49.4  49.8  30.9        50.3 290.6  12.1 330.0      
       2 23  53.9  16.5  36.8  42.7  17.1  0.01  39.0 317.1  13.2 396.9      
       2 24  68.5  11.2  38.3  45.3  21.1        20.5 145.4   6.1 359.8      
       2 25  37.8  18.1  27.0  62.4  16.0        24.5 227.2   9.5 364.0      
       2 26  22.3  12.8  17.4  67.4   8.3        16.1 170.9   7.1 178.6      
       2 27  23.3   5.0  13.1  57.7   1.0        22.8 214.2   8.9 405.7      
       2 28  24.7   0.6  10.2  52.2  -3.0        24.5 146.8   6.1 414.9      
       2 29  42.6  -1.3  19.3  56.4   7.8        31.5 191.3   8.0 386.7      
       3  1  44.6  14.1  30.0  56.4  17.0        43.3 307.4  12.8 345.4  0.08
       3  2  41.4  17.5  30.2  64.3  19.2  0.01  32.5 206.9   8.6 388.8  0.07
       3  3  59.0   9.6  35.1  54.6  20.6        22.9 138.3   5.8 431.4  0.10
       3  4  65.0  18.3  36.2  52.9  21.2        22.6 155.0   6.5 203.0  0.11
       3  5  41.2   8.8  23.1  70.8  15.0        29.0 224.4   9.3 256.6  0.08
       3  6  18.8   0.5   9.1  62.9  -1.0        21.1 206.4   8.6 402.6  0.07
       3  7  18.5   0.4  12.3  64.0   2.3        18.3 171.9   7.2 275.0  0.05
       3  8  36.2  -1.6  19.7  59.5   8.4        12.4  77.7   3.2 385.6  0.05
       3  9  60.7   8.5  35.9  53.9  22.5        19.4 135.3   5.6 448.5  0.08
       3 10  73.6  18.6  46.8  50.3  29.2        25.6 118.5   4.9 361.0  0.09
       3 11  74.9  30.8  53.1  42.5  31.4        22.1 147.8   6.2 428.4  0.13
       3 12  61.7  33.6  50.8  53.0  34.0        28.7 115.9   4.8 191.0  0.07
       3 13  64.2  22.8  42.8  73.1  34.0  0.09  35.1 196.6   8.2 285.4  0.13
       3 14  44.2  29.5  36.6  86.9  33.1  0.39  22.6 210.2   8.8 139.6  0.06
       3 15  56.8  26.7  39.8  73.5  31.3  0.09  17.4 162.7   6.8 493.1  0.13
       3 16  53.6  32.1  42.1  60.7  28.7  0.02  29.1 248.5  10.4 416.7  0.13
       3 17  45.8  30.3  35.4  77.8  28.7  0.35  27.4 159.2   6.6 308.2  0.08
       3 18  43.1  24.0  33.5  66.1  22.9  0.04  37.2 317.9  13.2 390.0  0.12
       3 19  41.3  13.8  29.2  59.0  16.3  0.01  34.0 276.7  11.5 366.0  0.11
       3 20  52.7   8.8  31.4  60.7  19.1        18.0 100.9   4.2 511.7  0.11
       3 21  55.2  20.0  41.0  53.1  25.2        32.9 229.1   9.5 481.5  0.12
       3 22  62.2  32.3  46.5  45.4  27.0        33.8 284.1  11.8 495.3  0.18
       3 23  56.7  26.3  41.5  53.9  26.0  0.01  42.1 295.6  12.3 479.7  0.17
       3 24  26.5   5.6  13.8  72.1   6.9  0.10  41.9 511.1  21.3 197.1  0.10
       3 25  24.4   0.4  11.5  58.9   0.3        26.7 218.9   9.1 556.9  0.10
       3 26  48.3   3.6  27.5  60.0  16.3        24.2 171.5   7.1 553.7  0.11
       3 27  55.3  13.9  37.8  55.0  23.1        21.2 152.6   6.4 499.8  0.09
       3 28  51.0  27.9  38.8  74.3  31.1        23.9 235.5   9.8 327.0  0.08
       3 29  45.1  31.8  38.4  85.1  34.3        18.6 197.9   8.2 130.0  0.04
       3 30  51.7  27.0  37.7  61.4  24.8        24.0 208.8   8.7 559.5  0.15
       3 31  63.7  30.6  45.4  49.6  27.8        24.9 140.4   5.8 500.9  0.15
       4  1  77.0  24.3  50.7  45.4  30.4        29.2 153.9   6.4 544.8  0.19
       4  2  82.8  28.6  58.5  42.0  34.7        32.2 214.8   8.9 539.4  0.23
       4  3  59.4  29.4  46.8  54.4  30.7        39.2 375.7  15.7 439.5  0.20
       4  4  46.6  30.8  36.7  59.0  23.5        17.2 175.4   7.3 306.4  0.13
       4  5  57.1  23.0  39.0  52.0  23.4        20.0 136.9   5.7 540.3  0.16
       4  6  70.4  17.5  47.6  51.8  30.5        27.0 178.7   7.4 573.3  0.19
       4  7  69.6  34.6  54.4  48.1  35.3  0.01  35.3 238.1   9.9 430.4  0.17
       4  8  74.6  37.1  55.0  53.3  37.9        29.9 196.3   8.2 521.2  0.20
       4  9  80.4  27.6  55.3  53.6  36.9        20.9 125.6   5.2 602.5  0.22
       4 10  86.5  29.9  61.3  46.0  38.6        18.9 125.7   5.2 557.7  0.22
       4 11  59.3  31.1  44.5  69.4  35.1        24.3 232.3   9.7 201.9  0.13
       4 12  62.5  28.3  42.9  59.6  29.7        21.9 201.1   8.4 554.4  0.21
       4 13  42.4  29.9  35.4  80.6  29.9  0.13  19.7 254.3  10.6 141.1  0.08
       4 14  46.8  28.2  36.0  76.2  28.9  0.20  33.2 305.1  12.7 346.5  0.12
       4 15  63.2  25.5  44.4  60.5  30.1  0.01  29.2 159.2   6.6 638.2  0.18
       4 16  74.6  28.2  50.9  58.0  34.9        17.9 120.7   5.0 518.0  0.17
       4 17  75.6  36.7  56.8  50.4  37.2        37.0 209.4   8.7 478.6  0.20
       4 18  66.8  30.3  52.1  47.7  32.8  0.01  26.5 185.5   7.7 562.5  0.20
       4 19  50.1  34.0  42.2  69.4  32.9  0.21  39.4 342.4  14.3 261.5  0.14
       4 20  60.0  27.8  45.5  59.2  30.8        27.8 159.1   6.6 560.9  0.18
       4 21  54.3  29.8  41.9  66.3  30.8        28.3 244.9  10.2 484.5  0.16
       4 22  56.5  21.9  40.6  70.3  31.1        21.8 125.5   5.2 498.4  0.14
       4 23  72.7  29.8  51.9  61.2  37.2  0.01  32.2 163.9   6.8 454.0  0.18
       4 24  83.7  37.9  62.5  49.0  41.5  0.03  38.9 239.8  10.0 457.5  0.23
       4 25  64.4  33.1  52.9  45.5  32.4  0.02  40.1 399.0  16.6 667.0  0.29
       4 26  73.8  28.3  49.4  52.5  33.4  0.01  40.5 213.2   8.9 489.0  0.25
       4 27  65.5  28.9  45.7  69.9  35.5        37.8 192.9   8.0 555.1  0.21
       4 28  49.5  30.5  38.2  78.1  31.7  0.09  35.3 328.2  13.7 354.3  0.15
       4 29  56.4  26.1  42.9  56.0  28.0        24.3 185.7   7.7 580.6  0.18
       4 30  57.2  35.3  47.4  63.3  35.0        27.0 249.3  10.4 355.1  0.14
       5  1  62.4  32.0  47.1  71.1  38.3        24.6 154.8   6.5 319.1  0.12
       5  2  63.2  39.1  50.8  69.6  40.7  0.13  26.2 168.5   7.0 490.5  0.16
       5  3  68.9  38.0  53.9  66.4  42.5  0.01  22.4 127.1   5.3 597.9  0.19
       5  4  63.9  41.8  51.1  81.9  45.5  0.01  22.7 176.3   7.3 336.0  0.13
       5  5  63.7  33.4  50.7  60.4  36.7        23.3 192.9   8.0 658.5  0.22
       5  6  64.3  45.5  53.0  78.3  46.2        25.9 230.1   9.6 461.6  0.17
       5  7  62.4  44.1  50.8  87.2  47.1        24.9 154.6   6.4 306.9  0.11
       5  8  76.6  51.2  60.4  77.3  52.3  0.72  39.8 174.9   7.3 579.1  0.22
       5  9  55.4  37.7  49.9  92.0  48.2  1.12  31.7 248.3  10.3  87.9  0.03
       5 10  57.0  34.7  43.9  82.0  39.0  0.01  19.0 170.3   7.1 319.4  0.13
       5 11  71.1  47.3  57.0  72.2  47.3        16.5 121.3   5.1 588.1  0.20
       5 12  56.5  47.2  51.0  85.1  46.5        16.3 156.1   6.5 215.1  0.08
       5 13  71.6  44.3  57.7  75.1  49.5  0.08  31.5 228.4   9.5 645.6  0.22
       5 14  87.0  46.9  64.6  70.7  53.7  0.02  31.2 113.0   4.7 543.7  0.23
       5 15  85.4  49.4  69.2  64.5  55.2        24.1 101.9   4.2 671.2  0.24
       5 16  88.9  64.1  74.9  66.9  62.2  0.08  47.4 180.7   7.5 665.3  0.29
       5 17  80.0  49.1  67.8  55.1  50.1  0.01  45.3 209.1   8.7 571.5  0.27
       5 18  90.6  45.0  69.2  50.9  49.7  0.01  40.3 222.5   9.3 566.7  0.34
       5 19  75.8  45.3  60.6  55.1  44.0  0.01  29.0 175.4   7.3 507.5  0.26
       5 20  66.8  47.5  56.6  67.4  45.0  0.05  26.9 143.5   6.0 649.9  0.24
       5 21  74.2  42.8  60.0  67.4  48.5  0.01  20.6 126.5   5.3 400.9  0.18
       5 22  78.5  54.4  63.9  68.1  53.3  0.08  33.8 179.6   7.5 510.3  0.23
       5 23  59.0  53.3  55.7  94.4  54.1  0.76  22.8 179.6   7.5  94.1  0.05
       5 24  55.6  47.4  52.3  94.0  50.6  0.01  20.2 213.2   8.9  85.1  0.05
       5 25  51.4  46.1  48.7  94.5  47.3  0.74  19.7 164.9   6.9  59.7  0.04
       5 26  56.9  42.9  48.9  90.9  46.3  0.75  19.6 206.8   8.6 169.1  0.08
       5 27  45.0  38.3  41.9  79.9  36.1  0.14  30.7 321.5  13.4 148.3  0.09
       5 28  48.0  39.6  43.3  85.1  39.2        14.5 100.5   4.2 152.4  0.06
       5 29  69.5  44.0  56.2  76.4  48.7        21.4 136.2   5.7 595.7  0.18
       5 30  73.1  53.8  59.6  80.6  53.6  0.04  34.4 220.5   9.2 308.7  0.15
       5 31  77.9  47.0  61.2  70.7  50.5  0.01  17.8 104.5   4.4 529.7  0.20
       6  1  73.6  43.9  60.2  63.9  46.6        23.5 122.4   5.1 662.1  0.24
       6  2  72.6  45.4  59.1  59.1  44.0  0.02  25.3 166.0   6.9 651.3  0.27
       6  3  76.1  45.7  61.2  66.3  48.9        13.8  87.1   3.6 600.7  0.22
       6  4  84.2  52.4  65.9  69.4  54.8  0.10  18.1 112.4   4.7 619.9  0.26
       6  5  79.3  49.5  66.6  69.0  55.5  0.04  26.3 144.5   6.0 611.5  0.23
       6  6  69.5  48.2  60.6  64.9  48.0  0.01  29.5 263.4  11.0 643.7  0.27
       6  7  71.9  44.0  57.8  67.0  46.0        16.4 132.7   5.5 711.0  0.27
       6  8  83.4  46.2  65.4  61.7  51.5        19.1 129.7   5.4 651.1  0.28
       6  9  82.7  48.7  67.9  64.5  55.2        17.0 122.7   5.1 574.7  0.23
       6 10  90.6  48.1  69.9  61.2  54.9  0.11  24.5 100.0   4.2 558.2  0.26
       6 11  90.7  52.9  70.8  58.1  53.2  0.06  35.8 119.8   5.0 550.8  0.29
       6 12  84.4  48.1  69.0  61.0  53.5        21.3 134.7   5.6 672.9  0.29
       6 13  89.1  51.3  73.1  56.7  55.1        24.4 153.5   6.4 663.8  0.32
       6 14  88.1  60.8  73.5  61.4  58.4        26.7 196.5   8.2 595.5  0.32
       6 15  67.8  61.4  63.1  89.5  59.9  0.95  22.9 152.2   6.3  95.4  0.09
       6 16  81.1  60.0  69.7  69.8  58.6        17.8 130.0   5.4 703.0  0.29
       6 17  88.5  53.6  70.0  67.7  57.1  0.15  37.1 113.8   4.7 709.0  0.31
       6 18  93.1  59.4  75.6  55.7  57.8  0.13  34.3 224.2   9.3 745.0  0.40
       6 19  82.6  57.2  71.4  64.9  58.3        23.7 207.1   8.6 738.0  0.33
       6 20  84.5  58.1  68.8  70.3  58.9  0.03  33.5 130.7   5.4 484.4  0.26
       6 21  81.7  59.1  69.0  75.4  60.1  0.12  19.6 145.7   6.1 532.9  0.25
       6 22  79.0  61.1  69.0  80.3  62.3  0.15  26.6 158.9   6.6 305.2  0.17
       6 23  82.0  51.8  68.1  65.7  54.6        20.4 130.7   5.4 705.0  0.29
       6 24  82.1  58.3  70.9  72.5  61.5  0.08  29.1 201.5   8.4 537.2  0.25
       6 25  87.3  59.6  74.5  62.6  60.5  0.21  31.0 271.5  11.3 656.9  0.34
       6 26  88.9  62.2  76.9  64.1  62.8        25.7 224.3   9.3 715.0  0.34
       6 27  89.3  66.1  77.1  67.6  65.2  0.01  35.0 198.3   8.3 593.9  0.31
       6 28  87.5  62.3  73.4  72.2  63.4  0.01  27.0 104.8   4.4 562.8  0.26
       6 29  81.5  56.2  69.7  61.4  54.2  0.04  27.5 153.4   6.4 691.7  0.32
       6 30  83.4  53.3  69.8  63.9  56.4  0.01  29.4 203.0   8.5 656.9  0.32
       7  1  94.6  52.9  73.3  65.1  59.7        11.3  59.4   2.5 669.6  0.29
       7  2  92.7  54.3  77.1  60.5  60.3        24.2 119.4   5.0 700.0  0.31
       7  3  97.9  60.3  77.4  56.5  60.3        20.5 106.9   4.5 533.9  0.31
       7  4  92.6  54.7  76.1  63.7  62.3        26.6 117.0   4.9 621.7  0.29
       7  5  92.8  58.5  75.3  67.9  63.4  0.02  28.6 105.7   4.4 586.5  0.29
       7  6  84.2  58.7  72.2  74.6  63.5        16.7 145.2   6.0 564.1  0.25
       7  7  93.6  63.4  74.3  72.0  64.1  0.02  29.2 140.9   5.9 674.9  0.34
       7  8  79.0  56.4  66.5  64.1  53.7  0.01  20.8 121.4   5.1 599.9  0.28
       7  9  66.1  57.6  60.9  82.2  55.4  0.16  18.7 136.3   5.7  98.2  0.10
       7 10  74.7  57.7  64.4  80.6  58.2  0.05  22.9 201.3   8.4 491.4  0.23
       7 11  78.5  50.4  65.1  79.6  58.3        22.6 131.7   5.5 523.0  0.20
       7 12  81.8  54.4  66.7  69.2  55.2        13.5  81.5   3.4 625.1  0.24
       7 13  79.8  51.8  64.7  78.3  57.4  0.36  24.0 124.8   5.2 526.5  0.22
       7 14  80.2  49.9  64.7  73.0  54.6  0.02  11.1  69.9   2.9 691.4  0.25
       7 15  85.8  50.6  67.3  75.6  59.1  0.05  23.8 102.2   4.3 546.6  0.23
       7 16  89.1  59.2  73.2  69.8  61.9        11.8  70.0   2.9 553.9  0.22
       7 17  90.6  56.2  76.0  63.1  61.7        19.9  83.8   3.5 639.9  0.25
       7 18  95.9  59.2  77.3  61.8  61.6        23.8 107.4   4.5 604.1  0.30
       7 19  87.3  66.3  75.4  67.9  63.7        21.2 170.5   7.1 684.7  0.32
       7 20  93.8  63.2  77.3  70.9  65.5        16.2 115.8   4.8 643.9  0.30
       7 21  93.3  61.0  76.9  58.1  58.1        18.9 132.3   5.5 705.0  0.35
       7 22  79.6  60.3  69.9  70.0  59.3  0.04  30.8 169.2   7.0 454.1  0.24
       7 23  83.0  53.6  67.7  72.6  58.0        19.1 114.9   4.8 572.2  0.26
       7 24  76.9  57.6  64.4  77.6  56.6  0.38  14.0  86.8   3.6 340.4  0.18
       7 25  86.4  51.2  65.7  74.1  56.3  0.15  55.2 169.4   7.1 493.2  0.28
       7 26  81.6  55.1  66.6  72.1  56.8        19.3  94.7   3.9 600.7  0.24
       7 27  86.5  52.9  71.5  67.1  59.1        23.8 111.6   4.7 668.0  0.26
       7 28  87.1  56.9  72.1  73.7  62.4  0.52  50.8 169.1   7.0 510.5  0.24
       7 29  82.6  59.3  69.6  74.8  60.4  0.01  21.2  96.8   4.0 524.2  0.22
       7 30  83.0  56.1  67.3  79.0  59.9  0.13  25.6 146.8   6.1 410.8  0.22
       7 31  83.1  56.3  66.8  80.1  59.8  0.08  27.8 102.8   4.3 510.6  0.22
       8  1  88.8  54.6  68.9  73.1  58.9  1.17  51.5  77.4   3.2 511.6  0.23
       8  2  90.2  60.4  73.6  71.5  62.5  0.38  35.7 100.6   4.2 566.3  0.24
       8  3  90.4  62.8  76.3  63.4  62.3  0.05  22.9 167.4   7.0 626.0  0.30
       8  4  90.0  56.8  71.2  66.4  58.0  0.11  45.1 141.8   5.9 608.8  0.31
       8  5  87.1  53.6  71.9  60.4  55.2  0.01  27.2 220.9   9.2 669.8  0.35
       8  6  85.0  59.6  72.5  64.0  58.9        26.0 179.5   7.5 632.3  0.30
       8  7  81.7  50.4  68.2  52.9  49.7  0.01  19.4 105.7   4.4 661.8  0.27
       8  8  83.8  63.1  72.8  60.8  57.8        22.7 208.2   8.7 636.1  0.32
       8  9  82.7  58.7  70.5  67.8  59.0  0.10  26.3 219.5   9.1 600.7  0.29
       8 10  85.7  55.6  69.2  71.1  58.2  0.05  18.9 110.2   4.6 648.2  0.27
       8 11  87.5  50.4  68.8  66.2  55.1        14.3  95.5   4.0 662.6  0.28
       8 12  92.2  49.1  72.5  63.0  57.5  0.03  22.4 137.8   5.7 609.4  0.29
       8 13  86.4  52.4  70.4  75.1  61.7        15.9 106.2   4.4 605.5  0.24
       8 14  81.0  64.4  71.6  74.0  62.6        21.1 150.5   6.3 446.1  0.21
       8 15  84.8  59.4  68.3  79.4  61.0  0.38  29.9 136.6   5.7 496.4  0.24
       8 16  80.6  54.8  67.4  78.4  59.7        13.1  84.0   3.5 564.1  0.21
       8 17  81.3  53.9  69.4  72.2  59.2  0.06  26.4 154.0   6.4 612.4  0.24
       8 18  80.6  58.1  67.9  80.0  61.4  0.32  44.3 148.5   6.2 506.9  0.21
       8 19  76.7  56.5  65.3  78.2  57.9        20.0 131.7   5.5 547.0  0.21
       8 20  85.7  58.5  72.9  66.9  60.2  0.02  21.8 222.1   9.3 604.3  0.29
       8 21  88.1  56.7  71.9  73.2  62.4        25.2 114.7   4.8 475.0  0.21
       8 22  74.2  59.5  66.3  78.9  59.1        19.0 142.7   5.9 488.3  0.19
       8 23  77.0  55.3  65.7  80.2  59.1        16.9 108.5   4.5 472.1  0.18
       8 24  82.8  58.3  69.1  79.3  62.1        18.2 116.4   4.8 499.7  0.20
       8 25  88.2  54.0  69.8  73.1  60.0        10.7  45.3   1.9 535.0  0.19
       8 26  80.1  53.2  67.5  77.8  59.9        16.1 102.3   4.3 564.9  0.20
       8 27  80.9  50.6  67.3  70.5  56.4        20.0 141.2   5.9 531.4  0.22
       8 28  80.9  56.2  70.5  70.0  59.9        19.5 171.8   7.2 497.6  0.21
       8 29  79.0  57.3  67.0  77.4  59.5  3.22  31.9 201.6   8.4 383.2  0.20
       8 30  72.6  55.2  61.2  84.3  56.1  0.09  16.4  75.8   3.2 270.0  0.12
       8 31  76.7  50.4  63.2  80.6  56.9  0.01  19.8 128.4   5.3 459.7  0.18
       9  1  84.5  53.2  68.8  73.3  58.7  0.01  16.5  73.1   3.0 557.3  0.19
       9  2  81.9  64.8  70.5  79.7  63.3        14.5 103.5   4.3 465.6  0.17
       9  3  84.6  53.7  67.6  73.2  57.1        12.0  74.8   3.1 543.8  0.20
       9  4  85.8  49.8  69.1  67.6  56.5        19.8 114.1   4.8 542.4  0.22
       9  5  86.7  61.5  74.9  58.8  58.2  0.10  29.7 250.2  10.4 540.6  0.30
       9  6  70.9  54.0  59.8  87.0  55.9  0.36  23.5 160.8   6.7 138.7  0.11
       9  7  76.7  51.5  60.4  78.6  53.0  0.01  15.9  96.2   4.0 501.9  0.20
       9  8  81.3  44.5  62.6  72.9  52.9        11.3  78.0   3.3 553.6  0.19
       9  9  88.7  54.3  69.7  65.1  55.3        19.7 109.1   4.5 545.2  0.22
       9 10  89.8  48.5  67.1  61.9  51.7  0.04  21.5  74.5   3.1 542.6  0.21
       9 11  69.0  57.9  62.8  80.7  56.7        18.0 164.2   6.8 224.7  0.11
       9 12  72.6  53.9  62.4  61.3  48.9        21.1 148.8   6.2 492.8  0.21
       9 13  71.1  53.1  61.3  69.2  50.9  0.03  24.8 214.9   9.0 302.7  0.17
       9 14  62.2  53.8  56.7  86.4  52.6        18.9 175.4   7.3 148.8  0.09
       9 15  63.7  51.7  55.5  91.0  52.9  0.48  11.8 101.2   4.2 204.2  0.08
       9 16  68.2  54.0  59.1  82.9  53.7  0.02  20.4 170.5   7.1 270.8  0.12
       9 17  66.5  48.3  55.4  90.5  52.9  1.88  28.7 261.4  10.9  87.9  0.08
       9 18  67.7  46.2  54.3  78.2  47.0  0.07  24.0 108.8   4.5 396.8  0.14
       9 19  63.1  41.4  51.3  66.3  39.8  1.31  40.3 336.3  14.0 387.1  0.22
       9 20  63.8  41.7  52.3  57.5  37.5        25.3 187.9   7.8 391.7  0.17
       9 21  76.1  35.6  52.9  69.1  43.3        23.4 106.8   4.5 448.5  0.17
       9 22  75.5  40.5  57.4  74.6  49.4        14.6  67.8   2.8 431.6  0.12
       9 23  62.8  43.5  52.5  73.9  44.9        26.7 147.3   6.1 314.7  0.12
       9 24  68.5  47.1  56.5  79.7  49.8  0.07  25.8 186.2   7.8 310.4  0.13
       9 25  65.4  36.9  49.4  82.1  44.6  0.16  30.7 224.0   9.3 141.3  0.11
       9 26  54.0  32.0  42.0  72.1  33.0        21.3 153.8   6.4 345.8  0.12
       9 27  56.8  31.1  43.4  62.2  30.8        25.5 206.0   8.6 474.2  0.17
       9 28  74.7  41.9  56.6  64.4  43.8        21.5 152.8   6.4 441.0  0.16
       9 29  77.9  37.3  58.1  65.5  45.2        17.3 128.9   5.4 461.6  0.15
       9 30  82.4  40.3  59.8  65.8  47.2        11.7  92.3   3.8 455.3  0.15
      10  1  85.1  46.2  63.4  60.1  47.5        28.9 185.5   7.7 445.5  0.23
      10  2  53.2  39.6  46.1  69.3  36.6        27.8 202.5   8.4 333.8  0.14
      10  3  67.9  37.3  50.9  67.1  40.6        21.8 186.0   7.8 342.8  0.16
      10  4  76.7  38.7  56.3  72.6  46.7        11.0  59.9   2.5 405.9  0.12
      10  5  82.3  40.9  58.6  69.2  46.7        15.8 114.5   4.8 424.7  0.16
      10  6  70.6  45.0  57.2  63.6  44.4        21.3 173.1   7.2 401.0  0.16
      10  7  66.5  40.7  52.3  73.4  43.6        18.9 120.6   5.0 295.7  0.12
      10  8  75.0  37.5  53.7  66.1  41.0        27.5 190.0   7.9 418.0  0.20
      10  9  70.4  35.4  50.6  65.8  38.3        18.4  95.8   4.0 403.5  0.14
      10 10  74.2  33.9  53.6  63.9  40.9        22.1 163.3   6.8 401.2  0.16
      10 11  90.9  39.6  61.1  59.1  44.8        19.7 155.4   6.5 408.3  0.23
      10 12  89.6  42.7  60.9  55.5  43.5        20.0 133.1   5.5 399.6  0.21
      10 13  85.9  38.2  59.1  59.8  43.6        12.6  96.5   4.0 386.7  0.16
      10 14  77.9  35.6  53.6  64.5  40.7        27.0 140.5   5.9 337.0  0.18
      10 15  76.9  32.4  50.6  65.7  38.3        23.9 142.6   5.9 370.1  0.18
      10 16  65.0  32.2  45.6  71.7  36.1  0.03  34.8 200.3   8.3 328.9  0.16
      10 17  46.7  21.5  36.6  70.3  27.7  0.09  32.9 234.8   9.8 209.6  0.09
      10 18  70.2  18.3  42.4  61.4  29.6        19.8 159.9   6.7 382.2  0.16
      10 19  72.0  30.9  49.0  61.3  35.8        34.8 183.0   7.6 272.8  0.14
      10 20  50.7  33.5  43.1  62.9  31.4        33.3 266.0  11.1 306.0  0.11
      10 21  46.2  18.9  33.5  60.3  21.0  0.01  36.8 218.1   9.1 271.6  0.11
      10 22  58.3  17.0  40.7  53.5  25.6        30.5 242.2  10.1 361.3  0.14
      10 23  62.4  33.4  47.6  47.8  29.1        19.4 122.7   5.1 319.4  0.09
      10 24  66.2  24.6  46.2  59.2  32.1        20.9 108.2   4.5 288.5  0.09
      10 25  62.5  32.0  50.2  56.9  35.1        23.9 139.6   5.8 211.8  0.08
      10 26  47.2  32.8  41.9  80.5  36.6  0.18  41.4 268.1  11.2 153.1  0.06
      10 27  48.1  26.4  34.4  75.3  27.0        16.1  99.1   4.1 232.0  0.07
      10 28  64.4  23.0  45.1  73.4  37.7        36.1 167.8   7.0 319.2  0.09
      10 29  53.6  34.1  44.4  71.7  36.3  0.08  65.4 420.0  17.5 188.0  0.11
      10 30  35.8  23.7  31.2  74.0  23.7        15.9  95.2   4.0 133.8  0.04
      10 31  34.1  29.6  32.1  66.3  22.3         9.4  74.6   3.1  76.7  0.04
      11  1  53.8  20.4  37.4  66.7  26.5        27.3 204.3   8.5 272.4      
      11  2  62.6  25.3  40.2  66.0  29.4        15.2 114.3   4.8 310.3      
      11  3  66.7  22.9  43.8  64.8  32.5        14.6 104.6   4.4 274.2      
      11  4  61.0  27.0  47.0  58.0  32.7  0.01  35.2 260.9  10.9 305.7      
      11  5  56.2  27.4  40.4  68.8  30.5        32.2 181.9   7.6 197.7      
      11  6  48.0  21.0  35.0  57.5  21.5  0.01  29.7 195.4   8.1 229.9      
      11  7  52.0  25.0  36.4  53.6  21.5        43.5 311.9  13.0 206.3      
      11  8  49.3  17.0  34.3  58.3  21.5        19.4 139.1   5.8 275.6      
      11  9  59.3  25.1  45.2  59.9  31.6        31.5 223.8   9.3 272.1      
      11 10  64.8  20.2  37.4  71.6  28.7        18.4 114.3   4.8 256.4      
      11 11  36.1  16.7  24.4  76.4  17.7        13.9 110.3   4.6 211.3      
      11 12  55.8  18.7  34.6  67.7  25.0        17.0 101.1   4.2 264.3      
      11 13  30.3  24.3  28.2  88.8  25.3        19.3 182.0   7.6  46.0      
      11 14  29.8  25.8  28.0  90.8  25.7        25.6 248.3  10.3  59.0      
      11 15  37.4  26.7  31.5  89.5  28.8  0.02  18.4 164.2   6.8  61.3      
      11 16  26.9   7.6  17.2  80.4  12.7  0.05  31.4 272.4  11.3 126.8      
      11 17  37.6   4.7  21.2  74.2  15.8        16.7 122.6   5.1 233.1      
      11 18  49.3  16.8  34.0  78.5  28.4        21.8 122.6   5.1 142.2      
      11 19  74.2  29.0  44.2  76.3  36.6  0.01  22.7 154.1   6.4 232.1      
      11 20  68.6  26.9  42.3  72.0  32.4  0.02  39.3 267.3  11.1 249.1      
      11 21  42.9  21.4  30.3  79.5  24.8        15.2 124.9   5.2 127.0      
      11 22  38.8  31.8  35.2  92.2  33.2        16.7 157.2   6.5  43.3      
      11 23  33.0   7.9  18.7  80.8  15.1        23.8 211.6   8.8 142.5      
      11 24  40.9   6.7  20.8  73.0  13.2        11.6  92.8   3.9 257.2      
      11 25  49.4  15.0  31.4  69.5  21.6        14.6 149.7   6.2 233.4      
      11 26  28.6  19.6  24.0  86.2  20.5  0.03  11.6  99.8   4.2  96.9      
      11 27  42.9  17.9  27.2  78.4  20.9        14.0 120.2   5.0 213.1      
      11 28  55.9  14.7  30.0  67.7  19.2        10.1  96.5   4.0 253.6      
      11 29  40.5  19.9  30.6  77.9  24.7  0.02  23.2 221.6   9.2 147.5      
      11 30  37.1  14.1  25.9  71.4  17.5  0.01  18.0 178.0   7.4 223.0      
      12  1  51.0  11.2  29.0  61.9  16.4        13.1 111.0   4.6 223.4      
      12  2  38.0  17.1  30.6  51.5  14.5  0.02  35.4 281.5  11.7 144.6      
      12  3  46.2   6.7  24.4  49.7   6.8        11.6  99.9   4.2 236.5      
      12  4  36.4  10.2  21.9  51.0   5.1        33.3 228.7   9.5 198.5      
      12  5  56.5   7.7  34.1  52.1  20.7        32.4 178.2   7.4 110.2      
      12  6  47.2  20.2  31.4  62.4  19.9        18.9 160.8   6.7 128.2      
      12  7  48.0  15.7  32.1  56.3  18.6        37.3 260.2  10.8 229.3      
      12  8  64.3  15.0  35.4  57.2  23.5        17.0 135.0   5.6 192.5      
      12  9  60.9  32.5  42.4  55.5  27.9        21.7 171.5   7.1 153.5      
      12 10  62.1  30.1  44.2  58.3  30.9  0.01  27.5 145.9   6.1  89.6      
      12 11  60.2  18.3  37.2  65.9  26.6  0.01  24.8 149.7   6.2 130.2      
      12 12  62.2  16.8  37.2  62.8  26.0        24.2 132.0   5.5 208.4      
      12 13  48.0  32.0  39.8  64.1  28.7        24.1 135.2   5.6 101.9      
      12 14  40.0  19.0  32.0  59.9  19.8        51.5 377.4  15.7 213.3      
      12 15  41.5  13.8  27.6  54.1  13.5        24.0 211.8   8.8 222.8      
      12 16  37.2  10.1  24.9  58.5  13.7  0.02  40.6 279.2  11.6  56.8      
      12 17  14.0   5.8  11.2  56.8  -1.0        45.7 499.0  20.8  89.0      
      12 18  10.8  -7.4   4.9  58.5  -6.1  0.01  38.9 294.1  12.3 182.4      
      12 19  30.2  -7.1  13.3  71.3   8.5        16.2 145.4   6.1 100.0      
      12 20  43.1   8.8  25.1  63.4  14.3        19.6 164.9   6.9 161.0      
      12 21  44.2  25.0  34.2  61.1  21.8        18.0 152.8   6.4  86.6      
      12 22  25.1  13.7  21.0  88.0  18.2        20.0 183.6   7.7  54.5      
      12 23  15.0  -0.4   7.0  73.2   0.3        19.4 161.6   6.7 173.1      
      12 24  44.0  -3.3  16.1  70.8   9.7        30.3 152.8   6.4 141.1      
      12 25  19.0   1.2   8.7  72.9   1.9        20.5 198.0   8.3 175.1      
      12 26  27.8  -1.7  12.2  59.7   1.5        16.7 124.1   5.2 195.4      
      12 27  53.7  15.4  29.6  58.8  17.7        18.4 122.2   5.1 135.5      
      12 28  58.5  14.9  33.1  58.9  21.5        36.5 214.7   8.9 182.9      
      12 29  63.9  12.8  36.2  55.1  23.0        18.4 150.2   6.3 210.8      
      12 30  60.7  28.9  43.1  52.9  27.9        26.7 175.8   7.3  94.9      
      12 31  61.2  26.2  40.9  60.7  28.4        21.7 129.3   5.4 176.7      

      Total                               22.54                         46.29
        Max  97.9  66.3  77.4  94.5  65.5        65.4 511.1  21.3 745.0
        Min   2.2 -22.2  -7.8  42.0 -15.4         8.1  45.3   1.9  43.3
        Ave  62.8  32.9  47.2  66.5  36.1        25.1 172.6   7.2 377.9
