                                                                    15-JUN-00
      Cellular-linked Weather Station near OVID, Colorado                1999
      -----------------------------------------------------------------------------
               Temperature      Rel   Dew             Wind        Solar StandrdASCE
            ----------------- Humid Point  Prec -----------------   Rad   ETr   ETo
       Date   Max   Min   Ave   Ave   Ave Total   Max Total   Ave Total Alflf Grass
      MoDay     F     F     F     %     F  inch   mph miles   mph Langl  inch  inch
      ----- ----- ----- ----- ----- ----- ----- ----- ----- ----- ----- ----- -----
       1  1  36.9  20.6  26.7  86.5  23.6  0.13  33.4 206.2   8.6  87.6            
       1  2  23.8   4.5  15.5  68.7   7.3        37.3 312.1  13.0 176.5            
       1  3  20.3   1.0  11.7  61.7   0.5  0.01  34.8 217.5   9.1 193.7            
       1  4  34.4   6.4  22.2  69.0  14.4        13.4 121.6   5.1 124.0            
       1  5  48.5  29.6  37.2  70.7  28.1        28.9 169.4   7.1 131.6            
       1  6  34.8  14.9  23.1  82.0  19.8        22.9 189.9   7.9  79.0            
       1  7  26.1  14.0  20.7  89.4  18.2        16.0 155.2   6.5  85.8            
       1  8  30.5  12.0  19.9  77.7  14.4        27.7 168.0   7.0 165.2            
       1  9  47.6  16.4  31.9  67.5  20.9  0.01  24.9 193.6   8.1 162.0            
       1 10  53.4  23.1  34.5  67.1  23.0        24.1 145.3   6.1 229.8            
       1 11  63.9  27.9  42.7  53.3  24.3        33.3 216.4   9.0 219.2            
       1 12  51.6  16.9  35.2  65.6  23.1        32.4 198.2   8.3 177.1            
       1 13  42.4  16.9  29.4  79.4  23.5  0.01  26.2 122.7   5.1  74.7            
       1 14  48.2  21.1  33.2  73.4  24.5        22.1 205.1   8.5 183.4            
       1 15  56.6  26.1  38.5  61.8  25.6        28.6 193.9   8.1  45.5            
       1 16  52.3  18.2  35.9  69.7  25.4        25.8 162.3   6.8 173.8            
       1 17  45.0  16.7  33.6  53.8  17.0        34.8 297.0  12.4 249.6            
       1 18  58.4  15.3  36.3  59.3  22.0        19.6 160.8   6.7 173.0            
       1 19  57.3  24.2  39.5  62.3  25.8        28.3 133.3   5.6 245.0            
       1 20  55.6  30.7  41.5  52.4  24.0        26.6 127.9   5.3 203.6            
       1 21  50.1  20.4  35.3  76.5  28.0  0.01  28.6 207.0   8.6 206.2            
       1 22  42.6  25.9  32.6  70.4  23.7        28.2 255.5  10.6 193.7            
       1 23  53.7  19.6  35.9  56.1  20.5        29.1 131.3   5.5 177.1            
       1 24  32.8  15.6  22.0  78.1  16.5        30.7 185.9   7.7 139.8            
       1 25  41.7  16.1  26.8  74.1  19.2        18.8 120.2   5.0 142.3            
       1 26  48.8  23.4  33.3  69.1  24.0        36.8 198.1   8.3 203.9            
       1 27  42.6  16.2  29.9  68.1  19.9        19.0 154.1   6.4 273.9            
       1 28  48.2  13.8  28.2  70.9  18.6        16.2 138.0   5.8 274.5            
       1 29  50.6  12.1  28.2  68.9  17.9        13.1 101.6   4.2 260.1            
       1 30  49.8  25.3  37.2  54.4  21.2        13.2  81.2   3.4  98.5            
       1 31  54.2  27.3  40.3  69.3  30.7        12.4  75.5   3.1 232.1            
       2  1  53.0  20.3  32.7  72.7  23.1        29.1 180.7   7.5 146.4            
       2  2  55.5  17.4  36.0  45.7  14.1        38.4 214.4   8.9 285.6            
       2  3  50.5  18.5  39.8  34.5  13.6        40.7 365.5  15.2 300.1            
       2  4  59.7  15.8  39.7  44.6  19.1        30.3 181.2   7.5 265.1            
       2  5  55.3  28.0  40.1  51.9  22.7        21.6 129.7   5.4 255.7            
       2  6  52.2  26.7  39.6  44.6  19.4        19.9 154.8   6.5 213.7            
       2  7  65.8  24.4  42.5  48.8  21.9        21.5 169.0   7.0 223.6            
       2  8  60.5  26.5  43.4  40.7  18.6        31.9 195.0   8.1 278.7            
       2  9  64.0  28.7  45.2  37.2  20.6  0.01  29.6 256.1  10.7 290.2            
       2 10  77.0  23.1  39.1  67.8  25.7  0.03  48.9 324.9  13.5 291.3            
       2 11  30.7  15.1  23.7  62.2  12.6  0.02  40.5 427.7  17.8 327.8            
       2 12  47.3   7.9  27.1  51.6   9.4        24.6 195.8   8.2 338.8            
       2 13  67.5  18.0  37.0  52.5  16.9        20.7 174.0   7.3 326.2            
       2 14  70.9  18.7  41.3  47.5  18.4        20.3 146.3   6.1 331.0            
       2 15  45.7  17.7  33.5  59.0  20.0  0.01  31.2 207.7   8.7 164.0            
       2 16  49.7  13.7  30.6  64.5  18.4        21.3 133.3   5.6 341.0            
       2 17  50.1  18.7  36.9  54.8  21.1        27.5 164.4   6.8 193.6            
       2 18  47.7  19.1  35.7  52.8  19.2        32.7 300.0  12.5 365.0            
       2 19  54.1  23.1  36.6  55.3  21.2        33.4 236.6   9.9 215.8            
       2 20  46.8  18.3  31.3  70.4  22.1        29.4 207.0   8.6 212.6            
       2 21  43.8  15.0  29.6  70.0  20.5  0.01  35.0 259.5  10.8 276.5            
       2 22  41.6  22.0  32.0  69.4  22.3  0.14  43.0 335.2  14.0 151.0            
       2 23  59.9  21.4  39.9  43.5  16.9        27.5 206.6   8.6 322.4            
       2 24  65.4  26.4  44.3  42.8  20.4        30.3 204.3   8.5 348.0            
       2 25  70.7  24.6  45.3  43.2  19.5        19.9 150.6   6.3 337.3            
       2 26  56.7  27.1  44.7  28.3  10.7        40.2 382.1  15.9 377.4            
       2 27  50.6  22.5  37.8  29.6   7.5        35.8 289.3  12.1 408.2            
       2 28  66.6  20.3  44.3  37.5  19.3        33.4 228.3   9.5 348.2            
       3  1  68.2  30.0  47.1  44.0  24.1  0.01  36.8 198.4   8.3 220.1  0.13  0.15
       3  2  48.3  17.5  34.7  62.0  21.2        36.7 326.3  13.6 375.7  0.13  0.10
       3  3  61.2  11.7  38.5  49.7  16.3        26.2 220.2   9.2 394.0  0.15  0.15
       3  4  53.6  25.0  38.5  58.5  23.5  0.01  27.4 214.6   8.9 323.5  0.11  0.10
       3  5  45.1  23.6  33.7  66.3  21.5  0.01  38.4 272.2  11.3 292.3  0.10  0.08
       3  6  36.9  22.9  28.4  69.9  19.5        26.5 210.6   8.8 231.7  0.07  0.06
       3  7  49.0  24.6  32.6  79.6  26.4        36.5 396.6  16.5 178.1  0.11  0.08
       3  8  37.6  18.0  29.9  93.1  28.0  0.06  33.2 192.8   8.0 166.0  0.03  0.02
       3  9  54.2  13.4  32.7  75.6  24.7        28.3 231.2   9.6 433.4  0.11  0.10
       3 10  54.7  24.7  35.9  74.9  26.5        32.2 267.2  11.1 358.5  0.12  0.11
       3 11  32.6  22.9  27.9  90.7  25.6  0.01  22.0 236.1   9.8  72.5  0.03  0.02
       3 12  28.8  23.9  26.1  96.9  25.3  0.04  17.5 142.9   6.0 157.1  0.03  0.02
       3 13  48.3  18.1  30.4  88.8  27.2  0.02  16.1  72.6   3.0 357.4  0.06  0.05
       3 14  71.2  21.3  43.8  65.1  29.0  0.01  17.1 127.4   5.3 469.2  0.12  0.13
       3 15  76.5  28.4  49.9  45.8  23.9        23.8 183.0   7.6 364.9  0.16  0.18
       3 16  79.3  32.6  54.5  35.2  21.0  0.02  37.3 208.2   8.7 449.7  0.21  0.23
       3 17  52.4  23.0  39.7  31.8  10.1        45.4 316.6  13.2 494.6  0.20  0.16
       3 18  52.7  18.1  35.8  44.0  14.4        26.2 175.3   7.3 453.2  0.15  0.13
       3 19  55.0  21.4  38.8  49.5  19.2        19.7 112.5   4.7 491.4  0.13  0.11
       3 20  63.3  22.8  43.0  53.1  24.1        17.7 161.5   6.7 492.5  0.15  0.14
       3 21  60.8  29.5  45.7  51.4  28.0  0.02  39.8 345.7  14.4 476.5  0.19  0.16
       3 22  49.0  23.3  38.3  64.8  27.2        19.6 170.3   7.1 346.0  0.10  0.08
       3 23  63.5  19.1  41.3  68.4  29.6        21.6 131.6   5.5 419.6  0.13  0.12
       3 24  62.2  27.8  45.6  64.8  32.7  0.01  20.2 172.4   7.2 470.1  0.14  0.12
       3 25  62.4  28.1  44.4  64.2  31.2        26.7 249.4  10.4 456.2  0.16  0.14
       3 26  65.9  32.0  48.2  65.6  36.5        34.7 375.7  15.7 413.0  0.19  0.16
       3 27  66.5  33.6  46.6  73.0  37.4  0.19  40.3 163.8   6.8 388.9  0.14  0.13
       3 28  55.5  26.5  40.4  59.7  25.2  0.07  34.7 189.2   7.9 467.1  0.15  0.13
       3 29  70.4  25.9  47.3  60.9  29.7  0.03  28.8 233.6   9.7 530.9  0.21  0.19
       3 30  81.0  39.0  59.0  43.9  30.6        30.7 234.8   9.8 444.1  0.23  0.24
       3 31  74.2  37.0  55.8  34.1  25.4        22.1 189.1   7.9 527.4  0.21  0.21
       4  1  48.4  27.7  40.4  73.0  32.9        31.3 390.1  16.3 458.5  0.15  0.09
       4  2  36.9  24.1  29.7  77.1  23.0  0.08  20.5 239.5  10.0 196.1  0.09  0.06
       4  3  42.7  17.6  28.9  88.4  25.6  0.02  16.2  78.7   3.3 340.2  0.08  0.07
       4  4  55.4  22.0  41.0  63.0  28.1  0.02  29.0 187.4   7.8 385.7  0.11  0.09
       4  5  49.6  31.0  40.3  91.5  37.8  0.63  27.4 235.3   9.8 206.8  0.05  0.04
       4  6  66.9  28.7  47.6  69.8  36.2        25.7 204.6   8.5 523.1  0.16  0.14
       4  7  71.5  32.0  54.1  50.3  32.3        24.9 204.5   8.5 526.6  0.19  0.18
       4  8  52.9  36.5  46.3  85.5  42.2  0.22  54.9 417.9  17.4 169.6  0.07  0.05
       4  9  58.8  28.5  42.8  79.0  35.6  0.64  42.6 288.7  12.0 453.8  0.16  0.12
       4 10  44.6  33.1  38.2  80.0  32.4  0.21  46.4 492.1  20.5 345.4  0.14  0.08
       4 11  57.0  29.2  42.9  61.3  28.7        17.3 131.9   5.5 558.9  0.15  0.13
       4 12  67.7  37.7  52.2  50.4  33.7  0.01  21.9 139.4   5.8 573.8  0.17  0.15
       4 13  68.3  38.0  53.7  78.1  46.7        19.5 161.2   6.7 415.1  0.12  0.11
       4 14  51.0  31.8  42.1  69.9  33.5  0.04  41.0 475.2  19.8 278.8  0.15  0.09
       4 15  42.8  26.1  33.2  64.7  22.2  0.02  41.1 366.1  15.3 367.3  0.16  0.10
       4 16  44.8  21.4  32.8  55.3  17.0        38.6 290.1  12.1 461.6  0.16  0.11
       4 17  57.5  23.6  39.1  40.2  13.7        23.1 224.1   9.3 591.3  0.21  0.17
       4 18  74.4  28.0  52.0  44.4  26.0        33.4 259.9  10.8 609.6  0.26  0.23
       4 19  78.8  30.3  56.5  46.7  31.6        22.1 134.6   5.6 576.3  0.20  0.19
       4 20  74.4  50.0  62.9  43.3  39.2        22.4 157.9   6.6 499.6  0.19  0.17
       4 21  63.3  44.8  53.5  74.9  45.0  0.24  24.2 234.4   9.8 461.2  0.17  0.13
       4 22  46.0  39.9  43.2  94.9  41.8  0.67  25.9 289.7  12.1  90.4  0.05  0.03
       4 23  43.1  36.3  39.7  87.6  36.3        24.3 215.8   9.0 114.5  0.06  0.04
       4 24  46.1  38.7  41.3  94.0  39.6  0.01  17.5 160.9   6.7 115.1  0.04  0.03
       4 25  54.6  40.3  45.3  95.8  43.5  0.53  16.6 146.3   6.1 144.8  0.05  0.04
       4 26  63.7  40.5  49.2  87.8  44.4        21.6  76.0   3.2 369.7  0.10  0.08
       4 27  69.3  36.9  54.3  74.9  45.0        16.8 139.4   5.8 516.2  0.15  0.13
       4 28  62.7  46.0  52.0  84.4  47.1  0.01  24.5 267.5  11.1 366.5  0.14  0.11
       4 29  48.9  45.2  47.1  98.0  46.5  0.02  22.2 294.2  12.3  61.5  0.03  0.02
       4 30  56.3  48.0  51.5  90.8  48.7  0.01  26.2 265.2  11.1  73.2  0.05  0.04
       5  1  53.6  44.9  48.6  96.5  47.7  0.36  30.8 268.2  11.2  71.9  0.03  0.03
       5  2  58.2  45.0  50.4  83.1  45.1  0.02  27.4 233.8   9.7 273.0  0.11  0.08
       5  3  76.6  39.7  58.1  61.7  41.2        35.7 209.8   8.7 415.8  0.21  0.18
       5  4  61.1  42.7  51.1  68.3  40.5  0.01  39.8 403.2  16.8 278.1  0.18  0.13
       5  5  58.2  41.6  48.8  46.1  27.4        42.6 482.8  20.1 565.8  0.33  0.21
       5  6  59.3  34.2  48.2  36.1  21.2        49.5 507.3  21.1 581.4  0.35  0.22
       5  7  69.8  30.6  49.9  46.2  27.1  0.01  30.5 219.7   9.2 484.5  0.25  0.20
       5  8  76.5  34.5  57.6  50.5  37.4        27.9 230.4   9.6 515.9  0.25  0.21
       5  9  85.4  47.5  62.9  63.6  47.4  0.01  43.1 275.2  11.5 363.6  0.28  0.24
       5 10  56.0  37.1  49.4  72.9  41.0        34.0 343.9  14.3 212.2  0.12  0.08
       5 11  59.6  27.8  43.6  62.1  29.6        33.5 154.7   6.4 395.0  0.18  0.14
       5 12  69.4  30.2  51.5  52.2  30.2        21.1 166.2   6.9 391.3  0.20  0.16
       5 13  77.5  46.6  61.1  63.2  48.5  0.19  41.1 367.6  15.3 496.6  0.27  0.21
       5 14  63.0  44.1  53.8  93.1  51.8  0.03  32.3 179.7   7.5  82.9  0.04  0.03
       5 15  69.6  34.6  53.9  86.7  49.8  0.02  19.6 172.2   7.2 385.2  0.14  0.11
       5 16  56.8  45.5  51.9  90.5  49.2  0.32  29.6 242.1  10.1 195.4  0.07  0.05
       5 17  65.2  42.0  52.6  68.2  40.9  0.03  23.8 153.5   6.4 417.5  0.18  0.14
       5 18  78.2  43.5  61.8  52.0  42.4        22.5 207.2   8.6 528.8  0.25  0.20
       5 19  81.5  47.6  65.0  60.8  50.4  0.08  23.5 145.3   6.1 469.0  0.21  0.17
       5 20  68.3  47.6  58.3  79.1  51.3  0.02  28.5 227.4   9.5 264.6  0.14  0.10
       5 21  76.0  40.2  60.0  73.8  50.5  0.26  29.0 210.3   8.8 484.2  0.22  0.17
       5 22  75.2  52.3  63.5  79.0  56.5        24.1 164.2   6.8 413.6  0.17  0.13
       5 23  73.3  49.7  61.6  65.2  48.5        21.4 150.6   6.3 552.1  0.22  0.17
       5 24  75.6  46.5  61.9  64.6  48.4        17.7 107.0   4.5 486.7  0.20  0.16
       5 25  68.8  51.7  60.4  66.7  48.7        13.7 108.2   4.5 311.3  0.15  0.12
       5 26  76.4  47.0  63.0  64.2  49.1  0.01  21.2 175.4   7.3 552.3  0.24  0.18
       5 27  73.8  46.4  62.4  70.8  52.2        19.8 151.4   6.3 505.6  0.20  0.15
       5 28  77.6  47.0  64.2  65.8  50.6        24.4 153.1   6.4 609.7  0.24  0.19
       5 29  82.0  55.3  67.8  65.3  54.2  0.42  28.6 236.6   9.9 543.8  0.28  0.22
       5 30  80.0  52.8  63.9  75.6  55.1  0.07  28.1 135.1   5.6 537.3  0.24  0.18
       5 31  63.1  48.7  54.0  93.2  52.1  0.07  23.6 149.8   6.2 216.7  0.11  0.08
       6  1  77.4  45.4  61.6  60.2  45.8  0.02  23.2 189.0   7.9 543.8  0.27  0.20
       6  2  83.2  52.3  69.7  59.3  53.6  0.23  40.1 317.0  13.2 360.7  0.26  0.20
       6  3  84.6  59.0  70.0  67.3  56.7        29.5 237.4   9.9 471.5  0.28  0.22
       6  4  89.6  48.3  70.6  56.4  52.4        34.3 175.6   7.3 605.0  0.32  0.25
       6  5  81.8  47.3  63.6  65.1  50.0  0.02  57.7 212.3   8.8 543.9  0.31  0.23
       6  6  77.6  42.3  60.2  59.2  43.9        36.6 250.7  10.4 467.5  0.31  0.23
       6  7  89.9  52.7  73.6  40.0  44.8        27.1 171.8   7.2 649.0  0.35  0.27
       6  8  99.2  63.0  79.8  37.7  46.2        36.7 299.2  12.5 574.7  0.49  0.40
       6  9  78.5  56.9  68.4  53.4  49.8  0.01  37.6 327.2  13.6 627.3  0.37  0.27
       6 10  74.4  52.7  62.4  72.2  52.5  0.15  28.6 240.6  10.0 407.0  0.25  0.18
       6 11  77.5  52.9  63.8  69.4  51.7        20.8 115.6   4.8 589.9  0.26  0.20
       6 12  74.7  54.3  63.8  78.1  55.9        18.6 140.6   5.9 423.9  0.19  0.14
       6 13  72.0  49.0  60.9  68.7  49.4        17.5 162.4   6.8 458.4  0.21  0.16
       6 14  78.6  47.9  65.4  63.3  51.0  0.24  24.3 209.1   8.7 476.8  0.25  0.18
       6 15  61.2  48.4  56.6  88.8  53.3  0.12  21.8 218.2   9.1 240.8  0.09  0.06
       6 16  68.5  44.9  57.1  65.5  43.5  0.01  20.0 116.4   4.8 624.2  0.24  0.17
       6 17  74.5  52.3  63.0  58.8  47.3        31.3 327.3  13.6 557.1  0.32  0.22
       6 18  83.5  53.5  67.9  66.1  54.8        28.1 180.8   7.5 515.1  0.26  0.19
       6 19  85.4  57.3  69.8  77.4  60.6  0.58  24.3 172.9   7.2 558.5  0.26  0.19
       6 20  83.0  61.2  72.6  70.9  62.9  0.09  32.7 241.3  10.1 570.1  0.26  0.20
       6 21  85.7  60.1  74.8  58.9  58.2  0.01  26.9 244.4  10.2 605.1  0.32  0.24
       6 22  87.6  61.6  71.6  70.4  59.9  0.04  30.3 148.7   6.2 446.8  0.27  0.20
       6 23  86.2  56.9  70.7  67.5  57.3        19.7  88.6   3.7 627.8  0.28  0.21
       6 24  89.4  64.3  75.6  66.0  61.9        28.7 168.0   7.0 570.9  0.30  0.23
       6 25  90.4  63.9  76.6  62.4  61.0  0.01  38.4 298.7  12.4 589.2  0.38  0.29
       6 26  83.3  62.6  73.5  72.5  63.6  1.04  36.2 261.2  10.9 559.3  0.28  0.21
       6 27  76.3  58.1  67.6  84.7  62.7  0.74  58.4 193.5   8.1 613.7  0.24  0.18
       6 28  71.3  53.0  62.6  70.9  52.3  0.01  38.0 212.2   8.8 650.7  0.28  0.20
       6 29  81.0  55.1  67.4  66.6  54.3        25.9 201.5   8.4 626.5  0.31  0.23
       6 30  73.3  57.1  65.4  85.2  60.5  0.05  16.2 126.4   5.3 419.1  0.16  0.12
       7  1  79.1  52.3  67.7  72.2  57.5  0.48  30.2 188.7   7.9 651.8  0.26  0.19
       7  2  88.4  62.6  73.9  74.3  64.8        32.4 143.7   6.0 491.5  0.24  0.18
       7  3  96.5  64.9  80.4  54.8  61.0        30.3 224.2   9.3 529.1  0.35  0.27
       7  4  96.9  68.5  82.8  50.0  61.4        20.5 149.6   6.2 652.9  0.35  0.27
       7  5  79.2  62.7  71.4  69.0  60.6        25.4 211.2   8.8 373.8  0.24  0.17
       7  6  80.1  60.9  69.9  67.9  58.8        20.0 158.2   6.6 382.9  0.23  0.18
       7  7  90.5  65.8  78.9  64.7  64.0        26.2 234.9   9.8 622.2  0.34  0.26
       7  8  87.9  64.7  77.3  56.4  59.8        24.0 185.1   7.7 577.6  0.31  0.24
       7  9  80.0  56.4  69.1  51.9  49.8        21.1 154.8   6.5 680.4  0.33  0.25
       7 10  74.2  48.6  62.4  66.8  50.3        16.3 116.1   4.8 675.7  0.28  0.21
       7 11  80.2  53.8  66.9  67.1  55.1  0.01  22.3 176.7   7.4 615.8  0.29  0.21
       7 12  85.9  52.2  71.0  67.9  58.2  0.02  13.4 101.6   4.2 687.1  0.27  0.21
       7 13  92.8  56.2  77.3  53.3  56.4        26.0 160.6   6.7 682.1  0.33  0.25
       7 14  92.9  61.0  77.9  53.3  58.3  0.31  47.6 153.5   6.4 492.1  0.30  0.23
       7 15  93.5  66.8  76.8  68.8  63.4        12.9  87.3   3.6 504.7  0.27  0.20
       7 16  72.3  62.7  67.2  86.4  63.0  0.03  22.1 204.9   8.5 153.7  0.12  0.09
       7 17  81.6  64.7  71.3  84.6  65.8        17.5 166.1   6.9 390.2  0.20  0.15
       7 18  92.2  60.5  76.6  67.1  63.2        19.0  95.5   4.0 532.6  0.25  0.19
       7 19  88.2  65.3  73.6  79.5  66.3  0.12  33.8 192.9   8.0 475.1  0.26  0.20
       7 20  85.5  61.8  73.0  77.9  64.3  0.01  14.1  80.7   3.4 638.6  0.25  0.20
       7 21  94.3  58.7  77.2  66.2  62.3        12.9  96.5   4.0 655.2  0.30  0.23
       7 22  96.6  62.1  77.9  63.6  63.1        20.4  94.7   3.9 481.6  0.27  0.20
       7 23  93.5  62.5  78.9  64.2  63.4        14.1 100.6   4.2 680.6  0.30  0.24
       7 24  93.8  63.3  80.0  60.8  62.3  0.01  26.8 138.5   5.8 633.3  0.32  0.25
       7 25  93.5  65.3  79.9  59.8  62.5  0.01  21.3 154.6   6.4 616.1  0.33  0.26
       7 26  89.6  63.3  77.5  69.2  65.8        15.9 129.6   5.4 652.5  0.29  0.23
       7 27  92.1  62.7  78.7  63.7  63.5        27.0 115.1   4.8 652.9  0.30  0.24
       7 28  96.1  65.5  80.2  60.6  63.9  0.08  15.2 105.8   4.4 517.6  0.28  0.22
       7 29  91.5  63.7  78.7  67.8  65.7        14.9 124.6   5.2 649.4  0.30  0.24
       7 30  89.4  66.9  78.2  58.0  60.8  0.03  24.0 177.6   7.4 613.8  0.33  0.26
       7 31  84.1  65.0  75.0  62.7  60.5  0.01  25.0 163.5   6.8 573.1  0.29  0.23
       8  1  68.7  56.3  59.8  97.5  58.8  1.02  18.6 180.5   7.5 102.0  0.11  0.08
       8  2  67.2  56.2  60.9  96.7  59.7  0.01  11.7  81.3   3.4 178.4  0.08  0.07
       8  3  81.9  60.5  69.8  85.1  64.6         9.1  57.7   2.4 502.2  0.17  0.14
       8  4  78.0  57.8  68.7  88.1  64.7        14.2  87.3   3.6 367.9  0.12  0.10
       8  5  70.1  61.6  65.7  97.8  64.8  0.15  21.5 142.4   5.9 204.1  0.07  0.06
       8  6  84.6  63.3  71.6  88.2  67.3  0.05  10.3  69.4   2.9 492.6  0.18  0.15
       8  7  84.1  61.9  72.0  78.7  64.1  0.01  18.2 127.1   5.3 627.5  0.24  0.20
       8  8  87.5  65.8  76.4  73.1  66.5        21.0 176.7   7.4 588.9  0.26  0.21
       8  9  85.8  60.2  73.3  69.1  61.0        18.3 130.1   5.4 632.6  0.27  0.22
       8 10  80.0  59.0  67.7  89.0  64.0  0.19  22.2  89.4   3.7 201.8  0.12  0.09
       8 11  87.2  61.7  73.8  76.2  64.7        16.5 100.0   4.2 585.0  0.24  0.19
       8 12  81.7  55.1  69.5  54.5  50.8  0.02  33.5 226.8   9.4 632.9  0.34  0.25
       8 13  77.0  50.2  64.0  75.9  55.8        15.6  92.4   3.9 607.2  0.22  0.18
       8 14  88.2  57.3  74.2  63.2  59.8        28.1 175.6   7.3 585.7  0.28  0.22
       8 15  88.5  61.7  74.8  62.3  60.0        19.3 146.0   6.1 540.6  0.26  0.21
       8 16  87.8  57.9  72.2  65.0  58.5        12.7  86.3   3.6 572.5  0.24  0.20
       8 17  90.2  58.9  70.1  83.0  64.3  1.05  31.8 107.6   4.5 338.5  0.20  0.16
       8 18  82.0  58.5  69.8  74.6  60.2        10.3  71.4   3.0 610.6  0.23  0.19
       8 19  86.6  57.6  73.4  66.5  60.4        16.2 107.6   4.5 609.4  0.24  0.20
       8 20  85.3  58.7  72.5  72.5  62.7        14.3 114.7   4.8 474.3  0.20  0.17
       8 21  87.7  56.9  71.0  78.8  62.2  0.09  18.1 112.0   4.7 518.1  0.23  0.19
       8 22  88.7  62.2  73.4  71.1  61.1  0.11  19.3 108.6   4.5 579.1  0.25  0.21
       8 23  85.8  57.3  70.7  60.6  53.8        14.0  90.1   3.8 590.3  0.25  0.21
       8 24  88.0  52.7  71.0  65.4  57.6        16.7 125.5   5.2 578.6  0.26  0.21
       8 25  87.7  55.5  71.2  71.7  60.8        14.7  93.4   3.9 448.9  0.20  0.17
       8 26  96.2  59.0  77.7  59.4  58.8        13.4 102.4   4.3 583.2  0.27  0.22
       8 27  94.2  64.3  79.0  60.0  61.2  0.01  20.7 144.0   6.0 552.8  0.28  0.24
       8 28  86.5  63.6  70.3  84.6  65.0  0.98  28.0 153.7   6.4 270.4  0.19  0.15
       8 29  82.1  63.2  71.3  85.4  66.2  0.02  18.3 149.5   6.2 437.4  0.19  0.16
       8 30  89.9  64.6  76.4  74.5  66.2        21.3 157.4   6.6 560.2  0.26  0.21
       8 31  87.0  62.3  74.0  76.7  65.5        18.0 124.9   5.2 398.1  0.19  0.16
       9  1  83.4  60.5  71.9  72.5  61.9  0.02  31.9 157.1   6.5 535.3  0.24  0.19
       9  2  83.9  59.2  69.9  78.7  62.2  0.05  22.6 163.1   6.8 502.4  0.23  0.19
       9  3  74.9  55.0  65.9  87.3  61.9  0.84  32.1 174.4   7.3 373.0  0.15  0.12
       9  4  70.2  52.0  58.5  86.0  53.7  0.11  15.3 128.3   5.3 359.3  0.16  0.13
       9  5  77.8  47.7  63.1  79.3  55.7  0.02  18.6 105.4   4.4 485.1  0.17  0.14
       9  6  86.2  54.3  70.1  74.3  60.3        20.0  93.9   3.9 548.0  0.19  0.16
       9  7  76.1  51.0  63.9  65.8  50.9  0.02  22.4 155.7   6.5 537.1  0.22  0.17
       9  8  70.9  44.3  57.1  65.3  43.3        15.7 108.5   4.5 472.5  0.19  0.16
       9  9  73.8  39.8  57.6  72.4  47.3        11.0  79.7   3.3 535.7  0.18  0.15
       9 10  81.2  51.2  64.7  66.2  52.3        14.5  99.2   4.1 465.3  0.18  0.15
       9 11  69.4  49.3  59.9  77.3  52.6  0.02  27.9 149.0   6.2 227.3  0.10  0.08
       9 12  63.6  37.6  51.8  68.6  40.3  0.10  24.0 180.2   7.5 473.0  0.18  0.14
       9 13  67.3  31.8  49.6  71.1  38.9        14.3  75.5   3.1 516.8  0.16  0.13
       9 14  66.8  41.2  54.0  66.1  41.5        14.3  86.1   3.6 484.9  0.15  0.12
       9 15  68.1  43.2  57.2  76.4  50.0        20.8 157.5   6.6 349.0  0.12  0.09
       9 16  68.4  54.3  59.0  85.6  54.5        20.5 181.8   7.6 301.8  0.12  0.09
       9 17  74.4  52.2  62.4  80.0  55.4        17.0 151.2   6.3 430.4  0.15  0.12
       9 18  81.4  41.6  63.3  66.0  48.5        18.0 110.4   4.6 481.7  0.18  0.15
       9 19  62.5  45.8  50.3  84.9  45.8  0.32  30.3 197.7   8.2 148.3  0.12  0.09
       9 20  57.6  41.7  49.4  87.6  45.4  0.05   6.9  45.0   1.9 208.5  0.07  0.06
       9 21  72.9  37.2  52.9  79.7  45.2  0.01  12.2  79.7   3.3 451.9  0.14  0.12
       9 22  81.2  38.9  57.6  71.2  45.5        18.1 115.7   4.8 461.1  0.18  0.15
       9 23  83.5  41.7  60.2  64.9  45.0        13.1  85.5   3.6 445.9  0.16  0.14
       9 24  81.2  43.1  62.6  58.9  46.3  0.01  25.8 119.4   5.0 333.5  0.16  0.14
       9 25  84.0  43.0  62.2  62.9  46.9  0.02  32.3 141.4   5.9 443.0  0.21  0.18
       9 26  61.5  39.8  50.8  63.8  37.7  0.32  23.2 185.7   7.7 359.3  0.17  0.13
       9 27  47.1  37.5  42.6  97.2  41.8  0.21  14.8  85.0   3.5  81.1  0.05  0.04
       9 28  48.1  32.0  41.2  96.7  40.3  0.46  21.5 135.9   5.7 107.7  0.04  0.03
       9 29  65.6  28.7  45.5  74.8  35.9  0.01  19.4 134.1   5.6 422.2  0.14  0.11
       9 30  65.6  36.1  51.9  63.2  38.5        16.2 111.3   4.6 436.0  0.12  0.10
      10  1  61.4  29.9  46.0  69.7  36.6  0.03  31.9 238.9  10.0 342.9  0.14  0.11
      10  2  49.2  24.6  36.1  80.0  29.9        17.5 131.4   5.5 304.3  0.10  0.07
      10  3  53.9  36.9  42.8  70.8  34.0        15.0  74.7   3.1 264.0  0.08  0.07
      10  4  76.3  31.3  50.9  66.2  36.2        16.7 130.9   5.5 432.0  0.16  0.14
      10  5  74.0  30.9  54.0  58.5  36.0        21.9 146.0   6.1 416.0  0.15  0.13
      10  6  79.2  44.3  62.2  64.2  48.7        21.9 126.0   5.3 379.9  0.13  0.12
      10  7  61.4  44.9  55.3  83.2  50.2        18.3 121.1   5.0 110.5  0.04  0.04
      10  8  70.2  36.4  51.2  72.8  40.5        14.8  90.6   3.8 391.0  0.13  0.12
      10  9  80.4  35.9  57.4  60.7  40.9        17.3 140.5   5.9 390.4  0.18  0.16
      10 10  67.2  40.7  53.5  67.4  42.0  0.01  20.5 108.7   4.5 380.4  0.12  0.11
      10 11  77.9  42.7  57.3  63.2  44.4  0.01  22.7 118.6   4.9 371.5  0.15  0.13
      10 12  78.8  40.5  56.8  60.5  41.0        14.3 105.3   4.4 307.7  0.14  0.13
      10 13  70.4  35.8  53.5  68.3  41.7        20.2 129.3   5.4 365.2  0.13  0.12
      10 14  83.0  40.7  59.6  49.8  35.2        30.8 172.5   7.2 377.7  0.22  0.20
      10 15  57.0  37.5  47.8  60.4  34.3  0.01  27.5 246.4  10.3 288.9  0.15  0.11
      10 16  45.1  30.5  38.8  75.2  31.2  0.04  18.6 168.4   7.0 149.2  0.08  0.06
      10 17  54.9  19.3  35.8  66.6  23.7  0.01  18.3 127.1   5.3 375.7  0.12  0.10
      10 18  53.9  34.0  45.2  54.5  29.2  0.01  24.2 183.3   7.6 299.4  0.10  0.08
      10 19  57.3  27.8  40.9  64.4  28.4        19.0 141.3   5.9 337.4  0.10  0.09
      10 20  69.1  25.7  44.6  60.7  28.0        17.3 131.8   5.5 362.2  0.13  0.12
      10 21  72.7  30.6  48.6  51.6  27.0        26.3 170.9   7.1 320.2  0.17  0.16
      10 22  70.7  30.2  47.7  58.0  31.2        11.8  83.9   3.5 348.7  0.11  0.10
      10 23  64.0  29.0  46.8  54.4  28.9        23.1 141.3   5.9 343.1  0.12  0.11
      10 24  78.9  28.5  49.1  53.2  29.5        14.0  93.6   3.9 323.4  0.14  0.13
      10 25  70.4  28.4  49.5  45.0  26.1        15.6  92.9   3.9 330.9  0.11  0.10
      10 26  80.7  34.3  54.1  39.0  25.8        16.2 120.8   5.0 338.3  0.16  0.16
      10 27  77.5  29.3  49.5  44.9  25.0  0.02  34.8 218.5   9.1 320.5  0.24  0.22
      10 28  61.4  22.0  41.9  61.3  27.9        22.7 157.4   6.6 313.5  0.13  0.11
      10 29  57.3  32.8  47.5  54.0  31.2        28.4 208.2   8.7 139.4  0.10  0.09
      10 30  62.6  28.8  44.4  47.5  23.4        17.5 157.8   6.6 321.8  0.13  0.12
      10 31  74.4  28.2  48.8  47.2  26.3        20.2 169.5   7.1 318.3  0.17  0.16
      11  1  50.5  15.8  38.7  35.5  13.2  0.01  31.3 251.8  10.5 307.5            
      11  2  57.4  10.6  34.5  41.3   9.0        19.4 137.8   5.7 305.4            
      11  3  65.7  28.5  46.3  29.8  13.5        17.6 167.6   7.0 278.9            
      11  4  79.3  27.2  48.2  37.0  18.4        21.0 175.9   7.3 264.0            
      11  5  59.2  30.6  43.6  48.5  24.0        13.4 107.6   4.5 294.0            
      11  6  81.4  25.7  46.8  49.1  23.4        13.7 105.9   4.4 290.9            
      11  7  80.7  27.1  50.5  39.5  21.2        24.8 145.9   6.1 291.1            
      11  8  78.1  31.4  48.3  41.7  22.2        10.8  85.6   3.6 273.3            
      11  9  70.4  29.4  50.5  42.5  25.3        26.7 186.2   7.8 255.0            
      11 10  73.4  27.2  47.0  47.6  24.5        13.7 110.8   4.6 268.6            
      11 11  72.8  28.3  45.9  47.1  23.2        21.1 120.5   5.0 201.9            
      11 12  73.9  25.9  44.9  48.3  22.4        16.5 143.3   6.0 271.0            
      11 13  77.6  27.9  47.7  44.5  21.9        20.5 160.4   6.7 269.1            
      11 14  73.8  27.9  44.0  48.3  21.5        13.7  91.1   3.8 262.9            
      11 15  76.6  23.5  42.9  49.7  20.7        13.4 103.9   4.3 262.9            
      11 16  74.0  24.0  44.0  47.0  20.9        12.9  97.4   4.1 250.4            
      11 17  74.2  24.2  46.0  46.5  23.9        14.2 108.9   4.5 250.3            
      11 18  54.3  37.0  44.9  61.0  31.4  0.02  42.6 424.1  17.7 126.2            
      11 19  57.3  27.4  41.9  57.1  26.7        29.6 178.0   7.4 253.6            
      11 20  67.6  26.0  43.5  47.5  22.6        22.2 130.8   5.5 178.3            
      11 21  50.1  30.1  41.2  57.5  26.5        26.3 210.1   8.8 242.0            
      11 22  36.7  30.4  32.8  91.9  30.5  0.02  16.1 144.9   6.0  63.3            
      11 23  39.9  15.7  29.6  83.0  25.1  0.04  21.5 181.3   7.6 246.0            
      11 24  42.9  10.3  22.4  73.0  13.4        18.4 154.5   6.4 247.1            
      11 25  53.9  14.2  30.5  68.2  20.6        23.5 195.8   8.2 173.3            
      11 26  68.5  26.4  43.6  63.1  30.0        27.9 181.3   7.6 214.5            
      11 27  49.7  25.0  36.7  86.8  33.1        12.9 112.2   4.7 121.0            
      11 28  37.6  22.0  32.9  98.5  32.7        13.2  92.3   3.8  66.3            
      11 29  42.3  29.4  37.3  97.0  36.4  0.01  21.9 187.8   7.8  36.8            
      11 30  63.7  24.8  41.6  76.7  33.3        18.3 134.4   5.6 194.5            
      12  1  65.8  28.8  41.8  67.9  29.8        13.6  97.0   4.0 161.5            
      12  2  51.7  20.2  37.6  67.7  27.2  0.01  27.5 155.0   6.5 213.8            
      12  3  42.8  17.1  34.1  77.2  27.8        26.6 259.0  10.8 115.0            
      12  4  40.0   8.7  28.4  59.1  15.9  0.01  28.4 199.8   8.3 212.3            
      12  5  50.8   8.7  25.9  62.5  12.2        15.6 131.1   5.5 226.7            
      12  6  54.5  19.4  35.9  46.8  14.7        24.7 168.8   7.0 220.2            
      12  7  50.5  18.0  33.9  62.9  21.6        23.5 156.7   6.5 130.2            
      12  8  36.1  13.6  28.0  75.0  20.9        17.0 129.0   5.4  88.0            
      12  9  43.9   8.1  22.6  64.1  10.4        16.7 114.0   4.8 219.7            
      12 10  36.3  19.3  29.1  61.6  17.7        21.4 117.3   4.9  77.4            
      12 11  44.0  14.4  29.1  56.1  14.9        15.2 137.6   5.7 206.2            
      12 12  48.4  15.2  29.8  53.9  13.6        20.1 142.4   5.9 217.7            
      12 13  41.8  13.8  28.8  65.1  18.0  0.02  32.4 121.7   5.1  99.6            
      12 14  34.1  10.8  26.1  67.3  17.0  0.01  37.3 328.1  13.7 184.8            
      12 15  43.4  17.7  28.2  49.4  10.7        25.9 176.9   7.4 180.7            
      12 16  57.8  21.1  38.1  50.2  19.6        28.6 201.9   8.4 185.6            
      12 17  47.1  18.7  36.7  83.1  32.0  0.04  23.2 143.5   6.0 140.1            
      12 18  49.0  16.8  32.6  80.1  26.6  0.02  26.6 155.9   6.5 113.2            
      12 19  32.4  12.1  23.8  69.7  16.5  0.01  35.2 236.2   9.8  51.0            
      12 20  26.9  11.2  20.8  83.8  17.2        13.5  99.8   4.2 122.2            
      12 21  37.0  11.5  24.6  85.7  21.5  0.02  22.9 158.3   6.6 106.7            
      12 22  36.1  10.1  26.3  88.4  24.5  0.01  21.9 171.9   7.2  73.8            
      12 23  50.3  30.9  39.7  67.7  29.0  0.01  27.3 248.8  10.4 209.7            
      12 24  57.2  23.5  37.2  65.3  24.8        22.9 154.2   6.4 212.7            
      12 25  61.4  21.1  36.4  62.5  22.3        19.7 143.3   6.0 213.8            
      12 26  50.2  16.8  31.0  65.0  19.3        13.7 132.1   5.5 214.6            
      12 27  50.1  28.1  39.1  53.6  22.9  0.01  25.0 191.2   8.0 213.6            
      12 28  64.4  29.2  47.9  34.7  19.7        30.7 250.2  10.4 213.0            
      12 29  63.7  20.4  38.5  48.3  16.8        21.5 173.9   7.2 217.4            
      12 30  55.8  18.7  33.7  50.3  14.4        21.0 143.3   6.0 219.0            
      12 31  60.6  16.3  33.3  52.4  14.5        24.2 140.3   5.8 215.9            

      Total                               17.41                         46.57 37.34
        Max  99.2  68.5  82.8  98.5  67.3        58.4 507.3  21.1 687.1
        Min  20.3   1.0  11.7  28.3   0.5         6.9  45.0   1.9  36.8
        Ave  65.7  36.4  50.5  65.6  37.3        24.6 178.6   7.4 359.0
