                                                                    10-JAN-01
      Cellular-linked Weather Station near OVID, Colorado                2000
      -----------------------------------------------------------------------------
               Temperature      Rel   Dew             Wind        Solar StandrdASCE
            ----------------- Humid Point  Prec -----------------   Rad   ETr   ETo
       Date   Max   Min   Ave   Ave   Ave Total   Max Total   Ave Total Alflf Grass
      MoDay     F     F     F     %     F  inch   mph miles   mph Langl  inch  inch
      ----- ----- ----- ----- ----- ----- ----- ----- ----- ----- ----- ----- -----
       1  1  51.6  19.6  34.0  48.9  15.8        22.7 107.3   4.5 184.7            
       1  2  48.4  26.4  34.7  59.2  21.3        16.9 132.3   5.5 204.3            
       1  3  31.5   5.2  20.0  88.0  17.9  0.02  35.4 297.4  12.4 155.0            
       1  4  31.0   5.3  20.0  69.3  12.6        18.2 151.9   6.3 220.9            
       1  5  40.7  19.4  31.2  77.4  24.8  0.13  19.9 156.7   6.5 188.0            
       1  6  38.8  12.6  23.3  70.2  14.0  0.01  18.9 137.0   5.7 229.4            
       1  7  45.8  10.2  25.7  70.7  17.3        17.0 140.6   5.9 245.3            
       1  8  48.4  19.4  33.2  59.1  19.3        21.5 135.0   5.6 213.6            
       1  9  42.3  23.2  32.9  62.0  20.8        25.7 208.0   8.7 191.4            
       1 10  41.7  20.3  28.7  66.8  18.8  0.02  31.9 216.0   9.0  99.5            
       1 11  51.6  18.4  32.8  66.4  22.9        24.2 115.1   4.8 171.4            
       1 12  50.9  20.5  40.3  46.1  19.3        45.3 331.1  13.8 216.4            
       1 13  46.7  15.9  32.2  62.9  19.2        22.2 151.0   6.3 181.8            
       1 14  46.1  22.2  32.3  71.2  23.5        17.5 139.5   5.8 112.0            
       1 15  54.6  22.0  36.0  61.7  22.9        23.2 151.9   6.3 129.6            
       1 16  37.9  24.9  29.5  66.2  19.4        20.6 141.1   5.9 113.3            
       1 17  57.3  24.0  38.8  68.8  28.9        15.3 112.9   4.7 154.7            
       1 18  47.7  30.7  38.7  72.8  30.0  0.01  15.4 120.7   5.0 151.4            
       1 19  43.7  17.6  32.6  80.6  27.6  0.03  30.6 184.4   7.7 134.2            
       1 20  52.0  12.3  28.7  79.0  22.5        13.7  78.1   3.3 211.0            
       1 21  54.4  21.0  35.8  81.1  30.2        23.3 112.9   4.7 161.0            
       1 22  46.2  18.9  32.7  77.1  25.7  0.01  19.0 120.7   5.0 210.4            
       1 23  40.0  14.9  24.3  78.9  17.8  0.01  22.6 110.2   4.6 199.2            
       1 24  52.4  15.4  30.3  63.6  17.6        26.2 195.1   8.1 190.7            
       1 25  31.9  16.3  25.0  74.0  17.4        17.8 149.4   6.2 132.2            
       1 26  34.2  21.6  25.9  80.1  20.3  0.03  20.1 189.1   7.9 162.6            
       1 27  28.6  20.9  25.8  93.3  24.1        14.0 129.0   5.4  87.1            
       1 28  31.4  14.4  24.9  92.9  23.1  0.03  15.7 102.4   4.3 119.6            
       1 29  28.2  13.0  22.5  92.4  20.6  0.01  11.5  80.7   3.4 103.4            
       1 30  28.8   4.8  16.2  93.5  15.3  0.24  13.1  58.4   2.4 163.9            
       1 31  44.1   6.8  21.1  81.3  16.3        12.9  92.7   3.9 285.6            
       2  1  47.2   7.0  26.1  73.9  18.8        14.8  85.1   3.5 291.2            
       2  2  65.6  24.4  39.9  56.1  23.5        20.3 178.5   7.4 257.7            
       2  3  41.0  24.5  33.4  74.9  26.2  0.01  22.9 223.2   9.3 124.7            
       2  4  40.2  15.2  26.5  61.8  13.7        18.6 116.7   4.9 302.3            
       2  5  55.2  23.1  34.0  51.5  16.7        25.9 180.2   7.5 264.3            
       2  6  57.3  21.0  38.0  59.7  23.4        25.7 196.6   8.2 305.4            
       2  7  56.7  24.2  38.4  61.5  24.5        20.0 162.0   6.8 307.7            
       2  8  68.2  21.4  40.5  49.5  18.4        18.2 146.6   6.1 266.2            
       2  9  62.3  27.3  43.2  45.2  21.3        16.4 150.2   6.3 167.3            
       2 10  41.3  20.9  31.0  83.0  26.3  0.02  23.3 192.5   8.0 195.4            
       2 11  21.1  16.1  17.8  97.5  17.3        20.2 188.7   7.9 225.4            
       2 12  29.5  17.4  23.3  96.3  22.5  0.01  16.1 101.5   4.2 201.1            
       2 13  31.8  12.8  22.1  86.8  18.8  0.05  15.8 107.5   4.5 256.7            
       2 14  45.5  15.3  32.5  82.3  27.8  0.13  12.5 100.7   4.2 250.8            
       2 15  58.4  20.9  41.5  59.7  25.8  0.03  43.7 343.5  14.3 343.8            
       2 16  54.3  17.9  36.9  62.0  22.5  0.01  23.4 172.4   7.2 292.5            
       2 17  36.4  24.4  30.5  75.3  23.2        21.9 215.2   9.0 138.1            
       2 18  35.5  19.5  25.9  78.9  19.7  0.05  20.2 136.3   5.7 357.7            
       2 19  46.3  18.1  31.9  63.1  18.8  0.04  26.4 179.6   7.5 366.9            
       2 20  60.9  20.4  36.7  64.7  24.5        15.5 117.7   4.9 337.4            
       2 21  71.1  25.8  45.8  61.2  29.6        17.0 123.5   5.1 359.4            
       2 22  63.0  26.8  45.0  66.7  33.6        16.1 123.4   5.1 214.5            
       2 23  64.6  31.8  49.2  54.6  31.8  0.01  30.6 255.2  10.6 366.6            
       2 24  63.7  30.3  46.9  66.0  35.2        29.6 195.0   8.1 317.9            
       2 25  43.9  31.6  38.4  70.1  29.1  0.01  38.7 441.0  18.4  79.5            
       2 26  47.6  23.0  35.1  59.2  21.1  0.02  42.7 328.5  13.7 387.1            
       2 27  61.3  20.2  41.2  48.8  19.2        22.9 191.4   8.0 391.4            
       2 28  62.0  25.7  45.5  49.6  26.0        28.1 142.9   6.0 256.2            
       2 29  56.5  24.7  43.7  53.8  26.8        25.5 214.1   8.9 330.1            
       3  1  61.5  23.7  43.4  56.4  27.0        28.1 215.7   9.0 345.1  0.18  0.12
       3  2  40.4  33.2  36.8  92.1  34.6  0.07  18.6 122.5   5.1  55.5  0.03  0.02
       3  3  62.3  33.1  42.5  78.5  34.2  0.03  17.3 146.6   6.1 373.7  0.15  0.11
       3  4  71.1  26.7  48.3  61.1  31.4  0.01  21.5 160.8   6.7 428.4  0.22  0.15
       3  5  70.1  26.5  50.0  63.4  35.9  0.01  32.2 218.2   9.1 422.9  0.21  0.14
       3  6  65.7  33.6  53.1  38.8  26.6        31.4 176.8   7.4 305.7  0.20  0.13
       3  7  70.2  38.5  51.5  82.5  46.4  0.87  30.9 185.1   7.7 209.9  0.14  0.10
       3  8  47.0  27.8  35.9  92.2  34.4  1.55  46.5 463.8  19.3 179.5  0.06  0.04
       3  9  29.7  25.5  27.8  90.1  25.3        16.3 156.3   6.5 153.4  0.03  0.02
       3 10  34.8  23.0  29.5  93.1  27.9  0.03  23.1 181.7   7.6 136.4  0.03  0.02
       3 11  54.9  20.8  37.2  73.9  28.3        18.9 136.4   5.7 428.8  0.12  0.09
       3 12  48.1  29.2  39.7  69.8  29.9        28.5 211.0   8.8 401.3  0.10  0.08
       3 13  53.2  22.8  39.6  70.0  28.9        20.5  90.1   3.8 418.5  0.10  0.08
       3 14  59.6  30.0  44.0  73.5  33.8  0.08  25.1 176.6   7.4 344.4  0.14  0.10
       3 15  46.4  24.9  35.1  79.7  29.8  0.01  24.3 237.1   9.9 163.1  0.08  0.05
       3 16  48.5  23.4  35.5  65.6  24.2        20.1 134.5   5.6 486.0  0.11  0.09
       3 17  52.1  27.7  38.6  66.4  28.0  0.01  26.5 262.2  10.9 441.0  0.15  0.10
       3 18  48.6  23.4  37.5  79.0  31.2  0.05  29.8 242.1  10.1 317.9  0.09  0.06
       3 19  66.3  19.4  42.3  53.3  21.8        26.0 222.9   9.3 458.7  0.26  0.17
       3 20  44.8  33.3  36.0  85.1  31.7        24.5 236.6   9.9  49.0  0.07  0.05
       3 21  37.4  32.7  35.1  99.4  34.8  0.04  13.4 136.3   5.7  79.6  0.02  0.02
       3 22  54.6  27.9  41.8  82.9  36.6  0.02  14.3 102.2   4.3 358.7  0.09  0.07
       3 23  61.4  41.5  49.6  82.8  44.0  0.01  20.8 176.5   7.4 368.7  0.13  0.10
       3 24  57.8  27.5  45.4  57.4  29.3  0.02  30.6 230.8   9.6 518.3  0.18  0.13
       3 25  68.2  28.2  49.4  48.9  27.1        24.8 112.4   4.7 511.7  0.20  0.14
       3 26  60.6  32.0  48.9  51.9  30.3  0.01  31.5 235.6   9.8 507.0  0.20  0.14
       3 27  69.7  26.4  49.1  48.3  24.9        26.7 197.3   8.2 542.2  0.27  0.19
       3 28  55.6  27.0  40.0  52.4  21.9        22.5 186.3   7.8 468.2  0.18  0.13
       3 29  47.4  31.0  39.1  82.4  34.5  0.07  13.4 108.5   4.5 210.5  0.06  0.05
       3 30  48.1  24.5  38.0  84.9  33.4  0.03  27.3 190.7   7.9 272.2  0.07  0.05
       3 31  44.0  32.8  37.2  92.0  34.9  0.02  21.9 108.2   4.5 174.3  0.05  0.04
       4  1  53.7  27.0  39.7  69.3  28.2  0.02  16.7 140.3   5.8 492.3  0.14  0.11
       4  2  46.8  26.2  38.5  64.5  26.5  0.04  35.4 312.5  13.0 201.6  0.11  0.08
       4  3  46.0  21.3  34.8  51.7  16.9        30.8 261.5  10.9 508.9  0.16  0.11
       4  4  79.0  18.1  48.8  46.5  24.0        33.6 180.0   7.5 580.9  0.35  0.23
       4  5  76.9  36.5  55.6  39.3  28.5  0.01  39.3 251.7  10.5 561.7  0.38  0.25
       4  6  73.4  24.4  51.5  39.2  24.2        37.6 216.4   9.0 439.3  0.31  0.20
       4  7  54.2  23.0  40.2  55.7  24.3  0.01  40.4 361.5  15.1 505.8  0.19  0.13
       4  8  68.2  18.6  43.6  51.2  20.4        21.0 136.1   5.7 599.6  0.24  0.17
       4  9  71.0  24.3  51.4  39.9  24.9        28.7 255.6  10.7 583.5  0.31  0.21
       4 10  64.3  34.4  50.3  51.0  31.5  0.01  26.2 236.9   9.9 541.1  0.24  0.17
       4 11  59.9  26.3  44.4  54.9  28.3        24.3 181.2   7.5 588.7  0.19  0.14
       4 12  78.5  36.5  54.6  44.9  29.7        25.8 243.0  10.1 520.7  0.39  0.26
       4 13  81.1  34.6  59.0  35.9  27.3        26.7 178.1   7.4 560.0  0.35  0.24
       4 14  64.8  28.1  46.4  56.6  31.1  0.02  27.5 261.7  10.9 509.8  0.24  0.17
       4 15  28.5  22.9  25.7  96.0  24.8        19.3 201.3   8.4 114.0  0.02  0.02
       4 16  56.2  24.2  37.7  71.4  28.5        17.1 153.7   6.4 572.0  0.16  0.12
       4 17  77.4  28.5  56.3  48.5  32.7        23.1 170.1   7.1 624.4  0.30  0.22
       4 18  80.4  35.4  58.8  60.0  42.3  0.01  45.7 285.9  11.9 512.0  0.35  0.24
       4 19  47.7  34.7  39.4  79.5  33.5  0.03  40.4 375.8  15.7 220.0  0.11  0.07
       4 20  62.0  30.7  45.4  37.6  18.7        35.7 291.9  12.2 647.0  0.30  0.21
       4 21  77.9  27.8  55.7  37.4  26.8        24.7 142.8   6.0 579.4  0.30  0.21
       4 22  79.5  40.5  61.8  49.3  40.1        31.9 237.7   9.9 552.5  0.34  0.24
       4 23  72.9  44.7  59.5  60.7  44.0        21.9 207.1   8.6 485.5  0.25  0.18
       4 24  70.8  41.9  53.4  77.7  46.2  0.25  27.6 149.4   6.2 308.7  0.17  0.12
       4 25  64.4  33.4  50.2  57.5  33.3        24.0 189.1   7.9 611.0  0.22  0.17
       4 26  72.8  45.3  58.2  44.6  35.9        33.8 286.3  11.9 595.3  0.35  0.24
       4 27  65.1  35.3  50.8  50.9  30.4        25.2 204.0   8.5 632.7  0.26  0.19
       4 28  68.2  31.2  52.6  59.0  36.6        27.0 227.1   9.5 562.3  0.24  0.17
       4 29  75.5  44.5  58.4  67.9  47.2  0.47  49.5 411.6  17.1 490.6  0.31  0.22
       4 30  55.8  41.3  46.7  81.9  40.9  0.79  33.8 322.0  13.4 231.1  0.13  0.09
       5  1  65.4  36.6  50.7  69.2  38.9        14.9  99.2   4.1 565.6  0.18  0.14
       5  2  71.2  36.2  55.7  65.6  42.1  0.01  24.8 196.5   8.2 643.4  0.24  0.19
       5  3  76.1  47.9  61.8  68.6  49.9        24.6 179.1   7.5 623.1  0.25  0.20
       5  4  87.9  43.8  67.4  64.1  51.8        22.9 182.8   7.6 611.4  0.33  0.24
       5  5  83.9  58.9  70.5  72.6  60.2        29.9 259.6  10.8 571.4  0.30  0.23
       5  6  77.9  55.6  67.4  75.0  58.9        19.6 188.5   7.9 435.6  0.20  0.16
       5  7  77.3  52.7  66.1  83.4  60.9  0.01  32.2 262.8  10.9 307.8  0.15  0.12
       5  8  56.6  43.4  50.1  71.7  40.9        24.8 204.0   8.5 270.5  0.13  0.10
       5  9  70.0  36.9  54.8  66.9  41.6        22.6 158.3   6.6 501.4  0.21  0.16
       5 10  75.9  53.3  65.0  51.5  45.5        23.8 182.8   7.6 532.6  0.28  0.21
       5 11  66.3  47.8  57.6  61.5  44.2        32.8 331.7  13.8 514.1  0.24  0.18
       5 12  60.8  34.4  48.9  43.8  25.8  0.04  36.4 325.2  13.6 502.8  0.27  0.19
       5 13  66.0  30.8  49.5  52.3  29.4        20.7 139.2   5.8 603.1  0.23  0.17
       5 14  70.4  36.9  54.8  48.8  34.3        17.0 129.7   5.4 583.0  0.24  0.18
       5 15  82.3  46.2  63.4  46.6  40.7        14.6  91.9   3.8 538.9  0.26  0.20
       5 16  72.4  51.8  62.9  80.4  56.8        26.6 234.9   9.8 357.3  0.15  0.12
       5 17  69.5  47.1  59.0  90.7  56.7  0.02  37.2 374.2  15.6 188.0  0.09  0.07
       5 18  57.3  37.0  46.2  72.9  37.4  0.02  39.5 319.7  13.3 421.2  0.17  0.12
       5 19  70.9  33.5  53.5  58.8  36.5        17.8  81.2   3.4 642.3  0.21  0.17
       5 20  68.9  41.1  56.6  64.7  44.3        31.6 163.2   6.8 495.1  0.20  0.15
       5 21  78.0  38.6  60.0  61.7  44.1        25.7 129.7   5.4 596.3  0.25  0.20
       5 22  84.6  49.5  67.9  56.7  50.0  0.01  26.6 162.9   6.8 523.5  0.30  0.22
       5 23  84.1  52.5  70.4  51.5  49.5        25.4 175.1   7.3 633.9  0.33  0.25
       5 24  77.5  45.8  62.6  53.6  44.5        28.6 137.9   5.7 477.3  0.25  0.19
       5 25  79.9  51.5  63.2  59.6  49.0  0.11  27.8 246.0  10.3 337.8  0.30  0.20
       5 26  76.8  52.0  63.4  79.9  56.0  0.03  26.5 138.8   5.8 450.7  0.19  0.15
       5 27  76.5  49.0  63.0  57.5  45.6        22.5 158.5   6.6 631.0  0.28  0.22
       5 28  92.6  46.8  71.2  48.2  48.4        37.1 166.9   7.0 611.5  0.38  0.28
       5 29  94.5  57.0  75.3  51.3  53.6        30.8 156.0   6.5 648.7  0.39  0.29
       5 30  65.9  52.0  58.3  87.7  54.5  0.01  29.4 250.3  10.4 229.5  0.11  0.09
       5 31  70.0  51.9  59.8  94.4  57.8  0.04  18.6 144.4   6.0 243.2  0.10  0.08
       6  1  69.0  47.5  59.3  65.0  46.9        27.8 212.1   8.8 659.9  0.24  0.19
       6  2  75.9  42.7  60.5  55.1  42.4        25.6 232.5   9.7 669.3  0.32  0.24
       6  3  94.3  55.4  74.1  49.4  49.2        26.1 219.1   9.1 632.1  0.47  0.33
       6  4  71.0  49.7  62.1  60.5  47.7  0.01  28.3 286.9  12.0 615.0  0.27  0.20
       6  5  76.8  42.6  60.1  55.2  42.2        29.6 247.0  10.3 591.1  0.32  0.23
       6  6  97.7  52.4  74.3  35.9  43.3        26.5 248.1  10.3 620.8  0.57  0.38
       6  7 101.6  57.0  81.7  30.8  42.8        27.3 170.3   7.1 711.0  0.51  0.36
       6  8 101.4  57.4  83.5  25.5  40.3        32.8 292.4  12.2 714.0  0.66  0.45
       6  9  97.5  65.9  79.1  35.0  47.6  0.01  40.5 244.2  10.2 566.3  0.56  0.38
       6 10  85.1  56.5  71.7  36.3  41.5        18.9 149.0   6.2 705.0  0.37  0.28
       6 11  90.9  61.3  74.5  40.3  47.0        25.9 196.8   8.2 523.7  0.43  0.30
       6 12  95.4  51.6  75.0  50.4  51.0        28.8 209.2   8.7 620.8  0.45  0.32
       6 13  78.8  51.7  65.1  54.1  46.5  0.03  41.4 288.8  12.0 484.4  0.35  0.24
       6 14  79.0  48.5  65.7  44.3  41.0        37.8 266.7  11.1 692.8  0.39  0.28
       6 15  89.5  54.6  67.0  46.5  43.9  0.01  39.8 302.1  12.6 599.8  0.54  0.36
       6 16  68.0  52.5  57.8  57.9  42.3        26.5 217.4   9.1 351.8  0.24  0.17
       6 17  66.1  50.5  56.5  73.8  47.3  0.09  18.4 168.1   7.0 498.9  0.19  0.15
       6 18  87.7  47.5  69.2  55.8  49.1        30.1 284.9  11.9 709.0  0.44  0.31
       6 19  88.5  58.4  71.5  52.5  51.6        31.4 193.6   8.1 519.9  0.37  0.27
       6 20  76.4  44.4  62.5  50.0  42.1        37.0 293.5  12.2 719.0  0.36  0.26
       6 21  84.7  41.6  64.9  48.2  40.8        23.1 166.5   6.9 730.0  0.37  0.27
       6 22  93.7  46.2  71.7  46.8  47.8        40.5 177.4   7.4 509.3  0.39  0.28
       6 23  90.2  58.6  74.7  52.6  54.9        34.3 148.9   6.2 592.7  0.34  0.26
       6 24  87.7  52.6  72.7  53.9  53.0        29.0 105.7   4.4 669.5  0.29  0.24
       6 25  84.2  52.7  69.1  59.5  53.8  0.01  28.8 256.3  10.7 419.5  0.32  0.22
       6 26  70.6  44.8  60.1  61.6  45.2        11.5  80.4   3.4 350.9  0.15  0.12
       6 27  69.6  56.8  62.6  73.8  54.0  0.07  29.5 181.2   7.5 381.8  0.18  0.14
       6 28  74.2  53.1  62.6  64.4  48.6  0.02  20.0 137.8   5.7 715.0  0.27  0.22
       6 29  88.3  55.1  68.3  65.1  54.5  0.01  36.2 247.7  10.3 663.8  0.41  0.29
       6 30  88.9  49.4  71.5  58.0  51.9        23.9 136.0   5.7 722.0  0.34  0.27
       7  1  94.7  64.3  76.1  60.1  59.7  0.36  28.9 171.0   7.1 513.6  0.37  0.27
       7  2  94.1  57.0  77.2  53.7  55.7  0.01  14.5 122.3   5.1 710.0  0.35  0.28
       7  3  89.3  64.8  76.0  64.5  61.7  0.02  28.4 163.3   6.8 494.9  0.30  0.23
       7  4  92.7  65.6  77.4  69.8  63.9        15.9 144.9   6.0 671.4  0.34  0.27
       7  5  87.7  70.4  78.3  75.0  68.8  0.06  22.9 225.7   9.4 693.5  0.32  0.26
       7  6  96.1  66.8  80.6  65.0  65.1        22.1 164.1   6.8 703.0  0.38  0.30
       7  7  94.1  69.8  82.7  39.4  54.9        24.5 206.7   8.6 707.0  0.47  0.34
       7  8  96.8  61.7  80.2  51.7  58.9        17.9 115.4   4.8 698.3  0.36  0.28
       7  9  92.9  63.5  77.7  62.8  62.4        23.3 161.0   6.7 652.7  0.35  0.27
       7 10  86.5  67.3  74.8  80.5  68.1  0.02  23.1 131.5   5.5 425.5  0.21  0.17
       7 11  89.6  62.4  76.8  62.4  60.6        20.1 124.3   5.2 702.0  0.32  0.26
       7 12  83.5  59.8  70.3  75.0  61.4  1.05  36.0 150.0   6.3 356.9  0.21  0.16
       7 13  90.0  58.8  76.5  66.4  63.2  0.01  16.1  99.2   4.1 689.6  0.28  0.24
       7 14  93.5  63.4  80.5  58.9  63.8  0.01  19.1 116.2   4.8 688.4  0.32  0.26
       7 15  98.1  68.7  83.3  52.8  63.6  0.03  25.4 128.0   5.3 658.8  0.36  0.29
       7 16  83.0  63.6  73.1  62.3  59.6  0.03  30.4 221.4   9.2 482.9  0.29  0.22
       7 17  73.0  61.5  66.7  80.7  60.8        12.9 126.4   5.3 250.2  0.12  0.10
       7 18  88.1  61.5  72.0  75.2  61.6  0.04  26.3 119.0   5.0 572.2  0.27  0.22
       7 19  91.5  52.5  69.4  75.3  59.9  0.02  30.5 105.3   4.4 622.3  0.28  0.23
       7 20  81.9  56.7  68.6  78.6  61.1  0.01  21.9 150.3   6.3 482.6  0.21  0.17
       7 21  82.2  55.3  66.6  81.0  59.3  0.17  34.6 163.8   6.8 494.2  0.23  0.18
       7 22  87.1  50.7  69.1  68.9  55.7        12.1  92.5   3.9 692.1  0.27  0.23
       7 23  96.1  56.9  78.4  57.9  58.5        21.0 121.8   5.1 669.3  0.34  0.27
       7 24  98.8  64.7  81.1  51.1  57.0        25.1 171.1   7.1 682.1  0.44  0.33
       7 25  91.0  59.5  76.2  63.4  60.4        18.3 129.4   5.4 634.9  0.30  0.24
       7 26  99.9  61.8  78.7  57.9  59.9        32.7 147.2   6.1 614.6  0.40  0.29
       7 27  92.8  64.4  76.5  69.2  64.2  0.04  32.7 161.3   6.7 578.4  0.32  0.25
       7 28  85.9  59.2  72.8  71.9  61.9        15.6  99.4   4.1 646.9  0.25  0.22
       7 29  86.6  57.4  73.4  67.6  60.4  0.01  14.3  98.2   4.1 670.2  0.26  0.22
       7 30  86.5  58.9  73.1  63.3  58.2        12.4  89.4   3.7 650.6  0.26  0.22
       7 31  87.7  54.5  73.0  56.8  54.6        12.6  75.3   3.1 611.5  0.25  0.21
       8  1  95.2  59.7  78.5  46.2  54.1        18.4 119.0   5.0 593.7  0.34  0.26
       8  2  88.8  65.0  78.0  56.3  60.1  0.02  23.4 149.4   6.2 579.1  0.31  0.24
       8  3  89.6  63.3  76.6  67.9  64.0        16.2 116.6   4.9 564.5  0.26  0.21
       8  4  92.0  66.4  77.6  68.4  65.3  0.36  38.2 142.4   5.9 505.8  0.28  0.22
       8  5  88.9  62.8  74.6  64.3  60.6  0.18  32.1 154.2   6.4 504.8  0.29  0.22
       8  6  87.0  55.6  71.8  66.2  58.3  0.02  29.1 103.3   4.3 627.4  0.26  0.22
       8  7  94.2  59.6  75.7  56.0  57.2        16.4  97.5   4.1 571.6  0.29  0.23
       8  8  96.1  53.4  75.8  58.9  56.0        14.0 109.2   4.5 636.1  0.32  0.25
       8  9  91.1  69.2  77.8  72.0  66.6        22.6 194.2   8.1 545.4  0.32  0.24
       8 10  87.9  57.4  75.4  64.8  61.3        25.2 163.3   6.8 623.8  0.28  0.23
       8 11  95.8  61.1  79.4  56.9  61.4        19.7 118.7   4.9 597.9  0.31  0.25
       8 12  86.3  62.8  75.8  57.0  58.6        24.4 160.3   6.7 334.5  0.25  0.18
       8 13  88.6  57.9  75.0  68.8  63.1        19.3 133.2   5.5 560.4  0.25  0.20
       8 14  95.7  59.1  78.0  54.0  56.3        19.3 122.3   5.1 614.5  0.33  0.26
       8 15  89.3  64.6  77.0  66.6  64.5        26.2 236.1   9.8 551.8  0.32  0.24
       8 16  92.9  62.5  73.1  78.1  64.8  2.49  29.6 125.9   5.2 317.9  0.23  0.17
       8 17  78.0  58.5  67.8  77.1  59.8  0.01  12.9 104.0   4.3 468.5  0.18  0.15
       8 18  76.9  59.5  66.8  70.0  56.1  0.03  24.5 195.0   8.1 424.3  0.23  0.17
       8 19  89.2  56.9  72.1  69.4  60.6        20.5 121.3   5.1 588.2  0.27  0.21
       8 20  89.4  60.7  71.1  82.2  64.3  0.44  25.3 102.3   4.3 392.0  0.21  0.16
       8 21  80.2  60.4  68.9  85.2  64.1  0.01  16.4  96.8   4.0 346.3  0.14  0.12
       8 22  88.2  57.2  72.8  69.0  61.2        14.5  92.9   3.9 561.3  0.23  0.19
       8 23  86.1  58.6  73.5  68.2  61.8        16.4 107.8   4.5 555.3  0.23  0.19
       8 24  92.1  60.5  76.7  65.2  62.6  0.20  22.4  99.7   4.2 578.5  0.26  0.21
       8 25  94.7  62.5  78.5  50.0  55.4  0.01  22.5 147.8   6.2 536.6  0.35  0.25
       8 26  89.9  60.2  74.0  61.8  57.4  0.09  24.9 133.3   5.6 430.4  0.27  0.20
       8 27  93.3  60.9  75.1  69.2  61.8  0.07  23.8 127.1   5.3 547.8  0.29  0.22
       8 28  95.3  62.5  77.4  49.8  54.3  0.02  29.4 216.3   9.0 511.5  0.43  0.30
       8 29  84.3  58.0  70.7  67.4  58.6        22.7 146.7   6.1 441.1  0.23  0.18
       8 30  95.0  58.8  76.9  60.9  59.2        25.4 184.8   7.7 496.1  0.35  0.25
       8 31  68.3  57.7  61.7  87.2  57.7  0.01  24.5 156.3   6.5 177.6  0.10  0.08
       9  1  83.6  55.4  68.3  77.4  59.6        16.8 115.4   4.8 447.7  0.20  0.16
       9  2  87.4  60.6  72.9  55.4  54.5        22.8 113.9   4.7 503.9  0.26  0.20
       9  3  88.0  59.4  71.1  61.5  56.1  0.08  23.7 125.4   5.2 436.1  0.26  0.19
       9  4  90.4  51.9  71.5  66.2  57.2  0.41  38.5 133.2   5.5 534.0  0.27  0.21
       9  5  88.9  63.8  75.9  63.1  61.2  0.02  26.0 197.7   8.2 508.9  0.31  0.22
       9  6  92.9  55.4  73.7  64.3  58.9  0.01  40.5 174.0   7.3 492.9  0.31  0.23
       9  7  76.3  50.3  63.8  51.0  44.0        29.2 115.9   4.8 543.6  0.23  0.17
       9  8  90.9  58.4  70.8  55.3  52.3        30.0 138.8   5.8 499.9  0.32  0.23
       9  9  87.9  52.6  70.0  53.2  48.2  0.01  27.0 183.1   7.6 510.6  0.34  0.24
       9 10  86.8  46.7  68.5  42.8  42.7        16.7 110.5   4.6 524.8  0.27  0.20
       9 11  74.7  50.8  64.0  44.2  40.9  0.01  22.4 169.0   7.0 472.8  0.26  0.18
       9 12  85.6  47.5  68.1  46.7  44.4        22.9 159.1   6.6 523.5  0.30  0.22
       9 13  90.2  49.8  70.2  41.3  41.7        21.3 165.3   6.9 442.6  0.35  0.24
       9 14  78.5  50.4  65.2  49.4  44.9        15.0 106.0   4.4 507.6  0.22  0.17
       9 15  84.7  55.8  69.6  41.1  44.4        27.5 198.4   8.3 502.0  0.35  0.24
       9 16  91.1  49.1  70.6  47.9  47.7        24.0  98.7   4.1 486.9  0.26  0.19
       9 17  91.5  52.0  75.8  40.4  47.5        26.3 195.1   8.1 476.5  0.35  0.24
       9 18  87.3  56.2  72.9  37.6  44.3  0.01  26.3 168.1   7.0 356.5  0.31  0.21
       9 19  63.8  48.9  58.0  76.4  50.0  1.10  17.1 145.8   6.1  98.2  0.08  0.06
       9 20  58.3  43.4  50.3  71.7  40.9  0.14  29.4 228.0   9.5 485.5  0.15  0.12
       9 21  70.8  43.8  55.5  73.1  47.5        27.8 219.9   9.2 306.9  0.18  0.12
       9 22  51.4  39.6  45.5  90.3  43.1  0.08  24.9 288.2  12.0 111.4  0.05  0.04
       9 23  40.4  32.7  36.7  94.3  35.0  0.08  18.0 203.4   8.5  98.1  0.03  0.02
       9 24  40.7  30.2  34.1  97.7  33.1  0.13  19.3 133.7   5.6 197.6  0.04  0.04
       9 25  64.4  27.9  45.0  73.0  35.3  0.02  11.9  99.7   4.2 468.5  0.14  0.11
       9 26  72.4  30.8  50.5  70.8  38.7  0.01  14.0  85.3   3.6 466.9  0.16  0.12
       9 27  74.1  34.9  52.8  72.4  41.5        12.6  78.6   3.3 463.5  0.16  0.12
       9 28  81.6  36.0  59.2  58.0  39.8        18.9 108.8   4.5 460.5  0.22  0.16
       9 29  82.7  45.9  62.8  60.4  48.4        16.6  99.6   4.2 322.1  0.19  0.13
       9 30  80.8  49.7  63.0  59.8  45.5        24.8 155.5   6.5 404.2  0.25  0.17
      10  1  80.2  46.1  63.8  58.8  46.2        36.1 156.8   6.5 396.6  0.23  0.16
      10  2  77.9  44.0  60.5  70.1  49.2        33.0 141.5   5.9 416.2  0.19  0.14
      10  3  70.7  43.9  56.5  85.0  51.8        23.9 155.4   6.5 285.3  0.12  0.09
      10  4  58.4  43.6  48.7  96.3  47.4  0.01  18.7 172.8   7.2  76.4  0.06  0.04
      10  5  49.6  29.1  38.2  88.1  36.2  0.04  22.7 221.1   9.2 103.8  0.06  0.04
      10  6  42.0  25.3  34.9  70.9  25.6        12.8  54.4   2.3 220.5  0.05  0.04
      10  7  48.0  26.0  34.7  63.9  22.6        12.7  82.3   3.4 388.4  0.09  0.07
      10  8  55.0  23.4  38.7  51.1  21.3        20.8 158.6   6.6 409.9  0.15  0.10
      10  9  61.4  27.2  44.3  64.2  32.1        23.8 184.3   7.7 403.1  0.16  0.11
      10 10  65.7  26.9  47.6  59.5  33.0        22.4 177.5   7.4 397.6  0.17  0.12
      10 11  74.7  32.7  54.9  57.0  38.5        25.4 190.8   8.0 390.8  0.22  0.15
      10 12  75.0  48.2  60.8  49.0  40.4        19.5 135.9   5.7 379.0  0.20  0.14
      10 13  68.7  35.1  51.3  58.8  35.3        29.5 167.2   7.0 280.2  0.18  0.12
      10 14  63.7  34.7  50.4  58.3  34.5  0.01  22.0 147.6   6.2 337.1  0.15  0.10
      10 15  68.5  32.7  50.4  64.0  36.1        20.0 103.5   4.3 289.6  0.14  0.09
      10 16  69.4  33.9  51.6  52.5  32.2  0.01  20.4 123.0   5.1 373.1  0.17  0.12
      10 17  74.6  29.1  48.8  53.7  28.2        22.1 108.6   4.5 376.7  0.20  0.13
      10 18  80.9  30.4  55.4  49.0  32.1        25.1 159.6   6.7 363.1  0.27  0.17
      10 19  81.1  33.7  57.3  40.3  28.6        18.1 123.1   5.1 359.1  0.24  0.15
      10 20  67.9  42.6  55.2  45.1  33.4  0.01  21.1 147.5   6.1 348.2  0.18  0.12
      10 21  76.2  45.0  59.5  56.7  43.4        33.1 297.8  12.4 340.0  0.28  0.18
      10 22  58.4  43.5  50.9  98.0  50.9  0.43  27.4 255.8  10.7  64.7  0.03  0.02
      10 23  57.5  44.4  49.2  90.5  46.6        15.1 130.1   5.4 230.0  0.06  0.05
      10 24  66.7  49.2  55.6  95.1  53.7        19.6 170.1   7.1 141.9  0.08  0.06
      10 25  67.3  39.8  52.9  72.2  42.6  0.01  23.6 152.9   6.4 311.5  0.13  0.09
      10 26  68.9  39.9  52.7  69.7  41.0        15.0  96.9   4.0 319.8  0.12  0.09
      10 27  55.0  47.1  51.1  95.0  49.6  0.01  22.6 228.3   9.5  62.3  0.03  0.03
      10 28  64.7  53.8  57.8  97.3  56.8  0.69  38.4 326.6  13.6 120.1  0.06  0.05
      10 29  57.9  40.9  50.5  93.6  48.6  0.05  18.8 111.0   4.6 170.3  0.04  0.03
      10 30  65.5  35.4  49.1  84.4  43.8  0.03  24.6 131.6   5.5 261.7  0.10  0.07
      10 31  51.3  36.3  44.3 100.4  44.0  0.18  20.5 127.6   5.3  86.6  0.02  0.02
      11  1  49.3  33.3  41.8  79.5  35.8  0.04  41.4 401.5  16.7 184.5            
      11  2  49.6  28.9  38.1  70.1  28.0        22.5 157.5   6.6 301.4            
      11  3  46.3  25.4  35.9  82.6  30.5        15.1  80.2   3.3  91.4            
      11  4  59.1  21.2  41.0  82.0  36.2        27.4 154.4   6.4 299.1            
      11  5  49.5  30.0  41.3  87.8  37.9  0.08  37.3 258.3  10.8 103.4            
      11  6  30.7  20.6  26.8  74.0  19.6        33.2 391.7  16.3 133.7            
      11  7  29.8  19.5  24.1  61.1  12.5  0.01  44.6 477.6  19.9 151.2            
      11  8  43.4  19.5  29.2  41.7   7.8        18.6 101.7   4.2 291.9            
      11  9  42.3  15.9  27.3  61.2  14.5        16.6 136.2   5.7 208.0            
      11 10  24.0  16.0  20.5  86.1  17.0        19.5 219.3   9.1  62.6            
      11 11  24.4  -0.2  19.0  96.4  18.9  0.14  21.3 200.1   8.3 101.4            
      11 12  23.3  -5.8   8.9  76.3   3.8        15.7 137.1   5.7 287.0            
      11 13  27.5   4.7  14.9  72.7   7.7  0.01  18.9 163.2   6.8 283.8            
      11 14  34.8   2.3  16.0  79.0  11.0        17.0 119.4   5.0 263.6            
      11 15  30.6   9.1  18.5  86.3  15.5  0.03  30.8 164.5   6.9 107.4            
      11 16  24.6   4.2  16.3  78.0  10.8        25.4 199.6   8.3 225.2            
      11 17  31.0   3.3  17.3  78.6  12.3  0.01  34.0 231.5   9.6 215.7            
      11 18  37.1   7.6  23.6  73.8  17.0        22.3 229.8   9.6 232.1            
      11 19  37.5  18.0  27.9  71.4  19.5        24.5 209.4   8.7 216.9            
      11 20  40.1  10.2  23.5  74.3  15.8        19.3 139.1   5.8 254.3            
      11 21  50.9  14.1  30.7  70.5  20.6        19.1 154.2   6.4 248.1            
      11 22  48.9  21.1  32.6  78.6  26.2        17.0 118.8   5.0 168.6            
      11 23  46.1  20.4  32.5  71.6  23.3        17.9 145.9   6.1 222.9            
      11 24  55.5  17.6  32.8  72.4  23.5        24.0 178.5   7.4 246.0            
      11 25  45.6  19.3  31.8  68.7  21.5  0.01  25.4 174.9   7.3 237.7            
      11 26  49.4  16.5  33.3  68.1  22.7        25.1 185.8   7.7 195.9            
      11 27  45.7  27.3  36.2  74.2  28.4        14.5 142.4   5.9  91.5            
      11 28  42.2  18.4  32.1  63.0  19.9        40.8 314.6  13.1 179.4            
      11 29  42.7  16.3  28.9  60.7  15.4        21.4 168.7   7.0 220.2            
      11 30  52.2  18.1  33.6  63.8  21.3  0.02  44.2 329.9  13.7 192.4            
      12  1  39.4  17.0  25.3  72.8  17.2        22.5 156.6   6.5 217.8            
      12  2  29.5  15.6  22.0  92.8  20.2        27.1 204.3   8.5 120.7            
      12  3  50.9  15.1  27.8  74.7  19.3        20.5 135.1   5.6 191.4            
      12  4  43.9  14.4  28.8  66.9  17.7        26.2 164.8   6.9 221.2            
      12  5  41.2  14.2  28.8  73.0  20.9        30.8 185.1   7.7  67.8            
      12  6  52.7  15.6  33.5  60.1  18.8        23.7 215.3   9.0 203.0            
      12  7  56.7  24.5  38.6  66.4  26.2        27.6 219.0   9.1 210.5            
      12  8  41.5  30.3  33.4  72.8  25.5  0.01  27.0 182.7   7.6  61.3            
      12  9  54.3  21.0  35.9  68.0  24.9        30.0 106.5   4.4 203.7            
      12 10  33.5   0.6   8.9  77.8   3.8  0.01  33.5 255.5  10.6  69.9            
      12 11   8.4  -8.3  -0.6  75.1  -6.4  0.01  20.1 163.3   6.8 213.1            
      12 12  19.2  -4.5   8.8  80.7   4.5  0.01  21.9 138.2   5.8 114.9            
      12 13  24.6  -3.8  11.2  84.3   8.4        13.8  80.4   3.4 181.1            
      12 14  38.7  12.4  24.6  81.5  19.9        20.6 119.9   5.0 171.4            
      12 15  44.3  19.2  31.1  77.2  24.1  0.03  37.0 235.1   9.8 114.2            
      12 16  22.7   4.0  11.1  64.3   1.9  0.02  42.8 330.2  13.8 208.6            
      12 17  45.5   7.5  25.5  71.9  19.0        36.3 228.4   9.5 106.2            
      12 18  31.8  17.1  27.1  61.3  15.5        54.4 516.5  21.5 123.3            
      12 19  51.5  12.1  31.7  51.3  12.9        22.1 189.3   7.9 193.8            
      12 20  39.6   8.6  24.7  69.9  16.6  0.02  34.4 261.3  10.9 154.5            
      12 21  28.8  -0.3  14.2  66.9   5.1        14.8  97.6   4.1 211.2            
      12 22  50.8  11.0  27.3  69.9  18.8        17.6  94.6   3.9 183.3            
      12 23  29.7  17.7  24.2  95.7  23.3        10.5  72.9   3.0  67.9            
      12 24  22.6  10.3  16.1  73.7   9.1        18.7 191.0   8.0 136.3            
      12 25  22.6  12.1  16.8  83.9  13.0        17.0 101.9   4.2  42.7            
      12 26  41.4   8.4  22.0  76.9  15.1        13.8  99.6   4.2 211.8            
      12 27  54.9  17.6  32.1  69.0  21.8        19.7 169.5   7.1 201.9            
      12 28  39.3  17.1  32.1  65.4  21.4        33.7 305.2  12.7 123.3            
      12 29  35.9  13.5  24.1  71.8  15.8        24.5 164.3   6.8 179.9            
      12 30  32.1  14.0  22.4  76.9  15.8        13.7 122.7   5.1 171.6            
      12 31  30.3   6.2  18.6  84.2  14.6        16.1  97.9   4.1 189.2            

      Total                               16.00                         58.49 43.26
        Max 101.6  70.4  83.5 100.4  68.8        54.4 516.5  21.5 730.0
        Min   8.4  -8.3  -0.6  25.5  -6.4        10.5  54.4   2.3  42.7
        Ave  64.4  36.0  50.0  66.2  37.0        24.6 176.9   7.4 378.0
