      2002                                                                03-JAN-03
      Weather Station near OVID, CO  alfalfa hay site at Rundell farm              
      -----------------------------------------------------------------------------
               Temperature      Rel   Dew             Wind        Solar StandrdASCE
            ----------------- Humid Point  Prec -----------------   Rad   ETr   ETo
       Date   Max   Min   Ave   Ave   Ave Total   Max Total   Ave Total Alflf Grass
      MoDay     F     F     F     %     F  inch   mph miles   mph Langl  inch  inch
      ----- ----- ----- ----- ----- ----- ----- ----- ----- ----- ----- ----- -----
       1  1  21.3   4.1  12.0  70.1   3.9        16.6 124.8   5.2 206.3            
       1  2  32.3  -2.7  11.2  63.2   0.3        16.8 119.8   5.0 239.0            
       1  3  53.8   2.0  24.9  62.8  13.8        17.0 155.8   6.5 229.8            
       1  4  42.0  20.9  31.9  72.8  24.6        25.6 163.3   6.8  99.7            
       1  5  43.9  19.4  31.1  59.0  17.3        19.6 192.7   8.0 236.0            
       1  6  40.5  19.7  29.9  61.9  17.7        19.9 157.4   6.6 234.8            
       1  7  59.6  19.8  37.8  63.7  26.2        21.8 212.1   8.8 221.7            
       1  8  66.0  29.4  44.5  51.4  25.7        21.1 167.9   7.0 204.7            
       1  9  53.2  34.8  43.6  56.5  28.5        21.0 140.5   5.9 113.8            
       1 10  45.4  23.1  33.8  66.5  23.1        21.9 223.2   9.3 242.1            
       1 11  51.1  21.1  34.1  59.8  19.5        24.8 261.7  10.9 129.4            
       1 12  50.2  22.1  35.3  55.8  19.6        41.0 196.2   8.2 210.6            
       1 13  49.6  31.6  39.9  39.3  16.7        51.6 455.2  19.0 163.2            
       1 14  38.2  14.1  27.0  60.0  13.8        23.2 181.6   7.6 198.8            
       1 15  26.8   9.0  17.1  78.6  11.5        16.9 103.2   4.3 138.2            
       1 16  34.4   7.4  20.9  57.6   6.6        19.4 147.5   6.1 256.5            
       1 17  34.5  10.1  22.9  53.7   7.3        21.8 143.4   6.0 253.7            
       1 18  36.3  10.9  22.2  59.7   9.3        25.4 144.8   6.0 230.5            
       1 19  44.0   7.0  24.8  41.9   1.0        25.0 181.8   7.6 262.9            
       1 20  41.8  16.5  28.5  39.9   6.0        26.3 194.3   8.1 259.7            
       1 21  57.4  14.2  34.5  37.3   8.3        28.9 183.5   7.6 261.7            
       1 22  54.0  16.9  33.1  54.8  17.5        18.6 171.6   7.2 215.2            
       1 23  32.6  11.2  24.6  73.4  17.6  0.02  20.1 158.9   6.6 250.0            
       1 24  44.3   9.8  25.4  55.8  11.0        26.7 198.6   8.3 277.9            
       1 25  66.8  15.7  35.7  51.4  15.2        26.7 205.7   8.6 274.0            
       1 26  62.6  23.7  39.4  46.6  18.2        18.1 156.3   6.5 208.3            
       1 27  59.6  13.1  31.9  57.0  15.4        22.7 143.9   6.0 177.1            
       1 28  21.2   9.1  14.5  78.3   8.9        14.6 114.7   4.8 108.4            
       1 29  28.6   8.2  17.1  71.2   9.3         8.0  46.6   1.9 165.8            
       1 30  26.2   9.3  19.1  68.9  10.3         9.0  58.1   2.4 117.5            
       1 31  35.0  15.2  24.0  44.2   4.0        30.8 257.8  10.7 268.6            
       2  1  50.1  10.4  28.0  45.1   7.1        21.5 189.2   7.9 305.3            
       2  2  45.4  12.5  26.5  57.3  11.4        31.9 151.4   6.3 215.5            
       2  3  45.6   8.8  25.7  54.8   9.4        19.8 123.6   5.2 312.5            
       2  4  52.8   7.4  28.4  50.0   9.5        25.5 175.6   7.3 314.8            
       2  5  45.3  10.4  29.0  59.8  15.7        19.1 172.2   7.2 317.8            
       2  6  57.9   7.5  28.2  46.9   6.3        27.0 210.2   8.8 326.8            
       2  7  67.3  12.9  33.5  33.6   2.1        25.0 207.8   8.7 328.8            
       2  8  58.5  13.6  36.6  32.6   7.6        35.8 264.2  11.0 206.7            
       2  9  36.9  19.0  27.6  77.2  21.8        52.1 602.8  25.1 102.3            
       2 10  51.2  13.3  27.8  50.0   9.8        24.4 201.8   8.4 342.1            
       2 11  63.0  19.8  36.1  38.6   9.8        45.2 254.5  10.6 172.4            
       2 12  43.0  12.2  27.2  45.4   7.2        26.5 185.4   7.7 284.2            
       2 13  54.6   7.5  30.3  42.2   5.8        22.6 189.8   7.9 348.2            
       2 14  48.8  21.5  37.2  36.8  12.2        33.8 335.9  14.0 165.4            
       2 15  54.5  10.6  33.0  41.7   7.6        22.4 206.9   8.6 363.1            
       2 16  61.7  17.3  37.5  29.5   6.2        15.7 121.1   5.0 362.6            
       2 17  68.6  23.3  45.2  25.8  10.0        21.0 152.2   6.3 333.9            
       2 18  60.2  29.4  44.6  34.5  17.3        21.3 179.1   7.5 301.3            
       2 19  51.4  17.8  35.7  63.5  23.5        23.4 233.2   9.7 264.5            
       2 20  58.2  14.7  36.2  59.9  21.2        25.2 167.7   7.0 330.3            
       2 21  52.3  17.3  35.3  47.2  15.4        33.2 275.7  11.5 381.4            
       2 22  69.4  16.2  42.2  36.2  14.0        27.1 227.2   9.5 323.6            
       2 23  72.3  30.3  50.8  30.4  17.9        34.0 229.9   9.6 249.4            
       2 24  39.6  18.0  28.1  73.3  20.9        31.2 305.5  12.7 164.0            
       2 25  19.5  -0.5  10.0  68.7   2.3        31.4 369.0  15.4 342.0            
       2 26  26.4  -1.8   9.6  56.1  -3.0        37.9 348.9  14.5 389.3            
       2 27  36.5  -2.8  18.8  63.2   7.9        31.6 220.4   9.2 321.3            
       2 28  44.8   4.0  25.4  64.9  14.5        26.7 209.1   8.7 280.0            
       3  1  21.4  -2.4   6.6  80.6   2.5        32.1 313.1  13.0 273.8  0.04  0.03
       3  2  11.3 -12.0  -0.1  69.2  -7.4        21.3 172.3   7.2 454.8  0.03  0.03
       3  3  23.3  -5.1   7.7  67.0  -0.8        21.4 165.4   6.9 461.0  0.05  0.04
       3  4  46.3  10.0  30.0  64.6  19.8        25.2 228.2   9.5 446.9  0.11  0.08
       3  5  56.6  20.7  36.1  63.9  23.9        16.9 164.3   6.8 419.0  0.15  0.10
       3  6  32.0  22.7  26.1  84.6  22.0        21.0 219.8   9.2 155.3  0.05  0.03
       3  7  42.0  22.0  28.5  92.0  26.6        19.0 217.6   9.1 271.7  0.07  0.05
       3  8  27.0   6.7  17.6  88.0  16.1        35.4 319.6  13.3  71.5  0.02  0.02
       3  9  41.0   1.2  25.3  51.5   9.9        25.7 205.4   8.6 471.9  0.10  0.07
       3 10  51.4  16.3  33.2  58.2  19.3        17.0 102.6   4.3 427.7  0.11  0.08
       3 11  56.1  25.7  40.9  51.1  22.4        21.6 170.4   7.1 473.9  0.17  0.12
       3 12  71.6  27.0  47.7  49.0  25.6        33.5 192.6   8.0 358.5  0.27  0.17
       3 13  51.5  26.2  40.1  62.5  27.8        29.1 274.7  11.4 412.2  0.14  0.10
       3 14  30.3  21.1  26.2  80.4  21.0  0.04  31.9 326.1  13.6 368.0  0.05  0.04
       3 15  38.0  17.9  26.4  71.5  17.8        17.2 107.7   4.5 367.8  0.07  0.06
       3 16  46.0  21.9  33.0  62.8  20.6        34.9 312.5  13.0 340.0  0.13  0.09
       3 17  44.1  18.9  30.9  75.8  23.6        16.8 148.7   6.2 446.5  0.09  0.07
       3 18  33.5  21.2  28.8  90.5  26.4        17.3 180.2   7.5 110.0  0.02  0.02
       3 19  50.8  18.9  32.6  63.5  19.1        27.8 164.2   6.8 486.0  0.14  0.10
       3 20  64.6  13.6  32.8  56.9  16.9        31.9 290.0  12.1 496.7  0.30  0.19
       3 21  25.3   9.5  16.3  50.1   0.6        21.9 193.0   8.0 425.3  0.08  0.06
       3 22  56.2  14.0  35.3  40.2  12.3        20.8 109.0   4.5 529.0  0.16  0.11
       3 23  59.2  23.1  40.4  45.3  20.3        24.0 201.7   8.4 344.6  0.20  0.13
       3 24  32.8  18.0  24.7  75.4  18.0        20.6 263.0  11.0  74.5  0.06  0.04
       3 25  34.4  14.2  23.4  77.3  17.3  0.01  22.1 149.2   6.2 332.7  0.06  0.05
       3 26  62.4  17.5  40.2  57.4  23.0        29.7 170.8   7.1 499.7  0.20  0.14
       3 27  71.0  27.9  49.1  46.7  24.1        36.2 242.5  10.1 487.8  0.31  0.21
       3 28  66.2  24.4  44.9  49.2  23.6        25.9 190.2   7.9 392.3  0.23  0.16
       3 29  55.2  29.1  41.8  54.1  24.3        21.0 160.3   6.7 388.8  0.16  0.11
       3 30  59.0  25.5  44.1  51.8  25.7        25.1 205.4   8.6 442.1  0.19  0.13
       3 31  62.1  30.9  46.4  58.2  29.9        28.9 203.1   8.5 501.7  0.21  0.15
       4  1  78.0  29.9  53.7  39.0  22.9        40.0 337.5  14.1 573.4  0.45  0.29
       4  2  33.0  13.9  25.4  49.6   8.7        38.8 340.0  14.2 395.4  0.11  0.07
       4  3  41.0  12.7  26.8  47.0   8.0        25.6 209.7   8.7 502.9  0.13  0.09
       4  4  57.4  23.2  40.5  33.3  12.9        23.3 169.0   7.0 584.0  0.21  0.15
       4  5  66.3  24.3  48.5  42.6  26.4        28.4 267.4  11.1 570.4  0.27  0.19
       4  6  77.5  41.0  57.8  55.7  40.5        31.2 316.1  13.2 489.8  0.35  0.24
       4  7  69.1  42.8  53.8  71.4  43.5        27.8 166.5   6.9 462.5  0.19  0.15
       4  8  50.4  39.1  45.8  84.0  41.2  0.19  28.4 199.5   8.3 156.5  0.06  0.05
       4  9  76.3  38.2  56.7  54.6  36.4        25.4 205.2   8.6 581.8  0.31  0.22
       4 10  73.2  41.2  56.7  62.1  41.9  0.11  26.9 166.7   6.9 368.7  0.22  0.15
       4 11  66.1  46.4  54.1  71.3  43.9  0.02  22.2 167.5   7.0 531.2  0.19  0.15
       4 12  75.0  36.6  57.3  53.1  35.8        23.5 160.2   6.7 597.1  0.27  0.20
       4 13  75.5  43.3  60.4  40.7  33.7        26.9 177.3   7.4 614.2  0.31  0.22
       4 14  84.7  45.4  66.4  29.8  31.0        26.0 188.2   7.8 472.4  0.38  0.25
       4 15  86.2  40.9  66.9  32.3  32.8        28.9 218.7   9.1 573.7  0.41  0.28
       4 16  70.8  36.4  54.7  37.2  28.4        40.6 240.2  10.0 360.7  0.29  0.20
       4 17  78.9  27.1  56.1  36.1  24.9        34.1 287.4  12.0 635.2  0.42  0.28
       4 18  67.6  30.4  52.7  37.5  25.9        38.1 343.3  14.3 593.2  0.32  0.22
       4 19  42.9  28.4  36.3  57.3  22.1        22.2 253.8  10.6 229.5  0.12  0.08
       4 20  45.5  32.5  37.4  61.3  24.8  0.07  23.0 223.6   9.3 187.1  0.12  0.08
       4 21  59.6  32.5  44.0  60.5  27.9  0.01  39.5 259.0  10.8 523.9  0.23  0.16
       4 22  70.4  26.0  49.7  41.2  22.2        34.2 225.8   9.4 531.5  0.31  0.21
       4 23  81.6  32.2  60.1  28.0  20.7        38.4 222.2   9.3 652.9  0.42  0.29
       4 24  54.5  30.2  42.7  39.6  18.1        39.4 353.5  14.7 659.4  0.26  0.18
       4 25  59.5  21.2  42.8  35.6  15.4        32.2 249.0  10.4 431.0  0.24  0.16
       4 26  50.1  35.2  43.5  66.9  33.9  0.01  30.1 313.4  13.1 236.4  0.12  0.08
       4 27  53.0  36.1  44.9  84.6  40.4  0.06  29.3 270.7  11.3 246.4  0.09  0.07
       4 28  66.9  37.8  50.9  61.3  36.3        28.9 166.1   6.9 508.6  0.22  0.16
       4 29  73.0  38.6  57.8  44.4  32.2        20.7 143.5   6.0 590.8  0.27  0.20
       4 30  70.2  42.0  56.6  59.4  42.0  0.01  27.5 286.3  11.9 587.1  0.27  0.20
       5  1  54.9  33.8  41.4  88.6  39.0  0.03  26.4 318.4  13.3 105.4  0.09  0.06
       5  2  64.3  23.2  46.0  59.4  29.9        27.0 172.8   7.2 689.1  0.22  0.17
       5  3  76.8  33.9  59.0  39.6  29.4        28.9 207.1   8.6 566.6  0.34  0.23
       5  4  67.6  39.7  53.3  54.1  35.8        35.0 305.1  12.7 648.8  0.30  0.21
       5  5  82.8  49.5  64.8  42.9  38.2        40.5 222.9   9.3 605.5  0.41  0.28
       5  6  87.3  39.3  62.1  43.0  33.9        27.8 249.5  10.4 632.0  0.48  0.33
       5  7  47.9  39.5  43.8  88.5  40.7  0.01  22.1 228.2   9.5 150.9  0.05  0.04
       5  8  62.2  31.9  50.8  50.8  31.7        39.1 309.3  12.9 603.4  0.24  0.18
       5  9  62.5  21.2  44.5  35.8  15.9        24.0 204.9   8.5 705.5  0.27  0.20
       5 10  66.1  41.7  54.0  43.3  32.4  0.02  31.4 348.3  14.5 491.2  0.31  0.21
       5 11  59.4  42.0  50.1  80.0  44.0  0.06  29.5 275.8  11.5 371.8  0.14  0.11
       5 12  63.4  38.6  49.9  56.5  33.2        23.5 216.0   9.0 480.4  0.23  0.17
       5 13  72.5  28.9  53.4  45.3  27.6        19.4 123.5   5.1 716.7  0.27  0.21
       5 14  84.4  48.4  64.7  29.1  29.9        27.9 211.4   8.8 475.4  0.43  0.29
       5 15  80.2  50.3  63.2  47.7  40.7  0.08  28.7 200.7   8.4 566.7  0.36  0.25
       5 16  57.4  44.5  50.3  76.0  42.7  0.14  28.0 271.9  11.3 236.4  0.13  0.09
       5 17  58.5  40.6  47.9  79.5  41.4        19.3 129.0   5.4 367.4  0.12  0.10
       5 18  70.9  41.4  55.6  54.9  38.5        28.9 334.9  14.0 662.1  0.33  0.23
       5 19  71.6  42.6  56.4  57.8  40.9        38.6 380.8  15.9 627.0  0.33  0.23
       5 20  67.2  46.6  55.0  69.1  44.7        30.5 353.8  14.7 273.1  0.22  0.15
       5 21  81.5  49.5  65.1  53.6  44.9  0.02  52.0 568.2  23.7 483.6  0.49  0.32
       5 22  76.1  39.9  60.0  43.1  31.0  0.03  36.5 301.7  12.6 739.7  0.42  0.29
       5 23  62.7  39.5  51.2  48.8  31.3        25.4 289.8  12.1 685.7  0.28  0.21
       5 24  55.4  37.4  44.9  62.6  32.7  0.01  20.3 228.2   9.5 386.2  0.17  0.12
       5 25  78.8  32.1  57.9  50.0  34.0        20.7 145.4   6.1 648.3  0.31  0.23
       5 26  86.1  43.5  67.4  34.0  34.1        24.7 195.1   8.1 637.9  0.41  0.29
       5 27  87.9  48.5  64.9  56.6  46.1  0.01  27.5 157.6   6.6 591.6  0.36  0.26
       5 28  88.2  43.9  68.3  47.3  42.6        19.4 120.2   5.0 718.3  0.34  0.26
       5 29  91.3  50.2  73.6  35.5  39.9        22.6 192.7   8.0 593.9  0.43  0.30
       5 30  97.4  49.5  76.3  34.0  40.7        26.8 195.9   8.2 730.9  0.51  0.36
       5 31  94.3  62.4  79.5  30.9  45.3        26.4 264.8  11.0 725.5  0.56  0.39
       6  1  97.8  57.3  78.2  45.7  52.9        35.5 248.6  10.4 547.0  0.50  0.34
       6  2  93.7  57.1  75.8  50.8  53.6        35.0 222.9   9.3 710.1  0.45  0.33
       6  3  77.4  53.8  63.8  72.8  53.8  2.11  39.5 301.5  12.6 320.3  0.26  0.18
       6  4  64.8  55.8  58.6  87.9  54.9  0.14  17.1 141.9   5.9 234.6  0.10  0.09
       6  5  79.0  47.7  63.6  66.3  50.0        23.4 139.7   5.8 737.2  0.28  0.23
       6  6  90.9  55.5  73.6  48.0  48.8        28.6 238.1   9.9 727.0  0.47  0.34
       6  7  97.4  55.3  74.8  50.3  52.5        37.0 192.1   8.0 613.9  0.46  0.32
       6  8  98.3  59.6  77.4  51.4  53.8        35.1 321.9  13.4 706.8  0.61  0.42
       6  9 101.5  68.7  83.7  43.6  56.0        33.7 382.1  15.9 723.9  0.72  0.48
       6 10  80.3  59.7  69.9  42.1  45.2        43.3 396.2  16.5 643.3  0.48  0.33
       6 11  82.6  52.5  68.1  37.6  37.5        21.3 130.0   5.4 742.7  0.35  0.27
       6 12  85.1  55.7  69.2  37.9  39.8        30.7 199.0   8.3 743.4  0.44  0.32
       6 13  75.1  48.9  63.4  42.6  38.2        22.5 177.3   7.4 572.6  0.31  0.23
       6 14  81.1  41.2  63.7  41.0  35.7        15.9  97.6   4.1 757.8  0.30  0.24
       6 15  79.6  59.8  69.0  44.6  46.2        31.5 232.9   9.7 684.5  0.39  0.28
       6 16  88.7  53.5  71.9  43.4  45.3        21.3 158.1   6.6 672.3  0.38  0.28
       6 17  97.8  50.8  76.8  36.0  41.9        17.8 124.0   5.2 660.7  0.40  0.30
       6 18 100.5  60.3  81.9  21.9  35.5        30.9 204.0   8.5 727.5  0.58  0.40
       6 19  88.3  65.0  76.9  40.0  49.9        31.2 308.7  12.9 672.5  0.51  0.36
       6 20  81.8  57.1  71.3  59.8  56.7  0.05  37.0 206.9   8.6 481.5  0.27  0.20
       6 21  97.1  66.3  81.7  39.0  52.4        26.7 273.6  11.4 641.7  0.56  0.39
       6 22  96.3  70.1  83.6  39.5  54.0        30.0 192.3   8.0 587.6  0.45  0.32
       6 23  95.6  64.0  80.6  37.6  50.7        22.9 162.0   6.8 649.4  0.43  0.31
       6 24  98.2  55.7  77.7  43.8  51.7        31.0 102.3   4.3 473.8  0.32  0.24
       6 25  96.7  61.0  78.7  44.4  51.7  0.43  41.3 156.4   6.5 615.2  0.42  0.30
       6 26  91.0  61.4  76.0  55.2  56.3        17.9 152.8   6.4 693.5  0.37  0.28
       6 27  94.8  60.6  80.3  44.4  53.7        24.4 137.6   5.7 662.9  0.37  0.29
       6 28  97.7  65.2  83.6  33.6  49.9        26.3 206.8   8.6 693.7  0.50  0.36
       6 29 100.5  67.0  85.7  31.9  49.9        29.1 224.8   9.4 683.3  0.55  0.39
       6 30  97.6  61.4  81.6  40.1  53.3        24.0 158.7   6.6 691.6  0.43  0.32
       7  1 102.6  67.7  84.8  45.7  59.3        24.3 220.7   9.2 672.1  0.53  0.38
       7  2  94.1  66.1  80.3  51.2  58.1        24.3 157.6   6.6 596.1  0.37  0.28
       7  3  93.1  63.7  79.5  56.9  61.1        25.6 191.7   8.0 615.0  0.37  0.28
       7  4  87.6  62.3  77.6  52.8  58.0        25.2 228.0   9.5 680.0  0.37  0.28
       7  5  84.0  64.6  74.2  63.5  60.8        24.9 224.1   9.3 485.9  0.29  0.22
       7  6  79.6  65.6  70.2  87.3  66.1  0.93  22.4 145.7   6.1 210.5  0.13  0.10
       7  7  88.3  66.8  77.5  63.2  62.9  0.01  23.4 216.1   9.0 677.6  0.36  0.28
       7  8  90.1  61.3  77.2  65.9  63.5        15.3  94.9   4.0 705.3  0.28  0.25
       7  9  94.6  62.8  79.4  59.0  62.3        22.4 126.7   5.3 694.9  0.34  0.28
       7 10  87.5  64.6  75.7  56.7  57.7        19.4 117.9   4.9 680.2  0.31  0.25
       7 11  80.5  56.6  68.7  64.1  55.0        18.4 129.3   5.4 711.6  0.28  0.23
       7 12  85.5  49.6  68.7  65.3  54.7        17.4  85.2   3.5 728.4  0.27  0.23
       7 13  86.9  55.3  72.6  55.6  53.9        17.2 115.7   4.8 726.9  0.31  0.25
       7 14  91.5  59.1  77.1  44.6  51.8        18.7 166.4   6.9 723.1  0.40  0.30
       7 15  92.9  65.2  79.7  47.4  56.8        22.1 211.5   8.8 705.5  0.44  0.32
       7 16  95.9  67.5  82.4  41.9  54.8        21.6 193.5   8.1 706.3  0.46  0.34
       7 17  97.2  59.3  80.9  41.5  52.8        20.1 126.2   5.3 699.5  0.38  0.29
       7 18  96.6  60.3  81.6  42.6  54.5        19.0 111.5   4.6 704.4  0.36  0.28
       7 19  98.6  68.2  85.2  34.1  51.6        22.5 176.2   7.3 697.7  0.47  0.34
       7 20 101.2  65.3  85.7  35.0  53.1        22.0 154.1   6.4 675.7  0.44  0.33
       7 21  84.2  60.5  73.1  62.0  58.7  0.01  33.8 256.9  10.7 479.6  0.31  0.23
       7 22  84.4  58.0  71.4  56.7  52.7        21.5 157.5   6.6 681.5  0.33  0.25
       7 23  89.3  62.9  76.7  39.7  49.3        29.4 234.7   9.8 584.2  0.44  0.31
       7 24 101.1  62.9  81.2  43.4  53.6        15.9 110.5   4.6 683.2  0.39  0.30
       7 25  96.0  58.3  76.6  48.1  53.5        35.1 159.5   6.6 548.5  0.39  0.28
       7 26  91.0  59.3  73.2  63.9  58.4  0.02  27.0  90.6   3.8 570.4  0.27  0.22
       7 27  95.1  56.8  76.1  46.3  50.2        20.2 135.0   5.6 667.5  0.38  0.29
       7 28  89.5  56.5  73.0  47.1  49.4  0.01  31.1 172.5   7.2 532.8  0.36  0.26
       7 29  95.0  50.4  74.1  51.6  51.5        14.8  79.7   3.3 686.8  0.30  0.25
       7 30 101.2  56.5  80.2  41.1  51.3        11.5  83.7   3.5 668.5  0.34  0.27
       7 31 101.6  56.5  81.8  35.6  50.2        21.1 101.6   4.2 626.3  0.36  0.27
       8  1  84.9  56.4  68.8  39.6  42.2        40.0 236.6   9.9 576.1  0.43  0.30
       8  2  86.3  56.7  72.0  44.9  49.6        31.2 240.9  10.0 614.9  0.40  0.29
       8  3  95.4  67.6  80.2  54.1  61.0  0.02  17.2  99.2   4.1 573.9  0.30  0.24
       8  4  86.3  64.7  75.7  71.5  65.3  0.70  21.0 166.4   6.9 610.9  0.27  0.22
       8  5  86.1  63.5  74.1  79.7  66.9  0.02  27.8 131.2   5.5 627.4  0.24  0.21
       8  6  89.2  61.8  77.1  56.9  58.9        23.4 189.3   7.9 650.0  0.35  0.26
       8  7  89.8  64.1  78.8  46.1  55.3        28.4 216.0   9.0 640.7  0.40  0.29
       8  8  90.0  66.9  75.7  61.2  60.7  0.02  16.1 102.2   4.3 484.1  0.26  0.21
       8  9  78.8  58.6  68.3  80.3  61.5        15.1 101.5   4.2 392.5  0.16  0.14
       8 10  85.6  56.1  71.4  73.4  61.5        16.3  95.3   4.0 604.8  0.23  0.20
       8 11  96.2  62.4  79.1  51.5  57.2        18.9 121.7   5.1 661.4  0.35  0.27
       8 12  73.5  52.0  65.0  49.9  45.1  0.02  34.8 275.6  11.5 517.8  0.30  0.21
       8 13  77.6  46.7  61.5  63.6  46.4  0.01  16.4  85.6   3.6 618.0  0.22  0.18
       8 14  92.3  46.5  72.0  44.6  46.5        18.3 137.6   5.7 651.6  0.35  0.26
       8 15  80.6  57.2  68.7  53.4  50.4        27.8 167.2   7.0 637.7  0.30  0.23
       8 16  97.7  60.5  76.7  48.7  52.7        35.1 194.5   8.1 640.9  0.47  0.33
       8 17  72.1  46.4  59.6  46.1  37.7        20.8 130.0   5.4 600.2  0.25  0.19
       8 18  88.7  50.5  66.4  55.2  48.0        22.1 131.6   5.5 462.6  0.30  0.22
       8 19  77.0  49.3  65.0  71.8  55.3        23.9 155.0   6.5 564.4  0.21  0.17
       8 20  89.3  63.1  71.7  76.2  63.1  0.12  19.3 132.6   5.5 402.6  0.24  0.18
       8 21  83.8  57.2  69.5  66.3  57.1        17.9  80.6   3.4 260.8  0.16  0.12
       8 22  85.7  57.9  71.5  65.3  58.2  0.11  19.8 104.3   4.3 566.3  0.24  0.20
       8 23  84.9  53.6  68.9  68.0  56.7  0.04  20.8 114.0   4.8 560.6  0.24  0.19
       8 24  79.9  55.0  65.5  79.8  58.8  0.16  27.4 150.7   6.3 431.6  0.20  0.15
       8 25  85.1  50.0  68.2  76.7  60.0  0.01  17.0  88.0   3.7 567.1  0.21  0.18
       8 26  85.6  60.0  71.7  71.0  61.5  0.03  35.1 223.5   9.3 530.5  0.28  0.21
       8 27  81.4  58.6  68.8  68.4  57.3  0.02  19.5 125.6   5.2 474.7  0.22  0.17
       8 28  79.5  56.2  68.6  76.7  60.7  0.05  27.4 160.4   6.7 351.2  0.17  0.13
       8 29  83.0  53.4  68.6  71.6  58.0  0.17  29.0 164.4   6.8 522.6  0.24  0.18
       8 30  85.3  56.6  71.4  71.0  60.3        16.7 131.3   5.5 571.0  0.24  0.19
       8 31  90.1  54.8  72.6  70.8  61.0        23.5 149.7   6.2 524.9  0.27  0.21
       9  1  89.2  62.0  75.0  54.7  55.8        24.7 128.8   5.4 494.9  0.28  0.21
       9  2  82.5  51.9  67.2  52.2  46.3        23.3 154.2   6.4 574.4  0.30  0.22
       9  3  86.8  54.3  72.1  48.4  51.3        24.0 174.0   7.3 530.6  0.31  0.23
       9  4  93.8  64.5  78.4  42.2  51.7        21.8 180.7   7.5 485.3  0.39  0.27
       9  5  98.6  51.1  76.4  46.2  49.0        20.6 122.5   5.1 564.5  0.35  0.25
       9  6  92.4  52.8  76.1  48.5  52.6        22.0 158.1   6.6 541.6  0.32  0.24
       9  7  93.5  63.7  79.3  47.9  56.1        29.9 272.5  11.4 525.6  0.44  0.30
       9  8  91.3  64.4  74.9  59.5  58.1  0.26  28.2 171.3   7.1 504.0  0.33  0.24
       9  9  68.1  55.3  63.3  88.4  60.0  0.59  23.2 197.2   8.2 128.1  0.06  0.05
       9 10  65.4  51.5  58.6  76.5  50.6        15.1 103.3   4.3 254.0  0.11  0.09
       9 11  74.0  50.7  63.4  72.4  53.6        18.7 146.3   6.1 441.0  0.17  0.14
       9 12  76.9  58.2  64.6  82.4  58.6  0.08  14.3 104.7   4.4 327.7  0.15  0.12
       9 13  74.0  54.0  62.9  75.5  54.2  0.01  17.2 124.8   5.2 314.2  0.15  0.12
       9 14  75.0  47.8  60.4  71.5  49.3        26.0 176.6   7.4 514.2  0.22  0.16
       9 15  84.5  42.2  63.5  59.6  45.3        19.3 137.3   5.7 534.9  0.27  0.20
       9 16  84.5  42.5  64.8  54.2  44.1        23.1 140.0   5.8 537.7  0.28  0.20
       9 17  84.2  44.4  64.1  54.6  44.3        22.7 116.2   4.8 489.4  0.25  0.18
       9 18  69.3  49.3  60.2  56.0  44.0        30.5 285.6  11.9 398.3  0.24  0.17
       9 19  69.9  39.9  54.7  57.1  37.6        31.9 229.6   9.6 506.1  0.25  0.17
       9 20  82.0  37.8  59.5  53.0  37.8        26.8 179.0   7.5 508.3  0.31  0.21
       9 21  61.8  35.0  49.3  60.8  35.8        22.9 179.1   7.5 377.9  0.16  0.11
       9 22  73.8  29.6  51.6  57.8  34.4        25.4 115.5   4.8 490.5  0.21  0.15
       9 23  65.4  38.4  52.3  50.8  33.8        20.8 133.5   5.6 488.0  0.18  0.13
       9 24  83.5  42.3  61.8  47.2  40.4        25.5 161.5   6.7 481.4  0.30  0.20
       9 25  65.7  45.1  52.7  63.8  40.5        31.1 280.4  11.7 286.1  0.21  0.14
       9 26  61.4  42.4  49.6  71.9  40.5        15.5  82.1   3.4 322.7  0.11  0.09
       9 27  79.2  41.4  58.9  62.9  44.5        25.6 209.1   8.7 433.8  0.27  0.18
       9 28  64.3  38.7  52.8  71.9  43.6        19.3 155.1   6.5 371.2  0.13  0.10
       9 29  80.8  34.5  57.6  63.7  42.2        21.3  84.8   3.5 443.5  0.18  0.14
       9 30  80.8  39.7  59.9  51.5  37.4        21.0 121.6   5.1 465.4  0.24  0.17
      10  1  67.8  46.2  55.9  50.6  37.2        31.1 353.0  14.7 391.6  0.29  0.19
      10  2  46.5  36.7  39.2  88.4  36.0  0.11  23.4 189.7   7.9 105.8  0.06  0.04
      10  3  53.2  38.2  44.5  88.4  41.4  0.42  27.9 182.1   7.6 124.6  0.06  0.05
      10  4  60.7  42.7  49.9  73.3  41.2  0.03  27.0 181.3   7.6 350.8  0.14  0.10
      10  5  71.6  35.5  54.6  60.1  38.5        26.2 126.5   5.3 376.3  0.17  0.12
      10  6  56.9  36.2  47.3  66.2  35.9        21.5 163.8   6.8 189.4  0.11  0.08
      10  7  77.6  37.2  54.2  58.5  36.7        24.6 173.4   7.2 426.9  0.27  0.18
      10  8  65.5  34.8  49.9  71.1  40.1        26.0 171.9   7.2 389.4  0.15  0.11
      10  9  70.3  46.7  56.3  76.8  48.9  0.02  19.6 148.8   6.2 233.2  0.13  0.09
      10 10  82.5  50.0  61.7  71.8  50.6        18.5 138.0   5.8 391.0  0.22  0.15
      10 11  86.1  41.5  59.4  56.5  39.6        43.5 192.1   8.0 374.0  0.35  0.22
      10 12  53.5  29.0  41.9  62.5  28.8        23.6 194.2   8.1 409.7  0.13  0.09
      10 13  70.9  23.5  46.5  52.5  26.5        20.2 145.3   6.1 411.2  0.21  0.14
      10 14  65.9  31.9  48.4  42.5  23.4        24.5 197.6   8.2 406.2  0.23  0.15
      10 15  61.1  22.8  42.8  52.6  23.7        16.9 103.7   4.3 385.7  0.13  0.09
      10 16  58.1  26.7  43.4  54.1  25.9        33.0 216.1   9.0 308.9  0.17  0.11
      10 17  65.4  25.3  41.8  55.6  23.6        13.1  97.6   4.1 389.0  0.15  0.10
      10 18  72.4  27.1  48.1  47.6  24.5        21.0 152.4   6.3 390.0  0.23  0.15
      10 19  65.7  24.4  45.8  62.4  32.1        19.5 129.7   5.4 372.3  0.15  0.10
      10 20  71.0  25.1  45.3  55.0  25.7        16.8  71.3   3.0 361.5  0.14  0.10
      10 21  56.2  26.8  41.8  71.5  32.5        12.6  84.4   3.5 359.8  0.08  0.06
      10 22  38.7  26.8  33.5  91.0  31.2  0.01  19.0 189.5   7.9  48.0  0.02  0.02
      10 23  27.5  21.4  24.3  92.7  22.6        15.1 162.5   6.8 115.8  0.02  0.02
      10 24  33.9  21.0  27.4  88.7  24.8  0.02  13.7 137.9   5.7 149.4  0.03  0.02
      10 25  56.9  22.7  39.5  75.6  30.8        27.0 180.2   7.5 350.3  0.12  0.08
      10 26  54.9  20.2  36.1  85.0  32.5        18.2 136.1   5.7 293.6  0.08  0.06
      10 27  40.0  31.7  36.6  94.9  35.3  0.52  15.5 117.2   4.9 123.1  0.02  0.02
      10 28  61.0  28.9  43.9  82.3  38.5  0.04  23.4 128.7   5.4 327.1  0.09  0.07
      10 29  41.4  17.9  29.0  97.4  29.2  0.53  33.5 431.1  18.0  90.5  0.03  0.02
      10 30  18.7  15.0  16.9  93.7  15.4        29.1 240.0  10.0 183.3  0.01  0.01
      10 31  20.3   9.4  16.8  92.1  15.0         9.5  87.9   3.7 160.2  0.01  0.01
      11  1  26.1   2.3  19.0  89.8  17.1  0.07   8.6  66.7   2.8 223.0            
      11  2  34.6  24.0  28.9  88.0  25.7        28.8 121.3   5.1 204.1            
      11  3  38.7  22.8  30.0  73.5  22.3  0.01  24.7 207.1   8.6 331.7            
      11  4  38.5  17.3  28.9  81.0  23.6        25.0 100.0   4.2 191.0            
      11  5  46.6  24.9  35.0  68.1  25.1        24.6 200.5   8.4 320.1            
      11  6  58.3  27.6  39.1  70.7  28.9        20.7 162.7   6.8 309.8            
      11  7  58.2  25.7  39.8  76.7  32.3        19.3 145.2   6.0 256.8            
      11  8  65.0  30.6  45.5  64.4  32.4        25.1 123.2   5.1 238.5            
      11  9  63.1  31.4  45.4  66.7  33.6        28.7 205.4   8.6 207.0            
      11 10  53.3  27.4  38.6  68.1  27.5        26.2 170.7   7.1 279.6            
      11 11  48.5  26.1  36.7  77.8  30.2        22.8 152.1   6.3 130.0            
      11 12  54.1  23.0  36.1  61.3  21.7        29.2 172.8   7.2 292.5            
      11 13  62.8  26.2  42.3  62.7  29.2        23.7 153.0   6.4 192.2            
      11 14  53.8  33.6  41.8  68.6  31.4        24.2 162.1   6.8 277.3            
      11 15  50.0  27.1  39.1  71.8  30.2  0.01  23.4 176.4   7.3 153.6            
      11 16  57.8  24.7  36.8  62.5  23.0        19.3 147.1   6.1 259.7            
      11 17  60.9  21.9  43.0  48.8  20.5        36.0 214.2   8.9 176.1            
      11 18  53.4  24.0  39.0  51.3  20.9        25.9 221.9   9.2 265.8            
      11 19  57.0  25.3  41.4  50.9  22.3        23.4 191.7   8.0 257.0            
      11 20  62.6  39.9  49.6  50.3  31.2        31.5 277.3  11.6 258.4            
      11 21  61.3  29.7  46.8  63.1  34.0        20.9 198.3   8.3 230.7            
      11 22  73.6  26.8  44.9  64.4  30.8        26.1 175.7   7.3 249.4            
      11 23  46.0  24.6  35.7  60.9  22.8        19.4 173.6   7.2 169.6            
      11 24  32.9  22.2  26.0  82.0  21.2        19.4 186.3   7.8 116.5            
      11 25  38.5  16.2  26.2  72.8  18.3  0.01  41.1 209.2   8.7 226.1            
      11 26  28.1   9.5  19.6  68.7  10.7        32.4 209.6   8.7 225.8            
      11 27  41.5  13.8  28.3  74.0  21.0        26.4 199.4   8.3  83.5            
      11 28  60.7  21.7  37.4  69.4  27.0        22.0 182.3   7.6 241.8            
      11 29  58.6  27.6  42.7  48.1  22.7        32.1 299.0  12.5 237.6            
      11 30  50.2  16.4  31.0  54.0  14.1        19.5 142.2   5.9 240.2            
      12  1  59.2  18.8  35.4  65.1  23.9        14.5 145.0   6.0 175.9            
      12  2  52.6  29.3  39.9  65.9  28.8        16.9 127.7   5.3 240.6            
      12  3  31.1  24.4  27.4  81.0  22.3        14.1 151.7   6.3  72.9            
      12  4  26.6  21.1  24.0  83.6  19.8        14.0 104.2   4.3  64.1            
      12  5  45.1  14.1  27.8  76.9  20.5        25.0 136.2   5.7 236.8            
      12  6  56.0  16.5  29.0  71.2  19.0        24.1 155.2   6.5 234.3            
      12  7  53.3  16.0  28.9  70.0  18.9        11.7  94.0   3.9 208.8            
      12  8  40.5  16.3  28.5  77.9  22.3        18.2 127.2   5.3 211.5            
      12  9  52.0  16.1  29.0  67.1  17.4        15.5 124.8   5.2 232.6            
      12 10  57.3  14.4  28.4  62.6  14.9        16.3 126.2   5.3 235.2            
      12 11  50.2  19.8  35.0  52.4  18.2        19.4 134.5   5.6 156.1            
      12 12  45.0  12.3  30.0  61.4  17.9        24.8 169.8   7.1 187.4            
      12 13  57.5  14.4  32.0  61.9  18.8        18.5 147.1   6.1 222.4            
      12 14  60.7  25.8  37.6  53.7  20.8        12.5 128.7   5.4 221.8            
      12 15  62.1  24.3  40.3  49.1  21.3        31.9 175.9   7.3 173.5            
      12 16  53.4  23.5  40.8  40.2  17.4        23.4 192.0   8.0 184.4            
      12 17  55.4  24.9  36.5  64.3  24.8        19.1 123.1   5.1 158.0            
      12 18  44.2  25.8  35.0  60.9  22.3        26.1 262.7  10.9 144.6            
      12 19  40.4  22.7  30.4  45.2  11.0        29.7 318.4  13.3 239.1            
      12 20  44.9  11.8  27.2  46.9   8.2        23.9 165.9   6.9 211.3            
      12 21  36.6  11.3  24.7  58.0  11.1        18.7 134.1   5.6 193.3            
      12 22  38.2   6.7  19.3  67.0   8.7         9.9  62.3   2.6 221.4            
      12 23  31.9   4.1  13.9  74.2   7.1         9.8  63.3   2.6 148.9            
      12 24  38.2   4.1  18.1  67.9   8.3        10.3  79.0   3.3 219.0            
      12 25  38.3   5.4  17.9  62.4   5.5        19.3 149.1   6.2 225.6            
      12 26  40.7   4.7  18.9  57.3   4.3        19.6 162.5   6.8 224.4            
      12 27  58.1  10.7  32.1  48.6  13.1        26.9 191.5   8.0 206.0            
      12 28  56.9  23.6  36.6  50.7  18.9        18.3 138.9   5.8 138.6            
      12 29  45.3  20.6  32.4  62.7  20.4        30.8 145.7   6.1  66.9            
      12 30  47.2  13.6  34.2  43.1  13.8        31.8 224.7   9.4 210.0            
      12 31  52.5  10.8  29.7  56.6  15.3        13.7 114.9   4.8 137.4            

      Total                                8.91                         64.44 46.86
        Max 102.6  70.1  85.7  97.4  66.9        52.1 602.8  25.1 757.8
        Min  11.3 -12.0  -0.1  21.9  -7.4         8.0  46.6   1.9  48.0
        Ave  65.1  34.6  49.4  58.1  32.6        24.8 188.0   7.8 406.8
