                                                                    17-JAN-02
      Cellular-linked Weather Station near OVID, Colorado                2001
      -----------------------------------------------------------------------------
               Temperature      Rel   Dew             Wind        Solar StandrdASCE
            ----------------- Humid Point  Prec -----------------   Rad   ETr   ETo
       Date   Max   Min   Ave   Ave   Ave Total   Max Total   Ave Total Alflf Grass
      MoDay     F     F     F     %     F  inch   mph miles   mph Langl  inch  inch
      ----- ----- ----- ----- ----- ----- ----- ----- ----- ----- ----- ----- -----
       1  1  22.0   1.8  13.4  93.2  12.9        11.8  69.9   2.9  73.6            
       1  2  45.8  13.6  28.3  75.6  20.4  0.02  24.9 204.5   8.5 219.0            
       1  3  55.2  20.5  37.3  55.8  21.0        32.5 256.8  10.7 212.1            
       1  4  63.9  23.5  38.7  54.6  19.6        32.6 242.7  10.1 207.9            
       1  5  58.1  19.6  35.0  59.8  20.2        17.1 148.1   6.2 214.8            
       1  6  54.7  21.2  35.8  59.3  20.7  0.01  21.4 181.3   7.6 181.4            
       1  7  44.2  17.5  31.3  58.4  17.4  0.01  29.7 238.9  10.0 222.5            
       1  8  50.5  10.5  25.2  57.6   8.7        12.4 111.4   4.6 230.4            
       1  9  58.5   6.7  31.9  48.8  10.3        26.5 148.9   6.2 229.2            
       1 10  59.2  15.1  36.6  56.9  21.3        24.1 167.7   7.0 226.6            
       1 11  53.9  19.9  37.1  46.7  17.3  0.01  28.6 192.8   8.0 232.9            
       1 12  55.7  17.4  38.4  49.4  20.1        26.2 147.9   6.2 228.6            
       1 13  37.6  21.7  28.0  90.0  25.4  0.04  39.2 372.7  15.5  41.5            
       1 14  40.9  15.6  26.9  75.0  19.7        29.7 213.8   8.9 202.8            
       1 15  39.1  15.1  25.2  69.9  15.7        21.7 161.1   6.7 232.6            
       1 16  30.3  10.9  21.1  81.1  15.7        11.4  89.1   3.7 152.3            
       1 17  36.4   6.4  19.1  73.7  11.2  0.01  19.8 168.1   7.0 239.6            
       1 18  39.4  17.0  28.5  70.3  19.5        27.3 247.7  10.3 158.6            
       1 19  37.1   9.5  21.9  73.9  13.8        11.8  90.9   3.8 238.1            
       1 20  43.3  13.8  29.0  78.3  23.5        27.9 255.8  10.7 116.4            
       1 21  48.9  15.3  28.9  61.5  15.1        15.4 110.2   4.6 251.0            
       1 22  50.7  13.2  30.0  65.3  18.2        22.0 179.7   7.5 160.0            
       1 23  42.7  15.7  27.0  71.7  18.0         7.4  39.5   1.6 157.3            
       1 24  45.1  10.9  26.7  71.5  17.5        18.2 103.7   4.3 264.6            
       1 25  49.7  22.5  34.8  71.0  25.4  0.01  33.8 239.7  10.0 177.8            
       1 26  37.4   9.8  27.4  62.7  16.3        30.4 259.8  10.8 263.6            
       1 27  43.1  16.9  28.0  76.0  20.7  0.03  19.5 118.8   5.0 173.4            
       1 28  29.4  23.5  25.9 101.8  25.9  0.51  11.8  82.6   3.4  70.1            
       1 29  32.4  23.5  28.3 100.2  28.2  0.14  39.5 298.0  12.4 112.0            
       1 30  31.0  15.7  27.9  87.8  25.0  0.07  38.5 518.5  21.6 166.6            
       1 31  34.3  12.3  22.5  70.1  14.6        23.8 260.9  10.9 293.6            
       2  1  29.4   7.4  18.7  81.7  14.1  0.01  26.5 136.0   5.7 287.0            
       2  2  45.7  11.1  28.7  79.4  24.0        22.1 185.0   7.7 270.1            
       2  3  41.8  27.3  34.5  68.7  25.0        23.5 216.9   9.0 193.8            
       2  4  44.9  24.5  33.1  60.9  20.0        22.4 199.6   8.3 296.9            
       2  5  59.0  24.1  36.7  80.7  30.3        34.9 207.7   8.7 242.6            
       2  6  42.3  25.5  33.1  92.3  30.7  0.01  24.2 177.0   7.4 196.7            
       2  7  32.0  15.5  24.4  99.1  24.8  0.01  25.8 290.8  12.1  38.7            
       2  8  15.6   5.0  11.4  85.8   8.3  0.01  27.1 312.2  13.0 122.4            
       2  9  21.1  -2.2  10.7  73.0   3.9  0.01  27.6 192.1   8.0 323.7            
       2 10  37.0   7.2  19.5  76.1  13.7        19.1 165.9   6.9 266.7            
       2 11  42.0  20.4  26.3  94.6  24.9        16.4 128.5   5.4 184.5            
       2 12  47.1  13.0  30.5  73.6  21.8        21.2 137.8   5.7 331.5            
       2 13  42.8  12.5  26.6  87.2  23.9  0.01  24.8 225.6   9.4 295.0            
       2 14  17.6   7.7  11.4  83.6   7.5  0.01  19.0 125.2   5.2 238.1            
       2 15  42.6   6.8  23.7  72.9  15.5  0.01  19.0 183.9   7.7 352.7            
       2 16  24.9  13.1  19.4  83.2  15.1  0.01  19.9 209.2   8.7 169.7            
       2 17  43.3  15.7  26.5  85.2  22.5        19.6 182.8   7.6 251.1            
       2 18  59.1  21.7  37.1  69.6  26.1  0.01  29.5 148.3   6.2 251.6            
       2 19  57.5  27.6  40.8  71.1  30.9        16.4 104.1   4.3 269.5            
       2 20  29.2  22.3  26.3 101.1  26.3        17.6 187.7   7.8  48.2            
       2 21  40.1  22.4  28.7  92.3  26.7        22.4 226.5   9.4 142.7            
       2 22  54.9  25.2  37.9  71.7  27.2        18.4 153.7   6.4 340.7            
       2 23  31.8  27.6  29.8 103.2  29.9  0.01  19.9 180.3   7.5  49.2            
       2 24  30.4  16.4  26.9  98.6  26.6  0.09   3.5  13.5   0.6 129.7            
       2 25  50.4  14.1  29.6  83.8  25.6        15.4  78.8   3.3 372.4            
       2 26  31.4  14.6  22.8  90.0  20.5        27.8 226.3   9.4 112.3            
       2 27  16.5   9.8  13.0  88.6  10.3  0.04  17.4 159.1   6.6 316.4            
       2 28  32.6   8.2  22.0  82.5  18.2        16.1 131.2   5.5 378.4            
       3  1  46.2  19.3  33.5  78.2  26.6  0.02  36.3 211.1   8.8 316.4  0.08  0.06
       3  2  49.3  20.3  35.6  68.9  25.4        19.4 137.3   5.7 400.3  0.10  0.07
       3  3  49.1  25.0  36.6  74.1  27.8        21.5 175.6   7.3 417.9  0.10  0.08
       3  4  48.8  23.7  35.0  70.3  24.6        15.3 120.1   5.0 426.0  0.10  0.07
       3  5  61.4  20.4  39.7  73.6  29.3        14.3  84.6   3.5 419.5  0.12  0.09
       3  6  60.3  29.2  42.9  75.8  33.5        20.8 130.9   5.5 380.0  0.13  0.09
       3  7  57.1  24.6  40.1  74.8  31.2        10.3  74.1   3.1 350.5  0.09  0.07
       3  8  59.7  23.4  42.4  70.0  31.4  0.01  21.2  70.5   2.9 438.5  0.11  0.08
       3  9  68.3  23.9  46.9  63.6  31.6        18.4 115.2   4.8 398.8  0.16  0.12
       3 10  45.3  25.7  33.4  92.1  30.8  0.06  26.8 234.6   9.8  77.7  0.06  0.04
       3 11  26.8  20.1  24.1  99.7  23.8  0.16  16.2 147.3   6.1 233.2  0.02  0.02
       3 12  49.9  23.7  37.2  75.9  29.6  0.04  29.6 296.3  12.3 365.2  0.11  0.08
       3 13  58.2  31.6  44.6  58.4  29.5        27.5 238.9  10.0 402.4  0.18  0.12
       3 14  57.8  27.8  41.5  64.7  27.8  0.01  38.1 341.0  14.2 353.2  0.20  0.13
       3 15  35.1  19.6  28.9  87.7  25.6  0.06  37.8 333.6  13.9 267.8  0.04  0.03
       3 16  44.9  15.1  30.7  72.7  21.8        18.6 121.0   5.0 421.9  0.09  0.07
       3 17  43.0  23.9  34.5  72.1  25.9  0.01  26.7 243.0  10.1 295.9  0.09  0.06
       3 18  54.1  25.0  38.4  75.0  29.6        24.2 177.1   7.4 398.3  0.13  0.09
       3 19  61.9  20.9  40.9  64.7  26.8        15.4 134.4   5.6 414.1  0.16  0.11
       3 20  65.9  30.0  48.3  61.4  33.9        20.3 158.1   6.6 462.4  0.18  0.13
       3 21  61.4  36.2  47.4  86.2  43.1  0.21  13.2 103.3   4.3 306.1  0.10  0.08
       3 22  62.4  37.0  48.7  87.1  44.2  0.04  24.8 123.8   5.2 365.9  0.11  0.09
       3 23  47.9  27.5  35.4  98.7  35.3  0.01  22.1 187.3   7.8  78.5  0.05  0.03
       3 24  31.5  27.6  29.8  88.5  26.8        11.5  98.2   4.1  79.1  0.03  0.02
       3 25  36.3  29.1  32.0  85.8  28.0        17.3 171.1   7.1 121.1  0.04  0.03
       3 26  44.4  29.5  34.6  85.9  30.4  0.01  25.6 251.6  10.5 269.0  0.08  0.06
       3 27  60.0  30.8  41.5  69.1  30.3        27.2 247.7  10.3 373.8  0.19  0.13
       3 28  57.2  22.4  39.7  61.7  25.4        22.9 180.9   7.5 357.0  0.16  0.11
       3 29  56.1  25.6  43.9  52.2  25.8        21.4 132.4   5.5 326.7  0.13  0.10
       3 30  62.8  25.9  41.8  72.9  32.1  0.04  42.5 248.7  10.4 337.4  0.19  0.13
       3 31  49.3  25.4  37.6  58.4  22.6        25.3 176.3   7.3 463.3  0.14  0.10
       4  1  65.7  27.1  47.3  50.3  28.3        30.5 197.3   8.2 361.2  0.22  0.15
       4  2  64.8  35.4  50.4  53.7  33.2  0.27  37.3 308.9  12.9 306.2  0.24  0.16
       4  3  48.6  36.0  43.0 101.4  43.1  0.08  25.5 194.0   8.1 102.8  0.02  0.02
       4  4  48.9  38.6  43.3 100.0  43.0        16.8 121.5   5.1 110.9  0.03  0.03
       4  5  58.8  44.2  50.4  90.7  47.5        16.7 123.1   5.1 231.1  0.08  0.07
       4  6  68.6  43.8  51.0  92.8  48.0  0.24  35.3 312.4  13.0 237.6  0.18  0.12
       4  7  66.0  46.2  54.9  52.8  36.3        38.4 392.5  16.4 513.6  0.31  0.21
       4  8  61.7  37.8  47.5  75.4  39.0        24.5 197.3   8.2 361.9  0.16  0.12
       4  9  62.1  35.5  50.1  44.8  28.2        25.4 213.3   8.9 482.9  0.23  0.16
       4 10  53.1  39.6  45.4  72.8  36.7  0.07  28.4 340.9  14.2 184.3  0.13  0.09
       4 11  41.0  32.5  36.5  97.1  35.7  0.89  48.4 524.4  21.9  47.3  0.02  0.02
       4 12  48.1  26.6  38.6  78.6  32.2  0.01  21.0 160.7   6.7 550.6  0.10  0.09
       4 13  56.8  33.1  45.2  62.5  31.0        41.2 281.3  11.7 547.8  0.20  0.14
       4 14  64.7  32.0  48.4  58.3  32.9        33.6 192.4   8.0 408.5  0.20  0.14
       4 15  58.1  33.0  46.5  49.7  27.0        32.2 200.2   8.3 552.4  0.21  0.15
       4 16  46.4  27.3  36.6  61.2  23.9        21.9 190.6   7.9 379.0  0.12  0.09
       4 17  58.1  24.1  41.3  53.6  24.7        25.6 219.8   9.2 597.1  0.21  0.15
       4 18  83.9  30.5  58.5  46.9  34.6        25.5 183.3   7.6 575.8  0.36  0.25
       4 19  83.9  45.8  63.4  38.7  32.3        30.6 212.0   8.8 498.6  0.41  0.27
       4 20  64.3  41.5  51.6  72.5  43.0  0.13  28.9 199.5   8.3 330.1  0.16  0.12
       4 21  58.7  33.9  45.7  81.6  39.6        30.5 279.5  11.6 423.0  0.14  0.11
       4 22  41.0  27.2  33.6 100.4  33.7  0.60  36.3 480.8  20.0  88.9  0.02  0.02
       4 23  55.3  28.7  42.1  73.7  33.4        26.6 258.4  10.8 133.9  0.12  0.08
       4 24  66.4  36.5  51.2  65.5  37.4        17.0 160.0   6.7 101.8  0.15  0.10
       4 25  76.5  34.5  56.1  63.1  39.9        21.7 153.1   6.4 108.6  0.20  0.13
       4 26  78.1  38.0  59.9  54.5  38.7        16.7  90.9   3.8 195.1  0.17  0.12
       4 27  80.3  44.0  64.4  49.9  43.0        25.6 155.5   6.5 248.4  0.24  0.16
       4 28  84.1  47.6  67.9  45.5  43.0        37.4 324.0  13.5 348.0  0.41  0.27
       4 29  84.1  50.4  67.0  50.0  45.7  0.01  25.7 174.1   7.3 444.7  0.31  0.22
       4 30  75.2  44.8  62.7  47.3  39.0  0.01  36.7 237.3   9.9 481.5  0.31  0.21
       5  1  78.7  43.2  62.7  49.9  42.6        24.8 201.6   8.4 467.1  0.29  0.21
       5  2  59.2  39.6  44.9  79.1  38.8  0.02  29.0 352.2  14.7  89.8  0.16  0.10
       5  3  47.5  36.5  42.8  95.5  41.7  0.12  21.7 257.0  10.7  75.5  0.03  0.02
       5  4  45.4  43.3  44.4 101.9  44.4  0.21  21.0 223.2   9.3  76.0  0.02  0.02
       5  5  58.2  44.0  48.0  95.8  46.5  0.63  28.1 294.5  12.3 223.9  0.10  0.07
       5  6  60.2  42.9  50.5  76.2  42.6  0.03  36.5 256.2  10.7 549.8  0.18  0.14
       5  7  65.3  42.8  54.1  61.7  39.7        18.0 114.4   4.8 612.2  0.20  0.16
       5  8  76.6  40.1  60.1  57.8  41.5        16.1 128.7   5.4 689.3  0.27  0.21
       5  9  77.6  43.5  61.3  61.3  46.1        18.6 138.7   5.8 529.8  0.24  0.19
       5 10  71.0  46.3  58.9  69.0  47.5        21.1 144.8   6.0 568.8  0.21  0.17
       5 11  71.7  46.1  59.7  71.2  49.2        20.0 123.1   5.1 578.1  0.20  0.17
       5 12  84.9  52.8  69.0  59.0  51.4        24.0 230.4   9.6 670.2  0.37  0.27
       5 13  88.1  51.0  71.7  53.5  50.1        21.9 167.2   7.0 673.7  0.35  0.27
       5 14  85.8  50.3  69.5  59.3  52.7        17.0 125.9   5.2 631.7  0.29  0.23
       5 15  87.9  52.7  70.5  54.9  49.8        29.5 196.9   8.2 590.5  0.37  0.27
       5 16  81.1  53.0  65.3  65.1  51.5        25.0 146.2   6.1 483.4  0.26  0.20
       5 17  59.9  50.4  54.5  76.5  46.8  0.01  21.6 141.7   5.9 167.6  0.10  0.08
       5 18  77.9  43.8  62.9  67.7  50.0  0.01  18.4 124.0   5.2 675.7  0.24  0.20
       5 19  64.7  49.8  58.2  82.9  52.9  0.01  18.2 118.5   4.9 214.7  0.09  0.08
       5 20  66.2  37.4  50.6  79.7  43.5  0.12  40.7 298.0  12.4 513.5  0.20  0.15
       5 21  58.8  33.3  46.2  56.8  29.8        31.7 297.7  12.4 457.8  0.22  0.15
       5 22  68.9  38.1  54.7  52.7  35.9        35.3 287.9  12.0 634.8  0.30  0.21
       5 23  72.4  38.2  55.0  49.4  34.2        36.5 260.5  10.9 709.0  0.34  0.24
       5 24  64.6  31.1  48.5  59.1  33.5        27.2 199.2   8.3 649.3  0.23  0.18
       5 25  65.9  28.3  48.7  71.1  38.8        15.6  70.6   2.9 624.3  0.17  0.15
       5 26  77.6  38.9  59.3  59.9  42.8        25.7 113.2   4.7 553.5  0.24  0.19
       5 27  68.0  47.5  57.4  84.9  53.0  0.05  17.5  88.6   3.7 300.8  0.11  0.09
       5 28  78.8  43.4  64.5  66.4  51.0  0.11  24.7 170.7   7.1 531.5  0.24  0.19
       5 29  69.5  54.9  60.6  97.0  59.6  0.63  24.3 176.3   7.3 253.1  0.09  0.08
       5 30  68.4  53.7  60.1  85.6  55.2  0.02  28.8 246.8  10.3 521.2  0.17  0.14
       5 31  75.9  48.6  60.8  79.4  53.3        31.7 109.8   4.6 502.0  0.19  0.16
       6  1  79.6  45.7  63.5  63.1  47.3        25.2 160.7   6.7 704.0  0.30  0.23
       6  2  72.9  40.7  58.4  68.7  47.4  0.01  24.8 223.5   9.3 678.0  0.25  0.20
       6  3  57.4  51.8  54.0  96.9  53.0  0.04  29.7 282.6  11.8 100.4  0.05  0.04
       6  4  53.3  48.5  50.9 100.8  50.8  0.13  26.5 204.9   8.5 123.1  0.03  0.03
       6  5  75.6  45.8  60.2  71.2  48.4  0.01  17.0 130.4   5.4 611.8  0.24  0.19
       6  6  85.9  58.9  69.6  69.4  57.0        28.4 197.7   8.2 622.1  0.34  0.25
       6  7  71.8  60.2  64.2  89.7  60.8  0.14  23.8 243.7  10.2 137.4  0.11  0.08
       6  8  82.1  53.6  68.4  77.4  60.1        23.3 207.7   8.7 608.9  0.25  0.21
       6  9  94.8  60.5  76.5  59.0  57.8  0.35  64.6 207.6   8.7 648.0  0.43  0.31
       6 10  93.7  56.2  74.9  54.8  55.2        15.4 121.9   5.1 729.0  0.36  0.28
       6 11  86.7  60.8  74.7  59.3  58.2        28.2 205.6   8.6 687.5  0.35  0.27
       6 12  86.6  58.2  72.0  71.9  61.3        37.3 209.2   8.7 500.9  0.28  0.22
       6 13  75.0  45.7  60.2  52.7  40.0  0.65  50.6 404.3  16.8 541.5  0.39  0.26
       6 14  67.9  44.4  56.6  63.8  42.4  0.01  33.3 262.0  10.9 696.9  0.27  0.20
       6 15  85.1  41.4  63.5  58.1  43.9        28.0 164.3   6.8 591.4  0.34  0.25
       6 16  83.7  45.3  67.3  56.5  48.3  0.01  19.5 133.1   5.5 718.0  0.31  0.24
       6 17  96.4  56.3  77.2  53.2  54.1        37.8 118.5   4.9 659.9  0.36  0.28
       6 18  94.2  54.7  72.6  51.8  51.2        30.4 264.1  11.0 653.6  0.51  0.35
       6 19  70.0  47.3  59.9  63.9  46.9        18.8 137.6   5.7 580.0  0.21  0.17
       6 20  68.2  46.8  59.4  64.6  46.6        20.2 147.5   6.1 493.1  0.19  0.15
       6 21  80.8  41.8  63.1  58.2  44.6        17.3  99.9   4.2 706.0  0.27  0.22
       6 22  89.3  53.7  72.7  51.4  52.6        19.5 128.9   5.4 658.5  0.33  0.26
       6 23  94.6  54.9  78.3  45.2  51.4        28.9 187.4   7.8 712.0  0.43  0.32
       6 24  96.3  57.5  81.6  38.8  51.7        23.7 174.2   7.3 694.6  0.42  0.32
       6 25  97.3  66.0  82.3  45.3  57.4        15.5  85.1   3.5 626.1  0.32  0.26
       6 26  94.1  66.2  81.9  43.8  55.7  0.01  29.1 215.5   9.0 669.4  0.45  0.33
       6 27  91.3  63.3  80.2  49.0  57.7        27.7 252.3  10.5 643.9  0.42  0.31
       6 28  95.2  63.2  80.8  51.2  58.7        20.1 110.1   4.6 644.6  0.33  0.26
       6 29  96.3  60.2  76.7  57.3  59.2  0.05  31.4 121.3   5.1 438.5  0.30  0.23
       6 30  90.1  61.8  77.7  54.5  59.0        25.2 193.6   8.1 646.0  0.36  0.28
       7  1  91.9  64.9  76.7  62.9  62.2  0.43  44.2 299.1  12.5 613.2  0.43  0.31
       7  2  89.3  57.8  74.7  65.8  60.5        37.6 149.8   6.2 476.1  0.27  0.21
       7  3  84.9  65.5  75.1  68.5  63.4        19.6 162.4   6.8 647.9  0.29  0.24
       7  4  89.0  61.3  75.0  75.5  65.7        28.6 148.9   6.2 623.8  0.28  0.23
       7  5  86.8  63.8  77.0  66.1  64.1        24.8 222.3   9.3 648.1  0.31  0.25
       7  6 101.2  64.3  81.2  63.0  64.8        19.2  90.6   3.8 614.1  0.32  0.26
       7  7  93.4  69.5  81.1  67.4  68.3  0.01  28.2 145.5   6.1 650.7  0.32  0.26
       7  8  91.1  63.9  78.2  68.5  65.7  0.21  37.0 133.5   5.6 596.0  0.28  0.23
       7  9  91.8  67.8  78.6  66.5  65.2        27.4 157.7   6.6 490.6  0.30  0.23
       7 10  81.6  64.9  72.9  84.7  67.7  0.40  33.3 162.6   6.8 573.8  0.21  0.19
       7 11  84.7  62.8  72.2  85.6  67.1  0.18  21.9  96.9   4.0 556.4  0.21  0.19
       7 12  88.3  65.3  75.7  81.4  68.5  0.01  23.9  80.4   3.4 555.5  0.22  0.20
       7 13  86.0  64.3  75.4  77.9  67.3        14.3 101.8   4.2 580.6  0.23  0.20
       7 14  84.1  63.4  74.1  78.9  66.2  0.18  19.2 116.0   4.8 480.8  0.20  0.17
       7 15  84.7  62.4  73.9  81.7  67.3  0.02  20.8 120.4   5.0 583.5  0.22  0.19
       7 16  92.6  60.5  76.6  64.1  60.5  0.01  29.5  97.3   4.1 688.6  0.30  0.25
       7 17  93.1  60.1  77.6  57.1  60.1        17.2  81.9   3.4 551.4  0.26  0.22
       7 18  96.6  57.0  77.9  54.0  55.8        18.5 110.0   4.6 665.6  0.34  0.27
       7 19  94.0  59.4  76.4  64.4  61.3  0.08  31.8 126.2   5.3 482.5  0.29  0.22
       7 20  99.0  62.2  78.9  64.0  63.9        20.2 122.2   5.1 657.6  0.35  0.28
       7 21  95.7  62.5  77.6  66.0  64.0  0.73  31.9 121.2   5.0 411.4  0.27  0.21
       7 22  97.2  65.2  80.6  61.5  62.7        26.6 159.9   6.7 678.7  0.39  0.30
       7 23  87.5  61.7  71.5  87.2  67.1  1.06  69.3 175.7   7.3 338.9  0.20  0.16
       7 24  83.4  62.0  73.0  83.4  67.0  0.04  17.0  93.3   3.9 560.1  0.20  0.18
       7 25  86.5  60.9  75.2  74.3  65.2        18.5 130.5   5.4 676.0  0.26  0.23
       7 26  82.7  64.7  71.0  89.3  67.4  0.03  22.5 184.4   7.7 196.2  0.15  0.11
       7 27  85.7  62.5  73.9  76.9  64.8        20.1 114.4   4.8 635.2  0.25  0.21
       7 28  89.9  62.2  77.2  68.5  63.9        22.3 159.1   6.6 663.6  0.31  0.25
       7 29  98.7  68.7  81.1  57.6  62.9        28.2 192.7   8.0 601.3  0.43  0.31
       7 30  97.7  66.0  82.6  57.8  63.2        26.3 222.8   9.3 635.2  0.43  0.32
       7 31  96.1  71.3  81.6  51.7  60.7  0.04  24.5 188.1   7.8 534.4  0.41  0.29
       8  1  88.0  62.6  75.2  75.9  66.2  0.97  32.2 145.8   6.1 529.2  0.24  0.20
       8  2  89.0  64.4  76.5  78.5  68.8  0.11  23.0 120.2   5.0 616.7  0.25  0.22
       8  3  91.8  67.7  81.7  57.6  64.7        19.3 150.4   6.3 605.7  0.31  0.25
       8  4  92.9  66.3  81.3  53.8  62.3        23.6 180.0   7.5 631.1  0.36  0.27
       8  5  98.1  64.9  81.4  61.2  65.9        19.6  71.9   3.0 532.1  0.25  0.21
       8  6  94.1  64.5  79.2  72.2  67.9        15.3 114.0   4.8 632.8  0.29  0.24
       8  7  92.8  61.2  78.0  64.2  62.3        18.3 133.7   5.6 634.2  0.31  0.25
       8  8  92.5  59.8  78.1  49.4  56.2  0.01  24.3 114.6   4.8 608.2  0.31  0.24
       8  9  75.2  55.1  68.0  59.0  52.6  0.01  33.4 272.5  11.4 598.2  0.27  0.21
       8 10  76.0  50.3  63.5  66.4  51.4        16.7 112.1   4.7 519.8  0.20  0.17
       8 11  87.1  57.2  72.1  62.0  56.7        22.4 114.7   4.8 624.8  0.28  0.22
       8 12  78.3  60.0  69.9  75.5  61.5        24.2 166.9   7.0 552.5  0.21  0.18
       8 13  84.1  56.4  70.7  75.9  62.1        18.7 141.2   5.9 381.0  0.19  0.15
       8 14  78.1  59.7  70.0  80.5  63.5  0.01  18.0  99.9   4.2 306.5  0.13  0.11
       8 15  82.0  56.4  69.4  64.3  54.3  0.01  27.8 178.0   7.4 580.1  0.28  0.22
       8 16  84.0  49.4  64.7  76.9  55.9        22.6  55.0   2.3 453.5  0.17  0.15
       8 17  85.3  51.2  67.8  65.8  52.9  0.01  20.5 119.2   5.0 565.8  0.26  0.20
       8 18  87.7  47.0  68.1  63.3  52.5        14.5  93.4   3.9 616.1  0.26  0.21
       8 19  88.3  57.0  71.9  64.4  58.0        21.9 142.4   5.9 518.2  0.28  0.21
       8 20  92.3  55.9  73.6  64.2  59.0  0.01  23.8  99.0   4.1 401.6  0.23  0.18
       8 21  90.3  57.6  72.3  62.4  56.2        17.0 120.6   5.0 518.9  0.28  0.21
       8 22  94.2  53.5  73.6  59.9  55.4  1.21  28.7 130.8   5.5 503.2  0.31  0.23
       8 23  79.2  59.5  66.7  86.8  62.1  0.46  20.1 107.5   4.5 315.5  0.14  0.12
       8 24  83.3  56.8  68.7  82.8  61.7        11.0  70.7   2.9 550.9  0.19  0.17
       8 25  86.5  60.1  71.8  76.0  62.4  0.01  15.9  98.8   4.1 459.0  0.21  0.17
       8 26  94.1  51.8  73.5  56.9  53.4  0.01  22.4 146.7   6.1 571.4  0.34  0.25
       8 27  95.0  53.3  74.9  51.2  52.2        26.2 116.3   4.8 552.9  0.31  0.23
       8 28  92.8  61.6  78.8  33.4  45.0        24.3 189.3   7.9 499.7  0.41  0.28
       8 29  94.8  60.0  77.3  45.6  52.9        29.8 209.3   8.7 536.9  0.42  0.29
       8 30  80.8  54.5  68.0  52.6  49.1        15.6 138.6   5.8 543.7  0.26  0.20
       8 31  80.6  60.1  70.8  67.1  58.9        24.5 182.3   7.6 413.8  0.22  0.17
       9  1  90.6  59.0  72.3  60.6  55.8        24.9 125.8   5.2 520.8  0.29  0.22
       9  2  94.6  51.6  72.5  52.8  49.7        16.9  93.0   3.9 534.8  0.29  0.21
       9  3  91.7  50.7  72.0  57.2  53.4        16.1  96.9   4.0 538.2  0.26  0.20
       9  4  90.9  54.7  75.5  48.6  51.4        20.8 169.3   7.1 553.8  0.34  0.24
       9  5  85.8  62.9  74.7  51.1  54.1        30.5 261.2  10.9 520.1  0.37  0.26
       9  6  89.3  59.3  71.1  69.8  58.4  0.52  32.3 174.8   7.3 506.5  0.31  0.22
       9  7  69.1  49.9  59.8  70.8  49.6  0.01  30.1 249.3  10.4 419.6  0.19  0.14
       9  8  59.0  40.9  50.8  79.1  44.0  0.18  24.3 219.7   9.2 257.5  0.11  0.08
       9  9  73.1  35.8  54.5  68.2  41.1        19.5 125.0   5.2 547.4  0.20  0.16
       9 10  82.7  40.5  62.5  61.6  46.4        20.8 122.4   5.1 541.4  0.24  0.18
       9 11  89.9  43.3  66.5  56.8  46.7        12.7  88.0   3.7 534.7  0.25  0.19
       9 12  81.3  44.6  65.0  71.7  55.0        19.1 149.9   6.2 488.6  0.20  0.16
       9 13  82.4  55.9  66.9  85.3  61.6        23.3 226.2   9.4 383.0  0.21  0.15
       9 14  73.7  58.1  63.7  88.5  59.8  0.02  24.4 149.5   6.2 345.9  0.14  0.11
       9 15  61.9  53.8  57.5  97.7  56.5  0.48  17.5 136.1   5.7 124.4  0.05  0.04
       9 16  69.1  54.5  60.1  95.0  58.3  0.01  17.8 141.0   5.9 208.8  0.08  0.07
       9 17  61.1  54.8  58.0 100.4  57.7  0.37  14.5 113.8   4.7  99.9  0.03  0.03
       9 18  64.5  51.1  57.5  96.1  55.7  0.91  17.0  87.6   3.6 255.8  0.07  0.07
       9 19  82.3  47.5  62.4  78.2  53.1        15.1  97.2   4.0 487.1  0.20  0.15
       9 20  73.5  51.7  62.7  67.8  51.2  0.02  19.5 137.7   5.7 482.6  0.18  0.14
       9 21  85.3  51.3  66.3  68.8  54.0        19.6 123.5   5.1 475.8  0.23  0.17
       9 22  79.3  51.9  64.6  59.8  48.1        24.9 196.3   8.2 451.1  0.27  0.19
       9 23  63.2  42.3  51.0  78.4  43.9        12.9 107.9   4.5 411.9  0.12  0.10
       9 24  68.7  41.3  53.8  77.0  46.0        18.9 146.4   6.1 436.7  0.15  0.12
       9 25  74.8  41.5  58.5  69.1  47.8        20.0 145.7   6.1 456.3  0.18  0.14
       9 26  79.0  45.0  62.2  68.6  50.5        19.6 144.6   6.0 433.5  0.20  0.15
       9 27  87.2  46.8  65.1  68.3  51.7        11.8  83.6   3.5 438.5  0.20  0.15
       9 28  77.2  45.2  61.8  72.6  51.5        20.2 151.0   6.3 430.7  0.18  0.14
       9 29  77.6  51.7  62.7  67.0  50.8        25.1 152.9   6.4 275.7  0.19  0.13
       9 30  75.7  47.5  60.8  78.2  53.3        15.2  96.9   4.0 406.5  0.14  0.11
      10  1  82.5  44.6  64.2  66.7  50.1        17.0 103.4   4.3 397.4  0.18  0.14
      10  2  83.0  45.6  64.9  50.7  42.8        22.5 186.9   7.8 411.1  0.29  0.19
      10  3  70.2  36.9  54.1  60.7  39.1        15.3 109.9   4.6 367.4  0.15  0.11
      10  4  50.6  32.6  45.5  83.2  40.4  0.12  19.1 211.4   8.8  76.8  0.04  0.03
      10  5  47.8  30.1  37.9  86.9  33.4  0.30  11.4 105.4   4.4 318.0  0.07  0.06
      10  6  69.9  26.1  47.8  71.2  37.2  0.01  17.2  88.9   3.7 419.3  0.14  0.10
      10  7  78.9  38.3  56.9  63.8  42.9  0.01  16.0 137.6   5.7 370.1  0.21  0.15
      10  8  79.5  41.6  60.1  65.3  46.1        15.9 124.5   5.2 353.5  0.19  0.13
      10  9  63.1  45.5  54.8  80.5  48.7  0.07  30.2 213.6   8.9 257.6  0.10  0.08
      10 10  57.6  33.4  45.4  71.8  35.5        22.4 182.0   7.6 363.5  0.12  0.09
      10 11  67.5  29.7  48.7  61.3  33.7        22.4 136.3   5.7 327.6  0.16  0.11
      10 12  54.1  28.3  43.2  67.8  32.6  0.02  30.9 270.3  11.3 169.0  0.11  0.08
      10 13  59.3  26.8  44.7  64.0  32.2        35.0 265.6  11.1 347.7  0.16  0.10
      10 14  58.7  38.5  46.9  66.6  35.8  0.25  20.3 133.6   5.6 265.0  0.12  0.08
      10 15  49.0  27.9  38.8  77.9  31.6  0.15  29.1 225.1   9.4 372.9  0.09  0.07
      10 16  68.4  22.8  43.9  68.9  32.3        13.6  74.6   3.1 379.6  0.12  0.09
      10 17  79.6  33.2  52.2  63.7  37.8        18.2 149.6   6.2 327.8  0.24  0.16
      10 18  54.1  33.9  43.9  68.8  33.9  0.01  20.8 142.0   5.9 331.6  0.10  0.07
      10 19  64.0  33.1  47.6  62.7  33.2        16.3 130.7   5.4 361.3  0.14  0.10
      10 20  62.7  32.4  49.9  57.4  34.7        17.5 120.3   5.0 253.8  0.12  0.08
      10 21  61.8  32.2  47.8  70.6  37.8        15.3  92.6   3.9 319.1  0.09  0.07
      10 22  74.5  40.1  55.9  56.1  38.5        24.1 147.8   6.2 286.9  0.20  0.13
      10 23  74.8  33.6  50.6  53.0  32.4  0.01  45.7 262.1  10.9 271.2  0.31  0.19
      10 24  54.0  34.9  43.2  43.6  21.3        35.8 329.9  13.7 348.4  0.21  0.14
      10 25  57.7  22.8  40.1  46.9  19.1  0.01  29.2 192.3   8.0 338.5  0.17  0.11
      10 26  57.6  19.1  39.5  51.5  20.5        19.5 119.6   5.0 332.5  0.13  0.08
      10 27  79.5  24.4  50.2  40.1  22.3        17.2 137.0   5.7 331.7  0.26  0.16
      10 28  83.3  36.5  55.7  43.3  31.9        23.5 174.7   7.3 270.1  0.32  0.19
      10 29  57.0  36.4  44.5  73.5  35.8        13.4 123.3   5.1 262.8  0.10  0.07
      10 30  68.9  32.5  49.9  71.4  39.7        11.8  72.8   3.0 207.3  0.09  0.07
      10 31  75.1  38.0  54.2  55.7  36.3        32.7 162.0   6.8 176.6  0.21  0.13
      11  1  68.1  32.8  50.7  47.0  28.7        26.0 199.5   8.3 259.0            
      11  2  68.4  37.7  52.1  50.9  32.3        18.9 126.2   5.3 287.9            
      11  3  67.6  29.9  45.7  61.2  30.7        12.4  87.7   3.7 262.1            
      11  4  71.7  25.2  48.6  68.9  38.3        20.0 141.2   5.9 293.2            
      11  5  79.0  29.0  50.7  61.2  33.8        14.7 122.4   5.1 296.3            
      11  6  73.3  33.5  51.0  57.8  33.4        11.5 101.3   4.2 278.9            
      11  7  72.8  30.9  47.0  68.4  34.7  0.12  33.6 243.7  10.2 248.0            
      11  8  51.5  24.4  35.7  75.2  27.1  0.01  14.0 122.9   5.1 297.2            
      11  9  63.6  22.4  37.6  74.9  28.3  0.01  19.9 183.8   7.7 296.3            
      11 10  64.5  20.5  39.0  60.8  22.5        13.7  98.8   4.1 289.2            
      11 11  65.1  19.7  39.5  68.6  28.7        10.2  81.7   3.4 272.5            
      11 12  71.6  25.9  44.6  68.4  32.9        19.0 110.2   4.6 247.2            
      11 13  58.1  27.2  41.0  91.8  38.8        14.6  77.9   3.2 228.7            
      11 14  69.7  28.0  44.5  71.6  32.2        12.1  82.4   3.4 258.1            
      11 15  69.8  27.5  46.8  71.2  36.7        19.3 126.3   5.3 258.3            
      11 16  66.7  40.5  52.6  83.9  47.1  0.01  24.3 224.2   9.3 254.9            
      11 17  65.2  38.2  51.8  76.2  43.6        24.2 197.3   8.2 256.4            
      11 18  44.7  22.4  34.6  85.0  30.6  0.01  35.0 270.6  11.3 119.6            
      11 19  48.0  14.9  28.9  82.6  23.7        18.0 138.9   5.8 254.4            
      11 20  67.9  17.1  35.6  65.3  21.3        17.4 140.9   5.9 258.2            
      11 21  64.2  18.9  36.8  60.7  20.8        18.2 149.6   6.2 251.2            
      11 22  57.1  22.0  34.9  67.3  24.1        14.9 103.7   4.3  98.0            
      11 23  41.6  25.5  37.8  86.6  34.4  0.45  30.6 294.7  12.3  34.3            
      11 24  47.8  24.2  36.9  77.3  30.0        30.0 276.5  11.5 174.7            
      11 25  35.7  25.4  31.4  97.0  30.4  0.01  37.8 241.0  10.0  67.4            
      11 26  27.7   7.7  16.5  95.9  16.1        40.8 507.2  21.1 199.1            
      11 27  13.5  -6.3   4.9  82.8   1.1        29.1 222.1   9.3 244.9            
      11 28  17.0 -10.0   1.2  84.5  -1.3        13.2  93.9   3.9 237.0            
      11 29  29.0  -1.1  16.2  86.0  13.2  0.01   8.4  59.6   2.5 209.5            
      11 30  38.5   7.7  25.4  87.5  23.1  0.18  22.1 172.3   7.2 194.0            
      12  1  38.9  11.7  25.7  77.6  19.5  0.02  27.1 159.3   6.6 238.6            
      12  2  47.5  21.5  33.7  75.7  26.8        25.6 141.6   5.9 244.4            
      12  3  44.4  27.5  36.3  81.0  30.8        26.6  88.8   3.7 102.5            
      12  4  43.2  22.6  32.8  81.8  27.6        18.7  96.7   4.0 182.3            
      12  5  41.7  23.6  33.6  55.9  19.1  0.01  28.6 216.6   9.0 239.7            
      12  6  47.7  18.4  34.0  67.2  24.0        15.2 105.3   4.4 219.4            
      12  7  41.2  24.7  33.8  73.6  26.1  0.01  20.0 157.5   6.6 221.4            
      12  8  44.8  19.1  29.3  67.4  19.4        16.9 155.2   6.5 231.9            
      12  9  50.1  18.3  30.0  73.3  21.9        13.7 112.6   4.7 234.4            
      12 10  40.5  18.0  29.7  75.2  22.7        17.1 113.4   4.7 223.0            
      12 11  44.3  16.2  27.9  78.9  22.3        18.2 144.1   6.0 181.7            
      12 12  32.5  15.0  23.5  79.3  18.0        17.6 151.8   6.3 163.4            
      12 13  41.4  12.3  23.1  76.8  16.9        16.0 134.0   5.6 214.9            
      12 14  47.8  15.8  31.3  67.5  21.8        23.8 144.5   6.0 197.4            
      12 15  35.0  21.8  27.5  84.6  23.4        13.1 107.1   4.5 118.7            
      12 16  41.4  16.4  29.1  63.9  18.1        17.8 146.3   6.1 225.7            
      12 17  51.4  19.6  33.0  64.5  22.0        17.8 154.8   6.5 205.7            
      12 18  37.5  15.0  31.1  73.6  23.5        28.8 229.2   9.6  94.5            
      12 19  47.5  12.5  28.0  75.6  21.2        17.8 119.7   5.0 213.6            
      12 20  44.7  16.9  32.0  64.0  20.4        20.5  92.7   3.9 208.4            
      12 21  44.0  27.1  33.5  68.1  23.9        28.0 140.8   5.9 144.2            
      12 22  34.0  19.2  27.0  48.1  10.0  0.01  31.9 374.5  15.6 209.3            
      12 23  39.4   8.5  21.5  59.2   8.7  0.01  25.0 169.4   7.1 226.6            
      12 24  34.8   9.0  20.8  68.2  10.7        12.8 104.3   4.3 223.8            
      12 25  36.2  12.1  24.5  69.1  15.4        28.6 196.5   8.2 202.0            
      12 26  47.2  15.3  32.8  59.4  19.6        32.2 206.8   8.6 207.3            
      12 27  41.9  20.8  31.3  57.3  17.3        28.7 222.0   9.3 228.7            
      12 28  38.2  11.5  22.7  65.1  12.7        38.2 253.3  10.6 111.0            
      12 29  28.0   4.5  17.4  59.7   5.2        11.3 102.5   4.3 120.5            
      12 30  27.8   4.2  16.8  65.8   6.8        11.9  73.9   3.1 162.9            
      12 31  30.2   3.3  15.7  73.0   8.6        10.7  67.7   2.8 223.2            

      Total                               18.08                         52.71 39.81
        Max 101.2  71.3  82.6 103.2  68.8        69.3 524.4  21.9 729.0
        Min  13.5 -10.0   1.2  33.4  -1.3         3.5  13.5   0.6  34.3
        Ave  64.3  36.2  49.9  69.9  38.5        23.5 170.6   7.1 367.7
