                                                                    07-JUN-99
      Cellular-linked Weather Station near OVID, Colorado                1997
      -----------------------------------------------------------------------
               Temperature      Rel   Dew             Wind        Solar Alflf
            ----------------- Humid Point  Prec -----------------   Rad   ETR
       Date   Max   Min   Ave   Ave   Ave Total   Max Total   Ave Total Total
      MoDay     F     F     F     %     F  inch   mph miles   mph Langl  inch
      ----- ----- ----- ----- ----- ----- ----- ----- ----- ----- ----- -----
       1  1  53.5  27.4  39.3  58.4  25.2  0.01  18.8 198.2   8.3 112.8      
       1  2  71.1  33.5  46.8  47.6  26.9        15.8 127.5   5.3 166.6      
       1  3  52.5  29.6  40.7  81.3  35.3        24.6 150.7   6.3 158.7      
       1  4  40.3  20.9  34.1  52.9  19.0  0.01  44.5 492.0  20.5  88.6      
       1  5  33.2   4.1  19.8  44.6   0.2        26.8 179.5   7.5 220.3      
       1  6  34.3   2.9  16.1  51.5   0.9  0.01  17.0 138.4   5.8 224.8      
       1  7  44.7   3.4  24.0  51.9   7.4        16.6 164.0   6.8 211.2      
       1  8  41.6  20.5  30.4  66.0  19.8        22.1 189.8   7.9 200.2      
       1  9  31.3   9.7  20.9  87.3  18.8  0.09  34.4 325.8  13.6 119.9      
       1 10  10.4  -1.7   3.3  59.9  -7.0  0.01  38.2 338.0  14.1 203.3      
       1 11   0.0  -6.9  -4.3  66.9 -12.3        26.8 259.9  10.8 161.6      
       1 12  -0.4 -15.4  -6.0  73.7 -11.8  0.01  12.4  92.9   3.9 202.4      
       1 13   7.0 -15.5  -1.1  76.8  -5.0  0.02  21.9 208.1   8.7 187.7      
       1 14  18.3   2.2   8.5  75.3   2.2        15.3 109.7   4.6 230.8      
       1 15  30.4   4.1  20.7  73.2  14.1  0.01  39.5 369.3  15.4 155.1      
       1 16  21.2  -5.4   7.9  69.9   0.5        22.9 161.3   6.7 249.3      
       1 17  35.8   0.7  16.6  69.1   8.5        16.7 172.1   7.2 241.3      
       1 18  54.6  19.1  36.5  64.3  26.3        29.2 253.9  10.6 159.6      
       1 19  57.9  23.1  36.6  72.1  27.3        19.7 180.0   7.5 241.9      
       1 20  61.7  22.2  37.4  69.7  26.7        19.4 134.4   5.6 233.5      
       1 21  53.6  26.0  40.4  51.2  22.6        30.0 213.1   8.9 122.0      
       1 22  45.3  21.2  33.8  51.3  16.8  0.01  24.2 204.4   8.5 245.0      
       1 23  35.1  13.8  24.0  77.4  17.8        26.7 132.1   5.5 103.7      
       1 24  32.9   3.4  20.0  62.4   8.3        32.7 227.1   9.5 265.9      
       1 25  10.6  -2.6   4.0  65.6  -5.0  0.01  23.9 262.9  11.0 132.6      
       1 26  28.1   4.4  14.9  64.3   5.3        19.8 194.3   8.1 141.1      
       1 27  24.0   6.7  12.4  56.8  -0.6        23.7 187.7   7.8 254.2      
       1 28  58.7   7.2  29.7  57.2  14.8        25.2 187.6   7.8 264.4      
       1 29  48.2  22.2  36.3  53.0  20.0        27.8 216.1   9.0 280.4      
       1 30  67.0  21.8  41.7  44.4  15.8        29.8 238.1   9.9 254.9      
       1 31  65.3  31.0  48.1  33.5  19.2        29.8 128.2   5.3 220.8      
       2  1  60.4  28.3  46.3  51.2  27.9        28.6 158.8   6.6 231.8      
       2  2  50.1  25.6  38.3  67.1  27.5        22.6 143.6   6.0 226.4      
       2  3  39.1  28.3  34.3  82.4  29.5  0.04  40.1 279.5  11.6  77.6      
       2  4  36.5  14.9  26.4  71.9  18.2        25.1 232.7   9.7 221.9      
       2  5  31.8  11.6  24.1  77.0  17.7        15.8 104.8   4.4 153.7      
       2  6  25.8  21.2  23.6  93.3  22.0  0.20  15.1 105.8   4.4 121.6      
       2  7  25.1  -3.6  17.0  88.5  15.2  0.03  17.5 145.8   6.1 210.6      
       2  8  32.8  -3.9  12.3  80.7   8.9        13.4 103.7   4.3 330.6      
       2  9  38.3   3.3  19.8  73.7  13.1        15.8 159.1   6.6 334.0      
       2 10  40.8  12.2  27.1  73.3  19.6        26.9 157.3   6.6 328.5      
       2 11  39.5  21.7  31.5  70.5  22.7        25.2 240.2  10.0 196.9      
       2 12  29.2  19.5  24.0  83.6  19.9  0.02  31.6 292.2  12.2 154.3      
       2 13  43.3  20.3  30.1  77.3  23.0  0.10  18.6 143.8   6.0 312.8      
       2 14  45.8  24.3  33.7  62.3  21.2        22.9 186.0   7.8 288.4      
       2 15  49.1  26.2  38.2  60.5  25.0  0.01  38.8 276.4  11.5 321.8      
       2 16  63.2  23.1  40.7  59.0  24.9        20.8 175.0   7.3 350.8      
       2 17  64.1  26.7  39.8  64.0  27.1        17.8 123.0   5.1 207.5      
       2 18  54.6  23.2  37.2  75.2  29.2        29.1 196.3   8.2 229.1      
       2 19  57.8  22.8  39.0  76.7  31.0  0.01  28.7 270.8  11.3 360.0      
       2 20  48.5  24.8  37.3  61.5  23.4        26.4 258.8  10.8 219.6      
       2 21  45.1  20.8  32.4  66.3  21.2        30.5 244.9  10.2 288.3      
       2 22  46.5  16.7  30.2  57.1  14.1        31.1 213.4   8.9 370.0      
       2 23  23.7  14.6  18.7  74.7  12.1  0.03  18.2 111.6   4.7 185.4      
       2 24  33.2   9.3  21.3  73.9  13.7  0.01  12.2  91.7   3.8 299.8      
       2 25  49.2  12.0  28.1  70.5  18.4        16.7 117.4   4.9 385.1      
       2 26  39.9  23.1  30.1  68.2  20.4  0.03  26.5 218.9   9.1 229.6      
       2 27  39.6  19.1  29.3  79.0  23.4        30.0 302.0  12.6 314.8      
       2 28  36.3  21.3  29.5  90.9  27.3  0.12  27.2 247.6  10.3  78.8      
       3  1  41.4  11.2  26.0  65.3  15.1  0.01  22.4 173.2   7.2 420.5  0.08
       3  2  57.7  20.8  37.7  60.2  23.3        23.4 145.1   6.0 357.5  0.09
       3  3  49.7  23.7  35.7  57.7  19.5  0.03  46.0 331.8  13.8 386.4  0.13
       3  4  27.4  18.7  24.5  80.9  19.5        16.0 128.1   5.3 156.5  0.04
       3  5  46.4  14.7  28.9  59.7  13.9  0.03  30.3 253.2  10.6 429.8  0.12
       3  6  62.8  15.1  37.6  54.4  19.9        21.3 145.7   6.1 353.8  0.11
       3  7  59.3  22.7  41.7  40.7  16.5        26.8 202.1   8.4 445.8  0.13
       3  8  70.3  28.1  48.5  37.1  20.7        37.3 208.9   8.7 427.3  0.16
       3  9  56.5  27.1  40.4  48.3  19.9        27.2 227.0   9.5 455.2  0.16
       3 10  72.2  26.6  50.3  36.7  19.5        32.6 270.5  11.3 464.9  0.22
       3 11  70.1  24.5  47.8  48.2  25.1        25.1 218.2   9.1 440.2  0.18
       3 12  52.1  30.3  39.4  68.2  29.0  0.01  21.7 150.5   6.3 307.2  0.10
       3 13  34.1  12.8  27.8  72.6  21.3        29.4 327.9  13.7 222.1  0.07
       3 14  22.8   4.2  14.5  64.0   4.5  0.02  19.0 145.8   6.1 352.2  0.07
       3 15  37.2   7.4  25.2  69.2  15.8  0.06  20.8 207.2   8.6 462.8  0.08
       3 16  67.6  24.0  45.8  49.7  27.5        23.7 151.3   6.3 314.0  0.09
       3 17  59.1  34.4  45.6  64.8  33.4  0.01  42.0 144.3   6.0 204.3  0.05
       3 18  57.9  32.0  43.5  56.8  27.5        26.4 199.1   8.3 475.1  0.14
       3 19  76.2  27.5  52.9  39.8  24.1        30.0 207.2   8.6 477.0  0.20
       3 20  83.1  39.9  60.2  28.8  22.7        22.4 205.4   8.6 448.5  0.22
       3 21  60.2  28.3  50.0  33.3  21.4        29.5 266.2  11.1 476.5  0.19
       3 22  68.8  23.5  45.9  37.5  17.3        22.5 189.4   7.9 486.0  0.21
       3 23  60.8  22.7  42.9  48.9  23.5        25.1 208.1   8.7 466.6  0.18
       3 24  47.7  26.6  40.0  58.1  26.5  0.01  36.5 359.9  15.0 246.8  0.12
       3 25  59.0  19.4  39.4  42.1  13.7        24.3 188.4   7.8 538.3  0.18
       3 26  74.6  26.7  52.0  31.9  18.4        27.1 193.7   8.1 541.7  0.21
       3 27  77.5  27.5  50.9  36.4  21.9  0.01  46.0 337.8  14.1 433.7  0.30
       3 28  58.8  32.2  44.0  44.7  21.9        37.4 293.9  12.2 532.1  0.22
       3 29  51.8  21.2  39.9  43.1  18.4  0.01  31.3 280.0  11.7 358.1  0.16
       3 30  67.8  16.2  44.4  27.8   7.3        24.6 225.8   9.4 558.8  0.24
       3 31  79.5  28.5  56.1  22.7  13.7        33.8 258.1  10.8 554.5  0.27
       4  1  57.5  39.2  49.7  29.3  18.4  0.02  28.1 303.9  12.7 511.7  0.22
       4  2  45.9  30.8  35.4  88.5  32.2  0.29  30.5 253.0  10.5 152.3  0.08
       4  3  70.3  26.2  48.8  71.2  38.4        32.2 251.0  10.5 565.1  0.20
       4  4  60.5  43.0  51.8  85.0  47.2        28.9 275.4  11.5 152.3  0.06
       4  5  46.5  20.9  28.8  76.5  23.0  0.05  53.1 653.1  27.2 244.6  0.19
       4  6  38.3  20.7  27.5  60.3  14.5        45.3 432.2  18.0 498.6  0.17
       4  7  58.0  20.0  35.5  50.6  16.2  0.01  31.2 282.7  11.8 558.6  0.22
       4  8  34.3  15.8  24.7  51.7   8.6        18.9 216.5   9.0 351.7  0.10
       4  9  26.8  19.2  21.6  80.6  16.2  0.06  32.0 331.5  13.8  74.9  0.05
       4 10  23.3  15.9  19.9  86.3  16.5  0.04  23.5 254.2  10.6 284.1  0.05
       4 11  20.8  11.9  15.7  80.1  10.7  0.05  24.5 325.9  13.6 504.0  0.08
       4 12  32.1  10.1  20.9  71.6  13.2        22.6 256.5  10.7 515.0  0.09
       4 13  50.5  10.2  29.9  60.1  14.8        23.2 147.7   6.2 632.3  0.13
       4 14  63.6  20.9  43.0  54.7  24.9        30.3 232.1   9.7 599.5  0.18
       4 15  58.8  33.5  47.4  58.6  32.8  0.01  20.8 156.4   6.5 494.5  0.12
       4 16  67.1  29.0  47.4  63.8  33.3        15.2  89.1   3.7 519.3  0.14
       4 17  80.3  31.4  55.9  45.9  29.5        25.1 167.0   7.0 630.3  0.25
       4 18  73.4  37.3  56.5  49.6  36.3  0.01  30.0 192.6   8.0 592.0  0.22
       4 19  80.0  43.4  62.2  47.9  38.4  0.05  35.7 165.6   6.9 562.3  0.23
       4 20  68.9  44.0  56.9  63.1  43.4  0.02  30.9 177.0   7.4 499.9  0.19
       4 21  60.4  43.8  52.6  46.5  31.7  0.02  40.1 344.8  14.4 483.5  0.25
       4 22  60.4  32.4  46.7  51.0  27.2        40.0 348.0  14.5 618.1  0.28
       4 23  58.5  31.3  45.3  60.7  30.4  0.01  24.6 204.7   8.5 571.5  0.20
       4 24  53.7  34.9  44.9  56.4  29.7        28.9 272.7  11.4 331.6  0.16
       4 25  56.0  23.2  42.4  52.1  23.9        22.9 173.6   7.2 625.0  0.19
       4 26  58.3  33.2  46.1  61.5  32.2        19.8 125.9   5.2 471.4  0.14
       4 27  70.2  28.1  51.0  49.1  28.5        26.0 157.3   6.6 641.3  0.22
       4 28  67.1  44.5  55.2  59.1  40.8  0.01  28.1 180.7   7.5 429.9  0.17
       4 29  64.9  41.4  50.9  80.0  44.7  0.01  26.0 233.3   9.7 371.6  0.15
       4 30  59.3  36.8  47.3  62.2  33.8  0.01  23.8 214.5   8.9 536.4  0.20
       5  1  61.9  38.3  51.3  55.2  35.3  0.01  36.4 251.7  10.5 309.6  0.17
       5  2  50.5  29.5  41.5  76.5  34.3  0.06  41.9 403.9  16.8 345.1  0.14
       5  3  63.1  24.6  45.6  57.3  28.2        21.2 102.2   4.3 626.7  0.19
       5  4  81.7  31.7  60.5  38.2  30.6        48.8 180.8   7.5 613.2  0.27
       5  5  74.3  44.1  59.4  44.0  35.4  0.01  20.8 163.1   6.8 678.1  0.25
       5  6  81.2  44.4  63.4  41.3  38.0        28.9  97.7   4.1 583.9  0.23
       5  7  72.9  46.6  60.1  44.9  37.6        35.9 262.6  10.9 531.5  0.28
       5  8  63.0  34.9  51.5  41.0  27.7        28.1 246.9  10.3 569.6  0.26
       5  9  72.1  26.9  52.9  40.8  27.0        24.6 190.4   7.9 696.4  0.29
       5 10  81.8  36.9  62.4  37.5  32.3        24.6 144.1   6.0 706.0  0.29
       5 11  58.1  33.7  52.0  41.6  29.2  0.01  34.7 284.4  11.8 346.9  0.19
       5 12  68.3  28.2  49.6  44.9  25.8        26.7 191.9   8.0 660.9  0.28
       5 13  76.6  38.7  58.2  38.0  30.2        34.6 299.8  12.5 612.3  0.35
       5 14  67.8  35.8  54.7  44.5  32.2        15.5 100.0   4.2 469.3  0.19
       5 15  77.1  32.9  58.3  45.1  34.8        20.8 106.9   4.5 684.3  0.25
       5 16  84.9  42.8  66.5  44.2  41.2  0.01  22.5 155.5   6.5 655.6  0.29
       5 17  84.7  51.4  68.6  44.3  44.9        30.4 140.8   5.9 532.5  0.25
       5 18  74.5  45.0  59.6  58.9  44.9        32.6 255.8  10.7 579.9  0.29
       5 19  63.0  36.4  50.7  66.3  39.0        18.4 165.8   6.9 611.4  0.23
       5 20  73.9  45.6  59.6  60.3  44.9  0.01  29.9 295.0  12.3 653.0  0.31
       5 21  71.1  50.0  60.0  67.4  49.3        32.2 338.2  14.1 312.2  0.20
       5 22  60.0  53.7  56.9  91.7  54.5  0.02  23.6 204.1   8.5  91.0  0.04
       5 23  64.9  45.3  57.4  93.3  55.3  0.02  21.0 143.0   6.0 251.2  0.08
       5 24  70.7  41.0  56.3  87.0  51.8  0.03  26.1 206.2   8.6 271.7  0.13
       5 25  60.7  47.6  53.9  92.2  51.5  0.40  23.6 155.1   6.5 188.0  0.07
       5 26  52.7  39.9  48.7  98.6  48.2  0.49  18.0 144.9   6.0 155.2  0.04
       5 27  59.0  45.3  50.1  84.0  45.3  0.01  15.1 157.5   6.6 316.9  0.13
       5 28  63.4  42.4  51.1  78.7  44.3        11.7  86.3   3.6 390.8  0.14
       5 29  64.5  46.3  53.5  93.7  51.8  0.28  14.7 115.5   4.8 266.8  0.09
       5 30  72.4  52.0  59.8  80.0  52.4  0.01  11.5  64.0   2.7 519.4  0.16
       5 31  84.8  51.4  68.6  64.9  55.3  0.02  21.0 116.8   4.9 675.7  0.25
       6  1  84.6  57.0  70.4  69.7  58.9  0.18  51.8 221.8   9.2 564.4  0.26
       6  2  75.8  57.1  65.1  83.8  59.9  0.69  34.6 197.3   8.2 397.8  0.18
       6  3  70.2  50.9  61.7  83.2  56.0  0.29  26.3 205.5   8.6 523.3  0.20
       6  4  69.8  45.1  58.4  85.8  53.9        18.0 131.4   5.5 466.3  0.17
       6  5  75.3  57.0  65.8  75.2  57.5  0.01  29.7 227.5   9.5 612.6  0.24
       6  6  75.1  59.0  66.0  74.5  57.2        16.4 130.1   5.4 405.5  0.18
       6  7  77.6  54.4  67.0  73.0  57.5  0.01  27.8 178.0   7.4 592.2  0.23
       6  8  78.9  59.6  68.5  67.2  56.1  0.02  27.8 286.7  11.9 564.2  0.30
       6  9  69.5  53.7  61.0  83.5  55.6  0.11  20.5 232.4   9.7 287.9  0.16
       6 10  74.2  51.7  62.9  69.4  52.0  0.08  27.8 254.1  10.6 530.1  0.26
       6 11  84.6  57.0  66.7  71.6  55.5  0.11  41.7 188.6   7.9 514.3  0.29
       6 12  76.7  52.3  63.1  73.3  53.4        19.2 150.3   6.3 573.1  0.24
       6 13  75.2  53.5  63.3  71.7  52.8        17.2 135.9   5.7 542.5  0.23
       6 14  84.7  55.8  68.1  70.1  56.3  1.09  37.2 242.9  10.1 524.2  0.31
       6 15  78.9  57.3  66.7  72.6  56.3  0.19  36.5 213.4   8.9 674.1  0.30
       6 16  80.3  53.3  66.7  65.6  52.6        10.8  93.8   3.9 720.0  0.28
       6 17  80.7  54.5  68.4  65.1  54.1  0.01  20.8 140.9   5.9 627.3  0.27
       6 18  91.7  56.0  73.1  60.2  56.3  0.10  39.1 174.7   7.3 645.8  0.34
       6 19  92.2  59.0  72.7  66.7  58.7        28.0 136.5   5.7 522.1  0.30
       6 20  87.8  59.6  71.6  72.7  61.3  0.25  22.6 135.0   5.6 626.3  0.29
       6 21  85.4  60.1  71.7  74.0  61.8  0.03  18.3 131.7   5.5 617.4  0.28
       6 22  94.9  62.9  79.6  54.1  59.0  0.03  39.2 277.4  11.6 714.0  0.44
       6 23  85.2  63.3  73.8  66.3  61.2        26.6 240.9  10.0 712.0  0.35
       6 24  79.6  60.1  69.5  72.0  59.4  0.70  22.9 153.5   6.4 649.6  0.28
       6 25  79.4  52.9  64.3  80.9  57.9  0.22  41.9 169.5   7.1 409.9  0.23
       6 26  81.3  48.1  66.4  74.7  57.7  0.01  24.0 171.9   7.2 720.0  0.29
       6 27  92.9  59.7  74.6  61.6  58.1        25.3 141.5   5.9 675.8  0.34
       6 28  89.8  57.4  75.6  56.7  56.8        17.7 115.5   4.8 692.9  0.30
       6 29  89.1  60.2  74.8  55.8  57.0        22.1 116.1   4.8 717.0  0.33
       6 30  93.9  55.9  76.4  57.8  59.5        17.7 127.8   5.3 716.0  0.34
       7  1  86.2  54.9  75.1  46.6  50.2        43.3 317.0  13.2 708.0  0.43
       7  2  79.3  50.6  65.3  45.9  43.0  0.02  33.8 206.7   8.6 735.0  0.39
       7  3  69.7  51.7  59.9  62.0  46.7        19.3 172.7   7.2 544.2  0.27
       7  4  78.7  43.2  62.4  62.8  48.0        16.2 100.8   4.2 614.4  0.26
       7  5  79.7  51.1  67.7  57.9  51.2        21.2 134.3   5.6 676.5  0.27
       7  6  83.4  50.9  68.5  64.8  54.5  0.09  28.6 177.7   7.4 640.7  0.29
       7  7  85.1  60.2  72.8  60.8  57.1        24.3 176.4   7.3 705.0  0.32
       7  8  87.3  60.8  74.5  62.8  59.8  0.02  26.7 163.4   6.8 662.8  0.31
       7  9  87.9  59.4  75.4  56.1  57.2        22.0 175.1   7.3 703.0  0.34
       7 10  91.6  60.7  78.5  56.2  59.6        31.7 227.7   9.5 638.0  0.36
       7 11  85.9  64.2  71.3  77.5  63.2  0.51  31.6 162.2   6.8 288.6  0.22
       7 12  87.0  60.7  74.5  69.5  62.3  0.03  24.7 118.6   4.9 695.1  0.30
       7 13  82.3  55.1  69.9  51.8  49.3        26.5 184.1   7.7 714.0  0.36
       7 14  87.7  52.7  71.9  59.8  55.0  0.01  20.9 137.3   5.7 627.8  0.30
       7 15  96.4  57.0  77.2  53.7  58.1        21.9 113.1   4.7 677.0  0.33
       7 16  99.7  55.8  77.7  47.8  54.6  0.09  24.4 135.9   5.7 621.2  0.37
       7 17  96.9  58.7  79.8  45.8  55.1  0.01  25.6 126.5   5.3 619.2  0.34
       7 18  93.9  59.4  79.1  48.8  56.3        22.9 152.8   6.4 682.7  0.36
       7 19  85.9  60.8  73.7  66.9  61.2        22.6 121.2   5.0 499.3  0.26
       7 20  87.9  64.0  73.8  71.3  63.0        14.4  79.2   3.3 637.1  0.28
       7 21  87.1  62.8  73.4  76.8  64.9        15.8 117.1   4.9 533.1  0.25
       7 22  91.0  64.7  78.7  60.7  62.7        18.3 147.8   6.2 532.8  0.28
       7 23  93.2  64.7  81.2  54.3  61.7        22.5 131.6   5.5 631.9  0.31
       7 24  96.1  62.3  78.3  59.3  61.6        14.8  84.6   3.5 559.0  0.28
       7 25  93.6  61.3  72.8  72.6  62.0  0.17  33.0 104.8   4.4 363.2  0.26
       7 26  93.6  58.8  76.2  68.4  63.1  0.20  33.5  88.7   3.7 664.4  0.30
       7 27  84.9  65.0  73.2  69.0  61.9  0.01  19.6 166.0   6.9 455.9  0.26
       7 28  77.1  63.0  69.8  80.6  63.4  0.01  18.4 158.0   6.6 299.2  0.16
       7 29  74.1  63.9  67.8  91.7  65.2  0.34  21.4 249.8  10.4 192.4  0.12
       7 30  76.7  63.2  68.9  91.9  66.4  0.41  24.9 225.1   9.4 269.9  0.13
       7 31  90.8  66.6  76.2  75.3  66.9        22.4 126.5   5.3 489.2  0.23
       8  1  90.4  66.7  76.5  72.4  64.9        16.7 110.6   4.6 604.5  0.27
       8  2  90.5  64.1  77.5  70.1  65.4        15.9  99.5   4.1 609.7  0.26
       8  3  90.9  63.4  76.6  66.6  62.6  0.27  24.9 120.4   5.0 600.3  0.29
       8  4  88.1  65.2  75.9  66.2  62.3  0.11  17.1  96.1   4.0 623.4  0.27
       8  5  71.5  62.3  65.5  93.9  63.6  0.88  20.0 125.6   5.2 168.0  0.10
       8  6  77.0  59.6  66.8  87.4  62.3  0.17  16.0  69.8   2.9 380.8  0.16
       8  7  79.5  53.7  66.9  76.7  58.1  0.03  21.5 105.1   4.4 500.4  0.20
       8  8  85.3  57.2  72.1  71.0  61.5        21.7 218.4   9.1 594.0  0.27
       8  9  76.3  60.9  68.1  61.6  53.8  0.02  33.6 224.1   9.3 545.3  0.28
       8 10  62.5  53.9  57.7  91.8  55.2  0.12  18.8 164.2   6.8 112.4  0.08
       8 11  67.7  51.9  57.6  94.2  55.8  0.01  14.2 110.9   4.6 268.8  0.12
       8 12  79.8  54.7  65.8  81.2  58.9  0.01  15.4  69.8   2.9 467.3  0.16
       8 13  84.6  54.5  68.5  75.8  59.0  0.02  28.1 100.4   4.2 617.1  0.22
       8 14  81.0  53.9  66.3  68.6  53.8  0.02  37.6 169.1   7.0 482.8  0.24
       8 15  87.2  55.1  72.4  60.7  55.7        21.0 154.0   6.4 624.1  0.28
       8 16  77.7  54.4  67.0  69.4  55.7  0.04  20.4 161.9   6.7 557.1  0.24
       8 17  75.4  56.9  64.5  79.1  57.4  0.02  20.8 125.5   5.2 490.0  0.20
       8 18  81.0  61.8  69.5  77.5  61.9  0.01  27.7 181.8   7.6 439.0  0.21
       8 19  83.6  52.4  68.1  69.2  56.1        20.1 110.9   4.6 472.0  0.21
       8 20  81.7  55.6  68.9  73.1  59.3        15.0  96.7   4.0 588.1  0.22
       8 21  90.7  62.5  74.7  73.0  64.0  0.01  18.6 128.0   5.3 548.6  0.25
       8 22  89.5  59.1  72.0  76.4  62.0         8.8  63.6   2.6 521.2  0.21
       8 23  91.5  56.0  72.1  70.3  60.4  0.62  44.1 104.2   4.3 560.1  0.25
       8 24  91.5  54.8  74.5  63.1  59.1        14.8  83.1   3.5 592.3  0.24
       8 25  89.9  59.6  74.5  68.0  62.1        14.8  99.0   4.1 560.3  0.24
       8 26  88.6  61.6  73.6  77.3  64.6  0.01  32.1  93.1   3.9 338.9  0.17
       8 27  90.1  62.5  74.7  78.2  66.2        11.3  64.4   2.7 548.6  0.21
       8 28  94.1  60.2  74.7  70.8  62.6        21.4  79.6   3.3 563.5  0.25
       8 29  90.0  61.7  76.2  57.7  58.8  0.02  30.0 166.6   6.9 561.3  0.29
       8 30  85.9  56.3  71.5  63.2  57.7        20.2  94.0   3.9 531.4  0.23
       8 31  84.3  62.8  73.7  71.4  62.2        23.2 172.7   7.2 525.4  0.25
       9  1  88.0  60.3  72.6  76.2  63.8  0.01  37.0 150.6   6.3 470.5  0.23
       9  2  72.2  61.2  65.5  80.1  59.1        21.9 179.6   7.5 249.1  0.15
       9  3  80.2  58.9  67.1  77.4  59.0        21.3 197.1   8.2 358.6  0.21
       9  4  89.7  59.1  71.9  70.5  60.1  1.00  31.9 143.9   6.0 494.6  0.24
       9  5  84.8  61.3  71.6  76.1  62.2        10.5  71.9   3.0 508.5  0.18
       9  6  92.0  58.2  73.1  68.6  60.0  0.01  20.8 114.9   4.8 423.1  0.21
       9  7  87.5  57.3  70.1  66.5  56.7  0.22  25.2 118.9   5.0 443.2  0.22
       9  8  89.5  53.6  69.0  61.4  52.5  0.02  32.4 138.7   5.8 519.1  0.27
       9  9  75.4  52.8  63.2  58.2  46.9        15.2  99.5   4.1 518.9  0.21
       9 10  84.8  52.9  69.6  59.6  53.1        17.5 128.0   5.3 522.4  0.23
       9 11  87.7  55.7  72.6  61.8  56.7        24.0 167.1   7.0 470.9  0.23
       9 12  84.5  57.1  68.7  62.1  53.2        20.8 124.1   5.2 386.9  0.20
       9 13  90.6  55.2  73.8  53.4  53.3  0.01  24.3 194.7   8.1 485.9  0.29
       9 14  86.5  60.5  71.5  68.9  59.7        20.2  99.5   4.1 338.8  0.17
       9 15  91.9  56.8  75.2  60.2  56.9  0.01  27.5 212.1   8.8 485.9  0.29
       9 16  74.6  54.5  66.6  44.3  43.9        31.7 170.5   7.1 306.9  0.21
       9 17  83.7  40.6  65.0  48.7  41.9  0.01  37.0 171.2   7.1 501.6  0.27
       9 18  88.4  52.5  70.4  51.4  49.7  0.01  28.1 164.0   6.8 394.6  0.24
       9 19  63.5  46.1  54.9  67.4  43.8  0.03  25.5 234.6   9.8 429.6  0.20
       9 20  54.3  45.2  49.4  73.3  40.8  0.01  13.5 113.7   4.7 137.7  0.09
       9 21  50.3  45.0  48.0  87.4  44.3  0.04  21.6 192.5   8.0  48.6  0.05
       9 22  56.0  48.3  51.8  95.9  50.3  0.05  16.4 165.2   6.9 104.6  0.03
       9 23  52.2  48.7  50.2  97.4  49.5  0.18  17.0 188.7   7.9  99.9  0.03
       9 24  67.7  46.9  54.5  86.1  49.8         9.9  71.4   3.0 278.7  0.08
       9 25  84.2  39.6  59.8  66.8  45.4        11.8  80.7   3.4 482.6  0.16
       9 26  87.4  45.3  65.6  61.2  49.8  0.01  18.2 104.1   4.3 439.6  0.17
       9 27  80.0  41.3  62.6  59.3  47.4  0.04  36.4 230.1   9.6 444.4  0.23
       9 28  74.0  36.5  53.3  61.5  36.8        25.2 154.2   6.4 468.3  0.22
       9 29  77.8  37.0  56.7  57.4  38.2  0.01  20.6 121.7   5.1 461.2  0.20
       9 30  82.6  37.1  60.1  60.7  43.7        20.5 104.6   4.4 440.7  0.17
      10  1  88.9  44.4  66.2  56.6  47.3        18.0 108.9   4.5 439.9  0.18
      10  2  90.6  48.1  67.4  56.3  48.8        21.6  78.5   3.3 437.5  0.17
      10  3  74.3  44.3  60.7  53.7  42.3        31.8 204.8   8.5 364.2  0.20
      10  4  83.1  38.0  62.8  53.1  42.3        26.8 212.9   8.9 427.7  0.25
      10  5  79.9  42.9  61.9  50.8  41.2        19.6 124.7   5.2 431.9  0.19
      10  6  73.2  47.6  58.6  57.3  42.7        22.0 156.5   6.5 409.6  0.18
      10  7  83.0  46.6  67.1  64.7  53.0        35.9 285.9  11.9 345.3  0.22
      10  8  68.9  39.5  54.4  71.2  46.0  0.07  34.5 306.0  12.8 162.7  0.16
      10  9  66.5  30.3  49.2  61.5  33.9        27.0 197.6   8.2 411.1  0.19
      10 10  82.5  35.0  61.5  59.7  46.0        34.0 244.4  10.2 357.4  0.22
      10 11  83.1  50.8  69.0  67.2  56.2  1.62  46.6 398.3  16.6 360.9  0.23
      10 12  51.3  36.0  42.4  82.8  37.8  0.53  39.2 391.5  16.3  69.5  0.11
      10 13  53.8  31.5  42.2  63.3  29.8        37.4 242.4  10.1 351.0  0.16
      10 14  65.3  35.5  49.5  64.8  36.8        19.2 142.7   5.9 390.4  0.13
      10 15  64.0  35.9  49.4  71.4  39.2        16.6 135.9   5.7 381.4  0.11
      10 16  64.9  35.8  50.4  70.2  40.5        22.5 154.2   6.4 373.7  0.11
      10 17  76.1  34.9  53.6  65.5  40.2        16.9  86.5   3.6 370.9  0.12
      10 18  74.3  39.8  54.9  58.7  37.8        20.8 167.4   7.0 354.6  0.16
      10 19  53.6  41.6  46.8  69.8  37.3        24.0 160.5   6.7 216.7  0.09
      10 20  47.4  42.1  44.3  69.7  35.0        14.0 124.9   5.2  71.8  0.06
      10 21  50.8  36.2  43.9  76.6  36.9        14.2 114.6   4.8 114.0  0.05
      10 22  62.9  29.6  45.3  76.7  37.5  0.01  21.5  91.7   3.8 333.3  0.08
      10 23  61.2  35.7  48.4  64.0  36.4        17.4 154.9   6.5 282.7  0.09
      10 24  46.2  21.8  34.9  91.0  32.4  0.51  32.4 320.3  13.3  51.6  0.05
      10 25  22.0  14.6  17.5  93.1  15.9  0.07  42.7 591.5  24.6 129.9  0.06
      10 26  35.0   3.9  20.6  82.8  17.1  0.01  10.8 107.7   4.5 349.7  0.05
      10 27  46.8  19.6  31.5  80.3  26.6        18.0 173.5   7.2 336.2  0.06
      10 28  55.0  27.1  38.4  81.6  32.6        20.2 129.4   5.4 329.5  0.05
      10 29  59.7  26.7  39.5  80.6  33.4        17.2 153.9   6.4 239.6  0.07
      10 30  65.2  30.7  47.3  67.9  35.6  0.01  28.9 215.7   9.0 298.6  0.11
      10 31  63.4  32.1  42.6  75.6  34.9  0.01  40.0 221.4   9.2 180.1  0.12
      11  1  54.7  29.6  41.5  65.3  29.5        39.9 320.0  13.3 297.2      
      11  2  50.5  33.5  41.7  51.2  24.3        46.4 501.8  20.9 280.6      
      11  3  57.5  22.2  39.6  59.7  25.3        14.6 105.3   4.4 265.9      
      11  4  60.1  32.7  45.2  69.7  34.8        35.2 206.2   8.6 188.8      
      11  5  52.8  32.6  41.6  78.8  35.0        12.5 102.6   4.3 263.8      
      11  6  60.0  27.1  40.0  81.9  34.2        20.6 120.8   5.0 265.5      
      11  7  67.5  25.2  43.8  75.5  34.8        13.2  81.3   3.4 295.6      
      11  8  41.6  31.6  37.1  86.9  33.5  0.01  29.9 257.2  10.7  53.3      
      11  9  34.9  18.9  30.0  78.3  24.2  0.01  22.4 232.3   9.7  92.9      
      11 10  30.8  14.1  24.7  77.9  18.8        16.0 121.2   5.0 102.5      
      11 11  33.5  15.9  26.3  72.7  18.6        22.3 147.6   6.2 175.8      
      11 12  37.9  17.6  27.1  82.8  22.7        19.0 161.4   6.7 119.2      
      11 13  38.0  15.3  25.1  70.3  16.3  0.02  30.8 278.3  11.6 242.7      
      11 14  23.0  11.7  16.9  65.5   7.2        37.4 385.1  16.0 157.9      
      11 15  31.2   6.0  16.7  67.0   6.7        16.7 120.7   5.0 268.3      
      11 16  45.4   7.7  22.6  60.4   7.9        16.3 151.5   6.3 273.7      
      11 17  50.6  15.0  30.6  61.8  16.8        26.3 196.1   8.2 266.1      
      11 18  52.8  20.1  35.3  57.1  19.3        24.0 203.2   8.5 233.2      
      11 19  56.0  18.8  33.7  62.7  20.6        13.9 103.0   4.3 173.4      
      11 20  52.6  23.1  38.0  62.4  25.1        18.4 163.0   6.8 201.2      
      11 21  52.7  18.4  34.1  64.6  21.3        20.1 151.9   6.3 187.3      
      11 22  47.2  16.7  29.2  73.4  20.5        18.3 102.7   4.3 168.1      
      11 23  46.9  14.0  28.6  74.7  21.0        11.8  87.3   3.6 184.7      
      11 24  64.3  23.2  37.6  62.7  22.7        17.0 168.8   7.0 247.1      
      11 25  66.4  24.1  41.3  57.5  24.1        30.5 223.3   9.3 200.4      
      11 26  44.0  19.8  34.9  71.5  25.9        19.8 164.3   6.8 111.2      
      11 27  59.6  28.2  44.2  55.5  28.5        21.9 178.7   7.4 172.2      
      11 28  51.5  30.6  40.2  50.8  22.7        18.5 143.8   6.0 147.1      
      11 29  54.7  26.6  39.3  58.8  25.0        23.5 243.3  10.1 221.4      
      11 30  51.0  15.4  30.4  70.2  20.4        14.0 100.3   4.2 226.6      
      12  1  47.3  22.6  34.5  72.1  26.1        18.0 103.6   4.3 197.3      
      12  2  35.4  26.4  31.9  73.6  24.3        20.5 218.4   9.1  66.3      
      12  3  41.8  18.7  30.6  62.9  18.4        19.3 196.9   8.2 218.7      
      12  4  30.3   9.2  23.4  63.4  12.7  0.02  22.5 163.5   6.8 180.1      
      12  5  31.9   6.7  15.7  67.7   6.0        13.1  77.7   3.2 214.0      
      12  6  40.4   5.8  22.8  67.9  13.6        19.1 144.1   6.0 209.5      
      12  7  30.8  21.5  28.5  87.8  25.3        16.9 161.0   6.7  30.9      
      12  8  54.3  20.8  31.6  81.1  24.9        15.6 132.9   5.5 202.1      
      12  9  30.3  25.0  27.2  99.1  26.8  0.14  18.6 186.1   7.8 108.5      
      12 10  27.8  23.0  25.3  89.0  22.5  0.07  28.4 270.5  11.3 127.1      
      12 11  29.6  10.7  21.3  69.8  13.2        22.5 247.6  10.3 223.0      
      12 12  37.9   4.4  23.6  62.1  13.4        23.2 228.2   9.5 223.6      
      12 13  45.1  17.6  32.7  57.2  19.4        21.3 223.1   9.3 218.8      
      12 14  53.5  19.1  31.8  69.4  22.0        18.0 160.3   6.7 220.0      
      12 15  52.8  21.0  34.2  71.3  24.8  0.01  30.2 166.3   6.9 163.4      
      12 16  50.8  24.0  33.3  71.6  23.7        17.6 127.2   5.3 217.0      
      12 17  56.0  24.6  34.5  72.3  25.4        22.6 154.9   6.5 133.4      
      12 18  52.9  22.0  33.6  76.0  26.2        11.0 104.0   4.3 162.6      
      12 19  35.3  15.2  28.3  81.1  23.3  0.01  23.4 206.4   8.6  97.0      
      12 20  43.9  15.4  27.1  86.1  23.4        18.4 144.3   6.0 186.8      
      12 21  32.5  20.7  26.2  92.1  24.1        14.0 126.3   5.3  96.1      
      12 22  39.6  13.6  27.7  69.7  18.4  0.01  23.6 171.5   7.1 184.1      
      12 23  43.6   9.7  26.2  71.0  17.5        15.3  91.7   3.8 211.6      
      12 24  30.4  25.6  27.2  87.6  23.9  0.11  26.1 285.4  11.9  60.3      
      12 25  28.3  15.6  22.9  79.3  17.7  0.06  19.9 225.6   9.4 181.9      
      12 26  35.5  17.3  27.6  72.3  19.9        26.0 241.0  10.0 215.5      
      12 27  42.3  12.9  24.7  76.7  18.8  0.02  40.3 296.3  12.3  77.0      
      12 28  35.6  21.8  29.0  61.0  17.0  0.01  42.8 439.2  18.3 210.2      
      12 29  42.3  32.2  37.0  76.7  30.4  0.01  33.0 226.3   9.4  85.6      
      12 30  40.9  22.8  33.3  77.0  26.7  0.04  30.7 195.1   8.1 144.8      
      12 31  53.4  20.0  32.5  77.6  25.3        18.0 162.2   6.8 219.0      

      Total                               16.55                         49.71
        Max  99.7  66.7  81.2  99.1  66.9        53.1 653.1  27.2 735.0
        Min  -0.4 -15.5  -6.0  22.7 -12.3         8.8  63.6   2.6  30.9
        Ave  62.5  35.1  48.5  66.0  35.9        24.8 185.3   7.7 377.8
