                                                                    07-JUN-99
      Cellular-linked Weather Station near OVID, Colorado                1996
      -----------------------------------------------------------------------
               Temperature      Rel   Dew             Wind        Solar Alflf
            ----------------- Humid Point  Prec -----------------   Rad   ETR
       Date   Max   Min   Ave   Ave   Ave Total   Max Total   Ave Total Total
      MoDay     F     F     F     %     F  inch   mph miles   mph Langl  inch
      ----- ----- ----- ----- ----- ----- ----- ----- ----- ----- ----- -----
       1  1  35.8  15.5  27.6  71.1  19.3  0.09  28.3 291.4  12.1 158.7      
       1  2  23.4  10.4  16.0  66.4   6.8  0.01  31.9 256.2  10.7 207.9      
       1  3  50.9  22.7  33.0  63.6  22.6        35.5 237.3   9.9 108.3      
       1  4  36.3   7.6  17.9  76.6  12.7  0.08  19.5 207.5   8.6  96.8      
       1  5  11.2 -10.8   4.1  71.9  -2.5  0.03   7.4  58.8   2.5 162.3      
       1  6  14.8 -14.7   0.3  71.9  -5.9  0.02  15.3 107.4   4.5 217.7      
       1  7  31.0  -8.3  12.9  71.7   8.1        14.8 122.3   5.1 218.1      
       1  8  53.5  13.9  32.2  66.8  23.1        18.2 184.3   7.7 193.1      
       1  9  54.0  26.0  37.4  65.8  26.5  0.01  26.6 121.4   5.1 221.3      
       1 10  50.1  29.5  37.8  64.0  26.6        39.2 313.6  13.1 100.2      
       1 11  52.5  20.9  36.4  54.9  21.1        27.1 241.3  10.1 195.7      
       1 12  64.8  26.1  41.2  46.3  20.4        19.9 198.1   8.3 241.4      
       1 13  64.7  25.0  39.0  49.0  20.0        21.2 180.8   7.5 244.6      
       1 14  56.8  22.0  34.5  60.5  20.5        20.0 169.7   7.1 245.0      
       1 15  46.9  22.6  31.5  72.0  23.0        12.1 105.2   4.4 154.8      
       1 16  58.5  29.5  42.6  42.4  20.6        31.8 217.7   9.1 200.2      
       1 17  41.7  -3.4  18.0  58.2  10.1        54.1 491.4  20.5  51.3      
       1 18  14.3  -5.1   2.1  53.4 -10.5        33.0 293.5  12.2 255.9      
       1 19  44.0   3.6  20.0  51.3   5.8        19.0 130.2   5.4 238.2      
       1 20  47.8   2.3  23.0  54.6   8.8        33.2 185.8   7.7 251.2      
       1 21  56.9  10.4  30.3  45.4  10.9        17.8 115.1   4.8 267.3      
       1 22  30.6   2.8  15.3  74.2   8.7        20.1 188.0   7.8  73.7      
       1 23  34.3  -1.4  15.4  65.5   6.6  0.03  24.2 201.1   8.4 263.0      
       1 24  42.1   8.1  26.3  55.4  12.3  0.01  28.1 173.9   7.2 149.9      
       1 25  37.2   3.2  11.0  60.4   0.6  0.01  34.0 300.2  12.5  86.2      
       1 26  25.4  -5.9   7.8  64.3  -1.0  0.03  18.5 176.7   7.4 276.5      
       1 27  38.6  -0.8  20.2  54.2   6.9        26.9 188.3   7.8 276.6      
       1 28  48.0   3.2  18.4  57.4   7.3        45.4 240.5  10.0 185.4      
       1 29  10.3  -3.7   4.5  59.3  -6.1  0.01  18.6 196.0   8.2 196.9      
       1 30   2.7  -9.6  -2.9  63.1 -12.1  0.01  11.8 105.5   4.4 210.5      
       1 31  18.2 -12.0   5.2  64.4  -3.3        13.3  80.7   3.4 206.6      
       2  1  21.4 -13.3  -1.4  62.1  -9.6  0.03  26.7 171.3   7.1 296.8      
       2  2   5.0 -16.4  -6.6  60.0 -16.6         6.8  51.2   2.1 258.6      
       2  3  13.9 -21.5  -6.3  61.4 -14.6        15.1  92.2   3.8 311.9      
       2  4  36.4  -8.5  15.2  59.5   7.4  0.01  20.5 195.7   8.2 297.3      
       2  5  52.8  27.9  37.8  58.2  24.1        17.5 162.3   6.8 307.9      
       2  6  62.4  25.3  41.1  56.7  25.3        32.8 222.9   9.3 218.7      
       2  7  69.1  31.1  47.4  48.2  27.3        31.9 232.7   9.7 243.6      
       2  8  62.7  31.3  45.1  52.4  28.1        16.1 136.5   5.7 258.7      
       2  9  75.3  25.0  49.3  43.1  23.2        30.2 243.1  10.1 316.7      
       2 10  54.1  12.8  34.5  41.0  14.7  0.02  50.6 427.1  17.8 256.4      
       2 11  51.5  11.2  29.8  40.0   9.3        22.8 174.6   7.3 339.1      
       2 12  61.5  13.6  32.6  39.6  10.8        19.4 151.9   6.3 338.7      
       2 13  62.9  26.9  45.5  34.3  18.5        34.4 283.0  11.8 294.4      
       2 14  55.4  19.1  40.1  48.8  22.3  0.02  37.8 279.9  11.7 144.4      
       2 15  39.0   3.0  22.0  56.1  10.4        45.2 258.5  10.8 235.7      
       2 16  65.3   2.2  33.3  42.5  13.4        21.2 164.3   6.8 349.6      
       2 17  57.2  32.0  44.2  42.7  22.6        28.1 197.8   8.2 349.9      
       2 18  61.3  28.8  45.4  44.0  24.6  0.01  28.1 221.6   9.2 336.2      
       2 19  69.4  39.1  51.0  38.1  25.3        32.2 335.6  14.0 244.4      
       2 20  58.0  26.6  44.8  43.3  23.6        18.7 143.8   6.0 155.3      
       2 21  63.9  33.0  48.5  44.8  27.2        24.7 108.3   4.5 335.7      
       2 22  73.2  29.8  50.0  41.1  24.3        42.7 277.4  11.6 330.8      
       2 23  54.2  17.6  37.1  38.5  14.1        39.2 326.1  13.6 397.6      
       2 24  68.2  11.4  41.1  30.2  11.0        22.6 154.4   6.4 349.3      
       2 25  43.6  19.0  28.5  56.1  14.7        23.5 259.2  10.8 346.3      
       2 26  21.5  12.0  16.7  63.3   6.3  0.01  16.3 174.2   7.3 185.4      
       2 27  23.9   0.7  11.6  56.5  -0.6  0.01  24.8 217.7   9.1 401.2      
       2 28  23.8   0.9   9.7  50.8  -4.1  0.01  27.9 199.4   8.3 414.3      
       2 29  44.4  -1.8  20.8  47.5   5.0        25.1 184.6   7.7 361.8      
       3  1  44.4  19.2  31.8  51.3  16.3  0.02  47.9 391.1  16.3 363.6  0.11
       3  2  41.5  22.3  31.7  61.0  19.5        30.2 249.0  10.4 385.3  0.08
       3  3  57.2  13.1  36.1  44.4  15.7        29.6 155.6   6.5 430.0  0.11
       3  4  60.8  17.5  36.8  46.8  17.3        21.4 155.8   6.5 242.5  0.11
       3  5  39.9   7.8  22.5  66.8  13.2  0.02  30.8 232.2   9.7 280.6  0.09
       3  6  18.4  -0.5   8.1  61.9  -2.2        21.3 212.8   8.9 386.9  0.07
       3  7  16.5  -2.0   9.7  63.4   0.0        17.1 146.7   6.1 242.5  0.04
       3  8  34.5  -8.1  16.1  55.7   3.9        14.0  85.4   3.6 317.7  0.04
       3  9  59.4   9.8  35.5  44.2  17.0  0.01  18.6 120.0   5.0 458.3  0.08
       3 10  73.2  18.5  47.6  35.5  18.9        20.9 129.6   5.4 402.5  0.10
       3 11  74.3  30.2  52.5  31.1  20.7        19.7 112.4   4.7 377.4  0.11
       3 12  61.9  37.2  49.2  47.8  30.3        17.4 111.9   4.7 195.6  0.08
       3 13  64.9  26.2  44.6  65.9  32.1  0.05  34.6 174.7   7.3 298.4  0.13
       3 14  46.0  29.8  37.6  82.3  32.6  0.23  23.5 200.3   8.3 176.3  0.07
       3 15  58.5  27.0  40.6  67.1  29.2        18.0 138.5   5.8 486.9  0.13
       3 16  53.5  34.9  42.9  51.7  25.7        35.2 300.1  12.5 382.3  0.15
       3 17  44.8  30.2  34.7  78.1  28.2  0.39  32.7 141.2   5.9 206.2  0.07
       3 18  41.9  25.7  32.3  70.2  23.6  0.05  41.5 332.1  13.8 291.1  0.11
       3 19  37.6  14.5  27.4  60.9  15.3        32.6 268.7  11.2 455.4  0.11
       3 20  49.7   9.9  30.8  56.7  16.2        23.2 122.1   5.1 454.2  0.10
       3 21  53.1  21.6  38.6  47.4  19.7        33.6 189.6   7.9 446.4  0.12
       3 22  60.5  30.3  46.0  39.8  22.3        35.0 276.9  11.5 435.2  0.16
       3 23  56.2  28.3  42.2  47.7  23.5  0.02  36.3 280.5  11.7 429.5  0.16
       3 24  31.9   5.0  14.6  75.7   9.0  0.33  46.5 550.9  23.0 212.9  0.12
       3 25  24.1  -0.2  10.6  58.1  -0.6        28.2 273.6  11.4 534.3  0.10
       3 26  48.3   3.1  27.3  56.6  14.4        25.1 185.0   7.7 533.3  0.11
       3 27  56.1  16.0  38.1  48.2  19.6        25.1 168.3   7.0 481.2  0.10
       3 28  49.3  29.8  37.2  77.1  30.6        25.9 238.0   9.9 215.1  0.06
       3 29  41.9  31.4  37.2  88.8  34.3        20.5 214.2   8.9 104.3  0.03
       3 30  49.9  27.2  35.3  60.7  22.2        22.3 210.3   8.8 496.0  0.14
       3 31  61.6  27.2  43.9  43.2  22.3        24.0 190.3   7.9 406.7  0.15
       4  1  77.6  26.1  53.0  32.7  21.2        21.7 147.5   6.1 507.7  0.19
       4  2  83.1  31.2  60.0  26.6  20.4        32.2 198.3   8.3 540.3  0.24
       4  3  58.8  28.3  45.6  51.9  28.1        42.6 398.5  16.6 391.3  0.21
       4  4  47.5  28.4  36.7  52.2  20.4        22.0 173.5   7.2 408.6  0.14
       4  5  57.2  21.4  38.9  44.0  18.8        22.1 138.1   5.8 509.3  0.16
       4  6  70.0  18.0  47.7  39.4  22.9        31.2 164.0   6.8 533.3  0.18
       4  7  69.1  35.5  53.8  41.9  30.4        28.9 243.7  10.2 432.6  0.18
       4  8  74.7  39.5  55.6  45.1  33.5        28.4 213.0   8.9 534.8  0.22
       4  9  80.0  27.9  55.7  40.7  28.6        24.4 135.5   5.6 584.5  0.23
       4 10  87.2  37.3  63.5  32.5  29.1        24.9 139.5   5.8 542.6  0.24
       4 11  58.7  31.2  44.9  64.7  33.5        23.2 251.9  10.5 183.4  0.14
       4 12  59.4  27.6  40.8  57.3  26.4        24.8 216.4   9.0 530.2  0.21
       4 13  44.0  29.4  36.0  74.2  28.3  0.18  21.4 247.7  10.3 161.9  0.09
       4 14  46.3  27.7  34.8  78.1  28.3  0.15  29.0 299.9  12.5 314.5  0.12
       4 15  62.6  25.8  43.9  55.3  26.0        27.0 171.3   7.1 629.8  0.19
       4 16  73.8  27.1  51.1  48.3  28.8        19.9 122.4   5.1 473.6  0.16
       4 17  77.7  36.7  57.7  41.2  30.3        28.4 243.2  10.1 412.5  0.23
       4 18  67.3  38.3  54.3  35.1  26.2  0.03  27.6 241.2  10.1 527.8  0.23
       4 19  50.4  36.2  43.0  71.3  34.3  0.26  43.3 356.5  14.9 290.7  0.15
       4 20  60.2  32.0  47.2  51.4  28.5        24.3 188.7   7.9 570.1  0.20
       4 21  54.1  30.8  42.9  61.9  30.4        26.9 242.3  10.1 445.8  0.16
       4 22  56.2  23.9  40.1  69.6  30.5  0.02  21.0 128.3   5.3 447.4  0.14
       4 23  72.7  31.6  53.6  53.1  33.7        23.8 158.1   6.6 519.8  0.19
       4 24  85.7  40.6  63.9  37.5  32.9        45.9 246.6  10.3 450.8  0.28
       4 25  64.6  38.4  53.8  35.9  26.5  0.02  43.6 427.8  17.8 685.7  0.34
       4 26  73.4  31.8  52.7  40.8  28.9        39.1 249.7  10.4 580.6  0.29
       4 27  64.2  33.6  47.8  61.0  33.8  0.02  27.4 198.7   8.3 525.8  0.21
       4 28  49.1  28.6  38.7  67.5  28.4  0.03  36.0 369.7  15.4 402.7  0.18
       4 29  57.7  21.6  42.5  48.6  22.7        23.5 179.7   7.5 576.4  0.19
       4 30  57.5  37.8  47.2  60.0  33.3  0.01  25.1 214.9   9.0 391.2  0.15
       5  1  64.0  36.8  49.8  63.5  37.4        20.0 145.6   6.1 470.3  0.16
       5  2  68.6  39.7  52.5  61.8  38.6  0.04  22.2 179.8   7.5 568.3  0.21
       5  3  70.1  37.8  55.3  55.3  37.8        19.4 159.4   6.6 642.3  0.22
       5  4  68.0  39.8  53.2  70.8  43.6  0.01  24.2 227.7   9.5 517.6  0.20
       5  5  65.1  34.7  51.1  60.1  36.9        25.6 228.6   9.5 682.3  0.24
       5  6  66.4  48.5  55.6  73.8  46.8        20.5 229.1   9.5 540.5  0.20
       5  7  67.7  45.4  54.4  81.1  48.3        22.5 194.5   8.1 400.7  0.16
       5  8  76.9  50.8  61.3  73.4  51.2  0.41  27.8 177.7   7.4 586.0  0.23
       5  9  56.2  39.5  50.4  92.1  48.6  0.61  27.0 230.0   9.6 131.1  0.05
       5 10  62.4  35.7  46.6  80.6  41.1  0.01  22.5 178.5   7.4 443.0  0.17
       5 11  71.6  47.1  57.6  69.5  46.5        16.4 167.7   7.0 633.8  0.23
       5 12  59.4  44.7  52.3  80.6  46.3        18.2 175.6   7.3 403.4  0.13
       5 13  76.2  43.3  59.7  70.1  48.9  0.02  25.8 219.5   9.1 685.0  0.26
       5 14  86.0  48.1  66.3  61.4  49.8        14.8 126.4   5.3 557.7  0.24
       5 15  85.9  50.0  70.3  58.4  53.2        21.0 128.6   5.4 672.5  0.26
       5 16  86.2  60.2  74.7  62.3  59.8        22.3 194.5   8.1 649.0  0.28
       5 17  81.0  54.2  69.5  46.5  46.7        36.9 251.9  10.5 605.3  0.33
       5 18  91.6  49.3  71.0  41.5  45.4  0.01  39.2 247.1  10.3 581.7  0.39
       5 19  75.0  46.3  61.3  46.8  39.7        32.4 217.5   9.1 593.5  0.32
       5 20  67.2  48.3  56.9  64.9  43.8  0.20  25.3 183.1   7.6 654.5  0.27
       5 21  74.5  42.6  59.8  64.3  46.6        24.3 135.5   5.6 397.8  0.19
       5 22  76.6  56.3  64.0  67.0  52.9  0.51  33.5 240.4  10.0 459.8  0.24
       5 23  58.4  52.4  55.8  93.1  53.9  0.83  19.6 201.4   8.4  67.9  0.04
       5 24  57.7  47.8  52.8  91.3  50.4  0.05  20.6 221.7   9.2  92.9  0.06
       5 25  52.4  46.9  49.5  92.7  47.5  0.50  22.9 173.9   7.2  64.1  0.05
       5 26  54.5  42.8  49.2  91.8  46.9  0.45  25.1 219.7   9.2 140.9  0.06
       5 27  44.0  36.8  41.1  85.2  37.0  0.50  32.3 405.3  16.9 116.3  0.08
       5 28  48.5  40.2  43.7  86.7  40.0        15.5 107.9   4.5 134.4  0.06
       5 29  67.7  40.3  54.4  80.4  48.6        21.3 171.4   7.1 571.3  0.17
       5 30  72.5  51.3  59.4  81.1  53.6  0.12  27.2 272.0  11.3 402.9  0.18
       5 31  76.7  50.4  62.3  66.4  49.5  0.02  19.2 133.6   5.6 594.3  0.23
       6  1  74.0  47.4  61.6  57.5  44.4        26.2 134.2   5.6 705.0  0.27
       6  2  73.5  47.8  61.2  49.0  40.4  0.01  25.8 224.3   9.3 675.8  0.32
       6  3  74.9  43.2  61.2  59.5  45.7        14.4 107.9   4.5 685.0  0.25
       6  4  81.7  53.5  66.3  68.8  55.0  0.27  20.4 131.0   5.5 662.9  0.27
       6  5  80.0  56.6  68.6  66.9  56.3  0.01  26.0 173.9   7.2 671.2  0.27
       6  6  70.4  52.5  61.5  61.5  47.1  0.01  37.7 306.6  12.8 603.7  0.30
       6  7  73.4  46.1  60.0  56.9  42.6        20.5 192.4   8.0 738.0  0.32
       6  8  84.9  48.7  66.3  52.5  46.6        21.0 196.4   8.2 720.0  0.36
       6  9  87.5  51.3  69.9  50.3  49.3        21.5 152.5   6.4 643.8  0.32
       6 10  89.5  55.8  73.2  47.5  50.8        27.3 163.8   6.8 692.0  0.34
       6 11  90.3  55.4  73.3  48.4  50.0  0.01  29.8 130.9   5.5 627.0  0.33
       6 12  83.2  53.2  71.5  50.4  51.1        20.3 141.9   5.9 680.3  0.31
       6 13  87.8  54.6  73.7  52.9  53.6        20.4 169.8   7.1 649.1  0.33
       6 14  87.2  62.0  73.5  60.7  57.7        24.0 224.3   9.3 618.1  0.35
       6 15  67.1  61.9  64.1  88.6  60.6  1.19  22.6 167.2   7.0 101.0  0.08
       6 16  79.3  61.4  69.1  73.7  59.7  0.01  16.9 160.3   6.7 635.8  0.27
       6 17  83.6  59.0  70.4  69.0  58.9  0.26  37.3 150.6   6.3 698.0  0.30
       6 18  88.5  59.1  74.4  59.7  59.5  0.09  41.2 237.6   9.9 728.0  0.36
       6 19  79.5  59.0  70.7  66.8  58.5        27.7 207.3   8.6 731.0  0.31
       6 20  78.5  58.5  67.0  73.9  58.8        31.0 138.4   5.8 426.7  0.22
       6 21  80.8  58.9  69.5  72.6  59.4  0.11  21.9 157.6   6.6 588.2  0.26
       6 22  75.6  61.8  67.4  85.7  63.0  0.26  29.7 197.2   8.2 293.6  0.15
       6 23  81.7  55.0  68.3  66.9  55.5        23.9 157.8   6.6 731.0  0.31
       6 24  80.1  59.6  69.9  73.0  60.8        26.2 210.8   8.8 504.5  0.24
       6 25  86.2  60.7  75.0  58.6  59.1        27.5 295.3  12.3 682.0  0.36
       6 26  87.1  61.7  75.9  65.5  62.6        26.6 276.2  11.5 708.0  0.35
       6 27  89.2  68.1  77.2  67.7  64.8  0.03  32.4 253.1  10.5 622.0  0.35
       6 28  87.8  63.7  75.2  65.4  62.3  0.01  30.5 130.0   5.4 560.5  0.28
       6 29  81.9  58.8  70.6  54.3  50.9  0.01  23.8 168.5   7.0 719.0  0.36
       6 30  83.5  54.5  70.6  58.9  54.6  0.01  29.5 189.9   7.9 669.4  0.33
       7  1  92.1  56.3  75.4  58.5  58.1        17.8  96.8   4.0 657.9  0.30
       7  2  93.1  60.0  79.2  54.6  59.5        18.0 130.2   5.4 709.0  0.33
       7  3  95.1  64.9  79.7  52.2  58.7        19.0 132.0   5.5 619.1  0.34
       7  4  91.4  56.3  77.1  57.5  60.2        23.8 137.9   5.7 646.4  0.32
       7  5  93.8  61.1  76.9  63.2  62.8  0.08  24.5 122.8   5.1 610.1  0.32
       7  6  83.8  61.0  72.7  70.4  62.4        17.5 149.0   6.2 461.4  0.24
       7  7  89.6  62.3  73.9  69.6  62.5        25.3 149.7   6.2 622.2  0.31
       7  8  79.5  59.0  67.2  57.8  51.3        20.2 126.1   5.3 563.9  0.29
       7  9  67.4  58.2  61.5  77.3  54.2  0.08  18.4 159.5   6.6 181.8  0.14
       7 10  72.7  58.0  64.1  79.4  57.5  0.05  25.4 212.5   8.9 474.9  0.22
       7 11  78.5  55.3  66.1  79.6  59.3        22.5 137.4   5.7 482.3  0.20
       7 12  79.0  54.8  67.0  66.2  53.7        13.9  87.6   3.6 644.8  0.24
       7 13  81.6  52.1  67.1  66.3  54.3  0.02  23.9 146.8   6.1 492.1  0.25
       7 14  83.9  50.5  67.6  56.6  48.3  0.02  17.2 107.4   4.5 689.7  0.30
       7 15  91.2  50.6  68.8  68.4  56.9  0.27  46.7 150.3   6.3 502.0  0.30
       7 16  90.9  60.1  73.8  66.8  60.8        24.1 108.0   4.5 585.2  0.27
       7 17  98.2  58.7  80.4  48.7  56.5        15.1 105.8   4.4 640.3  0.31
       7 18  95.0  62.9  79.5  52.1  58.5  2.72  44.8 175.5   7.3 651.5  0.37
       7 19  79.0  66.8  72.3  69.5  62.7  0.09  24.6 144.2   6.0 439.0  0.23
       7 20  89.5  63.5  75.8  67.3  62.4        14.4 114.6   4.8 626.5  0.30
       7 21  90.6  66.9  77.1  57.1  56.7  0.01  21.1 149.0   6.2 702.0  0.36
       7 22  78.2  61.0  70.6  71.2  58.7  0.07  31.1 152.0   6.3 474.8  0.23
       7 23  81.2  56.8  68.9  75.2  58.7        22.4 108.0   4.5 542.3  0.24
       7 24  78.2  60.2  67.7  75.0  55.5  0.02  14.2  98.5   4.1 483.8  0.23
       7 25  83.8  52.6  66.5  72.0  55.8  0.78  39.4 175.8   7.3 529.8  0.28
       7 26  80.0  56.7  67.6  72.9  58.3        14.0  98.3   4.1 619.5  0.24
       7 27  83.0  57.7  71.4  70.6  60.6        14.2  96.6   4.0 663.3  0.24
       7 28  84.6  62.6  71.7  76.2  63.1        21.4 142.1   5.9 491.2  0.23
       7 29  80.1  62.6  70.2  73.6  60.5        13.7  97.3   4.1 565.2  0.23
       7 30  81.1  59.0  67.0  84.8  61.7  0.12  26.6 125.9   5.2 430.9  0.20
       7 31  79.8  56.4  66.8  85.2  62.0  0.06  32.4  87.2   3.6 491.0  0.19
       8  1  82.3  55.4  69.3  84.1  64.1  0.09  14.8  87.0   3.6 540.3  0.19
       8  2  85.6  63.2  73.1  80.9  66.4  0.10  20.4 137.0   5.7 562.9  0.23
       8  3  87.3  64.7  74.6  75.4  66.0  0.07  27.5 153.2   6.4 567.9  0.25
       8  4  88.4  58.9  71.8  73.5  61.9  0.09  37.8 131.8   5.5 583.5  0.27
       8  5  83.1  55.1  71.0  64.7  56.5  0.02  22.4 188.0   7.8 667.1  0.31
       8  6  83.1  61.0  71.8  73.6  62.3        20.1 143.1   6.0 638.8  0.26
       8  7  82.9  52.0  68.2  59.1  52.6        19.0  77.5   3.2 654.8  0.26
       8  8  81.1  60.5  71.1  65.9  58.5        18.4 167.4   7.0 638.1  0.28
       8  9  80.1  57.1  68.7  72.7  59.3  0.08  33.0 186.5   7.8 562.3  0.25
       8 10  83.2  54.8  68.6  72.8  58.5  0.02  16.8 108.9   4.5 638.9  0.25
       8 11  82.7  51.2  67.4  71.7  56.5        12.4  93.7   3.9 655.5  0.25
       8 12  86.7  52.2  71.6  68.7  59.5        21.9 134.9   5.6 608.8  0.25
       8 13  83.8  56.2  70.5  80.2  63.8        14.9  99.4   4.1 588.1  0.21
       8 14  80.4  63.2  70.2  78.0  62.7        20.9 133.1   5.5 474.8  0.20
       8 15  82.8  59.8  68.6  83.1  62.7  0.87  33.6 144.6   6.0 475.5  0.22
       8 16  80.3  56.8  67.7  83.8  62.0        14.0  87.8   3.7 577.8  0.21
       8 17  79.8  62.5  69.3  81.4  62.9  0.02  19.3 163.0   6.8 536.7  0.22
       8 18  78.3  60.3  66.4  87.0  62.4  0.95  30.0 162.7   6.8 293.5  0.15
       8 19  74.7  58.1  66.0  82.4  60.0  0.02  19.0 128.1   5.3 543.8  0.19
       8 20  83.9  58.2  71.7  73.6  62.0        21.7 186.1   7.8 593.2  0.25
       8 21  89.0  63.2  73.5  79.1  66.3  0.06  27.5 131.2   5.5 482.3  0.21
       8 22  76.1  58.4  67.0  78.2  59.2  0.02  18.6 144.3   6.0 515.9  0.21
       8 23  78.8  57.3  67.3  75.9  58.7        19.8 125.2   5.2 515.3  0.21
       8 24  83.5  61.8  70.0  79.7  62.9        21.3 150.0   6.3 411.7  0.20
       8 25  87.6  56.3  72.3  71.6  60.7        11.9  72.0   3.0 553.2  0.20
       8 26  81.9  57.4  70.0  77.1  61.6        14.4 108.8   4.5 564.0  0.21
       8 27  83.0  55.3  69.2  72.7  58.6        20.0 140.8   5.9 498.7  0.22
       8 28  82.3  58.9  71.7  71.0  61.2        22.3 184.6   7.7 478.7  0.22
       8 29  80.0  58.6  68.2  80.7  61.5  1.95  39.5 183.9   7.7 365.9  0.18
       8 30  73.2  57.9  62.7  87.6  58.6  0.90  14.4  91.5   3.8 323.8  0.14
       8 31  77.0  54.2  64.4  86.5  59.7  0.03  20.6 153.3   6.4 336.5  0.15
       9  1  85.0  61.3  70.7  77.9  62.2        17.5 122.2   5.1 541.7  0.21
       9  2  78.9  63.7  69.0  88.2  64.9  0.01  19.8 126.0   5.3 379.9  0.15
       9  3  86.1  57.6  71.0  73.1  59.6        14.1  90.5   3.8 527.0  0.20
       9  4  87.0  51.8  70.5  70.5  58.9        20.1 121.9   5.1 534.6  0.22
       9  5  87.3  62.8  74.9  61.3  58.8  0.01  30.8 253.0  10.5 539.3  0.31
       9  6  70.4  54.8  61.7  87.8  58.0  0.20  27.5 221.2   9.2 169.2  0.12
       9  7  73.4  53.3  60.7  82.7  54.8        17.3 141.3   5.9 482.0  0.19
       9  8  78.1  47.2  63.1  77.4  55.3        13.3  93.4   3.9 537.8  0.18
       9  9  84.8  53.3  69.3  70.3  57.6        21.4 115.5   4.8 501.2  0.19
       9 10  87.1  50.6  69.6  62.6  54.9        32.9 106.0   4.4 506.4  0.20
       9 11  69.6  58.6  63.5  78.6  56.6        16.2 169.0   7.0 199.9  0.11
       9 12  70.8  51.0  61.2  63.5  48.3        19.4 159.3   6.6 474.5  0.20
       9 13  71.9  51.4  60.3  70.9  50.5        27.0 225.0   9.4 299.7  0.18
       9 14  56.8  52.5  55.1  93.9  53.3        18.6 217.9   9.1  71.1  0.04
       9 15  60.0  51.5  54.7  97.3  53.8  0.25  13.3 108.3   4.5 132.4  0.05
       9 16  64.8  53.8  57.1  94.6  55.4  0.04  20.6 194.6   8.1 191.2  0.08
       9 17  60.4  49.5  56.4  98.3  56.1  1.15  33.4 263.6  11.0  63.8  0.01
       9 18  64.3  48.1  54.8  82.1  49.0  0.16  26.2 168.5   7.0 320.0  0.12
       9 19  60.8  43.1  51.3  83.1  46.2  1.80  45.1 314.6  13.1 307.3  0.14
       9 20  64.3  40.7  52.1  67.9  40.9        26.4 221.2   9.2 359.5  0.17
       9 21  78.4  35.9  54.4  72.7  44.3        17.0 107.4   4.5 469.8  0.17
       9 22  72.3  44.2  58.4  76.2  50.9        14.4  93.9   3.9 422.4  0.12
       9 23  62.8  44.5  53.1  80.2  46.8  0.01  23.5 162.5   6.8 328.1  0.12
       9 24  69.5  46.5  56.3  79.1  50.0  0.10  26.7 201.8   8.4 328.9  0.14
       9 25  67.1  37.1  49.6  87.0  46.9  0.05  33.6 250.0  10.4 137.7  0.12
       9 26  54.3  34.9  42.5  73.7  34.0        26.7 185.5   7.7 337.9  0.14
       9 27  57.0  31.4  43.2  59.5  28.2        25.8 225.8   9.4 458.1  0.18
       9 28  75.0  39.7  56.4  64.2  42.6        18.9 138.1   5.8 450.2  0.15
       9 29  79.7  37.7  58.7  64.0  43.9  0.01  23.2 145.5   6.1 446.3  0.17
       9 30  85.4  39.9  64.0  53.7  44.2        24.3 120.1   5.0 445.1  0.17
      10  1  87.9  48.2  65.6  51.3  42.4        27.6 204.6   8.5 444.2  0.28
      10  2  53.5  38.5  46.4  68.4  36.5        27.2 227.1   9.5 295.9  0.14
      10  3  67.3  37.0  50.1  66.2  38.9        23.5 209.4   8.7 344.3  0.18
      10  4  75.9  40.3  56.0  75.8  47.4        13.5  81.4   3.4 373.2  0.12
      10  5  83.0  43.4  62.4  63.4  47.2        16.4 109.0   4.5 412.1  0.15
      10  6  70.1  45.8  57.6  61.4  43.5        20.9 169.3   7.1 393.4  0.16
      10  7  62.3  44.8  51.6  79.9  45.4  0.12  20.2 103.2   4.3 299.8  0.10
      10  8  75.2  39.2  54.8  65.5  39.9  0.02  29.3 177.5   7.4 410.3  0.20
      10  9  68.6  37.9  51.8  63.6  37.9        15.6 105.0   4.4 399.6  0.14
      10 10  70.0  37.4  53.5  62.2  39.7        25.7 172.7   7.2 393.2  0.16
      10 11  89.8  40.9  61.7  54.9  40.2        18.9 133.6   5.6 399.9  0.21
      10 12  86.5  41.7  61.2  50.1  37.8        19.1 130.5   5.4 391.5  0.20
      10 13  85.9  41.0  61.4  53.1  41.3        13.9  76.2   3.2 378.7  0.15
      10 14  78.2  38.0  56.1  56.3  37.9        30.8 133.4   5.6 323.1  0.17
      10 15  75.9  33.8  53.3  58.5  35.5        26.0 139.7   5.8 368.0  0.18
      10 16  65.2  37.6  48.9  61.9  35.1  0.08  33.0 209.6   8.7 338.0  0.17
      10 17  45.5  23.9  36.5  77.4  30.0  0.01  27.2 233.0   9.7 181.2  0.08
      10 18  67.8  19.5  43.1  53.5  21.8  0.01  31.8 147.6   6.2 372.0  0.16
      10 19  70.2  32.4  49.0  56.9  32.7        36.6 157.2   6.5 246.7  0.13
      10 20  51.5  33.9  44.1  64.0  32.6  0.04  36.7 319.7  13.3 268.8  0.11
      10 21  45.7  20.3  33.4  58.8  19.3        30.7 232.0   9.7 256.6  0.11
      10 22  58.5  16.1  38.2  49.7  18.3        26.1 202.2   8.4 354.3  0.15
      10 23  60.0  30.1  46.3  39.8  22.8        17.4 121.4   5.1 245.0  0.09
      10 24  67.0  25.3  47.1  51.2  27.2        18.1 102.9   4.3 295.8  0.09
      10 25  62.7  36.0  50.8  52.8  33.0        19.5 137.8   5.7 212.3  0.08
      10 26  50.1  33.3  42.4  80.3  36.9  0.06  41.9 294.9  12.3 162.9  0.07
      10 27  47.3  28.3  35.1  75.0  27.5        17.5 122.9   5.1 209.5  0.08
      10 28  62.9  22.9  45.1  72.9  36.6        27.7 154.7   6.4 334.7  0.09
      10 29  52.3  31.8  44.6  74.5  37.5  0.35  62.9 468.8  19.5 177.9  0.08
      10 30  35.1  26.0  30.6  78.8  24.8        12.8  90.5   3.8 110.6  0.04
      10 31  33.3  26.7  31.6  68.6  22.6        12.6  96.2   4.0  82.0  0.04
      11  1  52.5  21.3  36.3  63.1  22.4        30.0 205.4   8.6 230.2      
      11  2  62.2  22.6  41.1  61.8  27.2        13.8 103.2   4.3 307.1      
      11  3  66.3  25.2  45.5  59.3  30.5        12.9 106.5   4.4 283.8      
      11  4  60.9  29.7  47.2  52.2  29.2        33.8 255.6  10.7 299.0      
      11  5  58.8  28.6  42.4  64.8  30.7  0.01  29.4 218.9   9.1 154.9      
      11  6  47.1  24.6  35.6  49.2  16.9        28.6 256.3  10.7 226.6      
      11  7  51.1  26.2  36.8  41.7  15.3        37.6 310.6  12.9 197.7      
      11  8  48.3  19.4  36.3  44.9  16.4        25.1 155.2   6.5 256.9      
      11  9  58.8  30.8  44.0  58.8  29.3        31.3 230.6   9.6 256.4      
      11 10  58.2  24.8  37.4  70.7  27.8        13.4 112.8   4.7 252.3      
      11 11  33.8  17.6  24.4  74.8  17.3        14.2 131.6   5.5 214.4      
      11 12  54.0  22.2  35.7  65.6  24.8        19.7 180.5   7.5 252.6      
      11 13  31.2  24.2  28.2  94.1  26.8        17.5 198.6   8.3  37.8      
      11 14  27.9  23.7  26.2  98.8  25.9        23.2 262.3  10.9  52.2      
      11 15  36.0  26.1  31.0  96.3  30.0  0.04  22.1 171.8   7.2  71.7      
      11 16  26.2   6.8  17.0  86.4  14.2  0.06  34.3 317.7  13.2 103.2      
      11 17  38.5   5.4  22.7  78.4  18.9        19.7 143.1   6.0 241.0      
      11 18  44.6  19.9  32.5  85.7  29.0        14.2 113.5   4.7 124.4      
      11 19  73.7  28.8  42.8  79.8  35.3        21.3 170.4   7.1 235.6      
      11 20  68.8  25.8  40.8  78.0  31.5        38.2 273.9  11.4 240.8      
      11 21  36.7  20.0  28.0  88.1  25.2        17.5 158.6   6.6 119.7      
      11 22  35.7  31.0  32.8 101.5  32.8        18.1 201.1   8.4  33.4      
      11 23  31.8   5.9  16.9  82.9  13.9  0.02  27.5 259.8  10.8 142.0      
      11 24  39.0   6.0  20.8  69.4  11.6        10.7  80.7   3.4 246.8      
      11 25  42.7  15.2  28.3  70.5  19.4        19.2 191.1   8.0 223.3      
      11 26  25.0  15.2  21.0  92.0  19.3  0.06   8.5  60.6   2.5  61.5      
      11 27  41.4  20.4  27.6  84.6  23.5  0.01  17.1 142.8   6.0 222.7      
      11 28  54.5  17.1  31.0  73.9  22.4        13.9 137.0   5.7 241.0      
      11 29  38.8  23.7  31.6  82.8  27.1  0.02  28.9 269.4  11.2 102.9      
      11 30  36.2  15.4  26.9  68.9  17.7        23.8 230.2   9.6 215.5      
      12  1  53.0  13.3  29.7  62.0  16.5        17.4 135.0   5.6 219.4      
      12  2  36.7  17.9  29.2  67.7  20.0        36.5 251.6  10.5  73.3      
      12  3  44.9  11.5  27.9  44.2   7.3  0.01  24.5 117.9   4.9 214.0      
      12  4  35.7  11.5  22.9  57.3   9.0        32.2 225.7   9.4 173.1      
      12  5  57.1   8.6  32.7  51.3  17.3        32.1 185.2   7.7  96.9      
      12  6  47.4  20.8  32.4  55.0  16.3        22.9 194.8   8.1 158.9      
      12  7  47.8  19.1  31.9  45.7  10.9  0.01  37.9 288.1  12.0 225.5      
      12  8  61.2  17.1  37.0  49.9  19.7        14.4 124.1   5.2 205.4      
      12  9  63.5  28.1  42.0  51.3  23.5        17.6 127.5   5.3 159.8      
      12 10  62.2  29.7  44.0  54.4  28.0        25.6 147.5   6.1  78.7      
      12 11  61.0  22.7  37.7  64.3  24.4        28.2 169.1   7.0 126.5      
      12 12  61.9  18.5  38.5  60.2  24.0        21.6 138.3   5.8 203.1      
      12 13  48.1  31.2  40.4  60.8  27.8        24.0 149.6   6.2 101.3      
      12 14  39.5  19.5  31.6  60.7  19.5  0.01  51.9 425.6  17.7 191.5      
      12 15  41.1  16.8  27.2  44.0   6.7        23.0 212.5   8.9 217.5      
      12 16  37.0   9.9  24.9  61.2  14.7  0.04  35.6 315.6  13.2  64.5      
      12 17  14.1   6.4  11.0  54.4  -2.0        47.2 583.2  24.3 107.9      
      12 18  10.6  -4.8   4.9  53.5  -8.4        36.9 295.7  12.3 148.8      
      12 19  27.3  -7.6  12.3  70.0   6.9        14.3 117.2   4.9 128.0      
      12 20  44.7   9.5  27.3  56.2  11.8        18.6 169.9   7.1 159.1      
      12 21  41.2  20.3  32.2  62.2  20.0        20.6 162.6   6.8  92.5      
      12 22  20.9  11.2  17.7  96.0  16.9        15.2 171.4   7.1  31.5      
      12 23  11.4  -1.6   4.0  74.5  -1.9  0.01  20.8 180.4   7.5 164.5      
      12 24  42.4  -4.1  13.7  72.8   7.8  0.01  26.6 126.9   5.3 176.4      
      12 25  14.2  -0.4   5.8  76.5   0.1        18.6 207.3   8.6 159.1      
      12 26  23.2  -3.1  10.7  56.7  -1.4        18.4 140.3   5.8 191.8      
      12 27  53.8  18.4  31.5  55.6  16.8        17.2 115.9   4.8 159.7      
      12 28  58.8  19.5  34.3  56.4  16.5        32.4 208.4   8.7 188.8      
      12 29  64.6  15.8  36.6  48.7  15.4        17.6 149.3   6.2 201.8      
      12 30  61.1  30.9  43.4  48.6  24.7        33.4 182.5   7.6  95.2      
      12 31  64.6  30.8  44.4  52.1  26.8        24.8 168.0   7.0 180.5      

      Total                               23.35                         47.52
        Max  98.2  68.1  80.4 101.5  66.4        62.9 583.2  24.3 738.0
        Min   2.7 -21.5  -6.6  26.6 -16.6         6.8  51.2   2.1  31.5
        Ave  62.2  34.0  47.5  64.1  34.6        24.9 184.4   7.7 374.9
