                                                                    07-JUN-00
      Cellular-linked Weather Station near OVID, Colorado                1998
      -----------------------------------------------------------------------------
               Temperature      Rel   Dew             Wind        Solar StandrdASCE
            ----------------- Humid Point  Prec -----------------   Rad   ETr   ETo
       Date   Max   Min   Ave   Ave   Ave Total   Max Total   Ave Total Alflf Grass
      MoDay     F     F     F     %     F  inch   mph miles   mph Langl  inch  inch
      ----- ----- ----- ----- ----- ----- ----- ----- ----- ----- ----- ----- -----
       1  1  64.7  26.4  40.7  64.1  27.3        14.8 135.4   5.6 218.9            
       1  2  51.8  27.8  35.5  76.0  28.2        14.1 134.8   5.6 119.2            
       1  3  37.8  16.8  21.1  75.8  15.3        27.1 184.4   7.7  98.1            
       1  4  42.5  17.0  27.0  80.9  22.2        14.4 100.3   4.2 148.3            
       1  5  39.9  16.3  26.2  90.6  24.0        16.7  93.4   3.9 200.6            
       1  6  40.5  13.4  27.6  75.0  20.0        17.6 127.2   5.3 203.5            
       1  7  48.4  11.3  24.3  64.6  12.1        16.9 142.0   5.9 233.5            
       1  8  52.1  10.4  26.4  65.8  14.3        32.1 188.9   7.9 226.1            
       1  9  21.0   6.9  13.5  65.3   4.0        22.1 162.7   6.8 226.5            
       1 10  24.9   9.3  18.1  71.4  10.5        16.3 187.5   7.8 129.9            
       1 11  37.6  11.6  22.2  81.4  17.3  0.01  20.2 212.9   8.9 170.1            
       1 12  14.0   0.5   7.5  83.4   3.8        22.4 137.0   5.7 210.5            
       1 13  28.6  13.3  23.1  93.4  21.6        20.4 202.0   8.4  84.9            
       1 14  47.1  15.6  30.1  66.9  19.0  0.01  22.9 172.1   7.2 228.7            
       1 15  46.2  12.0  29.5  64.7  18.9  0.05  22.4 152.7   6.4 106.2            
       1 16  43.4  23.4  33.5  63.7  21.8        27.0 212.7   8.9 243.6            
       1 17  45.4  20.0  33.2  74.8  26.4  0.02  36.9 145.9   6.1  91.9            
       1 18  47.5  21.4  32.8  82.2  27.4        27.4 162.5   6.8 230.8            
       1 19  42.1  17.0  30.1  84.0  25.8        20.7 156.8   6.5 191.5            
       1 20  34.2  25.6  29.3  94.1  27.5        21.5 139.1   5.8  66.0            
       1 21  33.4  11.3  23.3  84.0  18.9        13.0  80.6   3.4 202.8            
       1 22  42.4   9.8  24.7  68.4  14.1  0.01  21.0 137.3   5.7 261.6            
       1 23  42.4  15.6  28.4  61.6  15.8        30.7 202.2   8.4 264.0            
       1 24  47.0  13.1  29.1  65.0  18.2  0.01  18.1 155.7   6.5 128.6            
       1 25  49.5  23.5  37.1  59.3  23.1        16.4 158.9   6.6 174.4            
       1 26  54.6  22.9  35.6  52.8  17.9        17.4 154.1   6.4 278.5            
       1 27  58.1  18.6  34.7  52.3  17.0        11.8 113.6   4.7 227.5            
       1 28  52.0  20.5  37.4  53.9  21.3        28.5 253.4  10.6 212.8            
       1 29  56.7  15.6  32.2  62.4  18.2        15.0 123.5   5.1 281.7            
       1 30  60.2  15.3  35.2  54.0  17.0        12.9 142.2   5.9 283.6            
       1 31  50.0  27.2  37.2  71.2  28.3        20.4 210.3   8.8 223.6            
       2  1  51.3  16.7  30.2  69.8  19.9        17.8 129.0   5.4 275.7            
       2  2  45.2  13.8  27.5  77.5  21.3        15.1 125.2   5.2 219.9            
       2  3  33.5  25.5  29.8  97.3  29.1        21.1 204.6   8.5  58.5            
       2  4  35.8  25.8  31.2  92.1  29.2        22.7 279.8  11.7  56.5            
       2  5  34.9  25.8  29.0  95.9  28.0  0.01  13.6 144.3   6.0 123.9            
       2  6  42.0  25.6  31.2  87.4  27.3  0.03  26.1 147.9   6.2 163.5            
       2  7  41.5  22.5  32.6  86.9  29.4        21.4 181.4   7.6 123.7            
       2  8  59.9  26.1  41.8  66.0  29.0        17.0 151.0   6.3 293.3            
       2  9  43.5  32.8  39.0  88.0  35.7  0.31  15.1 155.7   6.5  73.5            
       2 10  45.3  31.7  35.8  89.8  32.9  0.11  21.7 198.1   8.3 183.3            
       2 11  46.9  23.6  34.4  67.6  23.6        15.9 145.2   6.0 338.2            
       2 12  47.4  19.5  32.1  70.0  21.8        19.3 130.9   5.5 341.7            
       2 13  50.5  19.7  33.9  65.0  21.4        14.4  97.3   4.1 313.8            
       2 14  54.5  28.0  37.1  80.7  30.9        18.3 118.6   4.9 281.5            
       2 15  53.1  33.7  41.7  92.4  39.0  0.02  27.5 191.7   8.0 136.0            
       2 16  40.2  32.4  36.6  99.7  36.4  0.03  20.5 169.9   7.1  65.6            
       2 17  40.1  31.3  35.4  98.5  34.8  0.01  10.0  69.8   2.9  84.4            
       2 18  46.8  26.6  34.7  88.1  30.8  0.03  20.5 158.0   6.6 208.6            
       2 19  50.3  21.8  33.4  76.3  25.4        22.9 150.1   6.3 309.6            
       2 20  51.7  17.8  32.9  64.9  19.4        14.4  98.5   4.1 375.0            
       2 21  58.7  19.8  37.2  65.3  24.7        14.4  93.2   3.9 368.8            
       2 22  62.9  21.7  40.1  60.4  24.9  0.01  29.0 148.3   6.2 211.3            
       2 23  53.9  29.0  40.8  60.6  26.6        25.2 167.4   7.0 354.6            
       2 24  58.9  27.4  44.5  62.1  32.7        34.8 276.5  11.5 281.0            
       2 25  54.5  33.3  38.1  63.0  26.7  0.04  54.1 547.7  22.8  91.7            
       2 26  39.2  26.1  32.5  47.4  14.5        43.5 503.3  21.0 375.4            
       2 27  33.3  25.1  28.2  50.0  11.8        43.9 568.8  23.7 176.1            
       2 28  37.7  22.9  29.5  41.2   7.9  0.01  41.3 537.1  22.4 398.8            
       3  1  33.3  13.8  26.0  50.8   9.5        39.5 406.8  16.9 164.1  0.09  0.06
       3  2  40.0  16.5  27.2  58.6  13.2        17.7 122.2   5.1 376.1  0.07  0.06
       3  3  49.7  11.4  31.1  57.6  16.1        16.6  96.1   4.0 422.5  0.08  0.07
       3  4  26.3  19.5  22.5  89.5  19.9        17.4 163.3   6.8  85.6  0.02  0.02
       3  5  42.5  21.4  29.4  70.3  20.2        25.1 127.7   5.3 346.7  0.06  0.06
       3  6  29.9  21.7  25.7  87.9  22.5  0.02  26.6 266.5  11.1  53.6  0.02  0.02
       3  7  25.0  10.7  19.2  90.9  17.3  0.15  27.3 281.3  11.7 258.1  0.04  0.02
       3  8  22.8   5.1  12.7  76.2   6.6        23.8 241.5  10.1 458.9  0.07  0.04
       3  9  25.8   4.8  14.8  76.9   8.8        12.6  94.6   3.9 418.0  0.05  0.04
       3 10  45.4   2.2  22.4  69.4  13.7        34.0 222.1   9.3 328.6  0.08  0.07
       3 11  24.8  -1.6  13.1  56.2   0.2        22.3 195.6   8.2 395.0  0.06  0.05
       3 12  55.7  15.6  34.3  60.6  20.5        20.9 162.4   6.8 460.7  0.09  0.09
       3 13  60.8  20.5  39.1  62.5  24.1        17.4 160.4   6.7 473.6  0.11  0.11
       3 14  49.8  18.3  33.1  68.6  22.3        20.5 158.8   6.6 457.1  0.10  0.08
       3 15  49.9  18.1  31.6  81.8  26.2        15.3 108.9   4.5 411.5  0.09  0.07
       3 16  41.0  27.6  34.2  95.1  32.8        14.7 122.7   5.1 142.0  0.03  0.02
       3 17  49.0  31.4  38.4  91.1  35.4        16.0 134.5   5.6 189.7  0.04  0.04
       3 18  36.4  28.8  31.0  96.0  29.9  0.02  24.7 265.8  11.1  62.9  0.03  0.02
       3 19  38.7  23.6  30.1  71.9  21.8  0.01  27.4 255.3  10.6 312.1  0.09  0.06
       3 20  55.9  17.4  36.6  60.5  21.6        14.4  91.2   3.8 498.5  0.10  0.10
       3 21  61.6  22.4  41.5  51.7  21.0        21.2 145.5   6.1 500.9  0.13  0.13
       3 22  53.7  25.3  42.5  59.5  29.1        21.6 156.8   6.5 411.9  0.10  0.09
       3 23  61.0  38.4  47.7  62.1  34.8        20.5 205.2   8.6 378.5  0.13  0.12
       3 24  80.1  38.0  58.2  54.4  37.3        22.1 146.8   6.1 396.8  0.15  0.16
       3 25  82.3  35.2  59.9  49.2  35.6        28.1 152.0   6.3 484.6  0.19  0.19
       3 26  77.6  36.4  56.8  50.2  35.5        43.0 184.4   7.7 464.2  0.20  0.20
       3 27  67.6  38.6  51.3  61.5  36.6        28.9 221.9   9.2 301.6  0.17  0.16
       3 28  61.9  37.2  48.8  83.7  43.7  0.03  41.8 270.3  11.3 173.0  0.10  0.08
       3 29  59.0  31.9  45.6  78.7  39.8        37.5 271.9  11.3 357.4  0.13  0.10
       3 30  40.7  27.8  34.4  70.7  25.8        24.0 305.5  12.7 240.4  0.10  0.07
       3 31  42.6  27.1  34.5  57.0  19.9        32.2 312.0  13.0 194.2  0.11  0.09
       4  1  63.2  24.9  44.7  44.6  22.3        20.8 171.7   7.2 566.6  0.17  0.16
       4  2  51.4  34.3  42.8  55.8  27.6        31.3 291.7  12.2 175.1  0.11  0.10
       4  3  58.9  28.3  42.3  57.1  25.9        22.8 173.8   7.2 560.4  0.16  0.14
       4  4  60.8  31.0  44.2  72.7  34.4  0.02  38.9 309.7  12.9 522.2  0.19  0.14
       4  5  68.2  35.9  49.4  56.9  31.0        29.7 142.7   5.9 467.7  0.16  0.15
       4  6  59.5  36.2  48.8  55.4  33.2        23.7 216.4   9.0 224.0  0.11  0.11
       4  7  48.1  34.1  42.0  71.4  33.5        27.5 295.3  12.3 234.7  0.10  0.07
       4  8  51.8  26.0  39.6  63.1  27.1        29.0 277.3  11.6 518.3  0.17  0.12
       4  9  59.3  19.7  39.6  58.2  24.0        13.9  90.1   3.8 527.6  0.14  0.12
       4 10  68.8  24.8  48.6  44.3  23.2        34.3 147.9   6.2 575.1  0.18  0.17
       4 11  85.0  33.1  62.7  31.8  27.5  0.01  42.1 266.3  11.1 606.5  0.29  0.29
       4 12  72.5  46.5  61.4  33.5  30.1        38.8 367.9  15.3 431.5  0.27  0.25
       4 13  62.4  34.8  50.1  60.9  34.8  0.01  22.4 186.9   7.8 562.7  0.20  0.16
       4 14  45.5  38.1  40.7  94.3  39.1  0.62  21.6 233.9   9.7  86.8  0.06  0.04
       4 15  47.8  31.2  39.4  82.2  34.0  0.04  22.1 213.4   8.9 292.9  0.10  0.07
       4 16  48.4  26.2  36.7  66.3  25.1        16.9 123.5   5.1 568.2  0.14  0.11
       4 17  58.5  24.5  42.2  61.9  27.7  0.04  43.7 179.7   7.5 472.9  0.15  0.12
       4 18  54.3  35.2  43.1  68.5  32.1        19.4 164.0   6.8 486.6  0.14  0.11
       4 19  57.9  28.8  43.3  54.3  25.6  0.01  33.4 228.6   9.5 576.4  0.19  0.15
       4 20  56.7  25.2  41.3  54.8  23.5        18.0 140.3   5.8 642.4  0.18  0.15
       4 21  61.5  32.1  46.8  54.2  29.2        22.2 151.4   6.3 557.9  0.17  0.14
       4 22  70.4  25.7  49.6  47.9  26.0        14.7  84.6   3.5 652.5  0.19  0.16
       4 23  78.6  33.7  59.6  36.1  29.9        22.8 167.8   7.0 630.2  0.24  0.22
       4 24  78.5  46.8  61.4  46.3  39.3        27.4 195.2   8.1 432.4  0.22  0.20
       4 25  67.6  43.6  57.3  44.9  35.3  0.01  31.2 290.6  12.1 590.5  0.26  0.21
       4 26  62.8  36.8  49.6  49.7  29.9        33.3 296.3  12.3 610.9  0.27  0.21
       4 27  50.9  34.1  41.8  79.9  36.3        25.2 208.8   8.7 162.7  0.09  0.07
       4 28  61.5  26.8  44.5  47.2  22.3  0.01  24.5 188.5   7.9 635.5  0.23  0.18
       4 29  67.7  22.5  45.6  45.3  22.0        14.2  87.2   3.6 671.9  0.21  0.17
       4 30  74.1  27.6  52.9  43.3  28.5        24.0 133.3   5.6 636.0  0.22  0.19
       5  1  69.7  36.8  54.5  53.7  37.0  0.01  26.3 213.9   8.9 528.5  0.21  0.17
       5  2  64.2  30.3  49.0  51.8  30.2  0.01  21.0 132.7   5.5 672.6  0.21  0.17
       5  3  75.9  32.3  57.5  47.6  36.4        21.5 151.0   6.3 632.4  0.24  0.20
       5  4  76.4  40.8  59.7  52.8  40.2  0.01  32.1 255.6  10.7 620.8  0.28  0.23
       5  5  66.7  46.1  55.2  63.5  42.7  0.31  24.0 142.9   6.0 402.0  0.17  0.14
       5  6  70.3  45.7  56.1  72.5  46.4  0.03  26.6 156.9   6.5 434.5  0.18  0.15
       5  7  54.6  37.5  46.7  82.4  41.5  0.01  17.4  93.9   3.9 278.7  0.10  0.08
       5  8  49.0  40.0  45.1  99.7  44.9  0.42  18.7 153.7   6.4  57.4  0.03  0.02
       5  9  55.9  44.6  48.8  95.6  47.4  0.12  15.2 150.4   6.3 181.0  0.06  0.05
       5 10  65.4  46.8  55.8  85.2  51.0  0.04  29.6 246.5  10.3 354.9  0.12  0.09
       5 11  63.0  45.0  55.7  83.6  50.6  0.01  28.6 213.1   8.9 351.4  0.11  0.08
       5 12  69.7  38.9  56.3  66.5  44.3        18.0 147.0   6.1 596.4  0.20  0.16
       5 13  85.3  51.3  67.4  56.3  48.0        31.5 290.2  12.1 484.8  0.31  0.26
       5 14  77.5  48.1  64.2  48.5  43.1  0.09  38.1 285.6  11.9 596.9  0.31  0.25
       5 15  70.8  46.5  56.9  63.4  42.5        34.0 253.6  10.6 541.0  0.27  0.21
       5 16  77.6  45.2  63.3  51.2  42.5        22.0 134.5   5.6 628.4  0.26  0.21
       5 17  88.2  44.3  67.0  43.5  41.1        27.2 124.3   5.2 673.4  0.30  0.25
       5 18  85.6  41.4  64.5  49.1  42.8        20.9 103.4   4.3 536.3  0.25  0.20
       5 19  83.0  50.9  66.4  63.8  53.0  0.12  28.8 209.9   8.7 564.8  0.28  0.22
       5 20  78.1  52.8  66.4  74.9  57.4  0.04  23.5 196.1   8.2 590.2  0.24  0.18
       5 21  77.7  54.6  64.3  90.1  61.1  0.32  30.8 190.4   7.9 307.2  0.15  0.12
       5 22  69.1  51.5  58.7  88.3  55.0  0.29  26.4 185.9   7.7 406.5  0.17  0.13
       5 23  70.5  46.8  58.3  72.1  47.7  0.03  20.2 130.1   5.4 568.0  0.22  0.17
       5 24  73.1  42.7  57.9  78.3  49.8  0.31  26.7 111.8   4.7 521.0  0.19  0.15
       5 25  69.8  49.8  59.4  80.1  52.8  0.01  14.9 102.5   4.3 522.3  0.17  0.14
       5 26  74.8  52.4  62.9  78.2  55.6  0.06  34.5 251.4  10.5 484.5  0.21  0.16
       5 27  87.2  55.8  67.8  69.9  55.6  0.01  16.1 115.1   4.8 663.7  0.28  0.22
       5 28  86.6  54.0  69.9  60.9  54.2  0.06  23.7 130.9   5.5 669.4  0.29  0.23
       5 29  79.4  52.4  68.1  70.7  57.1        20.2 178.9   7.5 541.9  0.23  0.18
       5 30  83.5  56.0  69.6  67.2  56.4        17.9 118.5   4.9 422.6  0.22  0.17
       5 31  78.4  50.0  64.6  55.2  45.6  0.02  26.7 153.4   6.4 634.3  0.30  0.23
       6  1  85.5  57.0  72.0  33.8  38.3        42.3 259.6  10.8 682.3  0.42  0.33
       6  2  81.2  48.5  65.8  43.1  41.4  0.01  31.4 263.1  11.0 686.5  0.39  0.30
       6  3  48.6  40.3  43.6  77.4  36.9  0.01  21.9 215.2   9.0 170.5  0.13  0.09
       6  4  46.1  39.9  41.6  95.3  40.2  0.03  14.2 161.3   6.7 136.9  0.08  0.05
       6  5  57.2  36.1  45.7  77.8  38.5  0.05  12.6 101.3   4.2 328.5  0.13  0.09
       6  6  73.4  32.9  54.6  60.0  37.3        16.6 128.0   5.3 525.8  0.21  0.15
       6  7  75.5  47.8  59.9  69.4  48.8  1.85  33.1 299.4  12.5 360.8  0.23  0.17
       6  8  62.2  48.0  54.4  88.9  51.0  0.42  26.8 260.4  10.8 375.2  0.14  0.09
       6  9  71.1  44.0  56.8  79.5  50.0  0.52  41.3 154.9   6.5 608.7  0.22  0.16
       6 10  72.6  54.0  62.4  82.0  56.6  0.36  27.7 149.4   6.2 373.8  0.15  0.11
       6 11  77.5  51.7  64.4  65.8  50.7  0.11  29.2 213.6   8.9 692.2  0.29  0.22
       6 12  80.5  50.1  65.7  66.8  52.2  0.01  27.2 130.5   5.4 681.9  0.27  0.20
       6 13  85.4  56.3  65.8  66.9  53.1  0.14  38.3 239.5  10.0 434.1  0.32  0.24
       6 14  71.0  54.0  61.7  70.4  51.3        28.0 282.9  11.8 509.4  0.26  0.18
       6 15  71.5  50.3  60.2  58.5  44.4        23.8 186.3   7.8 607.6  0.28  0.20
       6 16  83.7  51.4  66.7  52.4  47.2        30.4 226.4   9.4 540.7  0.33  0.25
       6 17  69.2  49.6  58.4  84.2  53.7        39.5 324.2  13.5 399.5  0.20  0.13
       6 18  76.2  43.4  59.9  61.8  44.6        35.8 266.0  11.1 593.5  0.32  0.23
       6 19  88.4  52.3  72.0  41.8  44.1        25.3 171.7   7.2 712.0  0.36  0.27
       6 20  77.3  54.6  66.5  57.1  49.0  0.01  24.5 203.3   8.5 714.0  0.32  0.24
       6 21  81.0  54.9  65.7  68.5  54.3        28.1 140.0   5.8 482.1  0.25  0.18
       6 22  82.2  48.6  68.2  69.2  55.9  0.02  40.1 193.3   8.1 615.4  0.28  0.21
       6 23  82.6  57.4  69.7  73.5  60.0  0.33  28.8 139.0   5.8 602.5  0.25  0.19
       6 24  87.4  56.6  71.7  71.9  60.5  0.01  27.3 121.4   5.1 642.6  0.28  0.21
       6 25  88.5  49.9  71.5  58.2  52.4        21.5 183.2   7.6 683.7  0.35  0.26
       6 26  93.2  55.3  75.9  56.4  55.4        23.7 149.0   6.2 637.9  0.34  0.26
       6 27  86.7  55.3  73.1  40.8  46.7        23.8 178.4   7.4 676.4  0.37  0.28
       6 28  88.5  47.3  71.3  52.0  50.6        18.3 118.6   4.9 642.3  0.32  0.24
       6 29  85.5  60.1  74.7  56.2  56.8        20.7 151.5   6.3 600.9  0.30  0.22
       6 30  83.7  56.2  71.0  58.5  54.3        15.0 111.4   4.6 527.5  0.26  0.19
       7  1  81.9  61.4  72.9  74.1  63.7  0.43  24.5 220.5   9.2 446.4  0.23  0.17
       7  2  87.5  60.2  75.1  73.3  65.1        32.2 167.4   7.0 622.4  0.28  0.21
       7  3  84.1  64.3  74.3  70.1  63.7        23.7 216.4   9.0 603.8  0.29  0.22
       7  4  84.2  64.8  72.9  82.5  66.8  0.06  23.5 165.2   6.9 410.3  0.21  0.16
       7  5  92.5  62.0  76.0  73.8  65.6         9.7  65.4   2.7 627.3  0.27  0.21
       7  6  86.3  60.6  73.4  69.7  61.2        28.3 128.6   5.4 417.7  0.23  0.18
       7  7  87.6  54.3  70.8  78.1  62.9  0.01  31.4 131.3   5.5 591.5  0.27  0.21
       7  8  82.4  64.1  72.0  77.5  64.2        19.0 133.6   5.6 427.6  0.21  0.16
       7  9  81.6  62.6  72.2  84.1  66.7        13.9  84.4   3.5 495.9  0.19  0.15
       7 10  82.7  62.4  72.6  85.0  67.3        15.6  89.5   3.7 491.3  0.19  0.15
       7 11  86.6  62.8  72.2  85.0  67.0  0.44  28.9 106.5   4.4 480.1  0.22  0.17
       7 12  90.6  62.9  75.9  68.8  63.6        15.6 106.9   4.5 644.2  0.29  0.22
       7 13  95.5  61.7  79.3  56.3  60.9        17.2  85.1   3.5 648.4  0.30  0.23
       7 14  97.9  58.1  76.2  56.7  57.8  0.01  30.9 103.4   4.3 567.9  0.33  0.24
       7 15  93.9  61.9  77.0  55.4  57.0  0.08  26.7 137.5   5.7 658.6  0.36  0.27
       7 16  91.9  59.5  76.4  59.0  58.5        23.5 163.6   6.8 615.2  0.34  0.26
       7 17  97.2  64.4  80.6  46.3  55.8  0.01  20.7 116.8   4.9 696.9  0.36  0.28
       7 18 101.6  60.4  83.7  41.0  52.7        18.6 156.8   6.5 701.0  0.41  0.32
       7 19 103.3  61.0  84.6  38.1  53.8        20.8 123.1   5.1 670.7  0.38  0.29
       7 20 104.0  60.5  83.0  45.3  55.9        25.0 116.4   4.8 635.7  0.38  0.29
       7 21  92.6  64.3  79.1  55.8  60.0  0.05  29.2 209.6   8.7 589.5  0.38  0.29
       7 22  80.5  64.2  71.5  80.6  64.8  0.01  14.0  87.5   3.6 381.2  0.19  0.15
       7 23  76.5  63.4  68.6  89.9  65.2  1.91  18.0 145.5   6.1 182.0  0.12  0.09
       7 24  77.3  62.2  68.6  94.0  66.4  0.04  15.1 145.0   6.0 203.2  0.11  0.08
       7 25  80.1  64.7  69.6  92.8  67.3  0.13  17.2 149.6   6.2 210.7  0.12  0.09
       7 26  81.1  64.6  70.0  88.9  65.8  1.20  12.9  90.7   3.8 434.6  0.18  0.14
       7 27  86.9  60.0  74.0  72.9  63.0        11.8  85.3   3.6 664.4  0.25  0.20
       7 28  86.9  60.2  74.9  65.7  61.2        12.5  84.3   3.5 658.7  0.26  0.21
       7 29  81.0  62.0  71.5  82.2  65.3  0.68  15.8 103.0   4.3 400.3  0.17  0.14
       7 30  66.0  58.4  60.9  98.5  60.4  0.04  16.7 163.7   6.8 110.7  0.08  0.06
       7 31  70.1  59.4  64.2  93.5  61.9  0.02  22.4 228.5   9.5 191.6  0.10  0.07
       8  1  75.4  60.4  66.0  94.0  64.2  0.76  35.3 195.4   8.1 232.9  0.11  0.08
       8  2  81.6  53.2  68.1  78.4  60.0  0.01  18.6 101.9   4.2 567.7  0.20  0.16
       8  3  75.5  59.1  66.3  83.6  60.8  0.60  29.5 156.0   6.5 430.8  0.18  0.14
       8  4  68.9  60.3  64.7  86.1  60.2  0.03  18.4 167.5   7.0 256.6  0.11  0.09
       8  5  75.9  57.6  65.6  82.7  59.5        14.1  85.6   3.6 498.9  0.18  0.14
       8  6  78.9  52.3  66.5  77.8  58.1        12.1  63.5   2.6 652.9  0.21  0.18
       8  7  82.4  56.7  70.3  68.7  58.5        15.1 100.1   4.2 634.9  0.23  0.19
       8  8  88.9  62.8  75.4  64.4  61.7  0.02  35.0 161.9   6.7 575.7  0.27  0.22
       8  9  84.1  60.9  72.3  77.9  64.4  0.43  25.2 103.5   4.3 452.9  0.19  0.15
       8 10  81.2  58.4  70.6  81.9  64.2  0.01  17.2 101.7   4.2 593.2  0.22  0.18
       8 11  83.8  57.1  70.5  84.7  65.2  1.78  49.2 143.3   6.0 462.0  0.20  0.16
       8 12  79.9  55.5  67.8  82.8  61.5  0.01  15.9 109.4   4.6 562.4  0.21  0.17
       8 13  83.7  54.2  69.6  75.7  60.3         9.2  61.5   2.6 623.4  0.22  0.18
       8 14  87.3  55.8  72.2  69.9  60.5  0.04  42.1 122.0   5.1 617.8  0.26  0.21
       8 15  82.8  60.6  71.5  76.0  63.1  0.02  28.7  97.3   4.1 594.6  0.22  0.18
       8 16  92.8  55.9  73.3  68.9  60.9  0.03  40.6 101.0   4.2 574.0  0.26  0.21
       8 17  87.6  56.2  72.8  74.3  63.1        12.4  88.8   3.7 614.5  0.24  0.20
       8 18  94.7  64.4  79.3  52.5  58.9        25.8 190.5   7.9 593.1  0.34  0.28
       8 19  89.2  60.5  74.5  65.6  60.9        19.2  93.6   3.9 375.9  0.20  0.16
       8 20  86.0  62.1  74.3  70.8  62.9        18.9 107.5   4.5 517.0  0.23  0.19
       8 21  93.5  61.8  78.0  61.8  60.7        27.8 191.1   8.0 573.7  0.33  0.26
       8 22  94.4  60.6  77.6  53.5  56.2        17.6 108.0   4.5 597.9  0.29  0.24
       8 23  96.2  57.8  78.2  47.1  53.0        15.7 131.6   5.5 606.2  0.32  0.27
       8 24  84.9  62.0  73.7  53.8  54.2  0.01  30.0 201.8   8.4 536.5  0.32  0.25
       8 25  85.4  58.0  72.2  63.0  57.1        23.9 216.2   9.0 562.6  0.31  0.24
       8 26  85.6  61.4  74.5  70.7  64.0        21.0 158.1   6.6 483.0  0.22  0.18
       8 27  86.6  56.4  73.0  59.6  56.1  0.04  23.0 168.3   7.0 462.4  0.25  0.21
       8 28  88.4  51.1  68.7  64.3  52.7        12.8  97.8   4.1 586.5  0.26  0.22
       8 29  93.6  50.3  71.7  54.2  50.4        15.8 111.6   4.7 575.2  0.29  0.24
       8 30  95.3  56.7  76.6  46.6  52.6        23.8 126.8   5.3 542.3  0.28  0.24
       8 31  83.4  61.4  71.1  61.7  56.6        17.9 104.2   4.3 440.4  0.21  0.17
       9  1  83.5  59.9  70.7  68.6  58.5        13.4  71.8   3.0 471.2  0.19  0.16
       9  2  86.6  51.7  69.2  64.1  53.9        17.8 124.8   5.2 556.7  0.26  0.21
       9  3  94.5  50.4  71.7  53.9  49.7        12.3  89.7   3.7 562.3  0.26  0.22
       9  4  94.5  49.6  74.0  49.4  49.5        22.6 152.7   6.4 547.6  0.30  0.25
       9  5  93.8  66.3  79.0  36.7  49.2        24.4 190.4   7.9 540.8  0.34  0.29
       9  6  93.3  51.2  74.4  55.8  54.6        18.7 100.4   4.2 546.7  0.25  0.21
       9  7  80.5  59.6  68.7  78.9  61.7        17.0 143.7   6.0 373.7  0.19  0.15
       9  8  83.2  60.6  70.2  63.3  56.9        25.9 238.5   9.9 480.4  0.29  0.23
       9  9  91.9  59.3  75.8  51.3  52.7        24.6 218.1   9.1 521.9  0.33  0.27
       9 10  93.0  61.6  77.6  44.6  52.5        22.6 170.0   7.1 512.1  0.29  0.25
       9 11  93.9  55.1  75.2  50.0  53.2        24.5 104.6   4.4 498.2  0.24  0.21
       9 12  86.9  53.9  73.1  53.4  54.2        21.8 148.1   6.2 499.3  0.25  0.21
       9 13  82.7  57.8  69.1  68.8  57.4        27.7 115.6   4.8 448.7  0.21  0.18
       9 14  71.2  51.9  61.5  85.2  57.1  0.05  20.0 128.5   5.4 343.4  0.14  0.12
       9 15  75.5  46.2  61.3  75.7  52.0        15.6  92.2   3.8 506.5  0.18  0.15
       9 16  79.9  48.3  66.7  64.0  52.9  0.01  19.8 142.4   5.9 503.1  0.20  0.16
       9 17  86.6  48.9  69.9  57.1  51.9        16.4  99.8   4.2 505.7  0.19  0.17
       9 18  88.3  49.3  71.6  49.7  49.6        18.2 122.2   5.1 497.6  0.22  0.19
       9 19  78.5  57.4  70.2  39.0  44.0        24.5 192.4   8.0 485.2  0.25  0.21
       9 20  73.6  51.7  62.8  62.0  48.9  0.10  27.8 212.8   8.9 343.7  0.21  0.17
       9 21  51.8  45.6  46.9  95.2  45.6  0.18  20.5 180.5   7.5  74.7  0.08  0.05
       9 22  55.6  44.4  48.7  92.4  46.4        14.3 117.3   4.9 112.5  0.06  0.05
       9 23  74.1  47.0  60.1  76.7  52.1        15.2 108.0   4.5 326.8  0.11  0.09
       9 24  85.7  48.0  66.5  65.1  50.9        21.2 115.0   4.8 462.9  0.17  0.15
       9 25  89.2  52.0  69.3  67.2  55.0  0.01  20.0 108.9   4.5 371.0  0.16  0.14
       9 26  81.3  50.5  67.5  40.7  40.4        23.4 188.3   7.8 465.5  0.25  0.21
       9 27  81.0  43.6  62.3  63.7  47.6        15.3  88.9   3.7 449.8  0.18  0.16
       9 28  89.3  48.7  67.0  56.5  47.1        19.7 119.2   5.0 455.6  0.22  0.20
       9 29  83.3  44.0  63.6  59.2  47.7        14.8  89.7   3.7 366.4  0.16  0.14
       9 30  66.6  50.8  58.6  61.7  45.0        27.5 252.5  10.5 386.9  0.20  0.15
      10  1  50.9  38.6  44.3  73.4  35.3  0.17  22.3 229.4   9.6  63.8  0.11  0.08
      10  2  46.2  38.6  42.2  97.6  41.4  0.18  15.6 131.5   5.5 107.1  0.05  0.04
      10  3  46.6  42.1  44.5 101.1  44.4  0.05  18.3 192.7   8.0  71.4  0.02  0.01
      10  4  48.0  42.2  44.8  94.6  43.1  0.62  29.4 269.4  11.2 107.8  0.04  0.02
      10  5  47.4  41.2  44.2  70.0  35.0  0.03  43.1 455.2  19.0 145.1  0.13  0.08
      10  6  61.2  33.9  48.2  62.5  34.9        31.6 257.0  10.7 408.1  0.16  0.12
      10  7  71.1  34.0  51.8  65.5  37.9        19.4 147.5   6.1 414.5  0.15  0.13
      10  8  75.3  41.6  59.0  53.9  41.3        20.7 142.6   5.9 407.3  0.15  0.13
      10  9  78.2  38.2  57.1  56.3  37.2        22.1 122.5   5.1 413.6  0.17  0.15
      10 10  77.0  37.4  57.4  64.3  43.1        22.4 143.7   6.0 393.2  0.16  0.14
      10 11  62.1  34.9  52.1  55.6  35.8  0.01  44.1 249.1  10.4 403.1  0.17  0.13
      10 12  69.1  29.4  49.2  61.4  34.2        19.8 109.0   4.5 299.2  0.13  0.11
      10 13  75.0  30.4  53.8  71.6  44.0  0.01  23.8 119.6   5.0 347.2  0.13  0.11
      10 14  72.4  44.3  58.5  65.5  44.8        20.0 153.0   6.4 319.8  0.12  0.11
      10 15  57.0  45.6  51.1  90.7  48.4        19.1 108.2   4.5  99.3  0.04  0.03
      10 16  54.6  45.7  50.3  97.2  49.4        22.4 212.4   8.8  92.0  0.03  0.02
      10 17  46.0  30.9  40.5  87.3  37.1  0.01  27.8 242.2  10.1 167.2  0.06  0.04
      10 18  63.0  29.6  43.4  71.8  32.3  0.01  19.2 135.4   5.6 374.1  0.13  0.11
      10 19  61.5  30.4  44.2  72.9  34.8        16.1 101.5   4.2 360.7  0.10  0.08
      10 20  57.8  27.0  44.9  66.7  33.5        19.6 151.9   6.3 257.7  0.08  0.07
      10 21  63.4  24.2  43.2  63.6  29.4        15.1 117.6   4.9 361.7  0.11  0.10
      10 22  70.1  35.3  53.9  50.2  35.6        29.9 217.7   9.1 341.8  0.15  0.13
      10 23  70.2  34.4  52.8  69.8  42.0        22.7 123.8   5.2 338.3  0.10  0.09
      10 24  68.2  36.3  51.4  67.6  38.6  0.01  27.2 192.5   8.0 345.4  0.14  0.12
      10 25  70.1  34.0  52.1  69.7  41.5        20.9 111.2   4.6 229.4  0.09  0.09
      10 26  64.1  40.8  50.1  91.3  47.5         9.3  75.9   3.2 190.7  0.06  0.05
      10 27  62.9  38.3  51.8  94.7  50.5  0.27  16.9 157.7   6.6 249.0  0.05  0.04
      10 28  61.6  48.4  53.9  88.5  50.5  0.22  30.3 191.9   8.0 176.9  0.06  0.05
      10 29  58.7  39.9  49.6  74.2  41.2  0.01  29.4 211.8   8.8 294.8  0.10  0.08
      10 30  43.4  36.1  40.1  87.4  36.6  0.01  17.2 176.9   7.4  66.5  0.04  0.03
      10 31  39.6  32.5  37.3  98.7  36.9  0.27  12.8  95.1   4.0  52.1  0.02  0.02
      11  1  46.6  36.4  41.6  90.5  39.0        15.7 128.4   5.3  82.4            
      11  2  39.6  32.0  35.8  99.5  35.5  0.64  16.1 172.8   7.2  44.2            
      11  3  34.5  29.5  32.0 100.2  31.7  0.21  11.0 111.9   4.7 110.2            
      11  4  35.7  28.9  31.6  96.0  30.6         8.3  76.2   3.2  81.8            
      11  5  37.4  29.2  33.9 100.9  33.9  0.02  21.5 186.4   7.8  48.1            
      11  6  35.8  31.3  33.4 103.6  33.4  0.06  21.2 221.1   9.2  18.6            
      11  7  38.0  27.1  33.3 103.1  33.2  0.12  12.2  95.9   4.0  99.0            
      11  8  35.9  23.7  31.2 101.9  31.3  0.01  21.0 195.1   8.1  64.4            
      11  9  34.5  23.1  30.4  95.3  29.3  0.14  42.6 374.9  15.6  56.4            
      11 10  38.8  19.9  27.2  68.0  17.5        40.3 318.7  13.3 280.9            
      11 11  50.6  16.5  32.2  71.1  22.6        23.9 113.2   4.7 262.9            
      11 12  53.0  22.6  36.9  70.2  26.5        22.3 136.0   5.7 278.3            
      11 13  61.8  27.0  41.3  66.2  29.5        19.5 152.0   6.3 244.7            
      11 14  59.3  35.4  47.2  58.4  32.6        23.6 156.9   6.5 234.3            
      11 15  68.0  30.7  49.3  60.4  33.8        30.0 191.6   8.0 203.1            
      11 16  64.4  29.4  46.3  56.0  29.1        24.4 167.0   7.0 269.8            
      11 17  53.7  26.3  39.4  80.6  33.7        15.6  96.8   4.0 127.5            
      11 18  53.5  30.1  41.2  68.2  30.7        29.9 212.1   8.8 257.1            
      11 19  48.5  22.5  32.5  77.9  25.5        12.5 107.1   4.5 170.5            
      11 20  52.9  24.1  35.6  59.0  21.2        18.6 155.8   6.5 246.2            
      11 21  57.1  23.6  38.3  63.6  25.5        15.7 153.6   6.4 149.8            
      11 22  75.0  30.5  50.4  51.1  29.7  0.01  41.4 225.6   9.4 233.1            
      11 23  56.3  25.5  41.4  60.7  27.6        22.9 165.5   6.9 207.5            
      11 24  75.3  26.4  46.2  51.4  24.2        44.3 263.0  11.0 195.3            
      11 25  58.5  30.5  43.4  39.8  19.1        20.8 174.2   7.3 219.1            
      11 26  69.8  26.7  45.2  57.3  28.2        16.7 150.3   6.3 238.9            
      11 27  72.1  27.8  44.0  65.3  30.6        11.1 103.8   4.3 237.5            
      11 28  66.0  26.9  41.2  75.8  33.2        12.7  85.2   3.5 162.9            
      11 29  57.6  31.3  42.4  73.7  34.0        18.8 129.4   5.4  90.0            
      11 30  66.7  34.1  49.4  47.5  29.1  0.01  27.0 207.3   8.6 231.6            
      12  1  67.0  24.8  40.6  65.4  27.5        12.3 101.4   4.2 197.0            
      12  2  68.0  25.8  41.4  63.7  27.5        17.0 144.2   6.0 207.0            
      12  3  64.7  24.0  39.2  69.4  28.1        14.8 106.4   4.4 225.1            
      12  4  66.5  23.2  44.0  71.9  35.0        20.0 119.8   5.0 173.5            
      12  5  45.0  24.4  34.3  69.1  24.0  0.02  31.6 210.3   8.8 223.7            
      12  6  39.3   9.5  22.8  56.0   7.7        19.6 109.0   4.5 223.0            
      12  7  39.1   7.6  20.1  62.0   6.9        12.3  94.3   3.9 212.2            
      12  8  49.4   9.5  25.2  58.8  10.0        17.4 145.5   6.1 216.5            
      12  9  35.8  16.6  28.1  77.9  22.3  0.01  29.5 207.8   8.7 100.3            
      12 10  35.9   9.0  20.4  88.2  17.7  0.03  20.1 160.1   6.7 203.3            
      12 11  48.9  12.3  27.0  73.8  18.7        20.2 175.8   7.3 217.8            
      12 12  55.5  17.3  32.4  68.9  21.6        25.6 193.6   8.1 199.5            
      12 13  56.3  22.7  37.8  55.3  21.7        17.8 166.6   6.9 219.5            
      12 14  61.3  17.7  32.4  62.8  18.9        15.1 122.3   5.1 220.1            
      12 15  46.7  22.4  34.6  64.1  22.9        24.5 119.1   5.0 208.5            
      12 16  43.7  23.4  35.0  62.6  22.7  0.01  30.4 252.0  10.5 101.9            
      12 17  67.1  20.3  36.9  59.9  21.4        22.8 201.1   8.4 214.8            
      12 18  45.1   9.8  28.7  74.3  21.8  0.02  35.0 290.7  12.1  85.3            
      12 19  10.1   2.6   5.6  81.2   1.1        19.0 222.8   9.3 109.9            
      12 20   2.9  -1.8   0.5  81.0  -3.8  0.08  14.2 188.1   7.8 164.9            
      12 21   0.9 -17.5  -3.8  64.9 -12.3  0.05  22.9 201.9   8.4 204.1            
      12 22  13.4 -22.8  -7.4  67.2 -14.1        13.4 131.9   5.5 216.7            
      12 23   7.9 -13.5  -4.5  73.9 -10.3        13.1 139.3   5.8 222.3            
      12 24  17.3 -15.7   1.0  72.4  -3.6        18.4 183.5   7.6 186.1            
      12 25  39.6   2.9  18.3  76.8  13.8        19.6 176.9   7.4 191.2            
      12 26  45.5  16.4  31.5  75.8  24.9        22.9 203.1   8.5 196.7            
      12 27  43.9  20.6  31.4  76.0  24.0        12.2  88.2   3.7 190.7            
      12 28  51.6  19.9  35.4  75.1  28.0        31.6 221.1   9.2 136.8            
      12 29  37.8  18.4  27.1  90.7  25.3        15.7 154.6   6.4 120.1            
      12 30  46.6  26.7  33.5  84.9  29.4  0.03  35.5 245.0  10.2  75.0            
      12 31  45.3  26.4  32.8  81.0  27.2        19.4 126.6   5.3 174.9            

      Total                               20.54                         47.24 37.89
        Max 104.0  66.3  84.6 103.6  67.3        54.1 568.8  23.7 714.0
        Min   0.9 -22.8  -7.4  31.8 -14.1         8.3  61.5   2.6  18.6
        Ave  63.6  36.7  49.7  69.0  37.9        23.0 169.2   7.1 363.4
