      2002                                                                03-JAN-03
      Weather Station near JOHNSON'S CORNER, CO  alfalfa hay site at TVYF demonstra
      -----------------------------------------------------------------------------
               Temperature      Rel   Dew             Wind        Solar StandrdASCE
            ----------------- Humid Point  Prec -----------------   Rad   ETr   ETo
       Date   Max   Min   Ave   Ave   Ave Total   Max Total   Ave Total Alflf Grass
      MoDay     F     F     F     %     F  inch   mph miles   mph Langl  inch  inch
      ----- ----- ----- ----- ----- ----- ----- ----- ----- ----- ----- ----- -----
       1  1  26.0  -0.8  18.3  89.7  16.3  0.06  11.0  69.9   2.9  96.8            
       1  2  30.6  -4.4  11.0  81.1   7.4         8.2  61.1   2.5 210.5            
       1  3  46.6   4.9  25.5  66.3  15.0         8.4  59.9   2.5 227.6            
       1  4  38.8  20.0  31.5  78.4  25.4        18.1 115.5   4.8  70.6            
       1  5  41.3  13.3  27.1  74.9  19.7        11.7  75.4   3.1 165.2            
       1  6  45.2  16.4  29.3  65.6  18.4        13.7  95.7   4.0 213.9            
       1  7  62.4  17.5  38.4  60.6  23.9        12.9  92.6   3.9 212.5            
       1  8  62.1  31.8  46.9  43.4  24.8        32.2 129.6   5.4  69.2            
       1  9  58.2  31.0  40.9  63.8  28.0  0.05  21.2  98.0   4.1 156.6            
       1 10  40.5   9.8  26.6  92.5  25.1  0.39   9.6  40.9   1.7 225.2            
       1 11  42.3   9.0  26.4  80.6  21.3        15.1  79.3   3.3 201.8            
       1 12  52.1  18.7  32.4  66.5  21.5        39.8 168.9   7.0 201.3            
       1 13  43.1  19.9  35.4  46.6  16.4        37.3 301.2  12.6 201.9            
       1 14  31.9  14.6  22.8  76.5  16.3        16.1  94.5   3.9 216.6            
       1 15  25.7  12.3  17.7  86.8  14.4        10.2  66.5   2.8 215.7            
       1 16  27.9  14.7  20.5  79.7  15.1        13.2 101.6   4.2 228.4            
       1 17  30.4   8.2  19.4  71.1  11.1        13.4  99.4   4.1 254.8            
       1 18  33.7   8.4  18.8  59.7   6.2        25.3 112.9   4.7 242.4            
       1 19  36.9   2.1  17.8  60.2   5.6        11.5  74.5   3.1 284.6            
       1 20  39.3  12.1  27.9  40.0   5.1        36.1 199.2   8.3 264.7            
       1 21  52.2  17.4  38.0  39.8  15.1        43.8 197.9   8.2 267.5            
       1 22  53.6  21.7  34.2  58.0  19.0        28.6 175.3   7.3 227.2            
       1 23  24.3   1.8  17.5  93.1  16.7  0.06  15.6 119.4   5.0 235.0            
       1 24  35.3  -1.9  15.2  71.9   8.4        13.2  71.7   3.0 281.3            
       1 25  53.9  14.2  36.2  50.6  17.3        29.9 197.6   8.2 187.4            
       1 26  57.5  24.9  40.4  44.8  19.3        15.5  84.1   3.5 195.6            
       1 27  54.9  23.7  36.5  57.1  21.5        14.3  82.1   3.4 247.9            
       1 28  34.5  15.5  22.3  88.5  19.7        18.0 111.0   4.6 183.4            
       1 29  32.7  14.0  22.4  80.3  16.9        16.7 143.0   6.0 232.8            
       1 30  23.6   5.6  17.2  91.6  15.5  0.05   9.9  93.3   3.9 265.5            
       1 31  29.3  -2.4  13.8  65.2   3.8        22.1 113.5   4.7 306.9            
       2  1  39.0   2.6  18.7  65.9   8.8         7.2  66.1   2.8 307.5            
       2  2  40.8  12.5  25.2  65.6  14.6        11.8  83.0   3.5 249.0            
       2  3  44.7  13.1  27.5  65.9  16.8         9.6  73.3   3.1 311.8            
       2  4  45.1  14.0  28.6  56.6  13.7        29.7 158.2   6.6 299.5            
       2  5  40.1  14.8  26.5  56.0  11.6        11.0  79.4   3.3 318.7            
       2  6  53.6  13.9  31.8  52.7  13.3        27.9 107.1   4.5 324.2            
       2  7  46.8  15.7  32.8  54.5  17.0        14.0  69.4   2.9 198.7            
       2  8  54.7  22.1  34.9  41.7  12.6        43.8 267.3  11.1 180.9            
       2  9  36.6  23.8  31.5  37.6   8.5        48.9 527.7  22.0 155.3            
       2 10  47.7  11.3  29.3  37.3   2.7        18.7 116.0   4.8 340.2            
       2 11  63.5  21.9  39.6  38.8  11.5        22.8 107.5   4.5 233.1            
       2 12  33.8  20.9  26.8  62.3  15.4        10.2  61.2   2.5 196.6            
       2 13  51.9  13.7  31.1  51.4  11.3        24.0  86.1   3.6 347.9            
       2 14  47.2  18.5  32.4  53.0  15.4        27.3 165.4   6.9 105.2            
       2 15  54.0  13.5  31.1  51.2  11.1        11.4  88.1   3.7 361.8            
       2 16  52.7  14.3  33.1  42.5   9.5        11.5  85.3   3.6 346.4            
       2 17  64.4  23.8  42.6  35.9  13.1        22.7 112.3   4.7 339.4            
       2 18  54.8  28.9  40.5  52.5  23.6        27.3 129.6   5.4 291.3            
       2 19  52.7  23.7  38.4  46.7  17.5        21.4 110.7   4.6 358.5            
       2 20  53.0  22.4  37.8  46.8  17.1        36.8 204.3   8.5 362.5            
       2 21  50.2  17.3  33.6  48.3  13.1        25.4 133.3   5.6 387.9            
       2 22  67.8  21.8  45.6  33.2  13.2        21.6  95.7   4.0 287.6            
       2 23  72.1  34.0  54.1  21.8  13.4        40.9 199.5   8.3 293.0            
       2 24  52.5  22.4  34.4  67.7  23.8        22.8 165.8   6.9 278.3            
       2 25  22.8   4.0  10.1  82.2   6.1        24.4 179.1   7.5 373.8            
       2 26  23.1  -1.0  10.7  70.2   2.5        15.8 134.9   5.6 442.4            
       2 27  34.6   8.3  21.7  64.4  11.2        25.5 124.1   5.2 317.8            
       2 28  45.4  11.5  25.3  73.9  17.0        30.2 148.9   6.2 394.5            
       3  1  21.1  -2.0  10.4  92.2   9.2  0.02  20.2 149.6   6.2 319.9  0.02  0.02
       3  2  11.1 -12.2   2.6  79.2  -1.7        13.7 115.3   4.8 426.6  0.02  0.02
       3  3  24.3  -8.6  11.2  58.7  -0.4        27.0 164.1   6.8 458.6  0.05  0.04
       3  4  40.5   3.4  23.2  65.6  13.8        11.4  82.4   3.4 448.6  0.07  0.06
       3  5  47.8  22.8  35.6  52.3  19.7        16.2 101.3   4.2 420.5  0.10  0.08
       3  6  44.2  27.4  34.5  71.8  26.3        18.8 105.8   4.4 422.2  0.08  0.07
       3  7  59.4  23.5  37.9  70.8  27.6        27.7 133.9   5.6 453.8  0.15  0.11
       3  8  34.7   6.6  20.5  93.4  20.4        31.0 196.1   8.2 128.2  0.03  0.02
       3  9  40.6   6.9  25.1  64.0  14.9        16.3 124.8   5.2 471.8  0.08  0.06
       3 10  51.5  20.9  35.2  68.6  25.2        11.1  81.1   3.4 362.4  0.09  0.07
       3 11  56.4  34.1  44.1  45.8  22.7        25.4 165.4   6.9 466.6  0.18  0.13
       3 12  66.8  32.0  50.2  38.0  22.9        29.7 170.4   7.1 338.4  0.22  0.15
       3 13  51.4  32.2  42.6  63.3  30.6        20.7 185.7   7.7 422.5  0.12  0.09
       3 14  35.0  19.0  24.9  91.2  22.9  0.20  21.9 177.9   7.4 350.6  0.05  0.04
       3 15  32.4   9.8  22.8  79.3  17.5  0.01  10.7  81.2   3.4 425.6  0.05  0.05
       3 16  39.4  24.7  31.3  74.2  23.7        17.2 116.2   4.8 488.4  0.08  0.07
       3 17  44.9  20.7  32.1  68.2  20.9        19.4 103.4   4.3 399.8  0.09  0.07
       3 18  42.9  24.0  31.1  75.3  23.5        26.4  84.9   3.5 369.2  0.08  0.06
       3 19  49.5  20.6  34.2  66.2  22.5        15.1  90.7   3.8 492.5  0.11  0.09
       3 20  63.4  19.0  40.9  52.1  19.1        28.6 127.0   5.3 492.7  0.19  0.14
       3 21  26.5  11.0  18.2  71.9  10.4        18.1 144.2   6.0 385.1  0.06  0.05
       3 22  61.3  16.1  38.4  53.7  19.2        15.6  79.6   3.3 519.7  0.15  0.11
       3 23  69.0  25.1  46.2  49.1  23.1        26.7 123.7   5.2 398.0  0.21  0.14
       3 24  36.2  21.1  27.4  86.3  23.9        16.1 141.1   5.9 112.7  0.04  0.03
       3 25  35.1  18.1  24.4  91.9  22.6  0.02  13.7 110.8   4.6 236.4  0.05  0.04
       3 26  60.2  19.2  40.2  57.9  21.6        16.6  87.7   3.7 513.4  0.15  0.12
       3 27  66.3  30.5  49.3  38.8  21.2        43.0 237.1   9.9 527.1  0.28  0.19
       3 28  70.9  24.7  50.5  40.6  19.5        35.1 266.6  11.1 528.9  0.33  0.22
       3 29  55.5  26.0  40.7  58.3  25.4        19.3 149.0   6.2 524.9  0.16  0.12
       3 30  56.7  27.4  41.8  53.5  24.8        14.7 115.2   4.8 399.7  0.14  0.11
       3 31  65.9  27.1  45.0  56.4  27.7        16.1 102.2   4.3 522.9  0.18  0.14
       4  1  76.9  31.2  60.0  24.3  16.0        33.9 246.4  10.3 534.2  0.37  0.25
       4  2  31.4  23.0  25.3  59.0  13.1        19.7 158.9   6.6 172.9  0.08  0.05
       4  3  45.3  21.2  33.6  40.8  11.9        16.9 139.4   5.8 485.1  0.14  0.10
       4  4  59.7  21.4  40.9  36.7  14.7        16.8 112.9   4.7 570.2  0.19  0.14
       4  5  65.0  26.6  48.2  38.6  21.6        15.3  96.2   4.0 555.5  0.19  0.15
       4  6  76.9  34.8  56.7  37.1  25.8        28.6 119.1   5.0 408.8  0.25  0.17
       4  7  66.3  39.3  54.1  44.7  32.4  0.02  22.6 124.7   5.2 446.0  0.19  0.15
       4  8  53.3  41.8  46.6  75.4  39.0        18.9 179.2   7.5 267.5  0.11  0.08
       4  9  72.3  29.9  52.6  54.5  30.9        16.8  88.8   3.7 490.9  0.19  0.15
       4 10  71.1  45.0  57.6  38.8  31.3        27.5 161.8   6.7 246.6  0.24  0.16
       4 11  65.1  37.4  52.6  57.9  36.0        20.1 110.3   4.6 417.4  0.16  0.13
       4 12  69.4  34.3  53.4  47.8  30.9        19.6 106.8   4.5 499.7  0.20  0.15
       4 13  74.3  39.0  58.4  36.2  28.6        19.5 108.3   4.5 579.0  0.25  0.19
       4 14  74.7  46.5  65.8  22.8  26.2        23.8 166.1   6.9 240.1  0.26  0.18
       4 15  81.9  47.4  64.8  26.2  26.6        23.7 116.5   4.9 416.6  0.28  0.20
       4 16  63.5  42.3  54.2  27.6  20.3        43.0 265.1  11.0 499.8  0.31  0.21
       4 17  77.0  33.5  54.4  37.8  23.5        36.0 192.9   8.0 624.6  0.36  0.25
       4 18  67.3  33.7  47.9  49.2  27.8        35.2 247.3  10.3 546.7  0.29  0.20
       4 19  41.3  27.3  34.4  66.1  24.1        14.3 145.0   6.0 267.5  0.09  0.07
       4 20  41.9  32.4  36.0  84.4  31.6  0.06  28.1 218.9   9.1  76.6  0.06  0.04
       4 21  58.2  24.9  41.2  59.9  23.5        37.5 161.0   6.7 613.7  0.20  0.15
       4 22  69.6  25.4  50.3  32.8  16.8        26.0 145.4   6.1 647.7  0.27  0.20
       4 23  77.9  34.0  60.5  22.6  18.2        28.4 210.0   8.8 649.4  0.38  0.26
       4 24  62.0  29.9  45.3  42.9  22.0        26.9 214.9   9.0 639.5  0.26  0.19
       4 25  57.4  30.0  43.5  34.3  17.5        17.9 173.3   7.2 422.4  0.21  0.15
       4 26  66.1  36.3  48.3  56.7  33.0  0.04  23.5 141.1   5.9 432.2  0.20  0.15
       4 27  66.0  40.4  50.1  71.9  39.4  0.17  33.0 215.1   9.0 404.8  0.21  0.15
       4 28  71.1  30.8  52.6  55.7  32.8        26.7 163.9   6.8 609.4  0.26  0.19
       4 29  74.5  38.5  57.4  41.2  31.1        23.4 168.0   7.0 588.0  0.30  0.22
       4 30  71.9  37.3  56.5  52.0  37.9        23.6 147.8   6.2 603.3  0.24  0.19
       5  1  53.7  31.6  42.6  83.1  38.4  0.03  24.3 191.7   8.0 136.8  0.07  0.06
       5  2  59.3  32.1  43.1  74.5  34.1  0.01  17.9 106.8   4.5 470.2  0.15  0.12
       5  3  72.5  31.2  54.9  40.9  25.7        25.0 130.3   5.4 576.2  0.26  0.19
       5  4  70.5  33.0  52.0  54.8  34.6        28.6 155.8   6.5 569.2  0.24  0.18
       5  5  78.0  38.0  58.9  40.2  30.0        24.0 102.8   4.3 455.4  0.25  0.18
       5  6  79.7  39.3  62.3  32.2  27.5        28.0 114.7   4.8 462.3  0.27  0.20
       5  7  64.6  41.6  51.5  71.8  42.3        19.2 119.1   5.0 437.8  0.16  0.13
       5  8  69.6  35.4  50.3  56.2  32.8        34.0 230.0   9.6 427.6  0.27  0.19
       5  9  60.4  24.7  44.3  39.4  19.1        18.7 126.1   5.3 575.6  0.21  0.16
       5 10  61.9  36.5  51.6  42.9  29.2        20.4 130.4   5.4 367.6  0.18  0.13
       5 11  60.8  42.0  49.4  81.0  43.2  0.42  26.7 169.9   7.1 236.9  0.12  0.09
       5 12  56.5  40.7  46.4  77.1  39.0  0.10  19.6 142.1   5.9 375.3  0.13  0.11
       5 13  68.9  34.0  52.9  55.0  34.4        14.1  90.3   3.8 685.8  0.22  0.18
       5 14  76.1  42.5  56.4  49.4  35.9        34.4 108.1   4.5 317.7  0.22  0.16
       5 15  75.4  46.7  60.6  48.1  39.4  0.01  31.7 148.5   6.2 464.4  0.26  0.19
       5 16  51.5  45.1  47.4  87.7  43.8  0.35  23.2 120.6   5.0 121.0  0.06  0.05
       5 17  58.9  44.8  50.4  87.2  46.4        12.0  96.7   4.0 277.9  0.09  0.08
       5 18  70.9  42.7  56.1  75.9  47.8        17.0 113.5   4.7 485.4  0.18  0.15
       5 19  68.5  43.2  56.5  69.2  46.0        22.1 153.2   6.4 616.9  0.21  0.17
       5 20  61.6  46.1  52.6  80.6  46.6        13.7 121.8   5.1 293.6  0.12  0.09
       5 21  86.2  46.8  61.4  54.8  40.5        42.1 204.1   8.5 505.5  0.40  0.28
       5 22  67.7  46.0  57.8  19.2  15.1        39.1 299.9  12.5 713.4  0.41  0.29
       5 23  61.6  35.3  49.4  56.1  33.5  0.99  28.4 169.5   7.1 539.0  0.20  0.15
       5 24  51.8  31.8  40.3  92.0  38.2  0.63  13.7  80.1   3.3 335.4  0.08  0.07
       5 25  69.9  36.8  54.3  67.5  42.0        23.4  93.9   3.9 601.2  0.20  0.17
       5 26  75.8  40.7  61.2  52.5  40.8        12.9  91.4   3.8 625.2  0.23  0.19
       5 27  80.0  45.1  63.8  49.6  42.4        24.7 133.7   5.6 608.0  0.29  0.22
       5 28  81.7  46.3  65.9  45.7  41.0        47.1 103.7   4.3 613.0  0.28  0.22
       5 29  84.7  50.2  68.5  45.3  43.5        36.5  82.8   3.5 538.1  0.25  0.20
       5 30  88.4  50.6  72.2  47.1  48.2        13.3  96.6   4.0 716.9  0.31  0.25
       5 31  90.3  53.2  72.6  44.6  47.1        42.5 108.0   4.5 540.0  0.30  0.23
       6  1  86.9  53.2  69.0  54.7  50.1        41.5  88.1   3.7 389.6  0.23  0.18
       6  2  89.5  51.4  73.9  36.2  41.0        25.9 124.1   5.2 670.8  0.35  0.27
       6  3  74.1  51.1  62.1  69.1  50.9  0.29  26.7 180.4   7.5 454.5  0.22  0.17
       6  4  64.4  48.5  55.4  84.1  50.4  0.14  16.9  92.5   3.9 380.5  0.12  0.11
       6  5  74.8  44.4  60.2  68.4  47.6        16.5 100.2   4.2 713.1  0.24  0.20
       6  6  86.5  47.2  68.4  51.8  46.2        22.4 101.3   4.2 738.4  0.31  0.25
       6  7  92.6  51.0  71.9  41.4  43.3        29.1 147.4   6.1 644.2  0.40  0.29
       6  8  90.7  49.4  69.7  56.8  52.1        15.2  98.5   4.1 696.3  0.31  0.25
       6  9  92.7  51.5  74.2  40.6  44.4        20.1 129.0   5.4 699.8  0.38  0.29
       6 10  80.6  52.2  64.9  34.0  34.7        23.1 205.0   8.5 682.0  0.41  0.29
       6 11  77.9  47.3  64.6  42.5  39.6        16.1 107.1   4.5 717.6  0.29  0.23
       6 12  82.8  53.1  67.7  31.8  34.5        17.5 121.7   5.1 725.0  0.35  0.27
       6 13  73.9  48.6  63.3  43.2  40.1        16.1 102.2   4.3 615.8  0.25  0.20
       6 14  80.4  45.5  64.7  44.4  40.6        23.1  84.9   3.5 645.6  0.26  0.21
       6 15  83.3  55.0  66.9  52.9  46.6        30.0 146.9   6.1 480.6  0.30  0.22
       6 16  84.5  49.3  67.9  53.1  46.4        24.8 113.0   4.7 588.2  0.29  0.22
       6 17  94.4  51.9  75.8  27.8  34.4        16.9 115.6   4.8 662.9  0.38  0.28
       6 18  96.4  55.6  78.1  19.9  30.1        20.9 134.3   5.6 683.3  0.43  0.31
       6 19  86.7  58.8  72.6  43.2  47.1  0.10  23.8 154.6   6.4 574.4  0.35  0.26
       6 20  81.1  56.7  69.0  68.2  56.6        27.9 160.5   6.7 509.0  0.25  0.20
       6 21  88.5  61.2  74.8  46.9  51.5  0.01  29.1 137.5   5.7 469.3  0.31  0.23
       6 22  90.0  57.7  73.2  53.4  52.5        22.1 110.7   4.6 551.5  0.30  0.23
       6 23  90.9  53.9  76.7  30.0  40.0        15.6 115.9   4.8 719.2  0.36  0.28
       6 24  95.5  56.0  78.3  30.9  40.2        25.6 115.9   4.8 720.5  0.39  0.30
       6 25  90.2  58.6  74.1  41.3  47.5        21.7 115.0   4.8 540.1  0.32  0.24
       6 26  90.3  53.4  73.8  47.1  48.8        16.7 111.2   4.6 698.7  0.33  0.26
       6 27  94.3  57.3  76.2  37.6  45.0        25.2 130.1   5.4 637.8  0.38  0.29
       6 28  93.4  54.5  75.9  37.1  44.2        38.3 135.1   5.6 633.7  0.38  0.28
       6 29  96.4  54.7  77.4  36.2  44.5        15.0  91.0   3.8 648.2  0.34  0.26
       6 30  92.9  53.1  74.7  35.0  43.2        15.7  90.6   3.8 622.6  0.32  0.25
       7  1  99.8  58.4  80.5  31.5  43.3        16.3  91.2   3.8 644.9  0.36  0.28
       7  2  92.6  61.0  77.2  34.3  45.1        19.6 119.4   5.0 569.3  0.35  0.26
       7  3  87.1  61.4  72.5  53.8  54.8        22.2 108.7   4.5 431.7  0.26  0.20
       7  4  86.0  56.1  72.7  59.2  55.9        17.5 114.1   4.8 629.7  0.28  0.23
       7  5  85.9  58.3  72.5  63.2  57.6        16.9 122.1   5.1 659.2  0.29  0.24
       7  6  82.8  62.3  71.6  67.5  59.6        29.1 121.5   5.1 482.8  0.23  0.19
       7  7  89.1  60.9  75.4  63.0  60.2        15.9  88.8   3.7 625.5  0.27  0.23
       7  8  89.1  61.7  76.3  54.6  57.0        18.7 103.0   4.3 595.9  0.28  0.23
       7  9  92.1  59.9  77.4  40.8  49.7        17.7  99.6   4.2 636.7  0.32  0.25
       7 10  83.2  64.5  74.1  60.6  59.5        16.9  92.5   3.9 438.4  0.21  0.18
       7 11  86.1  58.8  72.5  49.9  51.7        17.5 114.0   4.8 703.4  0.32  0.26
       7 12  92.8  54.5  73.9  48.5  49.1        14.5  78.5   3.3 716.1  0.31  0.26
       7 13  94.1  55.3  75.2  41.7  47.3        17.4  95.6   4.0 663.6  0.33  0.26
       7 14  93.3  57.0  76.3  38.4  45.5        16.7 113.4   4.7 708.0  0.36  0.28
       7 15  94.4  60.3  77.2  42.0  49.0        18.7 134.5   5.6 691.4  0.39  0.30
       7 16  94.0  58.3  76.8  39.1  46.6        19.2 115.4   4.8 695.8  0.37  0.28
       7 17  93.2  57.3  75.9  39.3  46.3        16.9 101.1   4.2 662.6  0.34  0.26
       7 18  92.5  59.4  76.1  40.1  47.6        18.3 101.6   4.2 653.4  0.33  0.26
       7 19  92.4  59.5  78.2  39.0  49.0        17.8  93.2   3.9 683.4  0.32  0.26
       7 20  92.8  65.9  79.5  37.4  50.3        21.5 131.0   5.5 618.6  0.37  0.28
       7 21  83.9  62.3  71.6  61.6  57.1  0.26  29.1  88.4   3.7 532.0  0.24  0.20
       7 22  77.7  56.7  67.6  73.4  57.9        15.3  92.7   3.9 469.9  0.18  0.16
       7 23  86.0  57.5  71.9  59.3  55.5        17.0 109.1   4.5 454.4  0.24  0.19
       7 24  95.3  55.5  78.1  43.0  49.2        24.6 101.2   4.2 674.1  0.34  0.27
       7 25  90.6  60.7  72.7  50.2  51.2        28.5 125.5   5.2 360.2  0.29  0.21
       7 26  89.8  56.8  72.4  52.5  50.9        26.0 118.9   5.0 563.2  0.31  0.24
       7 27  89.3  53.6  73.9  39.6  44.7        26.8 102.4   4.3 599.0  0.30  0.24
       7 28  84.9  59.3  73.3  39.6  46.5        18.9 104.3   4.3 605.3  0.29  0.23
       7 29  90.7  50.0  72.9  37.8  42.1        15.3 100.7   4.2 683.8  0.32  0.25
       7 30  93.9  56.5  77.5  34.1  43.8        14.6  95.5   4.0 674.0  0.33  0.26
       7 31  96.8  57.3  79.3  32.4  43.0        14.9  98.9   4.1 556.0  0.33  0.25
       8  1  80.5  58.9  66.5  37.7  39.7        22.8 136.7   5.7 491.9  0.31  0.23
       8  2  81.9  53.9  68.1  45.6  45.9  0.02  12.5  76.7   3.2 452.7  0.22  0.17
       8  3  87.2  59.7  70.4  69.1  58.1  0.10  23.0  81.9   3.4 412.5  0.21  0.17
       8  4  85.1  58.1  71.5  66.6  58.3  0.08  24.0 108.2   4.5 537.4  0.24  0.20
       8  5  83.2  59.7  69.8  76.3  61.2  0.02  23.2  88.2   3.7 414.2  0.18  0.15
       8  6  88.9  55.1  69.1  72.4  58.6  0.03  27.6  85.4   3.6 535.8  0.24  0.20
       8  7  87.1  56.1  70.1  68.4  57.4  0.03  19.5  84.9   3.5 530.2  0.23  0.19
       8  8  87.0  54.0  69.4  64.0  54.2  0.02  21.8  88.8   3.7 588.6  0.25  0.21
       8  9  80.1  52.6  67.4  59.3  51.6        19.1  93.5   3.9 634.5  0.24  0.20
       8 10  87.0  53.8  70.8  43.8  47.3        12.1  85.6   3.6 635.8  0.27  0.22
       8 11  92.3  49.9  74.1  29.6  36.0        13.4  91.7   3.8 666.4  0.32  0.25
       8 12  69.2  55.4  62.1  55.0  45.5        27.7 148.4   6.2 274.7  0.19  0.14
       8 13  74.8  42.7  60.7  56.5  42.8        11.7  78.4   3.3 600.4  0.21  0.17
       8 14  89.9  44.8  69.6  42.1  40.5        13.4  93.7   3.9 645.7  0.30  0.23
       8 15  79.7  52.5  65.8  54.3  48.3        20.9  99.3   4.1 568.1  0.24  0.19
       8 16 100.2  51.7  75.2  41.2  42.5        27.7 115.0   4.8 627.9  0.39  0.28
       8 17  76.0  43.9  62.5  35.3  33.8        22.9 128.2   5.3 568.1  0.27  0.20
       8 18  85.8  46.3  64.8  44.7  40.2        20.0  71.6   3.0 300.1  0.20  0.15
       8 19  85.9  47.4  66.3  52.6  47.3        20.6  92.5   3.9 556.7  0.25  0.20
       8 20  84.9  57.0  70.3  61.8  54.6        17.9  87.1   3.6 405.5  0.20  0.16
       8 21  84.6  55.8  66.5  62.4  52.2  0.06  30.8 103.6   4.3 351.3  0.22  0.16
       8 22  80.7  50.3  65.0  64.3  51.3        42.2 105.7   4.4 480.1  0.21  0.17
       8 23  86.7  49.1  68.9  52.9  47.7        14.1  92.3   3.8 534.7  0.25  0.20
       8 24  78.1  56.6  66.8  67.5  55.3        19.9 118.5   4.9 464.7  0.20  0.16
       8 25  86.5  56.0  69.8  60.8  53.6        15.3  84.2   3.5 554.6  0.24  0.19
       8 26  90.7  51.1  71.4  47.5  46.0        23.3 114.1   4.8 594.8  0.31  0.23
       8 27  77.5  58.0  67.0  70.4  56.2  0.01  22.4 171.7   7.2 395.2  0.21  0.16
       8 28  77.2  60.6  66.6  73.2  57.4        18.3 109.2   4.5 408.9  0.18  0.15
       8 29  74.8  52.7  62.2  79.3  55.1  0.04  28.9 111.4   4.6 325.2  0.15  0.12
       8 30  86.1  48.0  66.7  59.8  48.3        17.0 111.8   4.7 543.1  0.26  0.20
       8 31  89.6  52.7  72.2  41.3  43.1        15.6  90.4   3.8 530.3  0.27  0.20
       9  1  88.0  50.5  71.0  35.8  38.5        14.7  96.0   4.0 402.0  0.25  0.18
       9  2  81.3  48.0  67.0  39.4  40.9        14.9 116.6   4.9 556.4  0.26  0.20
       9  3  87.8  48.9  68.7  48.8  45.8        21.8 102.7   4.3 475.4  0.26  0.19
       9  4  89.6  53.6  71.9  40.0  42.9        23.3 109.9   4.6 469.0  0.28  0.21
       9  5  92.1  50.0  72.3  34.8  38.3        15.3  92.0   3.8 524.8  0.28  0.21
       9  6  92.2  51.8  73.5  34.4  41.2        17.1  91.4   3.8 449.3  0.27  0.19
       9  7  90.5  53.8  72.2  47.5  49.0        16.4  92.6   3.9 475.9  0.25  0.19
       9  8  82.4  55.0  69.5  57.8  53.1  0.20  20.3 115.8   4.8 319.3  0.19  0.15
       9  9  70.8  57.1  63.4  81.1  57.1  0.34  17.6 105.0   4.4 214.0  0.10  0.08
       9 10  65.7  55.9  60.0  87.0  56.0  0.16  15.8 134.8   5.6 264.0  0.10  0.08
       9 11  71.7  50.0  59.6  83.5  54.1  0.24  20.4 101.4   4.2 415.6  0.14  0.12
       9 12  74.4  56.0  62.5  85.2  57.4  0.37  26.6  76.0   3.2 409.0  0.14  0.12
       9 13  68.8  52.4  59.7  84.1  54.5  0.01  15.2  79.1   3.3 320.3  0.11  0.09
       9 14  75.3  52.6  63.3  58.1  46.5        20.2 110.5   4.6 513.7  0.21  0.16
       9 15  83.3  44.9  62.7  58.5  44.1        11.3  75.5   3.1 523.5  0.21  0.16
       9 16  82.7  45.6  64.7  49.4  42.3        14.4  76.3   3.2 494.3  0.21  0.16
       9 17  76.7  48.0  62.5  49.6  41.6        28.4 114.9   4.8 246.3  0.19  0.13
       9 18  69.0  47.9  58.1  53.8  40.7        32.0 162.7   6.8 302.4  0.19  0.14
       9 19  69.4  41.8  55.8  55.8  38.3        18.8  97.1   4.0 481.3  0.17  0.13
       9 20  79.2  39.2  59.9  52.4  38.5        16.4 102.7   4.3 496.8  0.22  0.16
       9 21  61.7  40.9  50.5  64.1  38.2        26.5 129.5   5.4 433.3  0.15  0.12
       9 22  67.8  45.5  53.5  59.6  38.7        12.9  82.8   3.5 472.5  0.16  0.13
       9 23  67.1  39.7  54.2  46.2  32.8        17.2 118.1   4.9 475.0  0.19  0.14
       9 24  83.2  36.8  60.3  47.5  35.6        28.1 105.3   4.4 464.0  0.24  0.17
       9 25  59.5  43.5  51.1  64.7  39.2  0.08  16.4 101.9   4.2 383.3  0.12  0.10
       9 26  61.7  44.3  50.5  87.6  46.8  0.01  13.7  84.7   3.5 312.7  0.09  0.08
       9 27  75.2  36.7  53.5  73.0  43.5  0.03  40.3 103.3   4.3 321.3  0.16  0.12
       9 28  66.4  44.0  53.1  77.6  45.9        12.4  78.2   3.3 312.2  0.11  0.09
       9 29  75.9  38.9  57.0  62.3  41.2        18.6 100.0   4.2 408.3  0.18  0.13
       9 30  76.2  46.5  62.4  30.8  29.4        27.4 148.8   6.2 459.3  0.26  0.18
      10  1  59.8  43.2  53.0  59.8  39.0  0.18  20.5 165.4   6.9 250.6  0.13  0.09
      10  2  43.4  36.4  39.3  95.4  38.1  0.02  14.1 142.1   5.9  67.0  0.03  0.03
      10  3  49.7  37.5  42.2  92.8  40.1  0.23  24.1 120.2   5.0 153.9  0.05  0.04
      10  4  63.4  33.3  48.1  73.2  38.6        15.5  93.7   3.9 413.1  0.12  0.09
      10  5  68.8  38.0  53.7  57.0  36.3        27.8 141.1   5.9 406.0  0.18  0.13
      10  6  58.5  37.3  48.0  68.8  37.8        15.6 113.3   4.7 375.1  0.11  0.09
      10  7  72.7  32.8  51.2  67.4  37.9        15.5  75.0   3.1 420.6  0.15  0.11
      10  8  71.0  39.9  54.0  58.1  37.8        23.6 139.9   5.8 414.1  0.19  0.13
      10  9  70.6  40.4  53.0  70.5  42.3        10.2  60.7   2.5 399.6  0.12  0.10
      10 10  78.1  36.5  57.9  44.0  30.6        22.7 129.0   5.4 397.7  0.23  0.16
      10 11  80.7  40.0  59.4  36.4  29.0  0.34  32.5 176.7   7.4 355.2  0.31  0.20
      10 12  51.0  29.4  39.6  67.1  28.8        17.6 107.6   4.5 204.7  0.08  0.06
      10 13  65.3  24.6  44.5  57.5  28.1        12.8  58.9   2.5 227.1  0.10  0.07
      10 14  61.7  28.5  44.7  47.0  21.9        20.5  91.4   3.8 226.6  0.13  0.09
      10 15  60.7  26.0  41.6  51.1  22.4        12.7  65.4   2.7 222.4  0.10  0.07
      10 16  60.5  30.9  45.2  42.8  22.8        23.0 119.8   5.0 207.3  0.14  0.10
      10 17  66.6  26.2  44.2  50.7  24.3        13.1  62.5   2.6 214.1  0.11  0.08
      10 18  72.1  29.8  49.9  35.5  19.7        18.2  93.0   3.9 214.5  0.17  0.11
      10 19  65.6  27.2  44.2  51.3  25.4        10.0  60.8   2.5 210.5  0.11  0.07
      10 20  68.9  26.9  46.1  42.2  20.8        11.7  74.0   3.1 162.2  0.14  0.09
      10 21  59.3  29.2  45.4  49.8  27.3        13.1  88.4   3.7 200.1  0.10  0.07
      10 22  44.0  25.9  31.9  83.2  27.2        22.0 140.3   5.8  68.1  0.06  0.04
      10 23  28.8  24.1  26.5  96.6  25.7        13.2 133.0   5.5  42.5  0.01  0.01
      10 24  32.3  23.4  27.7  95.6  26.7  0.04   7.3  48.6   2.0  57.0  0.02  0.02
      10 25  52.8  29.1  37.5  80.2  30.9        12.1  72.9   3.0 131.5  0.06  0.05
      10 26  58.4  27.9  42.3  65.1  30.2        12.1  70.1   2.9 181.8  0.08  0.06
      10 27  52.8  32.3  42.5  85.0  38.2  0.01  11.8  92.2   3.8 106.4  0.05  0.04
      10 28  59.4  24.0  41.5  69.4  30.0  0.04  20.2  97.3   4.1 166.3  0.09  0.06
      10 29  34.8  18.5  26.4  93.2  25.2  0.01  24.1 238.3   9.9  77.3  0.02  0.02
      10 30  19.3  13.3  16.9  86.1  13.4        10.0 109.9   4.6  98.1  0.02  0.02
      10 31  19.8  10.5  15.9  93.1  14.4        10.2  78.9   3.3 108.6  0.01  0.01
      11  1  30.0  12.1  18.3  93.6  17.0  0.20   9.1  60.3   2.5 129.2            
      11  2  32.0  18.9  24.5  90.3  22.2  0.05   8.3  50.9   2.1 135.8            
      11  3  37.1  15.5  25.1  84.9  20.9  0.10   9.9  65.4   2.7 152.4            
      11  4  39.6  14.6  25.7  76.8  19.0        13.4  50.4   2.1 103.4            
      11  5  48.4  17.8  32.7  67.7  22.5        10.1  73.7   3.1 175.0            
      11  6  54.5  23.1  37.4  69.0  27.1        10.4  64.8   2.7 169.5            
      11  7  61.1  23.2  40.4  61.5  26.8        13.9  67.8   2.8  73.4            
      11  8  63.7  38.8  52.1  39.9  28.2        33.3 187.9   7.8 123.7            
      11  9  55.8  33.9  44.5  55.1  29.2        26.8 156.9   6.5  94.9            
      11 10  53.4  26.2  39.6  44.8  18.5        24.5 113.0   4.7 139.3            
      11 11  44.4  21.9  32.4  66.6  22.1        14.9  85.4   3.6  80.4            
      11 12  51.1  18.8  33.1  59.4  18.5        10.9  70.6   2.9 158.4            
      11 13  55.6  28.5  41.5  60.0  27.8  0.03  14.3  84.9   3.5  62.5            
      11 14  48.4  30.1  37.9  76.8  30.8        13.5  87.9   3.7 118.4            
      11 15  46.5  22.8  35.3  74.3  27.2  0.01  20.0 107.2   4.5 114.6            
      11 16  56.8  19.0  35.5  59.6  20.5        11.3  70.2   2.9 143.2            
      11 17  59.9  25.6  41.5  46.4  19.5        23.4  93.6   3.9  95.7            
      11 18  53.4  26.5  41.0  43.0  19.3        21.3 123.6   5.2 136.8            
      11 19  59.0  30.0  43.1  37.9  17.5        13.3  80.3   3.3 142.6            
      11 20  64.9  26.3  42.0  54.3  24.6         9.1  65.3   2.7 142.1            
      11 21  63.7  31.0  44.6  57.9  29.4        15.5  79.2   3.3 139.4            
      11 22  66.6  25.2  44.2  55.3  26.9         8.4  65.0   2.7  96.2            
      11 23  49.6  29.2  37.3  64.7  26.4        19.1 149.4   6.2 115.9            
      11 24  30.4  20.2  23.8  90.4  21.3  0.07  22.4 133.3   5.6  76.7            
      11 25  29.4  11.3  20.0  89.6  17.5  0.06  10.7  77.4   3.2 100.3            
      11 26  26.5   5.5  14.8  81.9  10.3        11.5  86.8   3.6 154.3            
      11 27  44.6   9.3  25.5  73.1  17.7  0.01  10.2  71.3   3.0  97.2            
      11 28  52.7  16.5  32.5  74.4  25.3         7.1  58.9   2.5 132.1            
      11 29  55.7  25.7  37.7  70.1  28.5        14.0 103.4   4.3 129.9            
      11 30  44.8  24.5  33.4  65.9  22.3        14.3  87.2   3.6 116.0            
      12  1  52.0  24.1  37.5  71.3  28.6         7.7  57.3   2.4  95.0            
      12  2  55.9  24.6  38.6  66.9  27.4        14.2  69.7   2.9 126.8            
      12  3  31.6  25.7  29.0  91.2  26.8        13.0  86.5   3.6  22.1            
      12  4  32.3  24.9  29.5  93.3  27.8        11.1  86.0   3.6  23.2            
      12  5  48.0  22.6  33.4  79.2  27.0        12.7  99.0   4.1 121.5            
      12  6  49.8  18.1  30.6  67.3  19.5        11.6  73.6   3.1 125.9            
      12  7  44.6  21.5  31.5  66.2  20.9         7.8  47.0   2.0  92.0            
      12  8  43.6  20.1  30.4  68.1  20.6        11.5  71.7   3.0 107.2            
      12  9  54.6  16.1  30.5  63.8  17.5         9.6  69.2   2.9 124.3            
      12 10  58.2  16.0  32.3  50.6  13.6         8.0  53.5   2.2 123.3            
      12 11  47.8  20.7  33.3  51.3  16.1        19.7  86.5   3.6 100.4            
      12 12  41.4  18.5  31.1  49.3  13.6        18.3 122.1   5.1 114.0            
      12 13  56.8  17.5  34.1  56.3  18.1        12.6  70.5   2.9 119.0            
      12 14  60.2  19.0  34.8  57.4  19.2         9.5  66.0   2.8 116.8            
      12 15  63.9  23.3  40.9  50.0  20.6        31.0 151.3   6.3  59.0            
      12 16  49.3  25.2  35.7  51.2  18.2        19.1  96.6   4.0 111.0            
      12 17  49.5  28.1  37.8  58.3  23.9        19.0 100.4   4.2  80.9            
      12 18  41.2  22.4  31.4  71.3  22.6        19.9 133.5   5.6  88.1            
      12 19  38.9  12.1  26.2  59.1  12.7        23.4 109.4   4.6 111.8            
      12 20  40.0  10.3  24.3  53.7   8.7        11.5  84.1   3.5 111.0            
      12 21  42.9  17.7  29.8  54.5  14.2        16.4 101.1   4.2 111.2            
      12 22  40.0  14.8  25.3  65.3  14.3        14.2  64.4   2.7 111.3            
      12 23  32.5  11.7  20.9  74.4  13.7        17.1  83.6   3.5  76.2            
      12 24  31.8  11.4  19.9  81.2  14.8        10.2  58.7   2.4  83.9            
      12 25  36.3   6.6  18.1  70.9   9.3        10.0  61.4   2.6 110.8            
      12 26  41.5   3.6  19.4  57.4   4.6        14.0  65.9   2.7 121.4            
      12 27  57.2  12.7  35.1  43.5  13.2        25.6 127.9   5.3 107.9            
      12 28  52.6  24.0  36.4  54.2  20.8        12.3  72.2   3.0  42.1            
      12 29  61.8  24.5  41.3  39.8  13.7        31.0 195.2   8.1  87.8            
      12 30  47.5  19.1  34.3  35.6   8.9        22.4 118.0   4.9 118.2            
      12 31  48.3  16.3  31.0  50.0  13.1        14.3  83.1   3.5  97.3            

      Total                                7.74                         52.35 39.94
        Max 100.2  65.9  80.5  96.6  61.2        48.9 527.7  22.0 738.4
        Min  11.1 -12.2   2.6  19.2  -1.7         7.1  40.9   1.7  22.1
        Ave  63.4  33.8  48.3  57.8  31.0        20.2 116.1   4.8 370.3
