                                                                    17-JAN-02
      Cellular-linked Weather Station near JOHNSON'S CORNER, Color       2001
      -----------------------------------------------------------------------------
               Temperature      Rel   Dew             Wind        Solar StandrdASCE
            ----------------- Humid Point  Prec -----------------   Rad   ETr   ETo
       Date   Max   Min   Ave   Ave   Ave Total   Max Total   Ave Total Alflf Grass
      MoDay     F     F     F     %     F  inch   mph miles   mph Langl  inch  inch
      ----- ----- ----- ----- ----- ----- ----- ----- ----- ----- ----- ----- -----
       1  1  26.2   7.0  15.9  95.6  15.7        10.3  45.5   1.9 109.6            
       1  2  39.0   8.9  21.5  84.2  17.8         9.7  76.6   3.2 225.8            
       1  3  52.0  11.8  29.2  70.5  19.5        11.2  67.6   2.8 219.0            
       1  4  62.6  19.7  36.0  65.1  24.0        23.4  94.6   3.9 213.3            
       1  5  58.9  21.3  37.3  63.8  24.5        12.6  71.5   3.0 226.5            
       1  6  54.0  29.7  39.9  50.8  22.2        19.4 108.0   4.5 198.2            
       1  7  43.7  18.8  31.0  64.5  19.4        14.8  84.9   3.5 229.9            
       1  8  52.5  13.4  27.7  60.9  13.5         8.3  62.3   2.6 236.8            
       1  9  44.4  11.2  26.0  57.5  11.6         9.5  66.0   2.8 240.1            
       1 10  55.3  16.5  34.4  47.8  14.8        15.1  75.0   3.1 225.9            
       1 11  47.5  17.6  31.6  58.4  17.1        10.0  70.9   3.0 236.5            
       1 12  49.8  13.2  32.2  52.6  14.4        13.6  91.8   3.8 226.3            
       1 13  48.0  24.6  38.0  42.7  17.2        31.6 270.1  11.3 138.9            
       1 14  41.8  13.1  25.3  58.4  11.5        13.5  80.6   3.4 136.0            
       1 15  34.6  10.1  23.4  62.0  11.6        12.3  86.3   3.6 230.0            
       1 16  22.5  14.4  19.5  95.6  18.5        11.8  83.6   3.5 142.7            
       1 17  25.1  -3.9  11.6  88.4   9.3  0.09   7.4  44.2   1.8 212.9            
       1 18  38.5  13.5  24.6  78.5  18.7  0.02  15.9 108.7   4.5 226.3            
       1 19  35.0   7.6  20.9  80.5  15.5        11.5  76.9   3.2 252.1            
       1 20  44.2  17.4  28.8  71.3  20.0        24.5 134.6   5.6 163.8            
       1 21  44.8  11.9  27.3  68.6  16.9        10.2  71.7   3.0 260.0            
       1 22  39.9  14.9  26.9  71.5  18.5         9.6  62.0   2.6  70.7            
       1 23  40.0  21.3  29.1  79.3  23.2        11.7  81.9   3.4 223.3            
       1 24  40.7  17.8  28.1  77.1  21.5        12.6  67.4   2.8 250.5            
       1 25  43.1  19.7  29.7  71.0  19.8        28.1 121.0   5.0  91.9            
       1 26  37.9  22.2  30.2  57.5  16.9        18.0 133.9   5.6 217.5            
       1 27  31.5  18.4  25.1  87.8  22.1        12.8  72.1   3.0  97.8            
       1 28  24.7  21.0  22.6  97.2  21.9  0.06  11.3  86.8   3.6  40.9            
       1 29  42.6  21.4  31.0  72.5  21.6  0.32  25.3 134.4   5.6 137.9            
       1 30  36.9  12.9  30.1  49.9  12.9        30.3 240.8  10.0 187.5            
       1 31  33.4   2.7  15.9  70.9   7.4        10.9  80.7   3.4 286.6            
       2  1  38.4   7.4  20.7  70.5  12.6        11.0  94.8   4.0 265.4            
       2  2  44.8  12.8  28.6  74.8  21.5        16.3  76.3   3.2 249.2            
       2  3  47.4  26.3  36.1  71.6  27.3        18.1 128.4   5.3 172.6            
       2  4  40.5  20.8  30.6  74.5  23.1        14.0 108.6   4.5 291.6            
       2  5  59.0  21.4  36.9  71.3  26.5        26.4 159.0   6.6 253.8            
       2  6  38.2  22.6  30.1  91.1  27.8        16.1  76.9   3.2 207.4            
       2  7  29.5  14.8  23.4  96.6  23.0        14.2 148.7   6.2  47.1            
       2  8  15.1   8.2  10.6  93.6   9.2        12.6 114.2   4.8 193.1            
       2  9  19.5  -9.3   6.0  81.6   2.1  0.07   9.9  82.1   3.4 327.3            
       2 10  33.5  -3.6  14.7  78.1  10.5  0.02  13.9  89.6   3.7 321.8            
       2 11  46.1   8.7  26.4  70.0  16.3        29.3 155.8   6.5 320.5            
       2 12  43.5  16.9  30.4  70.2  21.6        16.3  94.4   3.9 326.8            
       2 13  46.1  18.4  30.5  76.7  23.4        21.5 112.5   4.7 331.7            
       2 14  18.8   6.6  12.4  93.3  11.0  0.01  11.8  93.1   3.9 249.8            
       2 15  37.1   4.1  20.5  83.8  17.3  0.01  10.7  58.2   2.4 341.8            
       2 16  25.3  17.3  21.4  96.0  20.5        13.5  87.2   3.6  56.2            
       2 17  36.2  21.6  26.5  92.3  24.6        11.7  59.4   2.5 243.1            
       2 18  43.8  23.4  33.2  79.4  27.2        14.0  64.7   2.7 113.9            
       2 19  49.5  26.8  36.6  75.5  29.4        12.3 100.5   4.2 252.8            
       2 20  43.7  24.3  31.4  93.5  29.8        16.7 122.7   5.1 258.7            
       2 21  45.3  26.5  33.0  93.1  31.2        13.7 102.6   4.3 276.4            
       2 22  50.3  24.8  37.4  74.2  29.0        17.5 124.0   5.2 281.4            
       2 23  38.7  27.5  33.2  96.0  32.1        12.6 122.7   5.1  79.3            
       2 24  41.8  24.7  33.7  87.3  30.1        16.5 119.9   5.0 222.3            
       2 25  51.4  19.7  36.5  59.1  21.2        22.1 132.0   5.5 388.6            
       2 26  34.3  22.4  28.0  86.8  24.6        19.4 144.3   6.0 211.6            
       2 27  22.7  14.9  19.2  93.4  17.7        15.3 137.7   5.7 190.0            
       2 28  39.4  16.1  25.6  83.4  21.3  0.02   9.9  66.9   2.8 313.0            
       3  1  57.2  21.6  37.0  59.3  20.5        20.3 104.7   4.4 362.7  0.13  0.09
       3  2  50.4  20.5  34.6  62.4  21.0        11.8  78.5   3.3 406.8  0.09  0.07
       3  3  50.1  20.4  35.8  58.7  20.9        16.4  89.6   3.7 377.2  0.10  0.07
       3  4  51.7  20.6  35.8  62.4  22.8        15.1  95.6   4.0 412.9  0.10  0.08
       3  5  60.3  21.4  41.6  54.7  24.1        12.4  73.4   3.1 321.6  0.11  0.08
       3  6  59.5  34.1  47.1  48.0  27.1        19.4  85.4   3.6 251.9  0.12  0.08
       3  7  58.3  30.2  44.3  64.6  32.3        17.5 104.9   4.4 392.4  0.12  0.09
       3  8  58.9  27.4  43.6  61.8  29.5        14.3 106.6   4.4 423.6  0.13  0.10
       3  9  64.5  27.3  46.0  52.3  26.4        17.2  94.9   4.0 373.1  0.15  0.11
       3 10  43.1  27.3  33.8  91.3  31.3  0.12  19.8 134.0   5.6  70.3  0.04  0.03
       3 11  28.6  22.0  25.7  99.1  25.5  0.10  13.8 140.2   5.8 224.0  0.02  0.02
       3 12  53.1  19.9  36.0  68.1  24.3  0.02  19.6 123.9   5.2 428.7  0.12  0.09
       3 13  57.6  28.0  40.8  64.5  28.3        19.5 117.9   4.9 423.3  0.14  0.10
       3 14  54.2  25.2  37.3  55.5  20.7        42.8 273.5  11.4 252.4  0.18  0.12
       3 15  45.4  24.9  33.9  53.8  17.1        35.7 295.1  12.3 323.4  0.15  0.10
       3 16  44.8  18.6  31.2  71.0  21.2        17.0 109.2   4.5 306.9  0.08  0.06
       3 17  33.8  26.5  30.3  93.8  28.8  0.09  11.3 102.0   4.3 124.2  0.03  0.02
       3 18  49.1  22.7  34.3  77.0  26.8        29.6 131.3   5.5 315.0  0.09  0.07
       3 19  62.6  20.3  41.9  54.7  22.6        12.8  73.7   3.1 478.0  0.14  0.11
       3 20  69.4  28.7  48.5  57.7  32.1        14.2  84.0   3.5 252.0  0.14  0.10
       3 21  62.0  38.3  49.5  70.0  39.3        13.6  99.7   4.2 282.6  0.11  0.09
       3 22  64.9  33.5  49.0  68.3  36.5        24.7 117.3   4.9 453.8  0.16  0.12
       3 23  63.3  30.1  43.7  66.5  31.3        25.6 176.6   7.4 372.9  0.18  0.13
       3 24  33.3  28.8  31.0  97.0  30.3        11.4 153.1   6.4  95.5  0.02  0.02
       3 25  35.2  29.0  31.1  96.0  30.0        10.6  95.5   4.0  93.6  0.03  0.03
       3 26  39.6  28.3  33.4  95.5  32.3  0.26  12.0  65.9   2.7 211.9  0.04  0.04
       3 27  56.7  31.0  39.6  79.0  32.4        30.2 110.9   4.6 352.7  0.12  0.09
       3 28  52.5  25.2  38.7  74.2  30.4        17.8  90.0   3.8 301.1  0.09  0.07
       3 29  46.3  28.9  37.4  89.7  34.6  0.05  14.3  93.6   3.9 160.2  0.05  0.04
       3 30  57.0  28.7  40.4  71.2  29.1        31.6 179.7   7.5 452.8  0.16  0.12
       3 31  48.4  25.0  35.7  79.0  28.9  0.06  14.8  95.6   4.0 510.6  0.10  0.09
       4  1  71.3  25.4  49.8  54.5  28.0        28.6 181.8   7.6 461.8  0.25  0.18
       4  2  70.5  40.7  53.6  50.3  33.2        25.9 158.6   6.6 458.0  0.24  0.17
       4  3  71.6  37.6  52.8  67.7  40.6        24.0 151.8   6.3 434.6  0.20  0.15
       4  4  59.0  43.0  49.3  85.7  44.8        16.8 121.0   5.0 351.3  0.11  0.09
       4  5  58.1  44.0  50.4  83.1  45.1        11.8  67.1   2.8 228.8  0.08  0.07
       4  6  57.9  41.6  48.3  79.9  42.2  0.01  24.3 127.3   5.3 218.2  0.10  0.07
       4  7  64.0  39.7  53.6  31.1  23.2        32.3 191.3   8.0 487.7  0.25  0.18
       4  8  60.4  34.4  46.8  57.8  30.9        32.2 155.9   6.5 415.3  0.17  0.13
       4  9  62.3  31.1  47.6  52.1  29.0        37.8 256.5  10.7 500.2  0.23  0.16
       4 10  42.0  31.9  37.8  85.0  33.6  0.13  15.9 155.6   6.5 125.8  0.05  0.04
       4 11  44.6  32.0  37.8  77.9  31.0  0.62  39.8 392.1  16.3 381.2  0.11  0.08
       4 12  48.1  32.3  39.2  76.3  32.3        20.1 125.9   5.2 401.7  0.10  0.08
       4 13  56.1  29.9  42.7  61.9  28.4        21.0 145.3   6.1 586.2  0.17  0.13
       4 14  61.5  29.4  45.0  60.0  30.1        37.6 142.2   5.9 517.9  0.18  0.14
       4 15  58.9  28.9  44.5  59.5  30.2        20.8 164.8   6.9 587.7  0.18  0.14
       4 16  44.8  30.7  37.3  70.4  28.5        25.3 174.1   7.3 260.6  0.09  0.07
       4 17  60.2  35.3  46.2  68.9  35.8        11.8  81.9   3.4 585.5  0.15  0.13
       4 18  79.2  32.2  56.4  52.7  34.1        25.6 138.4   5.8 470.3  0.27  0.19
       4 19  76.2  45.6  61.4  28.1  24.6        38.8 203.5   8.5 607.1  0.37  0.25
       4 20  56.9  33.5  48.3  60.2  35.1        24.0 150.2   6.3 258.7  0.12  0.09
       4 21  51.0  31.2  40.1  88.7  36.8  0.79  20.5 154.1   6.4 194.8  0.07  0.06
       4 22  39.7  30.1  33.3  93.0  31.2  0.41  32.4 329.0  13.7 165.5  0.05  0.04
       4 23  55.0  25.9  41.5  74.9  33.3        15.6 122.7   5.1 578.5  0.14  0.12
       4 24  64.1  32.3  49.7  64.0  36.3        13.9  85.5   3.6 626.6  0.17  0.15
       4 25  69.6  37.0  53.7  63.3  39.4        11.3  64.2   2.7 645.0  0.19  0.16
       4 26  74.3  39.6  58.0  53.5  38.7        14.2  75.9   3.2 649.6  0.22  0.18
       4 27  78.0  41.9  59.8  56.8  42.1        17.0  88.2   3.7 622.7  0.23  0.19
       4 28  75.2  41.3  60.0  59.8  44.2        19.8 102.0   4.3 534.9  0.21  0.17
       4 29  78.0  41.6  61.4  50.3  39.3        34.3 145.0   6.0 544.5  0.27  0.20
       4 30  72.6  42.8  59.2  49.6  38.6        22.0 102.2   4.3 538.3  0.22  0.17
       5  1  83.9  46.9  66.2  37.0  37.0        26.6 151.2   6.3 529.1  0.33  0.24
       5  2  48.5  31.9  34.6  96.4  33.3  0.97  30.7 167.8   7.0 127.3  0.08  0.05
       5  3  37.4  31.8  34.3  99.6  34.1  0.70   9.3  72.4   3.0 193.9  0.04  0.04
       5  4  41.8  34.0  38.6  98.4  38.2  0.56  13.6 165.6   6.9  70.8  0.02  0.02
       5  5  54.5  39.4  45.2  90.7  42.6  0.35  29.0 236.2   9.8 181.5  0.08  0.06
       5  6  58.0  41.4  50.6  70.0  41.1        21.4 158.2   6.6 514.8  0.15  0.13
       5  7  62.2  37.5  49.9  67.5  38.8        15.8 100.1   4.2 665.0  0.18  0.16
       5  8  72.4  36.0  56.4  59.4  39.9        16.3 101.2   4.2 679.1  0.23  0.19
       5  9  76.4  39.8  58.1  56.1  40.6        42.7 116.9   4.9 332.9  0.21  0.15
       5 10  78.0  45.3  60.5  63.1  46.4        17.6 101.7   4.2 448.2  0.21  0.16
       5 11  67.1  48.5  56.3  76.0  48.4        24.3 133.5   5.6 541.3  0.18  0.15
       5 12  80.0  41.5  62.0  60.7  45.6        12.2  70.5   2.9 692.7  0.24  0.20
       5 13  83.8  43.8  65.7  49.0  43.3        12.8  83.4   3.5 671.3  0.27  0.22
       5 14  79.1  45.8  63.2  62.2  49.1  0.02  23.8 107.9   4.5 485.9  0.22  0.17
       5 15  82.6  47.3  65.6  54.1  45.8        24.5 121.5   5.1 509.3  0.26  0.20
       5 16  75.4  55.4  64.7  52.4  46.3        27.2 147.3   6.1 293.4  0.22  0.16
       5 17  63.1  44.1  53.7  84.5  48.9  0.26  23.5 125.6   5.2 189.5  0.09  0.07
       5 18  76.1  43.2  57.8  74.8  48.1        26.5  96.3   4.0 531.2  0.20  0.17
       5 19  67.1  50.3  58.5  78.2  51.5  0.01  13.9 113.4   4.7 408.9  0.14  0.12
       5 20  69.9  31.9  49.5  75.0  41.5  0.07  45.8 208.3   8.7 480.6  0.21  0.16
       5 21  59.5  30.7  46.7  44.5  23.9        28.6 207.4   8.6 615.8  0.24  0.18
       5 22  76.0  35.5  57.4  44.0  31.5        31.5 201.7   8.4 625.8  0.33  0.24
       5 23  81.1  38.0  61.5  45.5  34.9        37.8 240.1  10.0 708.0  0.40  0.29
       5 24  78.4  37.6  60.0  42.3  32.0        33.5 245.4  10.2 717.0  0.39  0.28
       5 25  71.7  34.4  54.9  64.2  41.9        19.8  69.7   2.9 591.3  0.19  0.16
       5 26  75.9  42.9  60.1  64.4  46.6  0.01  26.3 103.0   4.3 422.8  0.19  0.15
       5 27  74.8  51.3  61.2  75.3  52.6        16.8 122.4   5.1 482.6  0.20  0.16
       5 28  73.0  46.6  59.3  82.4  53.5  0.01  16.7  92.9   3.9 343.0  0.14  0.12
       5 29  74.4  50.9  61.8  73.3  52.0  0.52  30.7 103.1   4.3 425.7  0.18  0.15
       5 30  65.6  50.5  57.7  82.9  52.2  0.11  19.1 130.0   5.4 312.9  0.12  0.10
       5 31  74.5  43.2  60.3  73.3  50.1        20.0  82.3   3.4 586.3  0.19  0.17
       6  1  83.7  49.3  66.3  53.9  45.3        17.2  79.3   3.3 720.0  0.28  0.23
       6  2  84.9  47.5  65.8  56.6  48.1        50.1  99.7   4.2 568.5  0.26  0.21
       6  3  65.3  52.4  57.1  91.1  54.5  0.08  21.8 153.7   6.4 133.6  0.08  0.06
       6  4  61.3  48.6  53.4  95.6  52.1  0.21  20.2 166.7   6.9 254.8  0.09  0.07
       6  5  73.4  41.8  58.3  71.9  47.7  0.01  17.1 106.1   4.4 649.6  0.22  0.18
       6  6  80.9  50.0  65.3  64.1  49.8        17.3 124.8   5.2 686.6  0.28  0.23
       6  7  80.1  57.0  67.8  70.9  57.2        27.5 135.9   5.7 623.1  0.25  0.21
       6  8  84.0  51.3  69.0  62.7  53.7        18.9 124.3   5.2 682.4  0.28  0.23
       6  9  85.6  54.6  69.7  56.9  51.2        24.5 109.9   4.6 451.8  0.25  0.20
       6 10  91.5  51.9  73.5  41.6  44.5        21.3 100.8   4.2 614.3  0.32  0.25
       6 11  94.6  51.9  74.0  39.4  43.4        28.9 154.5   6.4 664.7  0.42  0.31
       6 12  85.3  57.1  70.4  58.2  52.7        23.7 117.4   4.9 488.6  0.27  0.21
       6 13  64.4  44.0  52.5  65.7  39.6  0.37  25.6 154.2   6.4 258.9  0.17  0.12
       6 14  67.3  39.1  54.6  56.5  36.2        33.8 160.8   6.7 670.5  0.25  0.20
       6 15  81.8  40.5  63.7  42.9  35.9        30.0 141.2   5.9 731.0  0.34  0.26
       6 16  78.1  45.6  63.2  61.7  49.2        15.3  88.4   3.7 608.6  0.22  0.19
       6 17  89.0  48.7  71.9  45.4  43.9        23.0 136.2   5.7 745.0  0.37  0.28
       6 18  89.2  48.8  70.9  37.2  40.6        24.1 134.4   5.6 617.1  0.35  0.26
       6 19  69.0  53.2  59.5  60.3  45.6        14.3 136.7   5.7 329.2  0.19  0.14
       6 20  74.5  51.5  61.0  77.6  53.6  0.21  22.9 123.9   5.2 564.6  0.21  0.18
       6 21  76.7  53.6  63.5  77.5  55.3        21.8  78.0   3.3 522.5  0.19  0.17
       6 22  84.3  52.1  68.1  57.2  50.1        33.8 103.5   4.3 518.9  0.26  0.20
       6 23  89.0  49.5  71.5  49.3  48.3        25.6 112.6   4.7 628.5  0.31  0.24
       6 24  88.7  50.5  72.9  48.1  50.0        28.2 139.7   5.8 588.9  0.32  0.24
       6 25  89.8  56.7  73.7  52.9  53.7        17.5  96.5   4.0 623.4  0.29  0.24
       6 26  86.6  55.5  71.3  60.3  55.6        19.1  98.4   4.1 549.9  0.25  0.21
       6 27  86.0  59.0  72.3  56.9  54.4        13.8  80.7   3.4 634.1  0.27  0.22
       6 28  91.9  54.4  75.2  46.6  50.1        15.6  81.6   3.4 681.9  0.30  0.25
       6 29  93.9  58.0  77.8  41.7  48.9        23.8 101.4   4.2 624.5  0.33  0.26
       6 30  96.6  58.3  77.8  44.5  51.4        22.0 111.6   4.7 607.5  0.35  0.27
       7  1  97.9  57.9  76.8  47.2  53.1        23.2  98.3   4.1 598.5  0.34  0.26
       7  2  94.1  58.0  75.8  50.9  52.5        28.8 121.2   5.0 482.6  0.32  0.24
       7  3  84.0  54.7  72.4  61.3  57.6        21.0 121.0   5.0 527.7  0.24  0.20
       7  4  90.1  59.2  75.0  56.2  56.2        33.4 102.5   4.3 537.9  0.28  0.22
       7  5  91.0  63.1  76.8  54.6  58.1        32.6 136.9   5.7 551.2  0.31  0.24
       7  6  93.7  63.2  79.1  46.4  54.8        20.8 108.8   4.5 620.9  0.33  0.26
       7  7  92.1  61.5  76.2  58.0  58.6  0.58  34.0 120.5   5.0 552.4  0.30  0.24
       7  8  88.1  63.9  73.4  72.7  63.4  0.31  36.4 191.8   8.0 513.3  0.30  0.23
       7  9  83.7  59.3  72.2  73.1  62.8        17.1 111.6   4.7 583.6  0.23  0.20
       7 10  83.1  61.9  70.8  73.4  61.4  0.04  31.6 137.4   5.7 606.4  0.26  0.21
       7 11  83.0  60.2  70.8  73.4  61.0        18.8 124.9   5.2 590.0  0.25  0.21
       7 12  83.2  60.6  67.9  83.6  62.3  0.31  41.9 120.7   5.0 435.4  0.21  0.17
       7 13  81.2  58.0  68.1  82.3  62.2  0.01  21.5 106.5   4.4 446.8  0.18  0.16
       7 14  79.8  57.4  67.8  81.8  61.5        13.1  85.6   3.6 517.9  0.19  0.17
       7 15  81.3  57.7  70.6  65.7  57.2        15.8  98.0   4.1 629.5  0.24  0.21
       7 16  89.7  55.7  73.4  50.2  50.0        19.6 131.9   5.5 716.0  0.35  0.28
       7 17  86.4  51.6  71.8  46.6  48.2        19.7 101.9   4.2 504.0  0.26  0.20
       7 18  88.3  52.4  74.0  47.4  49.7        20.2 121.7   5.1 666.5  0.32  0.25
       7 19  87.4  57.1  74.5  47.8  52.4        23.9 103.4   4.3 537.0  0.27  0.21
       7 20  89.7  58.2  74.8  54.8  55.3        14.9  81.2   3.4 631.5  0.27  0.23
       7 21  93.5  57.3  75.9  53.9  56.1        11.6  78.4   3.3 514.5  0.26  0.21
       7 22  91.8  58.2  77.2  49.4  53.9        14.0  93.0   3.9 650.8  0.30  0.24
       7 23  78.2  58.2  68.8  76.5  61.3        20.7 104.9   4.4 294.5  0.14  0.12
       7 24  83.3  55.2  68.6  78.5  61.0        18.0  78.6   3.3 440.0  0.18  0.16
       7 25  88.3  55.1  71.3  62.8  56.5        26.3 117.4   4.9 603.7  0.28  0.23
       7 26  78.9  58.0  67.4  74.2  58.5  0.02  22.7 102.3   4.3 385.7  0.18  0.15
       7 27  85.8  54.4  71.7  60.0  54.8        18.4  91.2   3.8 676.1  0.27  0.23
       7 28  92.9  56.4  74.3  50.7  50.4        16.0  95.3   4.0 658.4  0.32  0.25
       7 29  98.6  53.4  76.2  45.2  48.5        23.3 103.8   4.3 550.7  0.34  0.25
       7 30  97.0  54.0  78.4  38.1  47.3        17.8 127.0   5.3 657.3  0.38  0.28
       7 31  90.4  62.9  75.5  52.4  54.9  0.09  30.2 117.6   4.9 456.4  0.28  0.22
       8  1  84.7  60.4  70.5  69.2  58.1        22.9 105.1   4.4 381.0  0.21  0.17
       8  2  87.4  59.6  71.9  72.2  61.3        20.4  99.9   4.2 565.4  0.24  0.20
       8  3  89.6  57.8  74.5  63.8  59.1        17.0  88.7   3.7 647.8  0.27  0.23
       8  4  91.0  61.0  76.1  61.1  59.7        15.1  87.0   3.6 541.4  0.25  0.21
       8  5  92.7  62.7  77.9  51.7  56.0        21.3 103.0   4.3 553.8  0.29  0.23
       8  6  89.5  62.7  73.8  65.2  59.7  0.32  27.3 131.1   5.5 500.4  0.28  0.22
       8  7  89.4  60.8  74.2  68.2  61.3        19.9 111.8   4.7 630.8  0.28  0.23
       8  8  88.9  60.2  73.1  56.6  55.6  0.06  26.6 133.6   5.6 534.7  0.30  0.23
       8  9  68.4  59.0  63.5  80.2  57.2  0.05  19.2 117.7   4.9 199.8  0.10  0.08
       8 10  76.3  54.4  62.3  83.6  57.1  0.60  38.9  96.7   4.0 368.7  0.15  0.13
       8 11  81.1  53.1  66.6  74.7  56.9        22.1  77.4   3.2 483.6  0.19  0.16
       8 12  83.7  54.0  69.2  67.3  56.1        16.6  85.5   3.6 586.3  0.23  0.19
       8 13  81.1  55.4  68.2  74.7  59.4        24.0  76.1   3.2 505.8  0.19  0.16
       8 14  78.6  62.1  67.9  75.4  59.4  0.07  26.3 102.5   4.3 337.8  0.17  0.14
       8 15  78.8  60.1  68.3  60.5  53.5        25.8 126.3   5.3 403.4  0.22  0.17
       8 16  75.4  51.9  62.4  78.1  55.1  0.17  22.0  91.5   3.8 333.5  0.14  0.12
       8 17  82.6  48.8  65.9  64.2  50.2        17.0  88.1   3.7 600.1  0.24  0.19
       8 18  85.5  48.0  67.6  58.9  50.3        12.9  82.7   3.4 573.0  0.24  0.19
       8 19  90.1  49.2  68.9  58.8  51.5        21.8  90.6   3.8 383.3  0.23  0.17
       8 20  86.8  57.2  70.3  55.7  52.8        31.4 105.7   4.4 335.8  0.23  0.17
       8 21  87.0  56.8  70.2  62.2  55.1        11.8  75.7   3.2 489.0  0.22  0.18
       8 22  84.6  53.9  68.7  60.4  52.7        18.3  75.1   3.1 471.0  0.21  0.17
       8 23  79.3  58.3  67.1  71.0  56.6        15.6  82.8   3.5 476.2  0.19  0.16
       8 24  89.9  49.9  70.8  56.8  50.9        14.9  66.8   2.8 539.1  0.23  0.19
       8 25  80.7  58.0  69.1  54.0  50.9        37.6 159.4   6.6 499.7  0.27  0.20
       8 26  89.2  47.2  67.9  59.0  49.7        12.1  78.6   3.3 583.1  0.25  0.20
       8 27  91.3  50.0  70.3  53.0  50.4        11.6  78.0   3.3 564.0  0.25  0.20
       8 28  83.5  53.4  67.9  51.4  47.7        32.7 107.8   4.5 401.0  0.23  0.17
       8 29  86.8  49.7  67.4  56.8  49.3        16.2  74.4   3.1 388.3  0.20  0.16
       8 30  75.2  50.0  64.3  63.6  51.3        18.0  92.3   3.8 383.5  0.16  0.13
       8 31  79.0  52.2  64.1  70.9  53.7        21.0  91.1   3.8 385.6  0.17  0.14
       9  1  83.2  48.3  65.4  64.6  51.2        38.6 102.0   4.3 373.0  0.20  0.15
       9  2  89.1  48.2  68.9  51.6  45.8        19.1 107.1   4.5 433.3  0.26  0.19
       9  3  89.9  49.8  70.7  46.0  46.9        10.6  79.6   3.3 542.8  0.25  0.19
       9  4  87.4  51.2  69.1  49.2  46.9        16.7  91.4   3.8 546.6  0.25  0.20
       9  5  85.4  52.3  66.9  54.0  48.4        29.1  87.6   3.6 494.2  0.23  0.18
       9  6  86.8  53.2  66.3  58.1  49.2  0.08  22.1 122.2   5.1 413.2  0.26  0.19
       9  7  67.9  43.8  55.4  63.1  41.8  0.26  28.4 141.7   5.9 468.7  0.19  0.14
       9  8  51.6  36.2  44.3  86.6  40.4  0.37  17.5 144.0   6.0 240.6  0.07  0.06
       9  9  69.8  30.3  49.7  72.9  39.5         9.1  57.2   2.4 549.8  0.15  0.13
       9 10  78.1  38.4  58.7  62.7  43.2        11.6  68.4   2.9 552.3  0.19  0.15
       9 11  88.6  43.7  65.4  48.5  41.7        13.7  62.8   2.6 566.8  0.23  0.18
       9 12  82.2  43.7  63.8  47.0  41.5        16.6 100.9   4.2 521.4  0.24  0.18
       9 13  83.6  48.9  64.3  62.7  49.1  0.03  20.8 109.1   4.5 377.7  0.22  0.16
       9 14  77.7  49.3  61.5  80.9  54.6  0.04  16.7  93.8   3.9 398.5  0.16  0.13
       9 15  66.3  50.6  58.1  91.1  55.4  0.02  19.9  92.7   3.9 297.5  0.09  0.08
       9 16  79.5  51.6  61.3  74.3  51.9        20.9  72.0   3.0 327.5  0.15  0.12
       9 17  66.1  50.1  56.4  85.5  51.8  0.02  16.2  79.8   3.3 236.8  0.09  0.08
       9 18  69.5  46.8  56.9  82.2  50.9        16.8  73.9   3.1 383.8  0.12  0.10
       9 19  82.9  41.4  61.8  58.3  42.5        14.7  87.7   3.7 474.0  0.21  0.16
       9 20  78.0  46.5  62.2  54.0  43.4        15.5  96.3   4.0 488.1  0.20  0.15
       9 21  85.1  44.6  64.5  52.5  43.0        13.9  79.9   3.3 392.1  0.20  0.15
       9 22  82.4  45.7  63.8  40.8  35.9        25.3 118.8   5.0 467.5  0.26  0.18
       9 23  71.7  39.6  55.5  59.4  40.2        13.7  85.7   3.6 476.9  0.16  0.13
       9 24  79.4  38.5  58.1  63.2  43.0        11.9  76.0   3.2 472.4  0.18  0.14
       9 25  83.6  41.3  62.0  54.5  41.1        15.3  90.2   3.8 467.5  0.22  0.16
       9 26  89.2  44.0  65.8  44.6  37.7        23.6  82.1   3.4 414.7  0.23  0.16
       9 27  89.7  47.1  68.8  33.8  35.0        13.7  75.9   3.2 463.7  0.23  0.16
       9 28  81.0  45.3  63.3  56.5  45.9        10.3  63.1   2.6 379.2  0.15  0.12
       9 29  84.3  51.0  63.9  57.3  46.2        20.0  92.9   3.9 327.3  0.20  0.14
       9 30  74.0  45.3  60.3  64.7  47.6        14.0  74.7   3.1 417.4  0.14  0.11
      10  1  81.4  46.0  62.8  53.9  42.8        11.5  70.5   2.9 429.4  0.18  0.13
      10  2  83.4  50.8  65.4  37.7  35.0        21.3 101.9   4.2 404.8  0.24  0.16
      10  3  78.6  39.2  58.6  44.9  34.7        12.6  78.4   3.3 392.2  0.18  0.13
      10  4  55.9  32.7  46.3  73.6  37.9  0.11  22.7 139.5   5.8 101.8  0.07  0.05
      10  5  44.9  30.9  37.0  85.7  32.8  0.03  13.5 106.5   4.4 206.7  0.06  0.04
      10  6  69.1  25.0  45.4  69.5  33.5        11.5  68.7   2.9 403.7  0.13  0.10
      10  7  72.9  37.1  53.0  62.4  39.1        13.7  86.6   3.6 151.3  0.13  0.09
      10  8  77.3  38.8  59.8  49.1  37.4        23.1  83.6   3.5 362.8  0.16  0.12
      10  9  65.2  41.7  51.5  65.7  40.2  0.03  24.4 123.5   5.1 244.9  0.13  0.09
      10 10  54.7  30.5  42.0  63.5  29.4        14.3  91.4   3.8 348.5  0.10  0.08
      10 11  60.0  24.9  42.4  60.3  28.3        22.2  92.1   3.8 172.1  0.10  0.07
      10 12  54.0  33.0  45.6  37.1  20.2        29.1 218.1   9.1 345.4  0.18  0.12
      10 13  64.3  33.2  50.3  43.5  27.5        31.4 197.8   8.2 224.0  0.19  0.13
      10 14  59.2  30.5  45.9  64.5  33.6        19.8 117.3   4.9 338.8  0.11  0.08
      10 15  50.7  30.0  38.4  75.7  31.1  0.15  29.9 145.7   6.1 362.8  0.10  0.07
      10 16  67.0  25.2  43.6  65.1  30.1        12.5  61.8   2.6 355.6  0.11  0.08
      10 17  71.7  32.7  51.8  51.7  32.4        11.3  70.2   2.9 216.5  0.12  0.09
      10 18  64.0  32.9  45.7  59.4  31.2        20.3 123.8   5.2 359.7  0.15  0.10
      10 19  68.7  28.4  47.2  56.0  28.2        16.4 121.0   5.0 345.7  0.17  0.12
      10 20  53.6  31.9  42.6  64.1  31.0        19.7  85.0   3.5 147.9  0.08  0.05
      10 21  56.4  30.4  45.0  69.5  34.9        10.6  79.5   3.3 190.9  0.07  0.05
      10 22  68.5  35.0  52.2  53.9  33.8        23.4 106.8   4.5 189.5  0.14  0.09
      10 23  69.6  38.7  53.6  38.9  27.7        41.7 258.7  10.8 314.6  0.28  0.17
      10 24  53.4  36.5  43.9  24.0   8.4        33.3 285.1  11.9 359.1  0.24  0.15
      10 25  56.9  24.8  40.4  34.1  12.3        21.5 112.2   4.7 323.2  0.14  0.09
      10 26  59.3  22.8  39.5  41.6  16.3        20.0  86.4   3.6 340.3  0.12  0.08
      10 27  71.2  25.2  46.8  42.8  22.3        11.3  67.8   2.8 237.4  0.13  0.09
      10 28  73.2  38.3  52.3  49.3  33.3        13.2  87.7   3.7 160.0  0.15  0.10
      10 29  55.5  35.2  45.3  61.8  32.5        12.1  67.1   2.8 240.7  0.07  0.06
      10 30  56.5  34.6  43.8  76.0  36.6         7.9  54.5   2.3  64.9  0.05  0.04
      10 31  70.8  36.2  56.0  37.6  28.0        37.6 197.1   8.2 283.1  0.23  0.14
      11  1  62.0  34.9  49.4  41.0  25.6        18.9 118.2   4.9 307.0            
      11  2  63.9  30.1  46.0  47.7  25.7        13.2  72.6   3.0 309.4            
      11  3  66.3  33.3  47.3  48.3  26.9        10.9  70.1   2.9 297.3            
      11  4  68.9  26.3  45.5  51.7  26.6        10.4  70.6   2.9 313.1            
      11  5  73.7  30.6  51.0  40.7  25.0        13.7  91.0   3.8 280.6            
      11  6  70.4  36.2  51.9  48.4  31.2        14.3  88.6   3.7 284.3            
      11  7  70.4  31.9  44.7  69.7  33.5  0.11  26.7 162.1   6.8 218.5            
      11  8  47.3  28.1  35.8  85.8  31.7  0.23  11.9 111.8   4.7 316.1            
      11  9  64.2  20.1  37.9  67.1  25.8         6.9  58.4   2.4 314.3            
      11 10  60.7  22.4  39.8  54.0  21.8         8.8  62.2   2.6 305.3            
      11 11  62.9  26.8  42.4  59.3  27.2        11.3  68.2   2.8 252.0            
      11 12  65.6  31.3  46.5  62.3  32.5        13.8  82.9   3.5 275.1            
      11 13  64.9  34.3  46.1  63.8  32.9         8.6  62.4   2.6 226.7            
      11 14  64.7  32.8  47.0  54.2  29.4        15.1  93.0   3.9 271.9            
      11 15  62.4  27.9  44.2  61.8  30.3        11.3  72.9   3.0 272.7            
      11 16  62.5  26.6  42.6  72.4  33.5         9.4  71.6   3.0 266.5            
      11 17  62.5  29.5  42.8  76.6  35.0         9.1  62.7   2.6 248.4            
      11 18  48.9  24.7  33.5  85.7  29.6  0.08  21.7 131.2   5.5  85.4            
      11 19  48.0  15.7  28.9  94.8  28.2  0.02   8.3  55.1   2.3 211.8            
      11 20  59.7  18.8  35.1  68.1  23.6         9.6  61.1   2.5 274.9            
      11 21  56.3  21.6  36.7  54.7  20.7        15.3  74.2   3.1 185.6            
      11 22  52.4  27.3  39.8  64.1  27.9        13.5  81.1   3.4 162.9            
      11 23  46.3  34.4  40.2  74.6  32.6        33.8 248.3  10.3  98.2            
      11 24  50.5  26.6  37.1  52.0  19.3        18.4 124.0   5.2 253.2            
      11 25  33.5  22.6  28.5  90.5  26.1        15.2 161.9   6.7  94.1            
      11 26  28.9  14.9  23.0  90.0  20.7  0.05  29.7 239.3  10.0 192.4            
      11 27  26.0   7.3  15.4  85.0  11.6        14.0 110.0   4.6 237.3            
      11 28  27.6   2.6  13.9  82.8   9.5        12.2  79.4   3.3 242.8            
      11 29  32.9   8.9  21.3  83.8  17.3         8.3  57.8   2.4 137.9            
      11 30  46.3  21.6  32.2  62.6  19.5        21.6 105.5   4.4 207.1            
      12  1  44.6  14.5  30.3  69.6  21.2        11.6  73.2   3.0 217.4            
      12  2  55.5  31.0  41.4  56.3  26.0        19.8 116.9   4.9 223.2            
      12  3  64.0  23.5  40.3  56.6  22.0        28.5 137.5   5.7 201.8            
      12  4  43.2  24.5  32.9  70.5  24.1        12.8  78.5   3.3 143.7            
      12  5  46.7  26.3  38.2  34.8  11.2        35.2 272.9  11.4 234.1            
      12  6  56.1  31.1  44.4  33.7  16.4        43.3 275.3  11.5 231.5            
      12  7  44.4  17.6  34.9  41.2  13.4        25.9 184.2   7.7 150.7            
      12  8  48.8  13.0  26.6  55.1  10.5        10.7  76.0   3.2 226.8            
      12  9  51.5  16.0  30.9  61.4  18.0        10.1  64.9   2.7 154.6            
      12 10  40.4  16.2  27.2  70.3  18.2         8.8  63.2   2.6 171.4            
      12 11  47.6  11.7  30.6  54.8  12.2        24.9 115.5   4.8 226.3            
      12 12  30.8  12.6  22.4  80.5  17.3         8.7  76.3   3.2 110.9            
      12 13  37.5   6.8  20.4  79.0  14.8         9.4  54.6   2.3 175.8            
      12 14  46.0  14.9  27.4  72.6  19.2        14.5  69.9   2.9 136.7            
      12 15  46.5  17.0  29.6  74.0  21.2        23.5 115.0   4.8 152.4            
      12 16  29.3   6.5  17.1  93.7  16.1  0.09  10.8  75.8   3.2 221.8            
      12 17  56.0   8.7  29.0  72.6  20.9        12.1  75.0   3.1 215.1            
      12 18  40.6  14.5  27.5  76.1  20.6        17.0 122.7   5.1 212.3            
      12 19  50.5  11.6  28.7  69.8  18.4        19.4  92.0   3.8 211.3            
      12 20  42.6  17.8  28.8  72.1  20.5        11.8  76.1   3.2 191.1            
      12 21  48.9  14.2  31.3  67.1  20.6        27.8 128.8   5.4 182.8            
      12 22  40.2  18.6  28.1  70.2  19.1        16.8 135.1   5.6 185.3            
      12 23  46.0  11.4  25.1  71.6  16.0        12.8  86.5   3.6 220.8            
      12 24  40.5  10.7  24.9  65.5  13.7        10.4  69.7   2.9 215.0            
      12 25  42.3  11.7  26.2  56.6  11.4        15.0  97.4   4.1 173.8            
      12 26  49.5  17.5  31.4  54.1  14.8        12.5  84.7   3.5 220.6            
      12 27  46.4  14.8  28.8  57.2  13.8        10.7  84.6   3.5 217.9            
      12 28  52.3  12.9  28.8  67.4  17.9        34.2 176.6   7.4 136.2            
      12 29  33.3  19.7  24.2  71.8  16.3        13.3  92.0   3.8 126.5            
      12 30  24.6  18.0  21.6  79.8  16.3        10.5  99.7   4.2  92.5            
      12 31  34.7   9.6  22.3  78.0  16.3        15.1  75.5   3.1 202.6            

      Total                               12.10                         47.78 37.10
        Max  98.6  63.9  79.1  99.6  63.4        50.1 392.1  16.3 745.0
        Min  15.1  -9.3   6.0  24.0   2.1         6.9  44.2   1.8  40.9
        Ave  63.6  35.1  48.8  65.3  35.3        19.5 112.1   4.7 366.3
