                                                                    07-JUN-00
      Cellular-linked Weather Station near JOHNSON'S CORNER, Color       1998
      -----------------------------------------------------------------------------
               Temperature      Rel   Dew             Wind        Solar StandrdASCE
            ----------------- Humid Point  Prec -----------------   Rad   ETr   ETo
       Date   Max   Min   Ave   Ave   Ave Total   Max Total   Ave Total Alflf Grass
      MoDay     F     F     F     %     F  inch   mph miles   mph Langl  inch  inch
      ----- ----- ----- ----- ----- ----- ----- ----- ----- ----- ----- ----- -----
       1  1  63.6  29.1  43.6  48.7  24.1        12.6 108.5   4.5 229.9            
       1  2  63.5  30.1  46.3  44.5  24.1        23.6 169.6   7.1 192.3            
       1  3  39.6  22.1  28.0  79.7  22.3        18.5 117.2   4.9  79.7            
       1  4  44.1  20.6  27.4  85.1  23.4         7.0  65.4   2.7 190.9            
       1  5  46.7  18.2  31.5  76.0  24.6        22.5 134.8   5.6 202.9            
       1  6  36.1   6.6  23.1  81.0  18.8  0.04  20.1 133.5   5.6 245.0            
       1  7  34.6   2.3  15.6  73.9   9.2         7.8  73.8   3.1 244.9            
       1  8  41.8   8.4  22.7  67.4  13.7  0.01  12.3  96.9   4.0 243.5            
       1  9  25.2   3.8  13.0  79.5   8.1        16.2 123.5   5.1 160.5            
       1 10  20.5   2.6  11.9  82.9   8.3         7.8  61.5   2.6 101.1            
       1 11  42.0  12.6  24.2  76.3  18.0        13.4  95.1   4.0 179.0            
       1 12  17.9   9.4  14.9  90.6  12.8        16.3 116.3   4.8  91.9            
       1 13  34.8  16.1  23.9  84.1  19.8        18.8  97.6   4.1  97.9            
       1 14  44.7  16.2  30.9  51.3  14.1        16.4 149.2   6.2 256.9            
       1 15  46.2  13.6  29.7  61.6  18.3        15.5 108.2   4.5 161.7            
       1 16  41.8  23.0  33.0  47.9  14.9        22.9 189.6   7.9 223.7            
       1 17  48.3  25.0  36.0  57.7  22.5        36.1 196.9   8.2 106.3            
       1 18  50.6  21.3  37.0  47.9  17.7        21.6 210.1   8.8 263.1            
       1 19  46.0  16.5  29.2  70.4  20.0        12.3  81.5   3.4 218.9            
       1 20  44.4  22.1  33.0  48.5  14.2        24.8 206.9   8.6 205.9            
       1 21  36.1  11.0  23.3  70.2  14.9        10.9  79.9   3.3 198.2            
       1 22  36.9   8.3  24.0  54.4   9.5        10.2  79.1   3.3 171.3            
       1 23  42.7  16.2  28.9  50.6  11.5        14.1 142.7   5.9 279.1            
       1 24  54.5  15.0  32.6  56.5  17.6        19.0 126.0   5.3 106.3            
       1 25  49.0  23.5  37.7  44.5  17.3        25.5 191.1   8.0 185.6            
       1 26  53.3  13.2  31.1  52.4  14.3        11.9  93.0   3.9 270.5            
       1 27  54.3  20.0  35.7  48.7  16.4        17.4 112.5   4.7 240.9            
       1 28  53.4  19.0  35.1  52.5  18.5        22.9 143.4   6.0 243.6            
       1 29  54.9  16.0  30.9  62.0  17.5        11.2  98.5   4.1 298.1            
       1 30  55.3  17.4  35.6  49.9  16.1        10.9 110.2   4.6 256.5            
       1 31  40.9  24.9  32.4  78.7  26.6  0.01  12.3 102.1   4.3 161.8            
       2  1  45.9  15.7  28.3  68.7  18.4        11.0  81.0   3.4 263.8            
       2  2  45.7  18.9  29.5  61.6  17.0         9.5  89.3   3.7 190.8            
       2  3  42.3  18.0  28.2  77.5  22.0        10.1  76.0   3.2 238.0            
       2  4  32.0  21.7  27.4  91.6  25.4         9.9 101.9   4.2  82.2            
       2  5  37.9  25.9  31.9  87.5  28.6         7.1  67.2   2.8 104.1            
       2  6  47.2  21.1  31.3  80.9  25.9        11.0  77.5   3.2 259.4            
       2  7  43.5  16.5  30.2  76.0  23.4         6.3  64.2   2.7 165.9            
       2  8  52.3  17.8  34.4  61.8  21.0         9.6  75.7   3.2 249.5            
       2  9  45.4  31.1  38.0  61.4  25.9        15.4 156.0   6.5 142.1            
       2 10  46.9  19.2  34.0  46.5  14.1        18.9 170.6   7.1 301.8            
       2 11  47.2  12.0  28.6  50.9   9.7        14.7 100.5   4.2 332.1            
       2 12  46.9  14.0  28.4  52.2  11.4        12.6  96.6   4.0 343.4            
       2 13  53.8  14.3  33.5  50.3  15.1        14.9 111.4   4.6 321.7            
       2 14  51.9  21.4  37.3  54.6  21.2        15.7 107.2   4.5 322.1            
       2 15  38.7  21.0  30.6  83.5  26.4        10.1  82.7   3.4 174.6            
       2 16  34.7  31.3  32.7  96.7  31.8  0.23   8.6  89.5   3.7 119.3            
       2 17  46.1  28.6  36.1  80.2  30.0  0.02  10.3  72.7   3.0 307.5            
       2 18  46.0  26.0  35.3  69.5  25.5        17.9 110.7   4.6 285.5            
       2 19  47.5  22.9  33.6  59.1  19.0        17.7 143.8   6.0 370.4            
       2 20  45.9  16.0  29.6  60.6  15.9        11.4  78.6   3.3 367.9            
       2 21  53.3  16.5  33.6  56.7  17.9        12.6 101.3   4.2 363.6            
       2 22  57.3  23.8  40.5  53.9  22.9        19.3 131.2   5.5 321.8            
       2 23  52.4  23.4  39.1  66.9  27.9        15.5 104.2   4.3 319.0            
       2 24  60.5  26.4  42.4  57.9  27.2  0.01  21.2 116.0   4.8 350.9            
       2 25  44.1  31.2  39.1  37.5  15.7  0.01  37.1 431.1  18.0 122.0            
       2 26  39.5  21.8  30.6  30.7   2.6        29.8 320.6  13.4 375.7            
       2 27  35.3  16.1  26.3  34.3   1.3        34.1 339.4  14.1 330.2            
       2 28  37.3  18.9  27.1  30.1  -0.8        32.0 323.1  13.5 424.6            
       3  1  40.8  16.3  28.2  36.2   3.2        31.3 298.0  12.4 340.8  0.12  0.10
       3  2  46.0  12.9  28.6  53.2  12.6        14.0  99.0   4.1 416.4  0.08  0.07
       3  3  54.6  16.4  34.9  50.3  16.2        14.0 125.1   5.2 402.7  0.09  0.09
       3  4  42.6  24.9  31.5  69.4  22.2        18.9 158.6   6.6 365.5  0.08  0.07
       3  5  42.5  18.4  30.5  67.7  20.0  0.06  14.4 123.2   5.1 399.2  0.07  0.06
       3  6  34.8  18.7  26.7  81.4  22.0        17.6 161.1   6.7 214.4  0.05  0.04
       3  7  24.3   3.5  16.0  78.7  11.0        23.8 290.3  12.1 387.4  0.06  0.03
       3  8  27.8  -3.0  14.4  71.5   7.5  0.03  11.1  95.8   4.0 444.9  0.06  0.05
       3  9  28.4  10.1  18.1  76.1  11.8         9.1  85.9   3.6 421.8  0.05  0.04
       3 10  45.8   7.1  25.0  68.8  15.7  0.01  27.9 184.4   7.7 353.6  0.07  0.07
       3 11  24.8   5.2  15.2  75.2   9.4        17.4 123.1   5.1 327.0  0.04  0.03
       3 12  54.5  14.6  34.4  62.3  21.0        13.4  90.9   3.8 482.1  0.08  0.07
       3 13  61.2  21.5  40.9  55.0  23.3        13.4  98.4   4.1 485.6  0.09  0.09
       3 14  57.1  26.5  37.2  72.7  28.2        10.5  88.6   3.7 388.0  0.08  0.08
       3 15  60.5  26.5  43.6  57.2  27.2        15.8 126.2   5.3 477.3  0.12  0.11
       3 16  47.6  29.8  37.9  83.0  33.2        14.0 102.3   4.3 208.9  0.05  0.05
       3 17  55.1  32.3  41.1  80.1  34.7  0.09  19.3 128.2   5.3 324.5  0.09  0.08
       3 18  37.1  26.7  31.7  96.5  31.0  0.43  21.9 243.8  10.2 136.4  0.04  0.02
       3 19  34.3  10.0  25.5  88.6  23.3  0.21   9.5  82.3   3.4 462.1  0.07  0.06
       3 20  46.3  20.4  31.1  82.3  26.0  0.05   9.3  75.0   3.1 465.5  0.08  0.07
       3 21  55.8  24.6  39.5  63.0  26.3        10.3  93.6   3.9 520.8  0.10  0.09
       3 22  66.2  32.6  52.2  50.1  32.8  0.01  19.3 151.7   6.3 386.2  0.10  0.10
       3 23  70.4  43.1  55.4  51.7  36.8        14.0 120.7   5.0 337.7  0.10  0.11
       3 24  77.2  38.5  56.6  49.0  33.9        19.0 142.8   6.0 523.6  0.18  0.18
       3 25  77.1  38.9  57.3  41.8  30.0        26.4 153.8   6.4 534.6  0.20  0.20
       3 26  70.4  45.3  54.8  46.0  33.6  0.01  30.9 199.0   8.3 410.5  0.19  0.19
       3 27  66.3  43.6  53.5  52.5  34.4        22.3 178.7   7.4 461.0  0.18  0.17
       3 28  63.3  37.8  49.2  64.0  35.8        17.3 131.6   5.5 434.8  0.15  0.13
       3 29  50.1  29.9  39.5  82.3  34.5  0.06  27.1 251.7  10.5 274.8  0.11  0.08
       3 30  40.4  25.2  31.0  76.6  24.1  0.04  24.1 157.0   6.5 329.1  0.10  0.08
       3 31  51.1  16.8  34.5  66.2  22.4  0.05  17.2 131.7   5.5 554.7  0.13  0.11
       4  1  62.2  24.2  44.1  45.7  20.8        22.3 141.3   5.9 546.5  0.15  0.14
       4  2  43.3  32.3  36.5  78.5  30.1  0.42  17.5 197.0   8.2  56.1  0.04  0.04
       4  3  53.7  32.4  43.2  73.5  34.7        14.0 108.8   4.5 507.8  0.11  0.09
       4  4  64.3  31.1  46.1  63.1  32.7        12.0  89.0   3.7 546.8  0.14  0.12
       4  5  62.3  31.7  47.9  44.8  23.1        34.2 204.8   8.5 597.3  0.20  0.17
       4  6  49.8  32.4  42.9  63.9  31.0        18.9 115.3   4.8 196.7  0.07  0.06
       4  7  51.9  28.5  39.3  77.9  32.3  0.15  26.3 114.9   4.8 389.5  0.11  0.09
       4  8  52.8  31.5  40.6  73.2  31.4  0.04  28.7 141.7   5.9 414.2  0.12  0.10
       4  9  55.3  29.5  42.9  62.5  29.0        16.8  91.3   3.8 485.8  0.12  0.10
       4 10  61.9  29.9  46.5  47.8  24.5        22.0 137.8   5.7 578.7  0.17  0.15
       4 11  78.4  28.0  54.3  39.3  25.2        30.7 149.7   6.2 598.7  0.22  0.21
       4 12  64.8  43.4  56.1  27.7  22.4        44.3 295.4  12.3 527.0  0.24  0.22
       4 13  56.8  34.0  44.8  58.6  29.8  0.13  21.4 120.3   5.0 386.4  0.14  0.12
       4 14  44.9  33.3  38.1  88.9  35.0  0.27  12.9 100.9   4.2 182.6  0.07  0.06
       4 15  43.6  33.9  37.2  82.7  32.4  0.01  23.2 179.6   7.5 205.3  0.08  0.06
       4 16  40.2  29.2  33.7  76.4  26.9        13.9 121.9   5.1 192.6  0.06  0.05
       4 17  51.8  25.7  38.0  68.5  27.1        27.0 128.7   5.4 497.1  0.12  0.10
       4 18  50.1  32.1  39.3  63.6  26.6  0.06  21.2 187.5   7.8 588.6  0.15  0.12
       4 19  58.7  25.4  42.5  57.2  26.1  0.15  28.6 131.1   5.5 541.1  0.15  0.13
       4 20  52.3  32.7  41.9  75.4  33.9        23.1 158.4   6.6 462.6  0.12  0.10
       4 21  60.2  31.3  46.4  56.2  28.5        18.2 100.4   4.2 555.3  0.15  0.13
       4 22  68.7  32.7  50.4  47.1  28.0        11.4  83.4   3.5 645.3  0.18  0.16
       4 23  76.3  34.1  57.3  42.3  30.5        17.7 106.2   4.4 649.5  0.21  0.18
       4 24  74.5  40.4  59.1  38.0  29.3        32.5 213.1   8.9 596.7  0.26  0.23
       4 25  64.1  42.9  54.2  46.3  32.4  0.18  28.7 194.4   8.1 577.8  0.22  0.19
       4 26  58.2  40.3  47.5  52.5  29.9  0.04  24.1 192.6   8.0 435.4  0.20  0.16
       4 27  60.0  31.5  46.6  55.2  29.6        23.2 146.7   6.1 630.2  0.20  0.16
       4 28  61.9  34.7  48.2  50.1  28.0        21.4 104.1   4.3 666.1  0.20  0.17
       4 29  68.8  28.9  50.4  42.6  25.1        17.5 100.5   4.2 659.6  0.21  0.17
       4 30  75.1  36.0  58.2  35.6  26.8        29.8 177.0   7.4 575.4  0.24  0.21
       5  1  67.3  38.9  55.3  46.5  34.5  0.01  24.3 119.4   5.0 418.1  0.16  0.14
       5  2  65.1  36.5  52.8  52.8  35.2        13.1  90.1   3.8 593.8  0.19  0.16
       5  3  75.6  39.4  55.9  47.2  35.0        28.5 130.2   5.4 541.2  0.23  0.19
       5  4  72.9  37.5  56.4  55.2  38.2  0.09  29.2 168.4   7.0 536.6  0.22  0.18
       5  5  67.4  44.4  53.8  73.1  44.6  0.01  18.7 131.7   5.5 455.8  0.17  0.14
       5  6  63.9  37.5  50.1  73.2  41.2  0.09  27.9 173.8   7.2 341.5  0.15  0.12
       5  7  65.5  44.1  51.3  69.5  41.1        25.1 158.8   6.6 472.4  0.19  0.15
       5  8  59.5  41.2  47.5  80.7  41.6  0.05  24.1 150.9   6.3 265.5  0.12  0.09
       5  9  62.3  32.5  48.2  73.7  39.4        17.0 106.8   4.5 529.7  0.16  0.13
       5 10  73.0  38.9  57.2  65.6  43.9  0.01  22.5 130.5   5.4 588.5  0.20  0.16
       5 11  69.9  41.5  56.1  64.7  42.9        28.4 155.0   6.5 512.2  0.19  0.15
       5 12  70.4  36.6  54.7  62.4  40.4        17.2 109.1   4.5 596.2  0.20  0.16
       5 13  81.9  45.8  62.7  48.2  38.6        29.0 154.1   6.4 669.1  0.29  0.24
       5 14  69.2  41.2  54.0  57.3  38.8        26.2 193.9   8.1 468.7  0.23  0.18
       5 15  68.6  41.0  56.6  39.3  30.4        31.2 198.7   8.3 690.4  0.28  0.22
       5 16  75.1  39.2  58.3  43.5  34.1        20.5 142.6   5.9 676.6  0.27  0.22
       5 17  82.7  38.0  62.9  36.9  31.1        22.6 116.7   4.9 727.0  0.29  0.24
       5 18  82.0  41.9  65.4  34.2  33.8        35.0 116.3   4.8 564.3  0.25  0.20
       5 19  82.7  44.8  65.0  41.1  38.3        15.1  95.9   4.0 636.0  0.27  0.21
       5 20  79.5  49.4  63.8  60.3  48.7  0.04  17.7 110.1   4.6 501.3  0.23  0.18
       5 21  76.8  52.7  64.2  63.6  50.2  0.30  22.5 150.2   6.3 471.7  0.22  0.18
       5 22  62.8  44.6  54.3  81.2  48.7  0.49  23.8 107.6   4.5 284.2  0.12  0.10
       5 23  68.8  42.9  55.7  63.7  41.9        12.6  91.0   3.8 654.0  0.23  0.18
       5 24  69.4  44.3  55.3  66.9  43.7        23.3 103.1   4.3 539.5  0.20  0.16
       5 25  69.9  42.4  57.5  69.8  46.4        17.0 114.6   4.8 600.8  0.20  0.16
       5 26  75.6  46.7  59.6  69.7  48.8  0.03  23.4  89.0   3.7 512.0  0.20  0.15
       5 27  80.4  48.5  65.1  55.6  46.0        17.2 134.8   5.6 727.0  0.28  0.22
       5 28  80.6  46.5  66.2  44.5  42.6        15.9  89.1   3.7 619.9  0.25  0.19
       5 29  82.0  48.8  66.6  53.5  47.6        23.1  95.7   4.0 556.7  0.24  0.18
       5 30  82.2  49.6  66.1  41.2  38.5        21.5 118.9   5.0 543.2  0.28  0.21
       5 31  73.3  45.1  62.5  51.5  44.3        15.2  98.3   4.1 651.3  0.25  0.19
       6  1  84.2  44.9  66.8  40.8  37.0        30.4 186.6   7.8 671.7  0.35  0.28
       6  2  77.2  47.2  65.4  41.1  40.3        21.9 167.7   7.0 714.0  0.31  0.24
       6  3  53.1  41.7  45.3  77.8  38.7  0.01  16.4 164.6   6.9 179.8  0.13  0.09
       6  4  48.0  39.4  43.0  93.4  41.2  0.20  21.0 145.7   6.1 148.6  0.08  0.05
       6  5  50.8  35.9  42.4  83.3  37.5  0.07  14.4  89.3   3.7 328.7  0.11  0.08
       6  6  68.1  32.1  52.4  65.6  39.5        27.5  78.6   3.3 625.9  0.19  0.14
       6  7  71.8  47.2  58.9  64.3  46.0        21.9 141.9   5.9 527.9  0.19  0.14
       6  8  65.0  44.9  53.8  80.4  47.6  0.26  25.6 145.6   6.1 483.9  0.17  0.12
       6  9  67.2  44.3  55.5  76.4  47.6  0.07  25.3 114.5   4.8 449.7  0.17  0.12
       6 10  70.0  46.7  58.4  69.7  47.6        22.2 117.4   4.9 495.6  0.19  0.14
       6 11  76.9  45.7  63.1  48.3  39.9  0.01  23.8 131.0   5.5 660.9  0.27  0.20
       6 12  81.0  49.8  66.5  44.2  40.6        15.1  93.2   3.9 685.0  0.28  0.21
       6 13  74.8  51.5  63.9  44.2  40.3        34.1 156.1   6.5 527.0  0.27  0.20
       6 14  72.8  49.3  60.0  50.6  40.6  0.04  28.1 198.3   8.3 275.8  0.24  0.17
       6 15  71.1  42.8  58.4  54.9  39.7  0.01  15.7  94.2   3.9 616.2  0.25  0.18
       6 16  73.2  46.2  58.6  58.4  43.0        21.5 162.4   6.8 395.7  0.23  0.17
       6 17  65.5  49.7  55.9  56.1  40.1  0.01  28.5 163.7   6.8 384.0  0.21  0.15
       6 18  75.0  45.4  61.4  37.0  33.0        31.1 167.5   7.0 692.9  0.32  0.23
       6 19  86.9  46.0  69.6  33.0  34.7        21.2 147.0   6.1 750.0  0.35  0.26
       6 20  80.2  49.5  65.9  43.7  41.7  0.02  18.7 137.4   5.7 635.1  0.30  0.22
       6 21  77.3  51.1  63.0  58.3  47.0  0.02  23.1 116.8   4.9 485.4  0.25  0.18
       6 22  85.6  47.3  66.8  54.7  47.6        26.7 137.7   5.7 689.9  0.33  0.24
       6 23  84.7  56.7  70.2  48.0  45.7        17.3 102.1   4.3 736.0  0.32  0.24
       6 24  84.6  50.3  68.3  34.1  34.1        32.8 166.1   6.9 748.0  0.39  0.29
       6 25  88.1  46.6  70.0  37.6  39.5        22.4 119.6   5.0 722.0  0.35  0.26
       6 26  89.1  50.3  74.0  29.9  36.0        30.2 186.6   7.8 749.0  0.40  0.31
       6 27  84.2  49.0  70.3  36.1  41.1        14.3 120.2   5.0 730.0  0.34  0.25
       6 28  88.6  48.9  71.5  39.0  44.2        16.7  91.5   3.8 726.0  0.33  0.24
       6 29  89.3  57.1  74.6  39.9  46.6        15.9 112.3   4.7 716.0  0.34  0.26
       6 30  83.7  57.6  70.1  58.3  54.9        23.0  99.1   4.1 612.1  0.28  0.21
       7  1  81.6  59.8  69.9  64.9  57.2        20.5 128.9   5.4 634.9  0.28  0.22
       7  2  87.8  59.4  72.2  62.6  57.3  0.09  21.0 113.2   4.7 644.9  0.30  0.23
       7  3  79.5  58.8  69.5  61.2  55.0        20.4 111.6   4.7 527.7  0.24  0.18
       7  4  81.6  53.8  67.7  70.0  57.2        19.5  99.5   4.1 474.6  0.22  0.17
       7  5  90.3  53.1  73.2  56.4  53.6        13.7  86.9   3.6 631.3  0.29  0.21
       7  6  74.9  58.1  67.7  68.4  56.8  0.05  19.1 104.8   4.4 247.5  0.14  0.11
       7  7  85.1  54.2  69.6  64.3  55.7        20.2  99.1   4.1 531.7  0.25  0.19
       7  8  78.4  61.5  68.3  73.3  59.1        15.0  84.8   3.5 367.7  0.18  0.13
       7  9  79.6  59.3  67.8  76.3  59.6        18.3  85.2   3.5 506.9  0.21  0.16
       7 10  81.3  55.3  68.9  70.5  58.1        17.5  91.2   3.8 570.9  0.23  0.18
       7 11  87.7  55.4  72.7  56.9  54.7        13.5  88.9   3.7 635.6  0.27  0.21
       7 12  90.5  55.5  75.4  45.4  50.6        13.3  95.2   4.0 686.2  0.31  0.23
       7 13  92.1  53.7  75.5  42.0  48.3        22.1  95.3   4.0 719.0  0.33  0.25
       7 14  92.7  54.2  74.3  43.3  48.1        40.2 102.6   4.3 528.5  0.30  0.22
       7 15  86.0  55.1  71.3  51.2  51.7        26.8 123.8   5.2 597.2  0.30  0.23
       7 16  84.7  53.4  69.6  64.0  55.5        11.8  91.1   3.8 681.5  0.29  0.22
       7 17  88.2  54.9  73.5  54.4  53.8        14.6  92.0   3.8 701.0  0.30  0.23
       7 18  93.8  54.7  75.6  50.1  52.9        14.6  84.5   3.5 681.8  0.31  0.23
       7 19  93.6  56.6  76.0  47.8  53.3        15.0  94.3   3.9 649.3  0.31  0.24
       7 20 100.3  59.5  80.7  37.4  46.2        18.2  95.6   4.0 715.0  0.36  0.27
       7 21  90.3  59.8  73.9  49.9  53.2        26.5 155.3   6.5 375.3  0.29  0.22
       7 22  72.9  60.8  66.6  79.3  59.8  0.02  14.5  92.2   3.8 251.5  0.14  0.11
       7 23  77.1  59.6  67.4  79.0  60.0        16.5  84.3   3.5 338.9  0.17  0.13
       7 24  78.1  62.4  68.3  81.6  62.1  0.13  15.3  89.9   3.7 376.6  0.17  0.13
       7 25  82.2  61.8  67.9  85.8  62.8  0.41  21.1  78.5   3.3 416.3  0.18  0.14
       7 26  82.6  60.5  70.8  71.7  59.8        15.1  80.6   3.4 597.4  0.23  0.18
       7 27  84.1  59.9  72.3  61.6  56.3        13.2  84.7   3.5 653.5  0.26  0.20
       7 28  85.6  59.0  72.3  57.7  54.7        15.8  94.1   3.9 607.8  0.26  0.21
       7 29  84.2  61.5  69.3  73.2  59.7  0.45  20.4  95.6   4.0 471.0  0.23  0.18
       7 30  67.6  60.0  62.8  93.2  60.8  0.54  17.8 129.0   5.4 213.0  0.10  0.08
       7 31  76.3  59.3  66.1  79.7  59.1        13.3 123.3   5.1 480.9  0.20  0.16
       8  1  79.8  58.6  65.9  78.3  58.7        25.0 108.0   4.5 334.3  0.17  0.13
       8  2  82.0  51.8  67.8  56.9  50.1        15.2  98.8   4.1 531.1  0.23  0.18
       8  3  74.4  58.5  64.3  76.7  56.4  0.07  17.5  94.2   3.9 346.4  0.16  0.12
       8  4  70.5  59.0  62.4  85.6  57.9  0.04  20.2  95.0   4.0 245.2  0.12  0.09
       8  5  76.2  54.8  65.5  76.1  56.9  0.08  12.0  68.5   2.9 615.8  0.21  0.17
       8  6  81.3  54.0  67.4  70.2  56.0        11.3  67.9   2.8 649.7  0.23  0.18
       8  7  85.3  53.1  69.4  64.7  54.9         9.4  60.5   2.5 648.1  0.23  0.19
       8  8  90.1  54.2  72.4  56.1  53.0        25.2  86.8   3.6 473.5  0.23  0.18
       8  9  84.0  59.4  69.2  66.9  56.8  0.02  19.1  87.1   3.6 416.3  0.20  0.16
       8 10  78.1  55.1  65.9  73.9  56.8        13.2  79.1   3.3 318.7  0.15  0.12
       8 11  83.2  55.9  68.3  64.6  54.7        17.5  92.6   3.9 559.2  0.24  0.19
       8 12  85.2  52.5  69.1  56.9  49.4        18.4 103.1   4.3 619.3  0.27  0.21
       8 13  87.0  51.0  70.0  54.6  50.3        17.2  71.6   3.0 630.4  0.25  0.20
       8 14  83.6  52.3  68.0  59.4  52.1        18.8  88.4   3.7 380.9  0.19  0.15
       8 15  81.4  52.8  67.0  67.8  55.4  0.02  15.9  91.8   3.8 450.2  0.20  0.16
       8 16  85.9  53.1  68.8  60.4  53.0  0.02  25.4 105.7   4.4 460.6  0.22  0.18
       8 17  89.9  53.0  71.9  57.6  53.6        15.7  75.5   3.1 553.8  0.23  0.19
       8 18  85.1  56.1  71.7  55.8  54.1        20.4 105.5   4.4 479.7  0.22  0.18
       8 19  84.7  55.7  69.1  65.4  55.8        16.8  94.8   4.0 502.4  0.22  0.18
       8 20  80.8  60.6  69.7  65.4  57.1        15.0  82.8   3.5 505.7  0.21  0.17
       8 21  84.1  56.3  68.8  68.6  56.9        24.0  93.7   3.9 483.3  0.21  0.17
       8 22  85.6  53.7  69.4  67.5  56.3        20.5  83.6   3.5 481.2  0.20  0.17
       8 23  88.7  53.8  72.4  55.2  53.2        16.6 111.5   4.6 587.7  0.26  0.21
       8 24  88.7  59.8  71.5  55.8  53.4        30.1 111.5   4.6 497.2  0.25  0.21
       8 25  79.4  54.5  66.5  69.3  55.6        14.7 106.1   4.4 308.0  0.16  0.13
       8 26  85.3  58.1  70.4  64.3  56.8        10.5  74.5   3.1 513.5  0.21  0.17
       8 27  83.1  53.1  69.9  52.6  50.8  0.01  19.1 100.0   4.2 429.9  0.20  0.16
       8 28  82.7  49.2  65.9  52.8  45.6        11.6  73.0   3.0 593.5  0.23  0.19
       8 29  85.8  46.0  67.2  54.0  47.8        12.6  70.6   2.9 552.8  0.22  0.18
       8 30  89.0  50.8  71.1  48.4  48.1        20.6  80.4   3.4 504.9  0.22  0.18
       8 31  79.1  61.0  69.8  51.1  50.5        21.9 119.5   5.0 385.8  0.20  0.16
       9  1  76.3  53.4  65.0  68.0  53.1  0.26  16.1  89.8   3.7 445.7  0.18  0.15
       9  2  83.5  48.4  66.5  60.6  50.4        10.4  77.8   3.2 571.2  0.22  0.18
       9  3  88.6  51.6  70.9  49.1  48.4        10.2  69.0   2.9 572.8  0.22  0.18
       9  4  87.5  49.8  69.3  53.3  48.9        14.0  83.1   3.5 566.7  0.23  0.19
       9  5  91.3  52.8  70.8  53.7  51.0         7.9  55.4   2.3 550.4  0.21  0.18
       9  6  87.9  51.1  71.5  51.4  49.9        13.4  79.3   3.3 551.6  0.22  0.19
       9  7  78.1  53.1  66.4  75.2  57.9        11.5  64.0   2.7 482.7  0.17  0.15
       9  8  85.9  55.7  68.8  69.9  57.2         9.9  68.6   2.9 504.0  0.19  0.17
       9  9  86.5  53.8  70.0  55.8  51.4        13.5  83.0   3.5 498.4  0.20  0.18
       9 10  85.6  52.4  70.7  49.7  48.6        16.5  97.6   4.1 503.7  0.21  0.18
       9 11  85.7  52.6  70.9  48.5  49.0        17.1 107.9   4.5 516.1  0.22  0.19
       9 12  78.8  56.0  65.4  66.9  53.9  0.02  22.3 100.4   4.2 298.3  0.16  0.13
       9 13  74.5  48.6  60.1  78.5  52.6  0.02  16.3  75.0   3.1 307.1  0.14  0.12
       9 14  75.4  47.2  59.9  72.6  49.6        18.0  77.6   3.2 351.1  0.15  0.13
       9 15  76.2  46.3  61.8  68.2  49.8        13.4  71.6   3.0 504.8  0.16  0.14
       9 16  80.9  49.4  63.5  62.2  48.8        11.4  73.4   3.1 487.4  0.17  0.15
       9 17  86.7  46.1  66.6  50.0  43.8        11.0  61.2   2.5 482.1  0.17  0.15
       9 18  88.3  47.3  68.8  43.8  41.2        15.0  88.6   3.7 492.6  0.20  0.18
       9 19  82.1  52.1  66.8  38.4  37.5        23.2 141.0   5.9 479.0  0.24  0.21
       9 20  74.3  46.9  59.9  65.1  47.3  0.35  24.8 158.6   6.6 328.3  0.18  0.15
       9 21  51.9  45.0  47.6  96.3  46.6  0.06  18.3 151.6   6.3  91.7  0.06  0.05
       9 22  62.5  45.1  51.6  87.2  47.5        12.4  95.5   4.0 291.5  0.10  0.09
       9 23  71.6  48.5  58.2  78.9  50.5  0.01  10.4  66.2   2.8 302.7  0.09  0.08
       9 24  79.3  46.8  61.8  68.5  49.2        13.1  83.5   3.5 461.7  0.14  0.12
       9 25  84.9  45.5  66.3  47.6  42.1        24.1 118.1   4.9 472.5  0.19  0.17
       9 26  77.8  49.2  64.5  36.5  35.8        21.5 130.5   5.4 476.1  0.20  0.18
       9 27  77.2  46.9  60.0  54.4  42.1         9.9  76.9   3.2 463.2  0.17  0.15
       9 28  82.3  40.7  62.2  50.6  39.9        13.7  82.1   3.4 432.4  0.17  0.15
       9 29  82.0  49.9  63.5  48.4  42.1        29.8  96.7   4.0 341.4  0.16  0.15
       9 30  64.6  48.1  57.0  62.0  43.5        22.6 151.1   6.3 376.1  0.15  0.12
      10  1  54.3  42.5  48.9  77.6  42.0  0.04  14.0 143.9   6.0  81.5  0.07  0.06
      10  2  54.4  42.2  46.6  95.2  45.3  0.17  12.4  84.4   3.5 185.5  0.07  0.06
      10  3  50.5  43.0  45.7  95.4  44.4  0.02  16.4 108.3   4.5  98.2  0.04  0.03
      10  4  56.4  42.3  47.1  74.6  38.9  0.23  23.2 155.0   6.5 212.8  0.09  0.07
      10  5  51.9  36.1  45.3  46.5  25.2        29.7 181.2   7.5 188.3  0.11  0.09
      10  6  63.8  27.8  46.0  57.8  29.2        14.0  86.3   3.6 426.6  0.12  0.10
      10  7  69.5  33.1  50.1  58.7  33.8        12.4  65.6   2.7 421.7  0.11  0.10
      10  8  74.5  37.5  55.9  56.7  37.9         9.3  67.9   2.8 344.5  0.10  0.09
      10  9  75.1  40.1  58.4  41.8  32.2        14.5  84.6   3.5 412.2  0.13  0.12
      10 10  72.1  37.2  55.4  47.8  34.1        24.0  75.3   3.1 384.1  0.12  0.11
      10 11  64.6  38.3  53.0  32.7  23.5        26.1 185.1   7.7 406.3  0.19  0.16
      10 12  62.9  36.4  45.4  60.0  31.2         8.4  60.4   2.5 224.0  0.10  0.09
      10 13  71.8  31.1  50.8  53.6  32.5        11.0  68.9   2.9 303.5  0.11  0.09
      10 14  72.7  41.2  57.2  48.8  36.2        18.6 119.5   5.0 392.0  0.13  0.12
      10 15  66.4  45.3  54.7  64.8  42.6        14.0  70.1   2.9 336.2  0.09  0.08
      10 16  52.5  40.8  47.3  87.1  44.0  0.56  25.1 145.7   6.1 119.4  0.05  0.04
      10 17  51.8  30.6  43.1  59.3  29.1  0.01  31.4 196.5   8.2 219.1  0.11  0.09
      10 18  60.3  26.5  42.3  66.6  29.7        11.8  61.4   2.6 383.7  0.10  0.08
      10 19  57.0  31.0  44.0  67.1  33.2        10.2  63.4   2.6 369.1  0.08  0.07
      10 20  48.6  33.2  42.8  70.2  33.4        10.3  73.2   3.0  83.4  0.03  0.03
      10 21  57.7  27.9  41.5  74.1  33.3        10.0  65.1   2.7 346.7  0.08  0.07
      10 22  66.3  33.7  47.6  68.0  36.4        10.5  58.0   2.4 327.9  0.07  0.07
      10 23  68.4  36.9  51.6  66.0  38.9  0.03  21.7  90.0   3.8 315.0  0.08  0.08
      10 24  66.1  33.2  48.0  67.3  35.8        13.6  82.6   3.4 348.6  0.09  0.08
      10 25  65.3  37.7  49.0  62.0  35.8         9.4  58.8   2.5 196.6  0.07  0.06
      10 26  62.9  44.3  52.3  70.2  42.6        10.5  66.1   2.8 207.0  0.06  0.05
      10 27  55.1  43.1  49.7  92.5  47.7  0.55  15.8  78.2   3.3  66.3  0.02  0.02
      10 28  55.6  43.8  51.0  68.2  40.3  0.28  31.6 163.2   6.8  62.2  0.05  0.05
      10 29  58.8  38.1  48.1  64.5  36.3        16.6 116.1   4.8 284.5  0.09  0.08
      10 30  43.2  36.6  40.1  96.7  39.3  0.08  13.6 113.4   4.7  35.5  0.03  0.02
      10 31  38.4  35.3  36.9  97.2  36.2  0.03  12.3 104.7   4.4  55.4  0.03  0.02
      11  1  42.9  35.0  39.0  95.9  38.0        12.5  88.5   3.7  87.6            
      11  2  39.7  32.8  36.0  98.3  35.6  0.18  15.5 105.9   4.4  64.8            
      11  3  38.3  30.7  34.7  90.7  32.1         7.8  73.4   3.1  90.3            
      11  4  44.5  29.3  36.5  86.1  32.3        11.0  73.0   3.0 203.7            
      11  5  36.7  31.1  33.7  95.2  32.5         8.0  57.9   2.4  69.4            
      11  6  47.8  34.7  39.5  85.8  35.2        14.2 100.3   4.2 235.6            
      11  7  40.3  26.1  33.9  92.4  31.8  0.39  13.5  80.8   3.4 221.3            
      11  8  38.7  25.2  31.2  94.5  29.7        11.8  78.2   3.3 142.2            
      11  9  35.1  20.8  30.4  82.0  25.7        25.0 175.9   7.3 102.5            
      11 10  41.7  18.9  31.4  44.7  10.5        27.0 160.7   6.7 241.3            
      11 11  47.9  18.2  31.1  60.6  17.7         8.5  62.0   2.6 269.6            
      11 12  52.2  22.1  34.7  69.1  24.2        16.7  85.0   3.5 280.4            
      11 13  65.8  24.0  42.3  60.6  27.2        15.0  75.1   3.1 263.0            
      11 14  63.7  32.5  45.3  61.2  30.9        15.3  98.7   4.1 268.9            
      11 15  72.6  29.5  51.2  50.4  27.4        29.6 158.1   6.6 218.2            
      11 16  60.9  35.4  46.2  51.0  28.3        18.9 100.0   4.2 229.5            
      11 17  55.1  31.5  42.1  60.5  28.0        32.0 104.8   4.4 191.4            
      11 18  54.9  32.0  45.5  37.8  19.1        32.2 242.2  10.1 267.1            
      11 19  46.9  27.4  35.3  76.9  28.1  0.04  16.6  89.3   3.7 256.1            
      11 20  50.3  19.0  31.9  66.4  20.2         9.4  63.1   2.6 266.0            
      11 21  63.3  22.9  47.2  39.9  22.1        44.7 163.4   6.8 181.5            
      11 22  73.3  31.5  52.3  39.1  23.6        30.6 162.1   6.8 257.7            
      11 23  58.0  30.5  43.6  44.7  21.6        23.5 128.0   5.3 224.1            
      11 24  69.8  25.3  45.2  47.5  20.5        36.5 177.3   7.4 250.2            
      11 25  54.2  31.9  40.9  46.9  21.5        26.1  98.8   4.1 161.3            
      11 26  69.2  25.4  44.1  58.6  28.1        10.1  70.8   3.0 241.9            
      11 27  71.2  29.7  46.2  55.3  28.0         9.9  68.8   2.9 245.6            
      11 28  57.2  32.9  42.0  60.2  28.3        10.8  66.0   2.8  97.0            
      11 29  63.8  30.6  43.8  58.3  28.4        25.1 119.5   5.0 146.4            
      11 30  65.5  25.1  42.4  56.9  24.9        21.1 112.8   4.7 239.7            
      12  1  66.2  27.3  43.0  53.5  24.7         9.4  62.8   2.6 232.8            
      12  2  65.1  26.2  42.3  55.8  25.5        14.2  92.5   3.9 222.1            
      12  3  63.7  26.9  42.2  54.3  24.5        16.1  83.6   3.5 227.6            
      12  4  59.0  25.0  39.4  58.2  24.7        12.6  86.0   3.6 201.3            
      12  5  43.2  22.8  30.2  72.3  21.5        17.0 152.2   6.3 157.2            
      12  6  35.5  19.0  26.2  82.5  21.4  0.01  12.9  79.0   3.3 167.8            
      12  7  36.0  14.7  23.5  62.9  11.7        14.7  70.3   2.9 218.9            
      12  8  32.3  10.5  22.3  72.1  15.0         6.9  51.2   2.1  66.8            
      12  9  30.5  16.9  26.0  90.3  23.6        20.9 133.0   5.5  78.4            
      12 10  26.6   1.5  12.4  92.2  11.6  0.09   8.2  63.9   2.7 213.6            
      12 11  43.1   1.0  17.9  83.5  15.0  0.02   6.4  49.3   2.1 220.5            
      12 12  43.0  11.5  24.4  76.4  18.0         9.4  72.5   3.0 163.6            
      12 13  48.9  12.7  27.1  68.7  17.4         6.1  59.2   2.5 224.2            
      12 14  57.1  17.5  33.4  64.4  21.6        12.7  67.4   2.8 225.0            
      12 15  41.3  21.9  32.0  71.2  23.6         9.9  69.2   2.9 214.7            
      12 16  43.8  21.7  31.9  76.5  24.7        16.0 109.8   4.6 196.7            
      12 17  59.4  19.5  40.4  58.5  23.7        27.3 126.6   5.3 216.8            
      12 18  49.8   6.0  27.1  71.0  19.2        28.1 194.8   8.1 108.0            
      12 19   6.2  -1.5   2.1  82.3  -1.7        13.4 153.9   6.4 130.6            
      12 20   1.1  -3.1  -1.3  83.7  -5.0        10.6 125.9   5.2 114.4            
      12 21   4.8 -17.2  -5.7  80.8  -9.2         9.5  83.0   3.5 206.4            
      12 22  13.6 -19.5  -7.4  80.2 -10.0        10.0  74.1   3.1 224.6            
      12 23  12.9 -16.1  -4.2  82.2  -6.8         8.6  65.3   2.7 225.8            
      12 24  12.1 -13.9   0.4  85.8  -1.0        16.4  73.8   3.1 166.8            
      12 25  34.0   0.5  16.3  80.1  12.2  0.13  14.8  80.6   3.4 194.8            
      12 26  47.8  14.7  36.9  51.2  19.4  0.02  34.7 294.6  12.3 133.9            
      12 27  43.5  21.8  33.8  50.9  16.9        22.6 108.7   4.5 188.3            
      12 28  53.1  33.5  44.0  41.9  22.3        46.8 310.4  12.9 184.5            
      12 29  45.3  25.8  37.3  69.5  27.4        20.1 131.3   5.5 204.3            
      12 30  59.3  26.0  41.1  65.8  28.5        32.7 194.0   8.1 133.5            
      12 31  36.6  26.7  31.8  88.7  28.8         7.4  51.8   2.2 104.7            

      Total                               10.22                         44.44 35.91
        Max 100.3  62.4  80.7  98.3  62.8        46.8 431.1  18.0 750.0
        Min   1.1 -19.5  -7.4  27.7 -10.0         6.1  49.3   2.1  35.5
        Ave  62.4  35.2  48.5  62.7  34.1        18.5 117.3   4.9 380.1
