                                                                    10-JAN-01
      Cellular-linked Weather Station near JOHNSON'S CORNER, Color       2000
      -----------------------------------------------------------------------------
               Temperature      Rel   Dew             Wind        Solar StandrdASCE
            ----------------- Humid Point  Prec -----------------   Rad   ETr   ETo
       Date   Max   Min   Ave   Ave   Ave Total   Max Total   Ave Total Alflf Grass
      MoDay     F     F     F     %     F  inch   mph miles   mph Langl  inch  inch
      ----- ----- ----- ----- ----- ----- ----- ----- ----- ----- ----- ----- -----
       1  1  56.7  19.3  35.9  43.5  14.3        17.0  95.3   4.0 186.5            
       1  2  43.5  17.2  30.6  66.2  19.9        30.4 151.0   6.3 180.0            
       1  3  32.8   9.4  24.5  50.3   8.3        27.1 235.6   9.8 173.5            
       1  4  46.3   6.1  24.2  56.1   9.3        13.3  71.5   3.0 224.3            
       1  5  46.1  17.0  35.1  29.9   5.1        24.9 183.7   7.7 234.3            
       1  6  41.6  10.8  24.0  40.7   1.0        13.1  99.7   4.2 229.8            
       1  7  38.0  11.1  24.5  53.3   9.7        12.1  65.2   2.7  61.2            
       1  8  48.5  14.8  32.6  43.3  10.1        28.9 103.0   4.3 212.4            
       1  9  44.5  29.5  37.5  25.7   5.0        25.3 190.2   7.9 195.6            
       1 10  43.8  16.4  32.8  54.1  16.6        26.7 185.8   7.7 146.1            
       1 11  62.4  12.3  38.8  48.8  12.5        46.1 225.8   9.4 162.4            
       1 12  53.3  23.2  41.4  44.4  20.5        28.0 195.6   8.2 176.4            
       1 13  46.5  18.2  29.2  61.6  16.7        11.0  77.5   3.2 191.2            
       1 14  59.8  18.1  33.2  57.2  17.0        19.2  79.4   3.3 187.0            
       1 15  58.0  21.6  37.5  37.5  11.9        12.6  83.3   3.5 173.3            
       1 16  39.2  22.4  30.4  60.0  17.8        18.3  74.5   3.1 139.5            
       1 17  60.5  23.5  40.5  55.2  24.2        14.6  86.8   3.6 204.0            
       1 18  47.9  22.3  36.4  70.7  27.5        16.7 102.1   4.3 100.6            
       1 19  55.9  17.8  37.0  65.7  25.1        38.3 183.1   7.6 185.4            
       1 20  48.1  15.6  29.2  68.2  18.6         8.9  63.8   2.7 207.3            
       1 21  49.5  21.1  34.2  70.6  25.4        19.3  80.6   3.4  97.0            
       1 22  50.2  18.9  32.9  54.9  16.3        30.9 112.4   4.7 249.7            
       1 23  44.7  14.3  28.8  48.1   8.8        19.6 125.8   5.2 261.0            
       1 24  50.9  16.4  32.2  49.2  14.0        17.8 100.9   4.2 114.4            
       1 25  32.8  20.5  26.3  66.9  16.6         6.9  43.1   1.8  89.9            
       1 26  45.1  20.8  30.2  75.1  22.9        11.7  71.9   3.0 169.6            
       1 27  33.0  18.9  27.7  89.5  25.2  0.08   9.1  67.5   2.8 102.5            
       1 28  34.5  12.9  22.6  74.9  15.7        13.3  85.3   3.6 213.0            
       1 29  33.6  13.6  22.0  78.3  15.7        14.3  91.2   3.8 232.2            
       1 30  38.7   8.8  21.8  68.9  12.2        10.8  66.8   2.8 283.3            
       1 31  45.0  10.0  24.9  55.5   8.4        10.7  66.0   2.8 293.5            
       2  1  49.8  13.1  29.4  48.4   9.6        13.1  83.8   3.5 285.5            
       2  2  69.3  19.4  43.8  33.6   9.3        26.1 121.2   5.0 195.0            
       2  3  49.9  26.2  35.0  57.6  20.8        26.9 176.6   7.4 226.9            
       2  4  39.4  11.3  26.8  52.3  10.5        16.8 105.9   4.4 288.9            
       2  5  55.6  13.8  34.0  45.3  12.2        11.1  74.6   3.1 221.2            
       2  6  60.5  18.5  37.3  44.7  14.2        25.6 109.4   4.6 250.4            
       2  7  56.3  19.0  35.6  48.3  15.5        12.5  80.2   3.3 310.0            
       2  8  61.5  18.7  38.1  42.2  13.5        11.3  81.5   3.4 212.5            
       2  9  52.0  28.8  40.2  34.9  14.0        11.3  66.3   2.8  64.8            
       2 10  46.7  25.8  36.5  65.0  25.6        17.5 142.9   6.0 246.1            
       2 11  28.0  18.1  23.2  96.7  22.5  0.06  13.7 110.9   4.6 169.1            
       2 12  38.1  15.9  26.5  93.5  25.1        14.0  97.2   4.0 104.3            
       2 13  49.5  23.0  33.0  69.6  21.9        30.5 174.6   7.3 289.9            
       2 14  64.1  21.1  43.9  50.3  24.1        35.1 176.7   7.4 290.5            
       2 15  55.7  30.5  45.8  34.3  17.9        39.8 262.4  10.9 337.4            
       2 16  49.7  20.8  36.7  54.2  20.7        14.1 126.5   5.3 276.2            
       2 17  36.9  21.6  29.3  91.5  27.2  0.02  20.6 182.6   7.6  93.5            
       2 18  36.4  16.7  25.3  81.3  20.0        14.8 101.7   4.2 329.9            
       2 19  47.6  14.2  28.7  74.3  20.4        11.9  78.8   3.3 364.6            
       2 20  42.6  15.7  28.7  75.8  21.7         9.7  65.1   2.7 141.6            
       2 21  68.0  25.2  46.5  44.8  22.3        17.6 108.7   4.5 360.9            
       2 22  61.9  27.3  44.9  52.5  27.1        26.5 194.7   8.1 238.3            
       2 23  61.5  30.8  46.2  47.2  25.2        14.8  86.5   3.6 380.2            
       2 24  58.8  27.6  42.3  58.6  27.4        16.8  91.1   3.8 273.1            
       2 25  47.3  33.7  39.6  24.4   5.4        33.8 281.6  11.7 273.0            
       2 26  52.6  25.7  39.7  24.3   4.3        23.0 139.0   5.8 383.4            
       2 27  62.3  19.8  40.1  40.2  15.2        13.1  73.6   3.1 350.8            
       2 28  68.5  23.0  45.7  44.3  20.1        28.7 172.1   7.2 360.5            
       2 29  57.6  31.6  44.8  39.7  20.3        19.4 167.7   7.0 407.7            
       3  1  57.1  26.6  41.5  45.5  20.5        16.0  99.9   4.2 299.0  0.13  0.09
       3  2  42.5  35.0  38.2  76.0  30.9  0.02  19.4 133.3   5.6 142.2  0.06  0.05
       3  3  57.9  21.4  41.0  65.3  27.6        13.6  95.3   4.0 415.1  0.11  0.09
       3  4  66.7  23.1  44.8  47.0  21.5        12.4  78.8   3.3 430.3  0.15  0.11
       3  5  66.6  26.4  46.9  44.1  24.0  0.01  39.0 145.0   6.0 323.2  0.19  0.13
       3  6  62.0  33.1  49.5  26.2  15.0        31.9 165.9   6.9 382.7  0.21  0.14
       3  7  59.2  30.8  43.9  53.8  28.5  0.02  39.6 175.9   7.3 251.5  0.16  0.11
       3  8  58.2  27.1  45.9  29.9  12.2        42.1 272.6  11.4 367.1  0.24  0.16
       3  9  35.3  26.6  30.6  89.7  28.0        12.9 129.2   5.4 111.1  0.03  0.03
       3 10  46.0  24.6  35.6  70.7  25.9        29.8 157.9   6.6 308.1  0.09  0.07
       3 11  56.5  16.3  38.4  52.8  18.6        27.4 125.4   5.2 453.5  0.15  0.11
       3 12  49.0  25.8  38.5  48.9  20.2        15.1 116.4   4.8 368.8  0.12  0.09
       3 13  56.0  19.6  38.4  53.8  20.4        16.3 100.9   4.2 448.8  0.13  0.10
       3 14  60.0  24.6  44.6  48.4  22.5        24.3 159.7   6.7 300.8  0.17  0.11
       3 15  52.2  24.1  33.6  84.6  28.3  0.28  21.5 147.2   6.1 110.2  0.09  0.06
       3 16  38.4  23.0  28.8  89.3  25.9  0.13  10.7 101.2   4.2 470.8  0.07  0.06
       3 17  45.8  19.9  32.7  80.9  27.4        14.8  81.5   3.4 406.6  0.07  0.06
       3 18  44.9  28.0  36.4  54.1  20.6        30.4 283.7  11.8 373.6  0.14  0.10
       3 19  63.6  20.7  41.0  60.7  26.5        12.6  75.3   3.1 363.5  0.13  0.10
       3 20  46.0  26.4  30.9  84.3  26.6        28.9 324.0  13.5 133.1  0.11  0.07
       3 21  36.8  25.9  30.6  89.5  27.8  0.04  15.0 136.6   5.7 266.2  0.05  0.04
       3 22  47.3  24.5  36.3  84.5  32.0        15.5  81.0   3.4 257.9  0.06  0.05
       3 23  64.4  29.5  45.3  66.8  32.0        15.0  85.8   3.6 412.0  0.14  0.11
       3 24  60.9  33.3  47.9  46.1  26.7        26.8 156.2   6.5 419.7  0.19  0.13
       3 25  63.7  27.5  45.5  53.1  26.8        14.6 108.7   4.5 309.2  0.16  0.11
       3 26  64.6  34.3  51.1  45.0  28.7        31.9 197.0   8.2 438.7  0.22  0.15
       3 27  69.7  28.7  49.5  50.4  27.1        21.1 101.1   4.2 527.7  0.20  0.15
       3 28  60.7  34.5  46.2  50.0  27.7  0.01  26.2 143.9   6.0 315.5  0.17  0.12
       3 29  59.1  34.0  46.1  58.2  29.4        17.7 124.9   5.2 477.7  0.16  0.12
       3 30  40.3  31.9  34.7  92.3  32.6  0.14  22.2 191.0   8.0  84.0  0.04  0.03
       3 31  34.9  30.1  31.9  96.8  31.0  0.17  15.2 112.8   4.7 176.1  0.03  0.03
       4  1  49.0  27.4  37.6  64.4  25.4        14.1 116.5   4.9 505.7  0.12  0.10
       4  2  47.8  27.3  34.5  81.3  29.1  0.06  25.9 170.6   7.1 151.9  0.08  0.06
       4  3  44.0  22.6  33.5  63.7  22.0        21.1 167.5   7.0 541.7  0.12  0.09
       4  4  77.1  23.2  51.0  48.6  24.6        28.9 120.7   5.0 583.6  0.27  0.19
       4  5  74.2  46.9  65.6  19.4  21.3        42.5 339.0  14.1 532.0  0.42  0.28
       4  6  73.0  31.3  54.6  35.4  23.9        35.5 209.4   8.7 499.2  0.31  0.21
       4  7  59.8  28.5  43.3  39.3  17.9        45.2 418.3  17.4 512.9  0.30  0.20
       4  8  66.9  19.7  43.6  44.5  19.2        14.2  86.1   3.6 590.1  0.20  0.15
       4  9  75.8  28.7  53.7  38.7  24.1        28.7 155.3   6.5 523.0  0.29  0.20
       4 10  64.7  37.0  52.8  37.6  25.7        26.5 215.0   9.0 460.4  0.25  0.18
       4 11  63.2  35.6  48.5  53.1  31.3        19.1 133.8   5.6 580.7  0.20  0.15
       4 12  74.0  30.4  52.1  49.4  27.8        23.9 123.4   5.1 389.3  0.23  0.16
       4 13  76.5  36.9  59.0  29.6  24.4        23.4 156.8   6.5 481.2  0.30  0.21
       4 14  74.7  34.3  52.0  45.3  28.7        31.5 161.8   6.7 394.4  0.28  0.19
       4 15  34.6  26.5  30.1  92.4  28.1  0.01  14.2 131.0   5.5 120.5  0.03  0.03
       4 16  61.9  26.4  42.1  74.0  33.1  0.03  15.2 119.9   5.0 530.1  0.16  0.13
       4 17  75.0  32.5  54.9  50.3  31.8        21.5 139.2   5.8 580.7  0.26  0.20
       4 18  79.1  34.6  56.2  34.7  25.1        38.4 239.3  10.0 454.5  0.39  0.26
       4 19  52.8  42.3  49.4  28.3  18.2        38.1 339.8  14.2 139.0  0.25  0.16
       4 20  68.7  31.5  52.4  43.9  28.9        26.2 159.0   6.6 600.9  0.25  0.18
       4 21  74.2  34.0  56.8  38.5  28.6        16.2 114.8   4.8 527.0  0.24  0.18
       4 22  71.8  41.1  54.3  54.2  36.5  0.27  28.9 176.9   7.4 266.3  0.23  0.16
       4 23  63.6  44.4  54.1  74.0  45.4  0.07  22.6 177.7   7.4 365.9  0.15  0.12
       4 24  62.0  39.3  49.6  62.1  35.4        31.4 161.0   6.7 401.1  0.18  0.13
       4 25  65.3  32.7  50.0  44.4  27.5        19.4 130.8   5.5 603.4  0.22  0.17
       4 26  76.8  34.1  57.0  46.6  32.3        32.6 115.4   4.8 534.5  0.25  0.19
       4 27  64.5  42.2  53.0  48.0  32.6        12.9  82.6   3.4 618.4  0.20  0.16
       4 28  69.4  36.7  52.3  51.8  34.5        13.9 111.8   4.7 574.0  0.22  0.17
       4 29  73.6  42.2  53.6  71.4  43.5  0.15  43.2 235.7   9.8 388.9  0.26  0.18
       4 30  53.3  33.1  45.9  64.6  34.0        27.7 230.7   9.6 267.9  0.12  0.09
       5  1  68.7  32.1  50.7  53.7  31.5        14.6 101.6   4.2 654.8  0.22  0.18
       5  2  73.6  36.0  56.5  54.4  37.7        18.6 105.0   4.4 659.5  0.24  0.19
       5  3  78.6  39.2  61.2  51.2  40.0        18.3 131.1   5.5 643.3  0.27  0.21
       5  4  87.4  41.6  67.9  42.8  38.3        23.8 147.4   6.1 664.6  0.35  0.26
       5  5  87.8  44.6  70.3  34.3  35.8        20.0 115.0   4.8 661.8  0.33  0.25
       5  6  77.7  45.1  64.7  50.2  44.3        17.1 130.6   5.4 577.6  0.25  0.20
       5  7  83.7  51.5  64.3  57.6  46.8        30.6 176.9   7.4 501.9  0.33  0.23
       5  8  59.5  40.3  44.4  88.7  41.1  0.21  22.2 149.3   6.2 129.4  0.10  0.07
       5  9  69.6  35.7  52.3  67.0  39.0        19.9 120.4   5.0 603.9  0.21  0.17
       5 10  74.2  43.7  59.4  61.2  45.2        25.8 164.9   6.9 663.8  0.26  0.20
       5 11  64.9  39.7  51.6  69.0  41.4  0.08  26.1 211.7   8.8 469.5  0.19  0.15
       5 12  54.7  34.8  46.3  31.2  16.1        42.7 319.3  13.3 653.4  0.28  0.20
       5 13  64.1  26.0  47.3  42.7  21.8        20.2  95.9   4.0 603.8  0.20  0.16
       5 14  68.2  38.5  55.3  37.7  28.8        20.0  98.9   4.1 567.4  0.22  0.17
       5 15  82.5  40.7  63.7  32.5  28.0        26.0 144.5   6.0 603.1  0.34  0.25
       5 16  82.9  42.2  63.9  41.1  39.2        17.2 124.9   5.2 667.2  0.31  0.24
       5 17  63.6  42.1  52.2  82.5  47.4  1.16  36.0 279.4  11.6 106.9  0.11  0.08
       5 18  54.4  41.7  47.9  68.5  37.7        27.6 166.8   7.0 327.3  0.13  0.10
       5 19  67.3  38.1  53.9  68.1  42.2        14.2  88.7   3.7 648.5  0.19  0.17
       5 20  66.3  46.7  56.9  66.1  44.8        22.4 132.9   5.5 459.2  0.18  0.14
       5 21  76.2  41.0  61.0  59.6  44.3        14.3  85.3   3.6 628.2  0.22  0.19
       5 22  82.8  51.5  69.7  41.3  43.0        20.0 114.2   4.8 552.9  0.28  0.22
       5 23  90.1  51.4  72.5  42.5  45.5        20.0 102.2   4.3 669.7  0.32  0.25
       5 24  73.9  52.4  63.3  60.4  48.6  0.27  24.2 113.1   4.7 393.6  0.19  0.15
       5 25  74.4  51.2  60.0  82.1  53.8  0.13  26.6  92.4   3.9 531.5  0.19  0.16
       5 26  72.1  52.2  61.9  69.4  50.9        22.2 115.7   4.8 407.9  0.18  0.14
       5 27  76.4  45.1  62.0  59.8  44.9        19.2 109.7   4.6 713.0  0.26  0.22
       5 28  89.0  46.2  70.2  45.1  44.7  0.04  38.2 169.8   7.1 550.2  0.36  0.26
       5 29  93.4  57.6  76.5  34.8  44.4        25.6 174.1   7.3 686.8  0.44  0.32
       5 30  73.5  52.9  63.3  72.0  53.7        21.0 143.8   6.0 468.0  0.19  0.16
       5 31  77.2  53.3  62.7  81.4  56.3  0.02  15.4 120.4   5.0 539.4  0.21  0.17
       6  1  68.4  46.7  59.0  41.7  35.1        23.3 157.8   6.6 699.4  0.28  0.22
       6  2  78.3  45.2  62.1  53.9  44.7        20.1 113.6   4.7 670.2  0.27  0.22
       6  3  90.2  47.3  72.0  43.6  41.7        20.7 101.4   4.2 646.8  0.32  0.25
       6  4  73.6  56.0  65.1  51.5  46.3        21.1 141.0   5.9 451.1  0.24  0.18
       6  5  79.1  46.1  62.3  61.3  47.5        17.3 112.4   4.7 683.9  0.27  0.22
       6  6  93.3  49.8  72.4  46.4  44.5        25.1 108.8   4.5 636.9  0.34  0.26
       6  7  96.4  48.9  77.1  24.5  32.1        18.1 110.6   4.6 745.0  0.39  0.30
       6  8  96.2  53.4  75.1  30.6  38.2        34.6 120.2   5.0 594.3  0.39  0.28
       6  9  88.1  55.2  73.5  31.4  38.4        28.1 117.9   4.9 565.7  0.33  0.25
       6 10  81.8  47.3  66.7  36.7  37.4        26.4 161.3   6.7 715.0  0.36  0.27
       6 11  87.8  49.9  70.2  40.9  41.4        20.0 143.4   6.0 635.6  0.36  0.27
       6 12  92.3  47.9  71.9  38.9  38.1        18.7 111.5   4.6 639.5  0.35  0.27
       6 13  81.4  54.6  68.5  30.9  35.0        36.3 292.8  12.2 611.0  0.47  0.32
       6 14  78.9  42.2  64.4  46.3  39.9        18.6 122.4   5.1 639.8  0.28  0.22
       6 15  89.8  53.2  65.3  44.0  40.0        35.6 178.1   7.4 472.7  0.42  0.29
       6 16  55.0  48.0  50.9  66.6  40.1        13.9 122.9   5.1 150.1  0.11  0.08
       6 17  62.8  43.2  52.0  78.0  44.6  0.51  17.4 119.6   5.0 582.5  0.17  0.15
       6 18  85.6  44.2  62.5  63.3  47.3        30.3 114.9   4.8 580.7  0.29  0.22
       6 19  79.3  54.3  66.7  51.1  46.6  0.01  32.3 179.9   7.5 357.6  0.27  0.20
       6 20  79.3  50.5  64.3  47.1  40.3        26.7 168.8   7.0 731.0  0.35  0.27
       6 21  79.2  43.5  63.4  51.3  42.0        13.8  92.5   3.9 723.0  0.27  0.22
       6 22  89.3  49.8  71.1  43.3  43.9        18.8  95.0   4.0 634.2  0.31  0.24
       6 23  87.0  57.9  73.5  36.8  43.5        21.4 128.6   5.4 587.2  0.33  0.25
       6 24  88.3  54.1  72.6  43.4  46.2        23.7 105.1   4.4 580.1  0.30  0.24
       6 25  80.9  53.4  64.4  67.9  52.7  0.13  24.2 109.8   4.6 363.4  0.21  0.16
       6 26  58.7  52.5  55.3  92.7  53.2  0.17  12.9  93.2   3.9 112.7  0.05  0.05
       6 27  68.0  52.8  59.3  87.8  55.5  0.06  21.3 104.6   4.4 388.7  0.13  0.12
       6 28  68.8  48.4  59.7  78.2  52.5  0.03  16.3  84.5   3.5 529.6  0.16  0.15
       6 29  89.0  51.4  69.1  59.2  50.0        24.6 101.7   4.2 619.5  0.30  0.24
       6 30  86.0  52.2  69.8  61.4  53.3        23.8 104.6   4.4 694.2  0.29  0.24
       7  1  87.1  53.6  72.1  52.4  51.7  0.01  24.9 114.2   4.8 584.2  0.29  0.23
       7  2  87.3  55.0  73.0  48.6  50.6        21.6 128.2   5.3 600.4  0.31  0.24
       7  3  85.7  60.3  72.9  56.6  55.2        16.1  98.6   4.1 508.0  0.25  0.20
       7  4  89.2  52.6  75.0  43.4  46.3        17.5 102.6   4.3 732.0  0.33  0.26
       7  5  86.2  58.0  75.2  48.5  54.1        22.0 119.6   5.0 663.5  0.30  0.24
       7  6  92.4  59.3  77.9  54.1  57.0        21.3 117.5   4.9 709.0  0.33  0.27
       7  7  91.5  62.6  76.6  39.5  47.7  0.02  28.9 120.1   5.0 487.6  0.33  0.24
       7  8  90.3  63.6  75.8  49.8  54.2  0.02  21.8  97.5   4.1 521.2  0.28  0.22
       7  9  88.3  62.8  77.0  46.4  53.6  0.01  20.8  89.7   3.7 654.4  0.29  0.24
       7 10  87.4  58.7  72.9  66.3  58.9  0.03  28.4 110.9   4.6 664.7  0.28  0.24
       7 11  89.9  57.9  75.3  55.4  55.2        16.1 117.1   4.9 634.8  0.31  0.25
       7 12  88.0  61.3  73.2  54.4  54.8        36.0 167.3   7.0 563.6  0.34  0.25
       7 13  92.8  55.2  73.9  59.7  55.8        15.3  77.4   3.2 637.6  0.28  0.23
       7 14  94.5  58.6  77.4  49.4  53.6        14.0  84.1   3.5 613.1  0.30  0.24
       7 15  94.1  59.5  78.7  43.1  51.5        25.8 132.5   5.5 509.1  0.33  0.25
       7 16  84.5  61.1  72.0  64.9  58.7  0.35  21.5 129.7   5.4 479.6  0.25  0.20
       7 17  73.2  59.1  65.3  89.2  62.0  0.13  16.4  99.8   4.2 297.6  0.11  0.10
       7 18  90.0  55.7  72.8  59.6  55.2        19.6  95.7   4.0 677.4  0.30  0.24
       7 19  87.6  56.2  71.7  56.8  53.2        14.5 102.2   4.3 595.4  0.28  0.23
       7 20  83.2  59.3  70.9  53.6  53.1        20.5 118.8   5.0 621.9  0.28  0.23
       7 21  83.8  57.0  70.2  65.4  56.9        19.6  87.5   3.6 538.3  0.23  0.19
       7 22  85.0  54.0  70.0  61.5  54.0        14.5  82.1   3.4 596.9  0.24  0.21
       7 23  93.2  53.5  73.8  53.4  50.9        18.9  93.4   3.9 596.4  0.30  0.24
       7 24  92.0  55.7  75.3  37.9  45.0  0.05  39.8 145.3   6.1 404.4  0.34  0.24
       7 25  88.7  57.3  74.0  46.6  50.7        17.7 102.1   4.3 555.7  0.28  0.22
       7 26  92.7  57.5  74.9  45.4  50.1        24.8 104.8   4.4 518.1  0.30  0.23
       7 27  87.8  58.9  73.6  52.6  53.9        22.7  98.3   4.1 471.4  0.25  0.20
       7 28  85.1  59.4  72.1  61.9  57.3        13.1  90.3   3.8 534.0  0.23  0.20
       7 29  87.0  55.8  72.0  59.9  54.8        13.0  67.4   2.8 626.8  0.25  0.21
       7 30  86.1  56.1  71.3  58.1  53.9        13.7  67.9   2.8 621.8  0.24  0.21
       7 31  85.4  55.8  71.6  54.5  52.3        12.4  67.1   2.8 620.0  0.24  0.21
       8  1  92.6  54.2  74.1  51.7  52.3        34.3  96.7   4.0 562.9  0.29  0.23
       8  2  85.3  60.6  75.4  48.4  53.6        20.8 121.4   5.1 426.1  0.25  0.19
       8  3  87.6  61.4  73.7  63.2  59.7  0.02  17.6  88.9   3.7 415.2  0.21  0.17
       8  4  89.4  58.7  70.6  71.8  59.9  0.65  28.7  95.4   4.0 459.3  0.23  0.19
       8  5  88.1  59.8  72.7  62.1  57.1  0.02  38.2 107.5   4.5 490.8  0.25  0.20
       8  6  82.8  54.2  70.0  57.2  52.2        14.8 105.7   4.4 643.6  0.26  0.22
       8  7  87.4  52.3  71.6  55.4  51.9        16.2  84.5   3.5 473.0  0.23  0.18
       8  8  91.1  52.6  74.3  45.2  48.9        18.4  86.2   3.6 626.0  0.28  0.23
       8  9  88.1  54.9  73.4  54.2  55.8        14.5 101.2   4.2 616.2  0.27  0.22
       8 10  83.9  56.1  70.6  69.8  59.3        13.8  68.1   2.8 581.3  0.21  0.19
       8 11  92.4  59.6  75.0  59.7  57.7        37.8  82.5   3.4 496.0  0.25  0.20
       8 12  78.8  62.8  70.9  60.0  56.1        15.3  84.8   3.5 251.9  0.15  0.12
       8 13  86.9  56.1  72.1  60.9  56.4        12.5  69.1   2.9 515.8  0.21  0.18
       8 14  91.2  55.2  75.4  50.5  53.0        14.0  82.5   3.4 501.9  0.25  0.20
       8 15  87.6  64.2  74.8  52.3  55.8  0.15  18.4 119.2   5.0 540.6  0.28  0.22
       8 16  84.8  62.0  70.0  75.0  61.2  0.02  16.8 109.5   4.6 338.1  0.19  0.15
       8 17  73.7  60.3  64.9  76.8  57.2  0.05  12.9  91.8   3.8 294.2  0.14  0.11
       8 18  76.0  55.7  64.8  83.3  59.3        14.0  86.6   3.6 401.7  0.15  0.13
       8 19  85.7  55.6  70.4  64.4  55.6        16.4  89.1   3.7 573.5  0.24  0.20
       8 20  85.2  52.8  68.6  61.6  53.8        28.4 108.7   4.5 395.5  0.22  0.17
       8 21  75.1  57.4  65.9  64.2  53.6        17.4 112.6   4.7 494.4  0.20  0.16
       8 22  87.3  53.0  67.4  66.0  53.2  0.03  37.0 111.3   4.6 446.7  0.25  0.19
       8 23  86.4  50.0  68.8  56.2  49.1        12.3  79.6   3.3 512.3  0.23  0.18
       8 24  88.8  53.0  71.1  53.7  50.7        17.4  85.7   3.6 508.4  0.24  0.19
       8 25  89.8  55.3  70.3  59.7  53.7        24.0 116.9   4.9 405.5  0.26  0.19
       8 26  87.0  55.5  70.7  61.1  54.8        27.8  94.9   4.0 442.8  0.22  0.18
       8 27  87.8  55.2  69.0  70.7  57.1  0.07  20.5  87.7   3.7 488.0  0.22  0.18
       8 28  86.2  56.3  69.0  70.7  57.4  0.01  22.6 100.3   4.2 392.2  0.21  0.16
       8 29  84.1  56.7  69.4  70.1  57.9  0.01  32.6 140.2   5.8 485.1  0.24  0.18
       8 30  85.0  54.9  68.4  64.9  54.4        27.0 109.0   4.5 375.3  0.21  0.16
       8 31  69.9  49.7  60.9  74.5  52.7        16.6 104.1   4.3 398.2  0.14  0.12
       9  1  80.1  51.9  64.2  78.2  56.1  0.11  29.1  88.7   3.7 399.6  0.17  0.14
       9  2  81.6  52.3  66.8  60.5  50.3        18.8 122.6   5.1 554.3  0.25  0.19
       9  3  84.1  48.5  67.5  46.0  42.9        19.0 110.3   4.6 545.4  0.26  0.20
       9  4  88.0  51.1  69.9  51.7  48.3        15.7 109.9   4.6 522.0  0.27  0.20
       9  5  91.9  55.9  69.2  66.1  55.1  0.17  27.6 126.2   5.3 483.9  0.29  0.21
       9  6  88.5  53.8  69.4  58.7  50.7        31.1 137.0   5.7 419.1  0.28  0.20
       9  7  76.5  46.6  61.2  57.7  44.8        18.5 119.2   5.0 529.8  0.22  0.17
       9  8  82.5  52.0  65.6  60.8  50.6  0.13  46.4 113.4   4.7 355.1  0.21  0.15
       9  9  82.4  51.1  68.9  42.8  43.2        28.0 156.3   6.5 452.2  0.28  0.20
       9 10  85.0  47.9  67.3  39.6  38.9        19.2 111.1   4.6 489.6  0.27  0.19
       9 11  75.3  48.6  62.3  43.0  38.5        14.8 123.3   5.1 434.2  0.23  0.16
       9 12  82.4  43.7  62.5  55.8  43.7        12.9  81.4   3.4 522.5  0.21  0.17
       9 13  85.6  46.9  67.9  43.6  41.4        13.1  87.6   3.6 508.4  0.23  0.18
       9 14  82.0  48.4  65.1  46.1  42.6        15.1  94.6   3.9 499.7  0.23  0.17
       9 15  89.6  48.6  68.3  48.3  45.0        15.9  75.5   3.1 498.9  0.23  0.18
       9 16  93.1  50.3  72.9  32.5  37.1        16.3  78.3   3.3 512.5  0.25  0.19
       9 17  91.9  51.2  71.6  35.4  39.2        15.1  95.3   4.0 387.0  0.26  0.18
       9 18  83.8  55.2  68.1  42.2  43.0        12.5  80.1   3.3 366.4  0.20  0.15
       9 19  74.7  46.7  61.7  58.5  45.9  0.38  21.2 131.5   5.5 401.9  0.19  0.14
       9 20  57.4  43.3  49.0  78.8  42.3  0.15  19.7 128.4   5.3 396.5  0.11  0.09
       9 21  72.2  38.6  51.3  84.5  46.7  0.08  23.8  93.2   3.9 249.5  0.12  0.09
       9 22  48.6  31.9  39.3  96.7  38.8  0.17  15.9 137.8   5.7  67.1  0.03  0.03
       9 23  39.2  31.8  34.6  98.9  34.3  0.12  20.0 125.8   5.2 130.7  0.03  0.03
       9 24  44.7  29.5  35.0  91.1  32.3  0.29  11.5  81.6   3.4 292.4  0.06  0.05
       9 25  63.7  27.7  44.5  71.8  34.0        11.8  58.9   2.5 438.7  0.12  0.09
       9 26  69.6  32.1  50.9  66.0  38.0        11.2  63.7   2.7 426.1  0.13  0.11
       9 27  74.1  36.4  54.9  61.5  38.8        10.1  63.0   2.6 422.8  0.15  0.11
       9 28  77.8  37.6  57.6  59.7  40.5        13.5  81.1   3.4 404.1  0.17  0.13
       9 29  78.4  46.7  61.3  59.5  45.3        25.7 112.7   4.7 281.8  0.18  0.13
       9 30  79.1  44.9  62.0  57.0  44.2        14.4  91.2   3.8 341.4  0.17  0.13
      10  1  83.8  49.7  68.6  37.1  38.7        23.1 148.9   6.2 381.7  0.27  0.18
      10  2  73.7  41.8  58.1  68.5  47.0        16.1  73.9   3.1 347.7  0.13  0.10
      10  3  72.1  45.1  56.3  70.5  46.4        24.7 116.8   4.9 268.8  0.14  0.10
      10  4  58.5  43.9  50.4  91.9  48.1        17.1  79.3   3.3 123.2  0.05  0.04
      10  5  51.5  31.8  39.7  96.2  39.1  0.05  17.2 163.8   6.8  71.6  0.05  0.03
      10  6  36.5  29.8  33.2  95.2  31.9        11.0 116.0   4.8  90.6  0.02  0.02
      10  7  42.7  32.7  38.1  86.2  34.1        12.6  92.6   3.9 114.6  0.04  0.03
      10  8  53.7  26.1  39.5  78.9  32.8        12.5  65.6   2.7 370.6  0.08  0.07
      10  9  61.1  24.5  41.8  77.5  34.6        10.0  46.1   1.9 370.3  0.08  0.07
      10 10  68.9  30.4  49.1  68.4  37.3        15.3  61.5   2.6 342.3  0.11  0.09
      10 11  71.9  34.5  52.6  66.1  40.1        13.1  79.3   3.3 366.5  0.13  0.10
      10 12  69.2  41.4  55.5  58.4  39.9  0.01  13.5  86.2   3.6 342.5  0.13  0.10
      10 13  64.3  39.5  51.5  61.4  36.6  0.06  23.8 107.1   4.5 325.1  0.13  0.09
      10 14  58.7  31.7  44.6  69.7  34.1  0.01  22.8  90.3   3.8 262.4  0.09  0.07
      10 15  63.7  28.5  44.5  66.6  32.3        11.4  74.0   3.1 362.8  0.11  0.08
      10 16  66.1  30.3  47.1  60.3  31.7        15.9  88.6   3.7 354.8  0.13  0.09
      10 17  69.8  31.8  49.0  54.8  30.6        12.1  64.5   2.7 357.8  0.13  0.09
      10 18  76.0  32.3  51.9  54.0  32.9         8.7  62.3   2.6 356.6  0.14  0.10
      10 19  73.6  34.6  53.5  45.2  29.5        12.9  71.4   3.0 316.6  0.14  0.10
      10 20  65.7  35.4  50.6  54.2  33.5        12.8  77.5   3.2 337.9  0.12  0.08
      10 21  70.2  30.3  50.8  56.9  33.2        14.5  70.9   3.0 329.5  0.12  0.09
      10 22  50.8  40.3  43.8  89.4  40.8  0.14  21.0 137.5   5.7  26.0  0.05  0.03
      10 23  48.3  40.6  44.6  93.7  42.9         9.6  56.3   2.3  94.9  0.03  0.03
      10 24  59.6  41.1  49.2  90.2  46.3        10.7  72.4   3.0 176.9  0.05  0.04
      10 25  64.6  33.1  47.3  72.1  36.8  0.01  17.2  70.0   2.9 300.1  0.09  0.07
      10 26  63.7  31.0  46.6  64.8  33.4        11.3  60.8   2.5 328.4  0.09  0.07
      10 27  57.7  33.8  46.1  82.4  40.9        12.4  70.0   2.9 276.1  0.06  0.05
      10 28  58.5  39.4  48.5  90.5  45.8  0.06  14.0  79.4   3.3 130.9  0.05  0.04
      10 29  68.1  38.8  51.7  74.2  41.9        14.3  89.7   3.7 288.0  0.11  0.08
      10 30  61.0  36.3  46.0  74.9  37.8        11.9  79.2   3.3 262.6  0.08  0.06
      10 31  46.5  32.2  41.0  92.9  39.3  0.32  15.6  98.6   4.1  40.2  0.02  0.02
      11  1  56.8  33.4  43.4  58.8  28.9        35.3 155.3   6.5 264.8            
      11  2  47.1  30.7  37.5  67.2  26.9        18.2  97.2   4.0 280.8            
      11  3  47.4  27.2  36.2  78.1  29.6  0.01   9.3  62.7   2.6 233.3            
      11  4  56.9  21.0  36.5  74.3  27.8         9.4  57.2   2.4 307.7            
      11  5  42.5  27.6  34.2  91.1  32.0  0.29  19.2  92.0   3.8  36.1            
      11  6  34.0  20.9  28.0  72.9  20.1        24.0 139.4   5.8 109.4            
      11  7  39.8  19.5  29.9  62.5  17.6        22.6 132.6   5.5 201.0            
      11  8  44.5  20.3  31.4  66.3  20.3        16.0 110.9   4.6 293.0            
      11  9  44.0  22.7  31.9  65.0  20.9        17.4 119.7   5.0 280.8            
      11 10  27.3  20.2  23.3  86.1  19.7        13.7 126.2   5.3  77.0            
      11 11  21.3   9.8  16.3  95.7  15.5        15.1 119.7   5.0 159.1            
      11 12  25.0   0.1  11.6  93.5  11.1  0.10  11.6  62.2   2.6 261.3            
      11 13  28.3  -0.3  13.1  84.5   9.8         6.6  50.0   2.1 277.1            
      11 14  30.9   4.9  17.2  79.4  11.6        10.4  59.0   2.5 258.4            
      11 15  41.1   9.8  24.5  67.8  14.6        23.6 113.6   4.7 194.3            
      11 16  31.0  11.0  19.5  77.8  13.4        12.0 107.9   4.5 265.2            
      11 17  30.4   6.4  18.5  83.0  14.1        20.3 114.3   4.8 183.9            
      11 18  41.6   2.7  22.0  73.5  14.7  0.01  11.2  80.2   3.3 244.3            
      11 19  38.0  12.5  25.7  73.6  17.9        14.4 104.2   4.3 263.0            
      11 20  42.4  15.1  26.1  75.9  19.0         9.6  85.8   3.6 259.2            
      11 21  51.8  17.0  32.6  61.0  18.6         9.9  73.8   3.1 237.0            
      11 22  54.3  25.0  36.2  57.0  20.5        10.8  66.4   2.8 216.4            
      11 23  48.2  21.3  32.2  64.0  20.1         7.4  66.0   2.8 224.7            
      11 24  54.0  17.8  33.8  58.0  18.2        22.4  81.1   3.4 252.4            
      11 25  45.0  21.6  31.8  68.6  21.8        13.7  90.2   3.8 237.1            
      11 26  46.5  17.7  28.2  79.1  22.5         9.6  64.0   2.7  92.7            
      11 27  48.7  23.5  33.3  72.4  24.6        10.7  70.1   2.9 223.5            
      11 28  42.3  21.1  32.0  67.9  22.3        17.2 135.5   5.6 231.6            
      11 29  38.1  17.2  25.8  70.4  16.8        10.1  63.9   2.7 212.7            
      11 30  51.7  16.8  34.1  48.6  12.0        36.0 210.0   8.8 229.3            
      12  1  43.1  16.5  29.0  54.3  13.0        10.2  80.2   3.3 233.1            
      12  2  41.3  12.4  26.0  66.4  15.4        10.7  76.5   3.2 225.8            
      12  3  58.1  12.8  30.5  63.5  17.3        12.5  71.1   3.0 170.5            
      12  4  42.2  19.2  28.8  64.0  17.1        12.8  84.1   3.5 224.5            
      12  5  38.2  17.3  26.6  79.4  21.1        32.0 113.4   4.7  64.1            
      12  6  52.3  13.6  29.8  70.6  19.6        13.9  85.5   3.6 216.9            
      12  7  50.5  21.2  35.8  66.2  24.9        25.9  96.0   4.0  75.9            
      12  8  39.3  25.0  31.8  84.7  27.6         9.8  62.2   2.6 146.7            
      12  9  54.2  22.8  38.2  63.3  24.8        30.2 107.4   4.5 185.4            
      12 10  32.5   4.9  17.1  91.1  15.1        20.3 158.1   6.6  32.2            
      12 11  11.0  -5.1   3.9  87.9   1.4        11.2  83.6   3.5 225.0            
      12 12  20.8  -0.5  10.6  82.9   6.6        10.8  63.9   2.7 188.9            
      12 13  22.2   1.8  13.0  86.1   9.8         9.8  56.6   2.4 151.3            
      12 14  49.6   6.0  26.8  67.9  16.6  0.01  34.7 132.7   5.5 179.7            
      12 15  49.2  18.5  32.6  52.1  14.8        37.1 211.3   8.8 155.8            
      12 16  26.6   9.3  17.9  66.6   8.4        26.7 147.2   6.1 215.2            
      12 17  56.0  10.5  28.5  55.9  12.2        45.2 247.5  10.3 184.2            
      12 18  38.8   8.1  27.7  34.4   1.4        40.8 250.5  10.4 209.9            
      12 19  52.9   7.7  31.4  46.1   8.9        36.0 167.4   7.0 185.2            
      12 20  44.6   8.0  25.1  64.9  13.7        31.7 212.6   8.9 131.1            
      12 21  28.7   2.1  14.8  72.6   7.2         8.8  56.5   2.4 215.5            
      12 22  53.7   9.5  31.6  56.0  15.0        32.2 161.9   6.7 212.5            
      12 23  45.8  16.2  27.9  75.0  20.0         9.9  73.6   3.1 210.4            
      12 24  36.0  12.7  23.5  78.6  17.8        10.7  83.7   3.5 145.7            
      12 25  27.4  15.7  21.6  92.1  19.9        15.9  78.3   3.3  63.6            
      12 26  39.9   5.3  20.3  84.0  16.5  0.05   9.7  66.6   2.8 220.0            
      12 27  56.1  15.5  33.5  68.0  23.0        12.3  71.9   3.0 216.1            
      12 28  41.7  19.7  33.2  62.6  21.5        16.1 125.3   5.2 148.7            
      12 29  39.5  12.7  25.7  70.9  16.7        15.1  98.7   4.1 213.6            
      12 30  35.3  13.1  24.5  79.7  19.0         8.0  54.8   2.3  82.0            
      12 31  31.9   7.4  21.2  95.7  20.7  0.17   7.1  53.9   2.2 147.6            

      Total                                8.94                         51.33 39.39
        Max  96.4  64.2  78.7  98.9  62.0        46.4 418.3  17.4 745.0
        Min  11.0  -5.1   3.9  19.4   1.0         6.6  43.1   1.8  26.0
        Ave  64.1  34.7  49.2  60.4  33.2        20.3 118.4   4.9 371.7
