                                                                    07-JUN-99
      Cellular-linked Weather Station near JOHNSON'S CORNER, Color       1996
      -----------------------------------------------------------------------
               Temperature      Rel   Dew             Wind        Solar Alflf
            ----------------- Humid Point  Prec -----------------   Rad   ETR
       Date   Max   Min   Ave   Ave   Ave Total   Max Total   Ave Total Total
      MoDay     F     F     F     %     F  inch   mph miles   mph Langl  inch
      ----- ----- ----- ----- ----- ----- ----- ----- ----- ----- ----- -----
       1  1  30.5  15.0  24.0  62.8  13.4  0.03  26.7 175.1   7.3 101.4      
       1  2  21.9   9.3  16.5  59.0   4.7        17.9 175.7   7.3 205.8      
       1  3  53.2  12.1  34.1  48.7  15.1  0.01  39.0 203.7   8.5 180.2      
       1  4  38.3   7.0  21.1  68.0  12.2  0.16  18.8 187.8   7.8  73.8      
       1  5  15.3  -6.0   5.9  70.6  -1.1         8.0  63.6   2.6 187.9      
       1  6  17.4 -15.5   2.7  65.6  -4.3  0.01   8.3  48.3   2.0 234.0      
       1  7  35.2   5.5  19.3  59.3   7.5        10.0  56.6   2.4 226.3      
       1  8  56.8  15.2  37.5  43.1  15.7  0.01  29.8 156.8   6.5 213.2      
       1  9  46.2  26.0  35.4  56.7  21.2        12.9  87.6   3.6 200.0      
       1 10  53.6  22.8  35.0  57.2  20.3        47.5 199.2   8.3 212.2      
       1 11  45.4  17.0  29.7  63.5  18.4        11.0  73.4   3.1 180.6      
       1 12  63.2  18.8  38.9  45.0  17.9        10.4  97.3   4.1 243.2      
       1 13  68.8  22.0  42.4  38.1  17.5        12.4 108.4   4.5 243.8      
       1 14  58.0  21.2  38.2  38.9  13.3        15.1  94.1   3.9 234.4      
       1 15  64.0  20.0  39.3  37.9  12.4        23.8 109.4   4.6 237.0      
       1 16  55.3  29.5  44.5  32.2  16.0        25.3 184.5   7.7 216.2      
       1 17  40.4   7.6  21.5  48.9   7.3        43.7 307.9  12.8  71.5      
       1 18  18.3  -0.5   8.4  47.8  -7.2        19.7 176.7   7.4 253.7      
       1 19  44.1   3.1  23.0  40.3   0.7  0.01  25.6 123.0   5.1 252.2      
       1 20  43.0  21.3  33.7  23.5  -0.4        30.6 257.6  10.7 257.5      
       1 21  53.6  15.1  35.9  27.5   4.4        44.3 275.1  11.5 261.4      
       1 22  37.1   4.5  16.8  66.4   7.3  0.02  15.7 138.9   5.8  37.8      
       1 23  33.2  -0.8  16.9  47.5  -1.6  0.01  30.0 143.2   6.0 270.1      
       1 24  42.6  10.7  26.5  40.8   6.1        35.3 233.6   9.7 265.5      
       1 25  28.8  -7.1  13.5  64.0   3.9  0.19  16.2 149.9   6.2 122.6      
       1 26  23.1 -12.5   4.2  52.6  -9.2  0.01  17.4  93.4   3.9 277.2      
       1 27  24.1  -5.4  11.1  47.6  -4.3        13.4  99.1   4.1 280.4      
       1 28  41.1   8.3  30.6  40.6  10.0        41.7 282.4  11.8 228.3      
       1 29  30.0   4.1  14.3  56.2   1.9        18.1 147.9   6.2 233.9      
       1 30   5.9  -3.3   1.1  65.4  -7.6  0.28  11.5 117.5   4.9 169.1      
       1 31  14.5  -1.1   4.2  69.7  -3.0  0.06   9.8  54.0   2.3 130.8      
       2  1  16.8 -10.5  -1.7  63.1 -10.0        23.4  95.9   4.0 206.8      
       2  2  -2.3 -20.2  -9.3  57.5 -20.0         7.7  61.3   2.6 259.3      
       2  3   9.7 -24.8  -6.5  53.6 -17.1  0.01  10.2  79.7   3.3 316.6      
       2  4  46.8 -10.5  15.9  47.9   2.5  0.02  26.0 115.2   4.8 287.8      
       2  5  50.9  20.0  33.6  57.5  20.2        14.5  87.2   3.6 306.4      
       2  6  52.1  25.8  39.8  49.5  21.9        22.0 165.8   6.9 231.5      
       2  7  59.6  34.7  45.1  50.0  27.4        29.0 148.9   6.2 217.4      
       2  8  59.4  31.5  44.0  52.5  27.2        21.8 123.5   5.1 260.8      
       2  9  62.0  29.1  46.8  43.6  23.7        17.2 106.8   4.5 173.9      
       2 10  47.1  20.0  31.4  55.7  17.3        18.9 144.4   6.0 137.2      
       2 11  50.4  15.3  30.8  47.0  11.2        11.5  97.9   4.1 322.1      
       2 12  56.5  17.6  37.0  32.2   7.6        11.9 110.7   4.6 347.9      
       2 13  60.4  21.0  40.4  31.1  10.3        12.6  97.5   4.1 309.4      
       2 14  48.9  26.8  37.8  46.9  19.0        26.8 147.7   6.2  82.3      
       2 15  44.1  19.8  29.8  55.7  16.0        27.0 152.3   6.3 313.3      
       2 16  56.8  15.4  34.8  40.2  11.3  0.01  12.9  73.1   3.0 357.5      
       2 17  59.9  24.2  44.1  33.4  16.0  0.01  21.1 137.5   5.7 316.0      
       2 18  58.3  37.8  48.6  35.7  21.9        28.1 177.6   7.4 219.5      
       2 19  59.9  36.6  48.3  30.6  17.5        41.4 319.9  13.3 325.7      
       2 20  55.0  31.6  42.3  50.6  25.4  0.11  31.2 174.4   7.3 229.6      
       2 21  59.4  35.0  44.6  65.1  32.8        22.1 108.9   4.5 248.8      
       2 22  64.3  30.6  41.6  50.1  22.8        37.6 268.6  11.2 262.0      
       2 23  50.0  25.3  37.4  18.5  -3.0        28.4 219.8   9.2 394.1      
       2 24  63.1  21.2  41.2  22.3   2.1        25.6 120.4   5.0 383.2      
       2 25  53.2  17.5  33.5  38.2   8.6        21.5 166.2   6.9 390.7      
       2 26  20.3  15.1  17.0  74.8  10.4  0.04  17.5 178.9   7.5 177.3      
       2 27  16.0   5.6  11.2  64.3   1.9  0.01  18.0 148.3   6.2 195.0      
       2 28  15.2   0.0   7.7  59.3  -3.3  0.01  13.3 101.3   4.2 261.8      
       2 29  39.2   3.8  20.8  43.2   0.2  0.01  25.8 115.7   4.8 413.8      
       3  1  43.4  20.4  32.1  29.2   2.5        44.7 227.4   9.5 218.9  0.07
       3  2  49.2  20.3  37.1  28.0   5.2        25.0 163.6   6.8 340.5  0.08
       3  3  59.4  13.8  38.9  33.7   7.8  0.01  22.8 127.5   5.3 388.6  0.10
       3  4  60.6  25.8  41.1  32.3  12.5        18.4 103.4   4.3 177.0  0.08
       3  5  47.3  14.0  25.8  62.1  14.3        30.6 172.5   7.2 344.5  0.11
       3  6  20.1   5.8  12.0  58.0   0.0  0.01  14.0 142.0   5.9 335.1  0.07
       3  7  29.1   7.3  16.8  52.8   2.2        19.9 170.1   7.1 362.9  0.07
       3  8  38.1   8.4  23.8  52.4   8.5  0.01  12.6  92.0   3.8 342.1  0.05
       3  9  62.7  18.0  39.4  42.0  14.8        12.6  96.3   4.0 443.8  0.08
       3 10  67.7  24.3  47.2  31.8  16.3        19.1  88.8   3.7 311.2  0.07
       3 11  68.8  30.5  51.6  25.9  15.7        28.9 127.1   5.3 351.7  0.11
       3 12  59.7  31.0  45.0  43.4  23.1        24.6 128.1   5.3 240.2  0.10
       3 13  56.7  26.5  38.3  67.7  27.2  0.51  33.6 195.6   8.2 340.0  0.13
       3 14  37.6  27.9  32.5  83.2  28.0  0.53  16.7 144.6   6.0 281.3  0.07
       3 15  51.1  26.6  39.4  63.2  27.8        15.1 129.9   5.4 477.7  0.10
       3 16  49.4  31.5  38.8  57.7  24.4        28.7 204.5   8.5 404.3  0.11
       3 17  42.1  28.4  33.8  65.8  23.0  0.01  33.5 237.2   9.9 288.9  0.09
       3 18  40.8  25.6  31.8  55.8  16.9  0.01  44.7 305.3  12.7 469.7  0.14
       3 19  45.8  20.7  31.9  44.3  11.4        24.1 128.6   5.4 530.5  0.12
       3 20  56.0  16.2  35.2  47.9  15.4        13.1  91.8   3.8 500.8  0.11
       3 21  53.9  25.8  40.9  49.0  22.7        22.0 149.0   6.2 467.8  0.11
       3 22  59.0  24.9  40.4  50.8  22.6        13.9 101.0   4.2 433.7  0.11
       3 23  56.1  18.6  36.3  62.2  23.7  0.07  33.6 298.3  12.4 369.9  0.15
       3 24  18.9   1.9  13.3  60.5   2.8  0.02  36.9 431.4  18.0 494.6  0.10
       3 25  19.6  -1.1   9.8  55.2  -2.7        12.8 122.0   5.1 535.4  0.08
       3 26  43.1   7.0  25.2  53.4  10.9  0.01   8.6  71.9   3.0 539.8  0.08
       3 27  54.4  21.0  36.7  48.5  17.2        11.7  88.7   3.7 358.8  0.07
       3 28  63.3  27.3  42.8  48.7  23.2        20.6 145.2   6.0 507.7  0.13
       3 29  51.7  28.8  37.2  72.5  28.8        24.4 144.2   6.0 312.3  0.09
       3 30  52.9  31.2  40.9  52.9  23.3        17.2 137.4   5.7 474.5  0.13
       3 31  61.2  24.8  43.4  43.1  20.4        17.9 129.4   5.4 531.8  0.15
       4  1  71.3  30.6  50.1  35.9  19.7        22.3 138.0   5.8 392.5  0.16
       4  2  74.3  32.1  56.2  25.5  17.5        25.6 178.8   7.5 447.6  0.19
       4  3  54.9  35.0  46.1  43.6  24.3        32.6 326.7  13.6 441.3  0.20
       4  4  40.7  28.7  33.3  76.8  26.6  0.23  18.5 180.9   7.5 198.4  0.09
       4  5  49.2  26.0  35.0  72.3  26.2  0.05  14.5 131.5   5.5 530.2  0.14
       4  6  65.9  27.6  47.8  46.0  25.3  0.01  13.7  91.0   3.8 554.8  0.14
       4  7  63.2  43.2  52.9  50.0  34.2  0.01  22.9 132.4   5.5 294.8  0.10
       4  8  72.8  39.8  56.0  50.5  35.5        14.8  92.1   3.8 483.1  0.14
       4  9  76.1  39.2  56.5  44.7  32.1        11.9  87.7   3.7 588.2  0.19
       4 10  80.2  35.9  57.8  41.8  30.5        25.6 112.6   4.7 473.0  0.19
       4 11  57.6  36.1  45.0  68.4  35.0  0.13  32.7 195.3   8.1 192.3  0.12
       4 12  61.7  31.8  46.3  57.2  30.0        19.2 154.0   6.4 456.9  0.17
       4 13  45.8  30.9  35.1  74.2  27.8  0.17  30.3 245.3  10.2 108.2  0.10
       4 14  49.8  27.9  39.4  48.3  20.7        38.9 402.3  16.8 588.3  0.22
       4 15  60.9  21.9  42.9  43.2  18.4        16.1 107.4   4.5 611.0  0.17
       4 16  72.6  29.2  52.9  38.2  23.2        22.1 131.9   5.5 567.5  0.19
       4 17  66.3  34.2  53.8  29.2  20.7        40.9 339.2  14.1 613.3  0.28
       4 18  64.7  29.4  48.5  31.2  19.2        31.9 194.6   8.1 372.9  0.19
       4 19  51.9  29.7  42.4  27.2  10.7        42.0 285.0  11.9 344.7  0.20
       4 20  55.6  21.6  39.1  39.1  14.6        24.4 135.5   5.6 405.8  0.16
       4 21  51.3  26.7  38.9  47.5  19.0        29.0 197.9   8.2 407.9  0.16
       4 22  56.3  22.1  41.9  50.8  22.5        17.2  88.5   3.7 503.9  0.14
       4 23  71.8  27.1  52.4  38.5  25.2        13.7  83.0   3.5 543.4  0.16
       4 24  81.3  48.9  67.4  24.1  28.0        40.3 249.2  10.4 483.4  0.25
       4 25  62.1  39.9  52.2  26.5  17.9        41.4 386.6  16.1 645.8  0.33
       4 26  71.6  31.7  54.1  26.6  19.8        39.3 249.6  10.4 606.1  0.30
       4 27  64.5  30.6  47.2  48.0  27.5        36.7 228.7   9.5 506.0  0.24
       4 28  47.8  28.5  37.4  47.1  18.4        37.8 370.9  15.5 412.9  0.22
       4 29  56.6  19.1  41.4  39.6  15.4        18.5 120.3   5.0 525.1  0.17
       4 30  55.9  30.0  43.8  59.5  30.3  0.05  24.7 147.4   6.1 382.7  0.13
       5  1  64.5  35.9  49.4  58.4  34.0  0.01  26.1 122.5   5.1 235.0  0.11
       5  2  72.0  35.8  53.8  45.1  31.1        34.6 201.3   8.4 259.5  0.18
       5  3  70.9  36.3  53.6  47.1  31.6        20.0 146.4   6.1 262.0  0.16
       5  4  72.7  35.1  54.4  48.2  34.5        24.3 171.7   7.2 336.2  0.19
       5  5  70.1  37.2  51.7  48.6  33.1        25.0 195.5   8.1 323.8  0.20
       5  6  69.6  40.6  54.5  63.3  41.1        16.2 152.5   6.4 479.8  0.19
       5  7  63.9  43.0  50.9  78.9  44.4  0.02  13.2 106.2   4.4  90.0  0.07
       5  8  76.7  36.6  57.6  57.7  40.5        28.4 161.7   6.7 269.7  0.17
       5  9  62.6  41.6  50.5  76.3  43.5  0.02  25.9 178.8   7.5 121.3  0.10
       5 10  62.7  35.9  47.5  75.4  40.0  0.01  15.9 131.1   5.5 252.5  0.12
       5 11  77.0  45.1  57.6  60.4  41.9        16.9 125.8   5.2 436.2  0.20
       5 12  70.6  37.7  55.2  63.2  42.4        22.4 173.7   7.2 455.9  0.19
       5 13  76.0  38.9  58.8  60.2  43.6        13.7  88.1   3.7 384.3  0.16
       5 14  84.0  39.4  65.1  45.3  39.2        39.5 114.1   4.8 372.5  0.20
       5 15  86.6  46.4  67.4  40.2  40.8        20.3 109.5   4.6 514.2  0.24
       5 16  88.4  48.3  69.3  43.9  43.8        24.3 135.9   5.7 493.1  0.27
       5 17  77.8  55.2  68.3  29.7  35.0        32.2 168.1   7.0 426.1  0.26
       5 18  85.2  41.7  64.4  39.7  36.6        37.6 173.2   7.2 467.6  0.31
       5 19  73.8  38.4  56.2  49.9  36.9        34.2 225.0   9.4 441.9  0.28
       5 20  65.8  39.6  53.8  55.1  36.7  0.01  20.7 127.4   5.3 358.6  0.19
       5 21  72.8  37.8  57.1  58.6  41.9        14.2  85.7   3.6 518.0  0.20
       5 22  80.2  42.8  61.6  55.0  43.9  0.01  25.6 143.3   6.0 540.6  0.24
       5 23  62.2  48.5  54.6  77.7  47.8  0.04  22.8 171.1   7.1 188.9  0.11
       5 24  53.3  46.8  49.8  86.3  46.0  0.32  15.3 164.5   6.9  72.7  0.06
       5 25  49.5  44.3  46.0  88.2  42.7  0.75  17.3 123.9   5.2  96.1  0.06
       5 26  48.3  41.1  44.3  85.2  40.2  0.86  17.5 160.4   6.7  75.5  0.06
       5 27  54.6  39.2  45.4  77.9  38.9  0.02  23.4 125.5   5.2  99.8  0.07
       5 28  46.8  37.9  41.8  82.6  37.0  0.01  12.9 113.7   4.7  69.7  0.05
       5 29  71.6  41.6  52.8  76.5  45.5        28.6 101.5   4.2 236.0  0.12
       5 30  70.6  45.4  57.5  74.5  49.2        27.7 137.6   5.7 260.6  0.11
       5 31  73.5  39.7  56.8  61.9  42.8        22.2  97.5   4.1 310.8  0.15
       6  1  76.9  41.5  57.6  57.4  41.1  0.06  21.3  92.8   3.9 419.9  0.21
       6  2  75.0  40.3  58.2  50.8  38.8        16.0  97.3   4.1 469.9  0.22
       6  3  78.8  41.5  60.7  56.4  43.7        13.6  67.9   2.8 485.9  0.21
       6  4  81.1  46.5  64.2  54.5  46.1        27.2 133.2   5.5 409.7  0.22
       6  5  81.8  46.1  64.6  52.9  46.1        21.0 117.3   4.9 475.3  0.24
       6  6  73.1  46.8  59.8  49.4  39.8        41.8 182.9   7.6 672.4  0.31
       6  7  76.0  39.6  60.1  50.6  39.3        15.9  85.4   3.6 643.8  0.26
       6  8  89.7  40.6  64.7  46.3  40.6        24.6 107.8   4.5 551.0  0.30
       6  9  89.2  48.3  69.7  41.5  42.8        43.4 132.5   5.5 478.3  0.29
       6 10  88.9  46.7  67.5  45.1  42.8        37.6 110.3   4.6 462.1  0.28
       6 11  86.5  49.5  67.3  46.1  43.3        31.5 113.0   4.7 472.9  0.29
       6 12  82.0  48.7  65.7  50.5  45.8        20.5 142.0   5.9 588.5  0.30
       6 13  84.7  47.2  66.1  55.4  47.8        14.8  94.9   4.0 616.8  0.28
       6 14  83.5  50.1  66.9  55.3  48.2        21.3 102.1   4.3 574.6  0.27
       6 15  66.2  55.7  59.0  80.0  52.8  0.16  22.4 167.3   7.0 124.8  0.12
       6 16  79.8  48.2  62.7  64.3  49.1        27.9  86.3   3.6 601.5  0.25
       6 17  87.3  46.1  67.3  56.6  49.0        22.4  95.3   4.0 701.0  0.30
       6 18  89.6  52.0  70.9  48.2  46.2        19.5 110.8   4.6 728.0  0.33
       6 19  86.9  43.8  68.3  43.9  42.8        20.2 147.2   6.1 710.0  0.35
       6 20  84.1  50.7  66.5  65.6  54.2  0.02  19.1 104.0   4.3 556.3  0.26
       6 21  76.1  54.2  63.7  69.6  53.1  0.35  19.6 159.4   6.6 399.7  0.22
       6 22  76.3  54.2  62.9  75.6  54.5  0.05  16.4 120.0   5.0 348.0  0.19
       6 23  78.9  48.0  64.4  62.2  50.0  0.02  17.4 124.3   5.2 655.4  0.27
       6 24  83.4  51.9  68.0  65.9  55.2        27.1 166.1   6.9 562.2  0.26
       6 25  85.6  50.3  69.3  51.2  48.8        70.4 153.2   6.4 588.9  0.30
       6 26  86.8  48.0  67.3  62.1  52.5  0.12  26.3 118.9   5.0 655.6  0.30
       6 27  81.7  56.4  67.8  69.9  57.0        14.8  73.3   3.1 439.9  0.20
       6 28  80.0  55.0  63.8  77.8  56.1  0.18  31.4  83.4   3.5 418.1  0.21
       6 29  80.2  48.0  65.8  63.8  52.0  0.01  15.5 101.5   4.2 679.9  0.27
       6 30  83.5  50.5  68.0  58.8  52.4        16.7  96.9   4.0 652.9  0.27
       7  1  91.4  49.7  70.4  60.6  53.7        14.3  67.9   2.8 656.4  0.28
       7  2  92.8  51.9  72.6  53.3  52.6        11.5  77.3   3.2 639.8  0.30
       7  3  92.7  52.1  71.7  57.2  54.1        31.6  86.5   3.6 546.3  0.28
       7  4  91.7  53.6  71.2  60.6  56.1        21.1  78.8   3.3 496.1  0.27
       7  5  88.8  58.1  73.9  58.6  57.5  0.05  39.3 112.1   4.7 568.3  0.28
       7  6  81.2  53.3  66.3  73.8  57.4  0.56  43.5 117.3   4.9 597.3  0.26
       7  7  86.3  52.5  68.2  72.8  58.7  0.01  10.7  72.9   3.0 695.4  0.28
       7  8  69.4  58.1  62.8  67.0  51.7        17.5 132.6   5.5 312.2  0.18
       7  9  67.0  56.2  60.9  87.7  57.3  0.57  18.6 144.5   6.0 138.0  0.09
       7 10  80.4  53.6  64.0  77.6  56.5        12.4  86.5   3.6 530.9  0.22
       7 11  83.0  49.9  68.3  68.1  56.1        18.0 103.8   4.3 698.0  0.26
       7 12  77.1  59.7  66.3  78.3  59.1  0.01  14.9 101.6   4.2 510.3  0.20
       7 13  77.7  53.0  64.4  80.3  58.0  0.17  45.4 126.9   5.3 546.9  0.22
       7 14  78.3  49.5  64.3  67.1  51.9        21.7  80.8   3.4 693.5  0.26
       7 15  85.1  48.6  66.4  66.4  54.2        19.1  76.2   3.2 476.1  0.22
       7 16  84.5  56.5  70.1  64.6  56.5        27.8 113.4   4.7 524.8  0.24
       7 17  88.4  57.3  71.8  57.6  54.9        21.5 121.2   5.0 569.3  0.28
       7 18  78.6  53.5  66.3  72.9  56.8        15.3  66.3   2.8 261.7  0.14
       7 19  86.6  52.6  69.2  69.9  57.9  0.04  19.7  91.1   3.8 624.8  0.26
       7 20  88.4  54.4  72.6  60.5  56.1        15.6  73.2   3.0 674.4  0.27
       7 21  87.0  50.3  71.3  53.5  51.3        12.9  80.5   3.4 695.5  0.28
       7 22  80.3  45.9  66.8  60.5  52.3        20.2 120.0   5.0 673.9  0.27
       7 23  82.4  52.0  65.2  71.0  54.7  0.07  25.8 124.9   5.2 474.3  0.25
       7 24  76.9  51.5  64.5  65.5  52.0  0.01  21.5 142.0   5.9 596.8  0.25
       7 25  82.2  52.9  65.6  69.8  54.9  0.01  24.4 123.4   5.1 440.1  0.22
       7 26  82.4  49.4  64.5  66.0  51.7        20.9 117.1   4.9 441.5  0.23
       7 27  87.1  50.6  67.7  60.5  51.7        15.6  98.2   4.1 594.8  0.27
       7 28  85.3  56.0  67.0  69.5  56.0  0.15  36.7 133.6   5.6 507.7  0.26
       7 29  70.7  58.8  62.9  81.9  57.1  0.25  14.8  84.7   3.5 248.9  0.12
       7 30  80.3  54.7  67.5  72.2  57.2        21.7  76.6   3.2 617.6  0.22
       7 31  81.6  53.6  68.4  71.3  58.1  0.16  26.7 119.0   5.0 635.1  0.24
       8  1  84.9  52.6  68.5  70.5  57.2        11.3  70.8   3.0 655.5  0.24
       8  2  85.7  56.5  71.5  64.0  57.3  0.01  23.3 109.3   4.6 479.0  0.22
       8  3  83.2  54.7  68.0  62.6  53.7  0.01  36.5 121.5   5.1 365.1  0.21
       8  4  86.3  51.3  67.7  57.7  50.7        19.6 121.4   5.1 576.7  0.28
       8  5  86.7  46.8  67.2  54.4  47.5        18.9 100.2   4.2 670.9  0.29
       8  6  84.3  47.9  66.0  52.8  47.3  0.01  24.0 142.5   5.9 568.4  0.29
       8  7  78.9  43.9  62.8  54.9  45.3        12.1  77.9   3.2 603.9  0.24
       8  8  83.5  46.6  65.4  61.8  50.8        21.9 110.9   4.6 573.1  0.25
       8  9  83.7  49.1  66.1  61.0  50.6        33.5 125.9   5.2 479.7  0.23
       8 10  85.0  52.7  66.8  59.2  50.2        24.5  94.9   4.0 579.5  0.25
       8 11  87.0  48.3  67.7  55.5  49.8        10.3  65.7   2.7 644.3  0.25
       8 12  94.0  45.7  68.7  54.9  49.6         9.6  71.2   3.0 581.9  0.26
       8 13  90.0  49.2  68.2  53.9  50.3  0.01  25.1  87.2   3.6 482.1  0.24
       8 14  78.4  52.4  64.0  73.7  55.6        24.3 100.5   4.2 247.2  0.14
       8 15  81.0  48.3  63.7  75.1  55.5  0.02  25.2 101.4   4.2 421.2  0.19
       8 16  79.8  50.5  65.9  62.9  51.4  0.02  24.6 101.9   4.2 615.6  0.23
       8 17  83.2  44.8  64.3  63.9  50.7        10.7  70.2   2.9 613.4  0.23
       8 18  82.8  53.5  66.4  64.3  52.8  0.01  26.7 109.0   4.5 475.6  0.21
       8 19  71.6  51.1  61.1  71.8  51.7        16.7  87.3   3.6 446.1  0.17
       8 20  83.9  44.4  63.4  67.5  51.7        13.2  71.7   3.0 504.2  0.20
       8 21  84.6  52.4  64.9  67.4  53.3  0.05  27.6 112.6   4.7 393.6  0.20
       8 22  75.5  53.0  64.1  69.2  53.6        14.9 103.5   4.3 399.8  0.16
       8 23  79.5  50.7  63.8  72.2  54.1        23.8 114.3   4.8 475.0  0.20
       8 24  82.8  46.3  63.4  70.5  52.9        10.2  64.5   2.7 579.0  0.21
       8 25  81.9  49.2  67.4  60.6  52.2        23.7  98.2   4.1 581.7  0.22
       8 26  79.4  50.7  65.7  61.7  51.4        17.1  84.2   3.5 524.4  0.20
       8 27  75.9  48.3  60.3  76.9  52.9        17.7  78.3   3.3 335.3  0.15
       8 28  74.5  49.1  61.4  77.1  53.9  0.12  24.4  84.2   3.5 313.6  0.13
       8 29  77.0  45.1  59.5  80.7  53.9        35.5 126.0   5.3 432.8  0.17
       8 30  71.4  46.0  58.8  68.3  49.1        11.4  65.4   2.7 482.6  0.16
       8 31  81.4  43.1  62.1  52.9  46.5        10.7  67.0   2.8 554.5  0.19
       9  1  83.3  42.0  64.2  50.2  44.8        17.5  99.0   4.1 508.7  0.21
       9  2  81.6  45.0  62.2  47.6  42.6        31.5  93.1   3.9 451.9  0.20
       9  3  84.4  43.1  63.5  40.9  40.6        14.2  79.4   3.3 533.2  0.21
       9  4  88.5  43.8  65.9  37.5  41.4        20.8  89.7   3.7 504.7  0.22
       9  5  82.5  44.6  65.1  54.3  48.3        30.8 106.8   4.5 497.4  0.20
       9  6  58.7  47.0  54.4  75.3  47.3  0.20  19.5  85.8   3.6 115.6  0.07
       9  7  73.8  47.2  58.0  49.1  40.1        10.8  72.5   3.0 494.2  0.18
       9  8  79.9  38.1  59.3  39.8  37.4        13.4  70.5   2.9 467.1  0.18
       9  9  84.8  41.0  63.7  38.1  39.1        15.9  81.1   3.4 512.3  0.19
       9 10  88.3  43.9  66.0  33.0  36.4        13.2  78.5   3.3 490.3  0.20
       9 11  71.7  49.4  59.8  51.2  43.7  0.20  24.4 120.3   5.0 358.1  0.17
       9 12  68.7  52.4  58.9  60.3  46.0        22.8 115.6   4.8 264.5  0.14
       9 13  73.0  47.2  58.4  55.9  44.3  0.01  17.9 112.6   4.7 409.8  0.17
       9 14  65.8  47.5  56.6  54.1  41.4  0.06  15.3 109.7   4.6 284.5  0.13
       9 15  71.9  48.4  58.6  52.0  42.0  0.03  13.1  77.9   3.2 464.2  0.16
       9 16  75.1  47.1  58.9  56.9  44.3        16.8 110.2   4.6 403.2  0.17
       9 17  64.3  43.1  52.8  44.2  32.5  0.15  22.1 132.3   5.5 253.8  0.15
       9 18  60.1  40.2  48.0  44.6  28.6  1.17  30.1 161.5   6.7 352.4  0.18
       9 19  61.9  34.8  49.1  35.5  23.5  0.04  23.2 137.6   5.7 448.3  0.18
       9 20  63.4  39.0  49.4  40.2  27.6        14.2  93.3   3.9 349.3  0.14
       9 21  76.2  33.8  54.0  40.4  32.2  0.01  18.3  82.5   3.4 422.2  0.15
       9 22  76.7  38.7  56.1  44.3  36.6        20.4  97.2   4.0 295.5  0.14
       9 23  57.4  40.1  50.0  41.8  28.3  0.03  13.4  86.6   3.6 272.3  0.11
       9 24  68.4  41.2  52.1  52.2  37.3        34.4 100.9   4.2 314.3  0.13
       9 25  62.5  30.9  45.7  43.3  26.6  0.29  30.5 188.3   7.8 124.1  0.15
       9 26  45.7  30.7  36.0  36.9  11.8  0.17  24.3 158.8   6.6 262.6  0.14
       9 27  56.8  24.4  40.5  34.4  14.9  0.13  19.5  85.9   3.6 471.9  0.13
       9 28  72.1  36.5  55.4  34.8  29.8        14.8  98.3   4.1 461.2  0.13
       9 29  80.3  36.2  55.7  43.7  34.8        13.6  64.8   2.7 469.6  0.13
       9 30  80.7  39.2  58.4  40.0  34.1        12.3  77.5   3.2 454.3  0.15
      10  1  82.5  39.1  60.0  33.7  31.1        33.8 125.0   5.2 387.0  0.19
      10  2  58.7  43.6  48.6  43.1  28.1        20.6 130.7   5.4 197.4  0.13
      10  3  66.7  41.8  52.0  46.3  34.3        18.6 106.1   4.4 343.5  0.14
      10  4  73.5  40.0  56.6  46.8  37.8         9.9  70.5   2.9 416.7  0.13
      10  5  77.8  38.4  57.3  42.6  35.6        10.5  66.7   2.8 429.2  0.13
      10  6  69.9  40.4  54.6  41.0  33.3        11.6  74.6   3.1 408.4  0.13
      10  7  68.3  38.8  51.3  45.1  32.3        11.0  76.2   3.2 402.8  0.13
      10  8  74.8  34.6  52.9  36.1  28.1        11.0  67.1   2.8 415.2  0.14
      10  9  71.2  33.7  51.5  35.9  27.3        11.5  69.0   2.9 405.9  0.13
      10 10  75.7  33.3  52.6  40.2  32.0        11.3  72.2   3.0 401.6  0.13
      10 11  85.7  37.4  59.9  28.6  28.3        16.9  81.7   3.4 411.4  0.15
      10 12  80.3  36.3  58.1  27.5  26.0        21.0 104.7   4.4 403.2  0.16
      10 13  79.8  36.7  56.7  29.6  26.5        13.1  71.5   3.0 400.8  0.14
      10 14  72.0  36.9  55.0  29.8  26.0        26.0 110.2   4.6 299.7  0.14
      10 15  71.3  34.4  49.5  28.1  19.2        17.6  84.8   3.5 297.7  0.14
      10 16  60.7  32.1  42.6  31.4  14.7  0.04  27.8 144.0   6.0 219.0  0.15
      10 17  48.5  25.3  37.1  15.1  -7.6        24.5 173.4   7.2 347.4  0.16
      10 18  69.7  16.5  41.6  27.3  11.5  0.01  18.2  95.5   4.0 370.2  0.14
      10 19  75.1  30.1  51.0  24.9  18.5        28.6 175.9   7.3 343.9  0.18
      10 20  46.5  26.6  37.9  24.0   4.2  0.05  27.2 191.1   8.0 247.2  0.13
      10 21  43.8  15.9  29.3  19.1 -10.7        27.2 151.1   6.3 329.4  0.13
      10 22  60.8  10.4  33.7  22.2   0.6  0.01  10.5  76.9   3.2 317.5  0.11
      10 23  51.7  28.4  41.0  18.9   0.7  0.01  11.8 100.1   4.2 148.8  0.07
      10 24  59.0  19.6  41.0  21.3   3.3        15.1  84.1   3.5 187.4  0.07
      10 25  56.9  28.9  43.2  23.7   9.4        30.6 178.3   7.4 244.6  0.13
      10 26  46.5  30.8  37.6  27.9   7.2  0.44  43.1 364.4  15.2 250.1  0.20
      10 27  46.3  25.6  33.8  33.1   8.0        13.6  97.9   4.1 291.5  0.09
      10 28  58.5  22.9  39.9  38.1  18.4  0.01  17.4  78.2   3.3 326.5  0.08
      10 29  59.9  34.2  46.4  20.8   9.3        43.5 267.8  11.2 217.7  0.18
      10 30  36.5  24.9  32.6  34.7   7.7        15.3 129.1   5.4  87.8  0.07
      10 31  31.3  26.6  28.4  41.3   7.8  0.01  11.5 105.3   4.4  40.7  0.06
      11  1  51.1  23.7  35.3  36.6  12.1        11.3  77.4   3.2 267.0      
      11  2  59.2  20.6  36.9  33.9  13.0         7.8  59.7   2.5 320.8      
      11  3  58.8  21.8  42.9  28.7  13.6  0.01  27.6 115.7   4.8 211.7      
      11  4  64.4  31.9  47.3  24.7  14.1        17.0 102.7   4.3 323.6      
      11  5  56.7  21.4  36.1  29.0   7.7        35.5 169.0   7.0 261.4      
      11  6  46.4  22.9  32.3  18.3  -6.4        19.1 137.7   5.7 188.0      
      11  7  49.3  18.8  34.2  16.9  -9.2        32.4 229.9   9.6 296.1      
      11  8  51.6  16.2  31.3  23.0  -3.1        10.2  80.2   3.3 279.8      
      11  9  62.0  19.9  39.2  25.8   8.6        13.8  95.2   4.0 271.4      
      11 10  69.4  19.2  40.3  23.6   6.6        17.7  89.7   3.7 267.7      
      11 11  50.2  20.7  32.7  26.7   4.3        12.5  82.9   3.5 281.2      
      11 12  63.5  14.4  35.8  28.0   8.4  0.01  10.0  71.3   3.0 272.8      
      11 13  44.8  24.8  34.2  30.4   6.0        12.5 109.1   4.5 140.5      
      11 14  30.8  23.3  26.8  40.9   6.2        12.1  69.7   2.9  63.3      
      11 15  32.4  26.7  29.5  44.1  10.4  0.28  15.0  73.0   3.0  31.5      
      11 16  26.9  -2.3  14.4  34.5  -6.1  0.10  16.3 161.0   6.7 182.3      
      11 17  24.9  -3.2  11.6  13.2 -25.0  0.01  12.6  70.3   2.9 224.8      
      11 18  39.7  11.4  26.3  33.9   2.6  0.01  11.0  82.4   3.4 235.9      
      11 19  69.6  29.3  48.8  32.1  22.5        42.7 164.7   6.9 237.2      
      11 20  66.0  27.2  49.3  26.0  16.5        29.5 224.1   9.3 263.5      
      11 21  39.3  24.7  29.0  41.0   8.1         9.6  61.0   2.5 121.0      
      11 22  48.8  25.6  34.2  40.7  13.6        12.8  85.1   3.5 203.6      
      11 23  29.4  17.9  24.4  41.2   4.3  0.03  14.5  88.0   3.7  52.7      
      11 24  40.0  16.2  25.4  37.7   2.8  0.01  10.4  73.5   3.1 191.3      
      11 25  52.1  22.8  34.8  29.8   5.5        15.3 109.7   4.6 245.3      
      11 26  33.4  24.7  28.8  36.7   5.5  0.04  13.4  99.6   4.2 113.1      
      11 27  41.3  12.2  25.1  34.7   0.6         9.4  67.4   2.8 220.3      
      11 28  54.0  15.2  30.0  31.7   4.5         9.9  76.5   3.2 246.5      
      11 29  40.8  19.1  28.1  32.2   1.9  0.08  22.9 179.4   7.5 164.4      
      11 30  32.1  10.0  22.3  34.1  -1.7  0.01  11.0  86.6   3.6 202.5      
      12  1  50.5  11.3  31.5  20.7  -6.4  0.01  30.8 153.8   6.4 150.6      
      12  2  38.8  15.7  29.2  13.2 -16.8        39.9 216.0   9.0 234.7      
      12  3  41.6  10.7  23.8  18.7 -14.6        13.7 110.3   4.6 232.0      
      12  4  36.5   8.8  24.1  13.1 -22.6        31.4 193.5   8.1 238.2      
      12  5  50.1  16.1  37.8  15.3  -6.1        37.5 274.8  11.4 125.2      
      12  6  42.0  16.4  28.9  23.8  -4.3        13.1  89.9   3.7 100.9      
      12  7  47.8  17.5  30.3  15.1 -15.4        21.9 113.3   4.7 236.7      
      12  8  64.7  17.6  44.3  16.6   3.6        26.2 150.0   6.3 159.6      
      12  9  58.6  29.1  41.8  19.8   4.9        12.4  93.7   3.9 139.9      
      12 10  63.1  27.7  45.3  19.7   7.9        35.2 176.9   7.4 162.9      
      12 11  58.4  24.0  38.5  23.2   4.9        32.2 160.2   6.7 175.9      
      12 12  58.2  20.0  39.1  23.7   6.2        24.3 109.0   4.5 215.4      
      12 13  51.6  20.5  34.3  28.9   4.9        15.3 121.3   5.1 217.8      
      12 14  40.7  21.7  32.0  13.4 -14.6        35.5 374.8  15.6 212.0      
      12 15  42.1   9.5  27.0  13.8 -20.0        24.7 151.5   6.3 215.3      
      12 16  37.0   5.0  21.8  22.3 -11.8  0.03  36.1 235.0   9.8  42.9      
      12 17  15.7  -3.9   7.3  12.9 -33.6        30.0 267.5  11.1 132.3      
      12 18  22.0  -7.3   6.0   4.4 -46.4        35.6 214.8   8.9 222.6      
      12 19  26.5  -0.6  12.3  14.0 -24.2        11.3  68.2   2.8 124.1      
      12 20  49.7   2.4  30.2  12.0 -19.4  0.01  41.7 177.9   7.4 141.8      
      12 21  46.4  20.4  33.7  17.3  -7.6        39.2 162.7   6.8  94.9      
      12 22  46.8  17.1  25.8  31.8  -1.4        19.5 136.1   5.7 174.1      
      12 23  29.4   9.8  17.5  24.8 -12.1        18.7 124.2   5.2 151.3      
      12 24  44.8  14.3  30.1  13.5 -16.8        33.1 243.8  10.2 203.8      
      12 25  52.9   6.6  22.6  23.3 -11.1        22.1 173.7   7.2 204.2      
      12 26  28.1   2.8  13.8  18.8 -20.0        14.4 114.0   4.8 162.0      
      12 27  59.3  16.8  39.3  16.2  -1.6  0.01  26.2 162.4   6.8 202.8      
      12 28  54.3  21.8  40.9  11.9  -8.4        41.7 206.8   8.6 216.9      
      12 29  60.4  23.6  42.4  13.9  -4.0        26.8 164.9   6.9 153.9      
      12 30  54.6  24.5  36.6  20.5  -0.6        16.7  97.9   4.1  94.8      
      12 31  53.6  19.6  36.4  23.1   1.0        18.6  90.3   3.8 133.4      

      Total                               11.96                         44.18
        Max  94.0  59.7  73.9  88.2  59.1        70.4 431.4  18.0 728.0
        Min  -2.3 -24.8  -9.3   4.4 -46.4         7.7  48.3   2.0  31.5
        Ave  61.7  31.3  46.0  47.7  25.1        22.1 132.4   5.5 357.9
