                                                                    07-JUN-99
      Cellular-linked Weather Station near JOHNSON'S CORNER, Color       1997
      -----------------------------------------------------------------------
               Temperature      Rel   Dew             Wind        Solar Alflf
            ----------------- Humid Point  Prec -----------------   Rad   ETR
       Date   Max   Min   Ave   Ave   Ave Total   Max Total   Ave Total Total
      MoDay     F     F     F     %     F  inch   mph miles   mph Langl  inch
      ----- ----- ----- ----- ----- ----- ----- ----- ----- ----- ----- -----
       1  1  50.3  19.5  34.6  67.3  24.9        16.1  87.8   3.7 107.9      
       1  2  65.7  31.3  46.3  51.6  28.9        17.1  95.4   4.0 135.5      
       1  3  50.9  26.9  38.5  70.1  30.3        22.9 120.1   5.0 100.8      
       1  4  43.5  12.0  30.8  38.9   7.9        32.5 265.7  11.1 216.8      
       1  5  28.8   5.0  18.5  59.6   6.3        15.6 113.8   4.7 207.1      
       1  6  27.8   0.9  17.6  60.7   6.2        13.6  93.5   3.9 221.0      
       1  7  39.9  -1.1  20.6  56.5   6.9  0.01  15.6  81.6   3.4 220.1      
       1  8  39.3  10.5  25.4  64.0  14.1  0.03  10.3  87.2   3.6 210.9      
       1  9  31.1  11.6  22.7  69.0  14.0  0.01  19.2 157.7   6.6 102.3      
       1 10  11.6   4.8   6.9  83.0   3.0  0.22  12.4 121.1   5.0 125.9      
       1 11   5.0  -6.7  -0.7  79.8  -5.0  0.27  15.9 170.5   7.1 164.7      
       1 12  -2.2 -20.5  -9.3  75.2 -14.3  0.07  10.9 131.6   5.5 192.0      
       1 13  -1.6 -14.7  -8.0  75.9 -13.1        10.5  88.9   3.7 158.3      
       1 14  15.1  -8.4   3.0  79.9  -1.0        10.6  82.3   3.4 226.2      
       1 15  30.6   3.0  19.2  66.2  10.4        14.8 136.4   5.7 246.4      
       1 16  18.2 -12.2   3.3  76.3  -1.6  0.01  18.6  93.3   3.9 260.8      
       1 17  22.6 -16.6   3.4  72.1  -1.6  0.01   9.2  58.5   2.4 258.7      
       1 18  37.7   8.9  24.0  69.4  16.5        13.1 101.7   4.2 143.5      
       1 19  48.4  12.1  27.2  76.0  20.9        10.4  84.8   3.5 264.3      
       1 20  41.5  14.4  28.9  75.2  22.5        13.9  83.9   3.5 201.5      
       1 21  45.0  26.2  35.9  46.8  17.7        32.7 220.0   9.2 247.1      
       1 22  45.0  14.0  29.4  54.5  15.4        32.6 149.8   6.2 252.7      
       1 23  33.1  10.2  22.3  81.0  17.9        19.1 111.5   4.6 161.5      
       1 24  36.5   8.5  22.8  55.3   8.1        25.4 136.2   5.7 286.7      
       1 25  20.0   5.3  13.8  72.7   6.7        13.4 123.1   5.1 252.0      
       1 26  39.2   5.6  21.9  71.7  15.1  0.01  16.2 116.7   4.9 157.6      
       1 27  30.7  -3.9  13.8  83.9  10.7  0.20  28.5 134.8   5.6 211.0      
       1 28  33.5  -8.3  12.6  78.2   9.3  0.01  11.3  65.6   2.7 141.6      
       1 29  40.7  14.7  27.7  77.0  21.6        24.8 100.9   4.2 281.7      
       1 30  52.8  11.3  32.2  64.8  21.1  0.01  19.3 108.3   4.5 276.7      
       1 31  60.0  35.3  46.8  44.9  26.4        38.3 195.9   8.2 185.5      
       2  1  51.8  30.6  43.3  50.7  26.0        33.0 169.2   7.0 176.5      
       2  2  43.8  25.3  33.7  74.9  26.3         8.1  64.4   2.7 207.4      
       2  3  43.5  23.6  32.8  51.9  15.8        34.1 221.9   9.2 326.5      
       2  4  34.5  15.5  25.5  59.4  13.0        13.9 105.4   4.4 198.1      
       2  5  32.2  16.6  23.8  76.0  17.2  0.01  17.0 180.0   7.5 284.0      
       2  6  25.9  19.5  22.3  87.7  19.2  0.08  18.3 183.9   7.7 139.9      
       2  7  31.1   9.2  20.7  76.6  14.4  0.01  12.0  98.5   4.1 315.8      
       2  8  40.1   8.8  23.3  71.5  15.2         9.0  69.1   2.9 333.1      
       2  9  42.9  11.6  25.6  64.8  14.8         9.6  70.4   2.9 326.4      
       2 10  36.6  12.7  24.7  70.4  16.3        15.2  90.9   3.8 311.3      
       2 11  35.5  17.6  26.2  82.8  21.7  0.09  16.1 127.2   5.3 168.0      
       2 12  29.9  21.5  25.2  90.2  22.8  0.01  14.6 131.0   5.5 167.7      
       2 13  41.1  19.7  29.0  68.0  19.0        15.9 107.3   4.5 320.7      
       2 14  48.8  16.6  31.6  56.8  16.7        13.4 100.3   4.2 339.1      
       2 15  56.4  24.4  39.2  54.2  22.7        27.5 163.1   6.8 347.2      
       2 16  57.4  20.0  36.9  66.1  25.2         9.9  77.9   3.2 355.4      
       2 17  64.9  25.0  42.2  51.5  22.5        35.1 162.1   6.8 304.8      
       2 18  55.3  23.4  34.9  73.0  27.0  0.03  28.3 157.1   6.5 208.2      
       2 19  49.7  17.1  32.3  79.8  26.7        14.4  83.6   3.5 363.7      
       2 20  38.5  25.6  30.5  72.6  22.7  0.05  22.4 162.9   6.8  75.2      
       2 21  40.3  14.2  27.3  55.3  12.2        20.0 147.6   6.2 301.5      
       2 22  40.7   9.0  26.3  53.9  10.0        17.2 129.5   5.4 374.7      
       2 23  24.2  13.0  16.8  85.2  13.2  0.12  16.5 122.0   5.1 253.9      
       2 24  27.5   6.1  18.3  71.6  10.5  0.01  10.8  78.2   3.3 358.7      
       2 25  49.0  10.8  26.7  62.9  14.8  0.01  22.1 107.7   4.5 405.6      
       2 26  33.0  21.8  27.5  80.1  22.1  0.08  26.5 107.0   4.5 258.9      
       2 27  39.7  17.6  27.0  79.2  21.2        10.1  76.0   3.2 295.7      
       2 28  31.0   9.2  22.4  85.7  18.9  0.04  18.6 156.7   6.5 119.8      
       3  1  41.9   3.9  22.8  72.3  15.1        13.9 101.3   4.2 418.8  0.07
       3  2  53.5  20.0  34.8  61.4  21.4        12.1  98.9   4.1 375.5  0.07
       3  3  44.8  25.9  36.3  40.3  13.2        32.0 271.7  11.3 318.4  0.10
       3  4  26.2   3.3  21.2  90.8  19.6  0.25  14.2 124.7   5.2 300.0  0.04
       3  5  35.0  -0.4  18.2  71.0  11.4        14.5  85.1   3.5 440.4  0.07
       3  6  59.4  16.1  34.6  58.6  20.1        18.1 117.4   4.9 427.9  0.10
       3  7  58.4  24.7  41.9  38.4  16.7        19.9 146.6   6.1 455.3  0.10
       3  8  61.6  18.9  41.2  48.9  20.3        38.9 217.3   9.1 463.8  0.14
       3  9  57.3  21.3  39.0  54.8  21.7        21.7 154.8   6.5 461.5  0.12
       3 10  68.9  29.2  53.0  28.8  18.6        24.5 191.5   8.0 475.5  0.16
       3 11  73.8  25.2  50.3  34.2  20.0        15.3 114.5   4.8 464.7  0.14
       3 12  71.8  29.1  47.1  40.8  21.1        24.8 159.4   6.6 293.4  0.16
       3 13  33.2  15.1  25.6  79.5  20.2  0.09  25.2 188.2   7.8  69.8  0.06
       3 14  20.5   7.8  14.5  84.0  10.7  0.05  13.0 126.1   5.3 370.4  0.07
       3 15  37.5   4.8  21.4  79.4  16.5  0.03  18.3 120.0   5.0 476.9  0.08
       3 16  67.5  18.7  40.5  63.4  28.0  0.01  16.4 100.6   4.2 428.7  0.09
       3 17  68.8  28.6  47.0  51.5  28.3        30.0 169.5   7.1 315.6  0.11
       3 18  62.3  25.9  43.9  48.0  23.0        28.1 141.9   5.9 506.6  0.13
       3 19  76.3  22.6  49.0  41.8  22.1        13.9  79.7   3.3 503.7  0.15
       3 20  80.3  28.9  54.3  35.6  22.8  0.01  16.9  91.3   3.8 462.5  0.15
       3 21  60.3  27.6  47.7  41.9  25.1        23.9 146.0   6.1 471.3  0.14
       3 22  70.2  22.6  45.8  47.1  22.7        22.4 152.6   6.4 499.1  0.19
       3 23  64.1  25.5  42.2  46.0  21.8  0.01  11.8 100.9   4.2 471.8  0.15
       3 24  47.4  20.6  34.3  67.7  24.9  0.05  40.0 271.1  11.3 122.8  0.09
       3 25  51.5  14.8  33.7  52.4  15.4        18.8 117.7   4.9 542.3  0.13
       3 26  68.9  20.7  46.0  44.4  21.5        18.9 101.1   4.2 551.5  0.15
       3 27  71.3  25.6  47.2  41.3  22.3        49.1 286.6  11.9 485.9  0.23
       3 28  60.9  24.0  43.6  36.6  17.2  0.01  28.1 177.1   7.4 536.6  0.17
       3 29  51.2  23.1  40.9  35.3  14.8        32.5 212.5   8.9 465.5  0.16
       3 30  68.2  17.6  41.9  33.2  11.1        15.3  97.8   4.1 544.9  0.17
       3 31  73.2  19.0  48.7  30.6  14.8  0.01  27.8 145.3   6.1 520.0  0.19
       4  1  50.7  31.1  40.3  48.2  21.6        27.8 245.0  10.2 292.0  0.14
       4  2  34.6  28.1  31.0  88.0  27.9  0.15  18.8 169.3   7.1 180.2  0.06
       4  3  66.1  22.9  43.4  68.6  32.5        15.6  83.5   3.5 563.8  0.14
       4  4  54.7  32.5  40.2  82.9  35.3  0.35  40.6 313.5  13.1 264.8  0.11
       4  5  36.9  26.7  32.5  56.8  18.8        45.2 512.4  21.4 320.3  0.14
       4  6  46.9  21.3  33.1  45.0  13.2        19.8 179.4   7.5 502.8  0.14
       4  7  55.3  15.1  35.1  54.9  17.5        29.1 156.9   6.5 478.3  0.14
       4  8  32.2  17.7  23.9  71.6  15.9        15.3 162.7   6.8 200.8  0.06
       4  9  38.4  17.0  26.0  77.0  19.9  0.07  26.8 200.3   8.3 216.5  0.07
       4 10  22.1  14.3  16.8  81.1  12.1  0.07  18.3 213.3   8.9 305.7  0.06
       4 11  22.0   9.7  15.2  73.6   8.3  0.05  20.7 181.3   7.6 427.0  0.07
       4 12  34.8   8.5  21.3  56.7   7.8        15.1  91.1   3.8 609.0  0.09
       4 13  50.3  12.2  31.5  49.1  12.0        16.7  82.1   3.4 632.9  0.12
       4 14  59.4  17.1  39.6  47.3  19.0        22.4 113.6   4.7 337.0  0.10
       4 15  62.6  31.5  47.6  51.5  28.5  0.01  33.7 169.5   7.1 494.6  0.14
       4 16  64.8  37.1  47.9  62.9  33.7        14.4  82.5   3.4 616.5  0.16
       4 17  74.2  25.3  52.3  42.9  25.3        17.2 111.9   4.7 643.1  0.21
       4 18  73.8  31.1  55.0  38.3  29.5        35.2 123.4   5.1 485.3  0.18
       4 19  77.3  37.5  59.8  38.5  30.3        26.4 183.6   7.7 495.7  0.22
       4 20  72.5  36.4  57.6  41.5  33.0        24.8 163.7   6.8 503.3  0.20
       4 21  57.9  34.2  50.5  36.6  23.7        30.6 212.2   8.8 228.9  0.15
       4 22  58.2  27.2  44.0  54.8  26.2  0.14  31.0 149.9   6.2 506.8  0.18
       4 23  58.9  29.5  45.0  62.0  31.1  0.16  24.5 145.6   6.1 498.0  0.16
       4 24  41.4  30.6  33.8  91.6  31.5  1.98  28.6 181.1   7.5 212.6  0.08
       4 25  48.8  30.9  38.5  77.9  31.8        15.1  99.8   4.2 680.5  0.15
       4 26  52.0  30.5  40.3  72.0  31.1  0.07  22.6 154.5   6.4 483.6  0.13
       4 27  65.6  28.2  46.6  61.2  31.9  0.01  18.0 109.6   4.6 655.6  0.18
       4 28  64.3  41.5  52.5  55.3  36.0        26.4  93.3   3.9 365.8  0.12
       4 29  62.8  39.0  50.3  61.2  36.5        34.0 211.0   8.8 333.2  0.15
       4 30  59.3  32.5  45.7  57.6  30.1        29.6 135.9   5.7 641.6  0.20
       5  1  60.2  31.0  45.8  51.4  27.6        33.2 240.6  10.0 435.0  0.20
       5  2  53.3  31.0  41.3  51.0  23.7        34.9 281.7  11.7 551.5  0.22
       5  3  64.0  26.4  46.3  56.0  28.9        13.8  96.9   4.0 657.1  0.19
       5  4  77.4  29.9  57.2  42.3  30.4        26.9 172.2   7.2 622.1  0.24
       5  5  75.4  37.0  56.9  48.2  35.8        22.4 135.7   5.7 670.6  0.24
       5  6  79.0  39.2  60.8  43.4  35.4        22.8 127.9   5.3 515.5  0.22
       5  7  75.2  46.4  59.4  36.2  31.0        24.1 131.7   5.5 572.8  0.25
       5  8  60.0  41.0  49.5  44.0  28.3        18.3 139.6   5.8 585.7  0.22
       5  9  70.9  28.2  50.7  46.8  29.4        10.6  81.5   3.4 701.0  0.24
       5 10  78.6  33.4  59.5  38.0  29.5  0.01  27.7 105.3   4.4 703.0  0.26
       5 11  55.4  43.3  49.9  55.2  34.1        22.9 195.9   8.2 338.1  0.16
       5 12  69.9  30.2  50.9  51.6  30.1        13.7  90.8   3.8 677.5  0.23
       5 13  74.3  33.0  55.4  42.3  30.9        30.7 180.9   7.5 463.3  0.24
       5 14  64.5  33.8  50.0  65.6  39.0  0.30  26.7  93.9   3.9 393.7  0.15
       5 15  73.5  38.3  55.6  67.2  43.2  0.01  22.9 100.8   4.2 543.3  0.19
       5 16  81.9  39.6  60.8  52.5  41.5  0.08  31.4 112.7   4.7 543.4  0.23
       5 17  83.5  42.4  63.7  47.8  41.4        32.9 159.0   6.6 421.2  0.24
       5 18  77.0  40.4  57.2  53.5  39.5  0.09  35.7 177.4   7.4 470.5  0.26
       5 19  66.3  40.2  50.2  69.2  39.9  0.02  14.0  94.4   3.9 449.7  0.19
       5 20  76.9  35.4  57.5  61.7  42.8        27.5 162.6   6.8 607.2  0.25
       5 21  75.7  45.3  58.2  73.0  48.6  0.15  23.1 140.8   5.9 531.0  0.21
       5 22  57.2  50.2  53.5  93.0  51.6  0.45  21.5 103.6   4.3 124.5  0.05
       5 23  67.5  44.8  56.4  73.8  47.8        13.0  85.4   3.6 506.7  0.17
       5 24  70.2  44.0  55.8  81.0  49.8  0.06  17.3  83.8   3.5 379.2  0.14
       5 25  65.1  45.2  55.0  73.7  46.3  0.02  19.6 129.5   5.4 390.7  0.15
       5 26  60.1  42.6  50.3  67.4  39.4  0.12  24.4 129.1   5.4 335.1  0.15
       5 27  65.6  37.4  50.2  74.4  41.6  0.18  20.0 108.3   4.5 389.2  0.16
       5 28  68.4  39.9  52.0  81.8  46.4  0.01  14.8  86.8   3.6 431.8  0.15
       5 29  65.8  48.3  53.0  89.1  49.8  0.12  25.4  76.2   3.2 225.0  0.09
       5 30  72.4  46.9  58.5  78.7  51.5        12.1  62.9   2.6 471.1  0.15
       5 31  81.9  45.1  64.6  67.5  52.0        12.1  66.3   2.8 591.1  0.20
       6  1  86.1  52.0  69.4  59.5  53.5  0.01  35.6 169.4   7.1 511.1  0.25
       6  2  76.4  50.5  61.5  83.6  56.5  0.14  25.6 173.9   7.2 372.6  0.18
       6  3  71.2  46.4  60.4  70.9  50.5        14.4 109.7   4.6 297.7  0.15
       6  4  75.8  45.6  62.5  71.6  52.6        18.7 142.1   5.9 516.0  0.21
       6  5  78.4  50.1  64.4  73.3  55.0        11.8  94.6   3.9 427.3  0.18
       6  6  73.6  51.8  60.1  82.3  54.5  2.36  26.5 178.6   7.4 215.7  0.14
       6  7  74.5  48.6  60.5  78.5  53.6        16.1 100.2   4.2 486.2  0.19
       6  8  70.9  50.3  58.7  84.5  53.7  0.07  21.3 111.6   4.7 284.6  0.13
       6  9  61.4  49.9  54.4  91.3  51.9  0.13  19.5 143.8   6.0 238.7  0.10
       6 10  74.6  49.3  58.3  83.5  53.0  0.05  17.1  86.9   3.6 534.2  0.20
       6 11  80.3  47.3  62.9  62.1  47.8        17.3  94.3   3.9 539.7  0.23
       6 12  75.9  47.2  58.6  76.4  50.7  0.12  21.5 107.9   4.5 499.8  0.21
       6 13  66.2  45.5  55.1  89.9  52.2  0.35  20.1 107.2   4.5 346.2  0.13
       6 14  76.5  52.4  61.3  81.3  55.2  0.35  31.1 125.1   5.2 535.2  0.21
       6 15  74.3  44.5  57.6  78.3  50.5        16.1  89.0   3.7 448.1  0.18
       6 16  73.1  45.7  59.1  75.4  50.7  0.02  16.7  78.6   3.3 565.3  0.20
       6 17  77.8  46.4  61.2  73.6  52.6        12.6  60.0   2.5 396.1  0.17
       6 18  84.6  48.1  64.8  71.3  54.3  0.01  35.2  90.0   3.8 365.8  0.19
       6 19  86.4  55.0  70.1  58.0  53.5  0.01  20.0  93.8   3.9 394.5  0.21
       6 20  88.2  47.5  68.6  54.9  49.7        26.7 136.6   5.7 393.6  0.26
       6 21  82.4  52.4  67.1  59.4  51.4  0.05  20.5 150.1   6.3 500.0  0.27
       6 22  89.7  54.0  71.7  52.8  51.5        27.6 120.9   5.0 708.0  0.33
       6 23  83.4  50.3  68.3  63.7  55.1        26.6 118.6   4.9 562.4  0.25
       6 24  80.5  51.5  66.1  60.9  51.0        22.6 152.1   6.3 569.4  0.28
       6 25  82.5  45.6  63.5  70.7  52.6  0.04  26.1 127.4   5.3 648.3  0.29
       6 26  86.9  46.6  65.4  68.5  52.5  0.01  12.2  67.5   2.8 717.0  0.29
       6 27  91.2  48.3  70.0  51.2  48.0        25.3  96.4   4.0 711.0  0.33
       6 28  91.2  46.4  70.4  48.4  47.3        21.6  95.0   4.0 699.1  0.32
       6 29  89.7  48.8  69.5  52.4  48.8        14.0  96.9   4.0 742.0  0.34
       6 30  92.5  49.3  71.5  50.4  48.5        19.6 125.6   5.2 749.0  0.37
       7  1  83.1  47.6  69.6  31.0  33.7        32.4 206.7   8.6 754.0  0.41
       7  2  77.6  41.2  62.1  47.8  42.1        21.9 161.7   6.7 714.0  0.33
       7  3  73.0  50.7  61.1  56.9  45.4        27.5 154.9   6.5 680.6  0.30
       7  4  78.2  45.3  63.1  58.7  47.2        16.1  89.5   3.7 720.0  0.27
       7  5  78.0  46.9  61.7  62.8  47.9  0.01  23.8 128.3   5.3 462.3  0.24
       7  6  83.7  43.5  63.2  62.5  48.9        16.6  78.4   3.3 554.5  0.24
       7  7  87.1  48.0  70.4  50.0  48.3  0.01  18.3 128.5   5.4 708.0  0.31
       7  8  83.2  51.1  66.1  57.4  49.8        13.1  93.1   3.9 517.2  0.25
       7  9  91.0  49.8  69.4  55.4  50.5        30.9 104.4   4.3 696.9  0.33
       7 10  87.9  49.2  68.6  54.7  50.4        14.2  79.2   3.3 629.2  0.28
       7 11  82.0  53.8  65.4  66.2  53.2  0.25  43.0  91.4   3.8 361.2  0.21
       7 12  84.9  48.3  66.9  60.0  50.6        35.3  79.8   3.3 617.7  0.27
       7 13  79.8  53.9  67.8  43.6  44.3        25.5 111.8   4.7 734.0  0.31
       7 14  84.9  48.3  67.2  52.4  47.5         9.1  71.9   3.0 741.0  0.30
       7 15  91.0  46.4  70.1  47.8  46.1        12.9  69.7   2.9 737.0  0.31
       7 16  90.6  48.1  69.5  50.0  48.4        36.1  91.8   3.8 533.8  0.28
       7 17  93.2  48.6  70.6  50.3  49.2        19.5  78.2   3.3 650.7  0.31
       7 18  89.9  52.1  72.2  49.6  51.1        32.5  74.4   3.1 637.6  0.28
       7 19  82.7  54.2  67.1  71.2  57.3  0.02  25.4 159.3   6.6 477.9  0.25
       7 20  83.3  50.1  65.1  75.6  56.3        10.7  72.3   3.0 600.6  0.24
       7 21  87.6  49.8  69.4  64.2  55.3        21.1  91.0   3.8 675.9  0.28
       7 22  88.5  57.1  72.5  63.2  57.7        13.9  96.1   4.0 698.4  0.28
       7 23  87.9  54.7  69.6  65.9  56.5  0.07  23.9  92.3   3.8 588.7  0.26
       7 24  85.4  53.7  71.0  66.8  58.2        13.7  84.5   3.5 703.0  0.27
       7 25  84.4  55.8  70.3  67.2  58.2        15.1  87.2   3.6 490.8  0.22
       7 26  87.1  52.7  69.3  63.9  55.2  0.01  16.5  79.6   3.3 609.1  0.26
       7 27  78.9  59.3  66.4  75.3  57.9  0.09  21.7  97.8   4.1 352.1  0.18
       7 28  70.8  59.8  63.9  91.7  61.4  0.69  16.1 106.3   4.4 214.7  0.10
       7 29  77.4  58.2  66.3  85.2  61.5        13.7  95.4   4.0 450.7  0.17
       7 30  79.5  58.3  66.4  87.6  62.4  0.04  14.6  65.2   2.7 461.6  0.17
       7 31  83.5  54.2  66.5  81.7  60.3  0.02  18.5  68.1   2.8 505.4  0.19
       8  1  85.1  53.0  68.2  71.8  57.7        19.6  77.8   3.2 654.0  0.25
       8  2  84.2  57.1  69.7  73.4  60.1        20.5  90.4   3.8 566.5  0.22
       8  3  88.0  53.4  70.3  70.2  59.0        19.3  95.6   4.0 647.4  0.26
       8  4  83.9  57.5  67.7  76.4  59.4  0.18  22.7 125.5   5.2 477.4  0.23
       8  5  72.1  57.9  63.5  92.4  61.2  0.58  16.7 104.6   4.4 283.8  0.12
       8  6  72.1  55.7  60.4  86.1  56.0  0.28  21.0 158.4   6.6 288.5  0.16
       8  7  78.0  49.4  63.7  76.1  55.2        12.9  71.2   3.0 626.8  0.21
       8  8  90.6  48.9  70.0  67.2  56.7  0.01  10.2  68.9   2.9 648.6  0.24
       8  9  71.5  54.8  61.0  78.0  54.0  0.32  21.6 108.5   4.5 463.4  0.18
       8 10  61.4  55.3  57.8  96.5  56.8  0.12  14.4 121.9   5.1 146.8  0.07
       8 11  70.8  54.4  60.5  89.6  57.3  0.03  16.3  82.3   3.4 324.7  0.12
       8 12  74.0  48.3  60.2  86.1  55.9        15.6  77.8   3.2 412.9  0.14
       8 13  83.1  47.9  64.4  71.7  53.9  0.01  20.8 115.4   4.8 512.6  0.21
       8 14  82.0  47.1  66.5  53.1  48.0        25.6 124.7   5.2 484.9  0.22
       8 15  89.2  48.5  69.6  58.6  52.7        20.3 115.7   4.8 647.7  0.27
       8 16  77.3  47.6  62.2  80.3  56.3  0.19  24.5 111.7   4.7 477.6  0.19
       8 17  73.9  54.6  62.4  85.0  57.6  0.03  19.4 108.6   4.5 433.6  0.17
       8 18  79.7  54.3  64.9  76.9  56.9        27.7 114.8   4.8 486.6  0.20
       8 19  74.4  49.2  62.1  75.5  54.1  0.01  22.3 110.6   4.6 312.6  0.14
       8 20  81.3  54.9  65.9  75.6  57.3        11.3  96.4   4.0 586.1  0.21
       8 21  89.6  54.2  65.8  73.6  55.7  0.02  24.8  81.0   3.4 412.2  0.21
       8 22  84.0  50.5  64.9  70.7  54.3  0.04  18.9  79.5   3.3 488.8  0.20
       8 23  88.6  48.3  67.2  69.8  55.3         8.8  52.5   2.2 588.9  0.22
       8 24  87.7  49.8  67.5  68.2  55.7        17.5  72.5   3.0 546.4  0.21
       8 25  86.8  51.8  70.3  67.0  58.0        33.5  82.5   3.4 520.8  0.20
       8 26  82.1  56.4  68.2  72.0  58.2        24.4  98.3   4.1 497.4  0.20
       8 27  87.3  53.9  69.7  70.4  58.4        11.6  70.2   2.9 529.3  0.21
       8 28  87.9  52.5  68.6  65.9  55.1        16.4  77.2   3.2 517.0  0.22
       8 29  86.4  53.4  67.4  67.2  54.7        24.6  98.2   4.1 508.7  0.23
       8 30  82.9  51.0  65.4  69.9  54.4        13.3  82.3   3.4 430.8  0.19
       8 31  81.6  50.9  65.1  70.7  54.5        21.2 101.3   4.2 436.2  0.19
       9  1  77.7  52.3  64.2  73.1  54.9        17.6  95.9   4.0 264.5  0.13
       9  2  65.4  56.0  61.3  87.1  57.5        13.5  76.3   3.2 156.9  0.06
       9  3  80.7  58.0  66.0  82.8  60.4        13.7  64.3   2.7 371.7  0.14
       9  4  81.7  55.5  66.2  77.3  58.0  0.02  24.4  82.7   3.4 419.8  0.16
       9  5  81.0  48.8  64.8  74.9  55.4        13.7  68.3   2.8 475.8  0.17
       9  6  84.9  49.3  63.0  74.9  54.1        24.8  58.6   2.4 338.6  0.15
       9  7  80.9  45.5  61.0  67.9  49.3        25.5  86.9   3.6 366.8  0.17
       9  8  84.6  43.6  64.4  60.2  47.9        16.7  74.8   3.1 504.4  0.19
       9  9  74.7  47.5  60.9  70.0  50.8        12.8  76.5   3.2 479.3  0.16
       9 10  82.6  44.4  63.5  66.7  50.5  0.01  14.0  69.0   2.9 468.3  0.17
       9 11  82.3  50.1  63.7  66.4  51.5  0.01  24.0  97.6   4.1 404.0  0.17
       9 12  79.4  49.7  63.9  61.5  48.5        20.6  93.0   3.9 438.0  0.17
       9 13  80.7  43.3  63.1  61.6  47.9  0.20  25.7  98.1   4.1 466.3  0.18
       9 14  85.2  47.8  64.0  66.8  51.1        13.4  82.0   3.4 479.2  0.19
       9 15  85.3  46.3  64.9  57.5  47.6  0.01  19.3  92.6   3.9 458.8  0.19
       9 16  76.9  46.4  60.9  53.7  43.7        22.0 108.2   4.5 238.9  0.15
       9 17  78.8  40.8  59.0  59.6  43.0        17.8 105.5   4.4 468.3  0.20
       9 18  78.1  52.1  62.5  66.8  51.3        28.1 118.6   4.9 250.2  0.14
       9 19  60.6  44.1  51.4  83.9  46.6  0.32  16.1 135.7   5.7  89.1  0.07
       9 20  52.7  43.0  47.1  90.8  44.6  0.10  17.3 137.5   5.7 126.9  0.06
       9 21  54.4  44.7  48.4  88.5  45.2        11.8  94.6   3.9 133.0  0.06
       9 22  55.4  47.4  50.4  91.6  48.0  0.23  12.0  94.6   3.9 110.3  0.04
       9 23  54.3  46.1  48.6  91.0  46.0  0.08  10.6  69.7   2.9 164.3  0.05
       9 24  74.1  40.0  52.7  80.6  46.3        10.2  50.2   2.1 409.9  0.11
       9 25  78.5  38.6  56.1  71.5  45.4  0.01  11.9  58.6   2.4 409.2  0.12
       9 26  79.0  45.9  58.6  76.6  50.6  0.01  16.6  65.6   2.7 228.2  0.09
       9 27  80.7  39.6  57.5  69.9  45.7        25.9 113.6   4.7 408.7  0.17
       9 28  73.7  33.5  51.6  67.7  39.0        12.9  74.0   3.1 404.6  0.15
       9 29  79.6  33.5  54.7  62.1  39.1        10.6  62.8   2.6 399.6  0.14
       9 30  81.3  37.7  58.9  58.8  41.4        11.0  73.4   3.1 390.6  0.14
      10  1  84.9  40.2  61.1  57.4  43.1        10.7  69.7   2.9 384.2  0.14
      10  2  84.8  41.8  63.4  53.7  43.4        18.4 100.8   4.2 375.9  0.16
      10  3  76.3  44.0  61.7  48.3  41.0        19.2 109.3   4.6 359.3  0.15
      10  4  84.5  35.9  60.6  49.8  38.0  0.01  20.6 110.0   4.6 376.0  0.18
      10  5  85.1  41.8  60.9  44.4  36.8        17.9 103.7   4.3 375.2  0.19
      10  6  66.9  39.0  53.0  48.2  33.2        12.2  91.3   3.8 367.3  0.14
      10  7  80.7  33.3  56.6  55.3  38.2  0.01  30.6 148.0   6.2 319.7  0.19
      10  8  58.9  38.3  50.1  53.8  33.7  0.04  30.6 191.2   8.0 191.5  0.13
      10  9  65.1  26.2  44.0  56.9  27.9        14.0  80.3   3.3 375.1  0.13
      10 10  74.5  30.6  51.4  58.7  36.0  0.01  13.7  76.6   3.2 339.3  0.12
      10 11  80.9  47.8  63.9  47.0  42.0        41.7 356.9  14.9 338.9  0.28
      10 12  51.2  29.7  40.9  60.9  28.0  0.19  40.0 371.4  15.5 266.3  0.17
      10 13  56.8  23.3  39.3  51.7  21.3        20.2 105.9   4.4 376.8  0.13
      10 14  69.1  24.6  44.4  55.9  27.6        10.6  61.1   2.5 371.0  0.11
      10 15  65.0  28.5  46.5  55.5  29.5        16.6  90.5   3.8 360.9  0.10
      10 16  68.5  26.4  45.8  59.8  30.2        12.4  64.8   2.7 361.4  0.10
      10 17  77.5  32.6  52.5  50.9  31.3        11.2  80.1   3.3 392.6  0.12
      10 18  75.5  34.7  55.0  43.6  29.6        20.6 132.9   5.5 392.2  0.15
      10 19  48.7  39.4  44.6  75.1  37.1        17.7 114.7   4.8 104.6  0.05
      10 20  50.6  37.7  44.9  76.8  38.0  0.01  14.9 108.2   4.5 120.3  0.05
      10 21  53.5  32.5  42.7  82.1  37.5         9.3  78.2   3.3 223.1  0.06
      10 22  65.6  27.9  44.3  67.2  32.3         9.3  75.0   3.1 355.5  0.09
      10 23  61.3  38.7  50.0  48.0  29.8  0.08  21.1 123.4   5.1 224.7  0.09
      10 24  42.5  20.7  31.2  94.7  30.5  0.17  27.5 285.1  11.9  61.5  0.05
      10 25  28.2   9.2  21.5  88.2  18.8        27.3 318.6  13.3 180.9  0.05
      10 26  35.3   1.0  15.7  83.2  12.8  0.24   5.1  52.9   2.2 352.5  0.06
      10 27  46.9   9.6  27.0  81.5  23.2         8.0  58.1   2.4 353.2  0.04
      10 28  47.8  25.5  34.6  75.6  27.4        10.5  84.2   3.5 351.9  0.04
      10 29  54.0  25.3  37.7  73.5  29.6        12.6  89.5   3.7 273.6  0.04
      10 30  60.6  38.3  49.3  52.8  32.7  0.01  21.0 191.6   8.0 253.6  0.08
      10 31  61.2  36.8  49.9  53.1  33.1        37.1 327.6  13.7 265.9  0.14
      11  1  51.3  33.6  41.2  51.0  23.4        31.3 264.6  11.0 328.9      
      11  2  50.5  26.8  38.9  46.1  18.7        28.7 260.9  10.9 318.4      
      11  3  55.1  20.9  38.4  61.1  25.7         9.9  79.5   3.3 286.6      
      11  4  63.1  32.6  47.8  46.5  26.7        34.4 228.4   9.5 266.2      
      11  5  55.5  26.8  38.8  69.1  28.4        11.5  89.9   3.7 312.7      
      11  6  65.1  25.6  42.1  66.3  30.0        10.3  82.6   3.4 309.6      
      11  7  68.8  27.7  45.2  58.8  29.1         9.3  84.7   3.5 307.0      
      11  8  49.0  32.7  39.0  72.8  30.9  0.01  21.2 177.1   7.4 200.4      
      11  9  32.8  21.8  28.0  95.0  27.0  0.17  14.8 141.1   5.9 165.1      
      11 10  27.5  20.7  24.2  87.8  21.1  0.05   7.8  71.1   3.0 143.8      
      11 11  26.6  21.0  23.7  87.4  20.5  0.01  13.2 153.3   6.4 129.4      
      11 12  34.1  20.4  25.2  88.6  22.3  0.07   7.8  78.4   3.3 226.8      
      11 13  39.7  15.6  25.6  80.4  20.8        24.4 181.7   7.6 261.2      
      11 14  23.4   8.4  15.3  62.1   4.3  0.01  22.4 248.1  10.3 275.9      
      11 15  29.4   2.8  14.5  68.0   5.3         9.2  79.6   3.3 289.3      
      11 16  39.6   5.1  19.1  68.5   9.6         6.6  63.2   2.6 289.5      
      11 17  45.6  13.1  28.2  67.7  18.6        11.3  85.1   3.5 273.1      
      11 18  47.7  23.0  33.9  56.8  18.7        19.9 146.7   6.1 278.6      
      11 19  55.2  19.7  35.9  61.5  22.9        13.6  95.0   4.0 262.9      
      11 20  49.6  25.7  38.0  61.7  25.6        14.4 129.6   5.4 223.2      
      11 21  37.4  19.6  29.5  73.5  22.1        12.5  82.8   3.5 104.2      
      11 22  42.0  17.4  27.7  74.6  20.2        11.7  81.2   3.4 207.1      
      11 23  37.2  14.9  25.3  78.7  19.7        12.1  81.6   3.4  69.3      
      11 24  58.8  21.3  36.4  63.2  24.0        11.5  96.0   4.0 261.5      
      11 25  63.0  24.3  42.2  50.3  22.4  0.01  35.0 226.6   9.4 236.0      
      11 26  45.2  24.2  32.3  66.6  21.9        17.6  98.7   4.1 121.1      
      11 27  46.1  21.7  34.6  79.5  29.1  0.07  17.1 107.3   4.5  66.8      
      11 28  51.8  27.0  39.2  68.5  29.3        15.6 140.9   5.9 172.2      
      11 29  53.3  23.5  35.8  66.1  24.2        19.6 139.6   5.8 247.0      
      11 30  43.8  18.3  29.0  77.2  22.6         7.9  74.1   3.1 212.2      
      12  1  46.0  23.5  33.8  75.3  26.3        16.4 105.4   4.4 141.9      
      12  2  30.4  24.3  28.4  93.5  26.9  0.01  17.3 125.2   5.2  69.0      
      12  3  31.9  10.6  21.5  82.0  17.0  0.07  11.2  96.2   4.0 239.4      
      12  4  33.8  13.8  22.5  74.2  15.6  0.01  13.3 118.8   5.0 238.7      
      12  5  29.1  10.1  18.6  81.9  14.1         8.1  65.4   2.7 218.0      
      12  6  35.1  12.1  21.6  84.1  17.7         5.4  56.1   2.3 153.5      
      12  7  33.3  14.9  23.5  88.1  20.9         6.0  55.4   2.3 121.1      
      12  8  41.3  16.4  29.8  82.1  25.2         7.9  68.2   2.8 155.2      
      12  9  36.5  26.9  31.8  80.4  26.5        21.8 213.2   8.9 103.4      
      12 10  30.2  23.5  26.9  69.8  18.3        30.8 352.3  14.7 102.1      
      12 11  36.0  16.8  25.3  48.2   7.8  0.02  27.9 278.2  11.6 236.0      
      12 12  47.5  13.8  29.0  45.5   9.9        17.6 157.9   6.6 233.5      
      12 13  50.6  19.8  32.2  51.7  15.5        12.1 111.9   4.7 231.5      
      12 14  57.5  17.9  33.1  59.8  19.6         9.5  74.9   3.1 232.9      
      12 15  58.3  21.2  36.6  53.4  19.7  0.01  30.1 159.0   6.6 213.1      
      12 16  49.6  18.2  33.2  58.5  19.2        14.2 113.6   4.7 224.2      
      12 17  46.1  23.6  31.4  70.3  22.7        10.6  84.0   3.5 101.7      
      12 18  50.3  20.1  31.7  70.1  22.5         8.7  82.0   3.4 170.1      
      12 19  30.6  21.6  26.6  82.2  21.9        12.2 111.6   4.7  37.1      
      12 20  34.2  14.8  25.3  85.7  21.6         7.5  62.0   2.6 166.8      
      12 21  32.5  14.3  22.0  89.8  19.7         8.2  58.5   2.4 124.8      
      12 22  37.6  19.5  28.6  68.5  19.2        11.4  89.6   3.7 177.6      
      12 23  39.5  11.0  22.7  74.1  15.4         9.6  82.7   3.4 221.3      
      12 24  28.7  18.1  23.9  75.7  17.4        18.6 208.0   8.7  88.6      
      12 25  30.6  12.3  20.8  75.7  14.4  0.04  12.9 110.1   4.6 193.3      
      12 26  38.6  13.6  26.2  63.1  15.1        15.9 152.9   6.4 219.4      
      12 27  45.8  12.2  27.3  51.4  10.9  0.01  41.5 331.4  13.8 145.8      
      12 28  37.9  20.6  30.0  41.5   9.5        30.5 274.1  11.4 191.9      
      12 29  55.6  27.8  41.5  48.1  23.1        20.7 238.9  10.0 212.0      
      12 30  47.5  19.0  36.2  64.1  24.6        26.9 213.5   8.9 186.7      
      12 31  55.7  17.9  32.8  71.4  23.9        11.9  88.3   3.7 227.3      

      Total                               15.69                         42.57
        Max  93.2  59.8  72.5  96.5  62.4        49.1 512.4  21.4 754.0
        Min  -2.2 -20.5  -9.3  28.8 -14.3         5.1  50.2   2.1  37.1
        Ave  60.6  31.5  45.5  65.5  33.0        19.7 124.1   5.2 372.0
