                                                                    15-JUN-00
      Cellular-linked Weather Station near JOHNSON'S CORNER, Color       1999
      -----------------------------------------------------------------------------
               Temperature      Rel   Dew             Wind        Solar StandrdASCE
            ----------------- Humid Point  Prec -----------------   Rad   ETr   ETo
       Date   Max   Min   Ave   Ave   Ave Total   Max Total   Ave Total Alflf Grass
      MoDay     F     F     F     %     F  inch   mph miles   mph Langl  inch  inch
      ----- ----- ----- ----- ----- ----- ----- ----- ----- ----- ----- ----- -----
       1  1  45.2  20.3  32.5  81.0  27.2        30.8 202.0   8.4 128.2            
       1  2  28.3  10.2  18.6  82.5  14.3        19.6 124.9   5.2 141.9            
       1  3  22.3   3.5  14.9  76.5   8.9        15.3 132.8   5.5 186.4            
       1  4  29.3  14.3  21.3  77.3  15.5        10.6  79.1   3.3 112.7            
       1  5  53.1  23.7  36.8  57.7  21.9        32.9 114.3   4.8 142.4            
       1  6  53.9  21.7  32.8  72.8  24.0        22.6 128.6   5.4 186.1            
       1  7  38.0  23.1  28.5  91.3  26.2        25.6 102.1   4.3 123.5            
       1  8  31.1  18.0  26.9  90.0  24.4        14.8 123.9   5.2  86.5            
       1  9  36.3  19.6  27.2  87.5  23.9        12.2  64.3   2.7 201.5            
       1 10  53.1  24.7  37.5  60.7  23.4        29.3 115.2   4.8 231.2            
       1 11  62.2  29.2  50.8  32.8  21.2        34.6 221.3   9.2 162.0            
       1 12  55.0  24.4  41.8  46.5  20.5        21.4 148.5   6.2 145.1            
       1 13  43.8  21.4  31.2  82.6  25.9        20.2 104.0   4.3 115.3            
       1 14  58.8  18.4  37.0  60.1  18.4        31.1 117.5   4.9  99.0            
       1 15  59.2  30.6  49.2  23.9  12.0        37.6 234.8   9.8 150.7            
       1 16  46.5  21.1  33.1  68.3  22.8        34.7 141.0   5.9 165.3            
       1 17  42.8  26.4  35.1  31.3   7.2        36.7 303.1  12.6 260.6            
       1 18  62.0  21.5  39.3  50.1  21.7        32.6 172.5   7.2 240.3            
       1 19  54.2  29.7  40.3  67.0  29.0        17.8 127.5   5.3 236.0            
       1 20  53.0  27.7  38.9  61.8  25.4        12.5  87.0   3.6 183.0            
       1 21  41.5  23.6  31.7  84.0  27.3        24.3 172.9   7.2  80.3            
       1 22  39.6  16.0  26.7  86.2  23.4  0.08  15.7  86.0   3.6 273.3            
       1 23  57.0  14.6  33.8  62.6  20.0        22.8 117.2   4.9 234.7            
       1 24  47.1  20.5  26.4  90.6  23.6        18.3 128.6   5.4 104.5            
       1 25  30.2  13.7  21.1  96.8  20.8  0.09   6.2  38.9   1.6 160.6            
       1 26  45.8  12.7  28.5  73.0  19.4        31.8 131.3   5.5 209.6            
       1 27  39.7  20.2  30.7  66.8  20.7        12.2  96.8   4.0 281.2            
       1 28  40.1  21.7  29.0  78.7  22.9         9.0  67.5   2.8 271.4            
       1 29  44.9  18.0  28.9  67.5  18.8         8.3  62.8   2.6 272.3            
       1 30  41.5  22.2  31.6  72.3  23.4         8.2  57.7   2.4 106.7            
       1 31  42.2  26.8  33.8  87.1  30.3         8.8  66.1   2.8 153.8            
       2  1  45.6  24.6  34.2  61.7  21.5        28.4 155.5   6.5 124.1            
       2  2  53.9  17.3  37.7  47.7  15.1        48.6 272.8  11.4 257.7            
       2  3  53.1  24.0  42.5  32.2  12.8        38.7 330.6  13.8 292.9            
       2  4  55.5  22.1  35.8  59.0  21.2        10.1  77.8   3.2 305.6            
       2  5  52.0  25.6  37.7  66.2  26.6        17.1 106.6   4.4 306.8            
       2  6  52.0  24.8  36.9  67.3  25.6        28.2 104.6   4.4 283.4            
       2  7  64.2  28.7  50.5  36.6  23.6        34.8 205.3   8.6 200.6            
       2  8  64.7  26.8  49.0  35.0  21.3        34.7 234.0   9.8 347.3            
       2  9  60.5  22.6  39.4  48.9  20.0        11.3  69.4   2.9 317.9            
       2 10  69.6  24.1  37.4  55.2  19.8        40.3 280.8  11.7 285.1            
       2 11  31.8  12.0  23.8  33.3  -1.9        30.2 278.5  11.6 340.6            
       2 12  48.5  10.2  28.2  44.8   6.5        12.1  85.4   3.6 342.8            
       2 13  65.6  19.5  37.9  43.5  13.5        10.6  82.5   3.4 331.8            
       2 14  68.2  19.6  43.7  31.0   9.3        33.9 179.7   7.5 279.1            
       2 15  46.4  26.6  35.8  55.8  20.1        21.0 133.5   5.6 176.2            
       2 16  44.0  15.2  27.9  77.3  20.7        11.5  78.7   3.3 213.6            
       2 17  53.8  19.9  34.8  50.8  16.8        39.4 172.3   7.2 222.9            
       2 18  45.8  27.8  36.7  30.7   8.1        37.0 209.1   8.7 346.8            
       2 19  52.3  20.3  35.7  39.8  11.3        36.2 230.8   9.6 364.2            
       2 20  45.4  16.5  31.1  43.1  10.3        21.3 132.8   5.5 324.8            
       2 21  45.9  14.4  29.3  58.8  15.1        15.6  78.8   3.3 322.5            
       2 22  41.5  22.6  34.4  28.1   4.2        48.8 334.9  14.0 189.0            
       2 23  58.2  21.1  40.0  29.3   8.6        20.6 126.5   5.3 359.1            
       2 24  61.1  29.9  44.6  33.0  15.7        28.2 126.5   5.3 233.7            
       2 25  67.3  24.9  46.3  32.4  13.7        19.5 107.6   4.5 373.7            
       2 26  57.4  29.1  43.0  27.1   9.8        38.7 316.9  13.2 391.6            
       2 27  50.7  16.5  35.2  23.8  -0.6        34.6 118.7   4.9 410.0            
       2 28  66.4  21.7  43.1  31.3  12.4        21.3  96.8   4.0 316.9            
       3  1  67.0  31.0  50.0  29.8  17.7        42.9 242.2  10.1 303.8  0.15  0.17
       3  2  46.5  22.7  34.4  48.5  15.7        23.9 146.1   6.1 373.7  0.10  0.09
       3  3  65.2  15.5  39.7  34.2   9.7        24.7 104.9   4.4 364.9  0.12  0.13
       3  4  50.4  26.9  37.6  60.3  24.0        22.3 110.5   4.6 350.7  0.09  0.08
       3  5  42.7  22.0  33.1  59.6  19.4  0.14  30.8 176.2   7.3 351.0  0.09  0.08
       3  6  41.2  20.6  28.8  65.4  17.8        17.0 129.5   5.4 351.6  0.08  0.07
       3  7  48.2  20.5  34.0  68.9  23.7        23.2 140.0   5.8 379.6  0.08  0.07
       3  8  51.0  27.0  39.4  48.1  19.2        35.1 302.0  12.6 405.7  0.13  0.12
       3  9  57.2  20.3  39.5  48.9  19.8        26.3 106.1   4.4 425.1  0.10  0.09
       3 10  56.6  28.5  42.6  38.8  15.7        29.9 170.5   7.1 401.9  0.12  0.12
       3 11  44.8  22.3  30.6  75.8  23.5        20.8 192.3   8.0 265.7  0.09  0.07
       3 12  30.3  25.3  27.1  97.9  26.6  0.14  15.1 121.0   5.0 256.8  0.05  0.04
       3 13  52.1  13.8  32.9  76.5  25.2        10.4  80.2   3.3 466.5  0.09  0.08
       3 14  68.2  26.1  45.5  56.2  27.3        12.4  73.0   3.0 462.9  0.09  0.09
       3 15  65.8  31.8  45.0  58.6  30.3        12.1  76.6   3.2 187.3  0.06  0.07
       3 16  70.4  28.7  51.3  34.0  17.5        22.9 118.9   5.0 375.8  0.12  0.13
       3 17  48.8  26.1  37.8  45.3  17.5        22.0 184.3   7.7 460.3  0.14  0.12
       3 18  57.5  22.9  39.1  44.5  17.6        25.1 151.3   6.3 443.3  0.14  0.13
       3 19  57.7  25.8  41.2  61.3  28.1        13.4  88.9   3.7 481.1  0.11  0.10
       3 20  65.7  26.8  47.3  47.8  24.0        15.7 101.5   4.2 481.7  0.12  0.12
       3 21  67.8  30.9  46.9  51.5  27.2        28.9 161.1   6.7 505.0  0.16  0.16
       3 22  62.5  27.6  43.5  62.9  29.1        26.0 125.5   5.2 361.7  0.12  0.11
       3 23  65.1  24.4  44.8  56.1  26.7        17.2  88.2   3.7 460.1  0.13  0.12
       3 24  63.3  31.9  47.2  58.8  31.4        18.3 133.8   5.6 448.2  0.13  0.12
       3 25  67.0  31.0  46.8  60.8  31.7        25.6 144.6   6.0 492.8  0.16  0.15
       3 26  70.8  32.8  52.0  51.0  29.9        19.3 134.3   5.6 416.3  0.14  0.14
       3 27  65.1  39.4  51.0  41.3  28.0        45.5 298.1  12.4 387.0  0.20  0.19
       3 28  57.1  22.8  42.0  33.5  13.5        23.4 177.8   7.4 457.5  0.17  0.15
       3 29  67.3  22.5  44.7  41.3  17.6        17.5 128.2   5.3 527.6  0.18  0.17
       3 30  76.4  29.3  52.8  27.1  12.7        35.5 176.6   7.4 513.3  0.22  0.22
       3 31  69.1  34.8  53.3  27.4  18.4        27.1 148.9   6.2 496.8  0.17  0.17
       4  1  45.7  24.8  34.8  81.5  29.5  0.01  23.0 199.9   8.3  81.7  0.07  0.05
       4  2  28.7  22.4  25.2  95.6  24.1  0.12  13.1 133.0   5.5 304.6  0.07  0.05
       4  3  40.9  22.2  30.1  82.4  24.8  0.03  17.2 120.6   5.0 438.1  0.09  0.07
       4  4  50.9  24.0  37.0  67.2  25.2        18.5 102.5   4.3 484.1  0.10  0.09
       4  5  56.6  32.3  43.8  52.6  25.0        22.6 215.1   9.0 525.0  0.15  0.13
       4  6  64.4  26.5  46.3  46.1  23.6        19.3 112.5   4.7 573.7  0.15  0.14
       4  7  70.4  31.6  52.5  36.1  23.8        39.5 243.1  10.1 541.0  0.22  0.21
       4  8  63.7  35.5  52.2  34.6  23.0        46.4 323.7  13.5 515.9  0.24  0.20
       4  9  64.4  28.5  44.7  51.9  25.1        37.5 221.5   9.2 438.6  0.20  0.17
       4 10  53.0  30.2  43.4  22.7   7.2        41.1 362.5  15.1 431.4  0.24  0.19
       4 11  56.9  19.4  41.8  41.5  18.3        27.3 138.3   5.8 534.2  0.16  0.14
       4 12  67.7  30.7  50.9  39.1  24.0        18.7 114.3   4.8 553.6  0.17  0.15
       4 13  68.4  35.5  54.2  47.5  32.9        29.7 145.3   6.1 527.0  0.17  0.15
       4 14  52.8  30.4  39.7  77.2  33.2  0.59  33.1 342.2  14.3 255.2  0.13  0.09
       4 15  40.6  26.0  32.3  54.5  16.5        35.5 384.5  16.0 614.2  0.21  0.13
       4 16  44.3  24.8  32.2  47.6  14.1        39.2 279.3  11.6 331.4  0.16  0.12
       4 17  57.0  18.0  38.6  47.0  17.9        18.3 154.7   6.4 620.5  0.17  0.14
       4 18  71.3  31.1  55.3  34.3  22.8        24.2 198.6   8.3 512.2  0.19  0.18
       4 19  73.0  34.0  56.8  40.3  29.4        20.7  93.2   3.9 454.0  0.14  0.13
       4 20  69.9  40.0  56.7  44.2  33.9        26.5 119.1   5.0 373.2  0.15  0.13
       4 21  63.2  39.8  51.5  57.3  34.9  0.34  28.5 131.7   5.5 480.8  0.17  0.15
       4 22  42.1  32.1  37.4  96.6  36.6  1.45  23.3 177.6   7.4 183.9  0.07  0.05
       4 23  36.2  31.7  33.8  95.8  32.7  0.36  13.4  95.8   4.0 134.4  0.05  0.04
       4 24  48.0  32.7  40.1  87.8  36.6  0.02  20.5 142.2   5.9 348.7  0.09  0.07
       4 25  49.9  31.8  39.8  92.5  37.8  0.71  16.7 109.9   4.6 377.9  0.08  0.07
       4 26  56.4  34.0  44.8  82.9  39.5        17.0  90.4   3.8 432.0  0.10  0.08
       4 27  69.0  36.8  52.3  71.7  42.3        35.6 117.0   4.9 485.5  0.14  0.12
       4 28  58.9  41.1  50.0  88.5  46.7  0.26  40.0 166.0   6.9 198.5  0.06  0.05
       4 29  48.9  44.2  46.3  98.3  45.8  1.41  24.8 243.2  10.1  59.5  0.03  0.02
       4 30  45.8  40.1  43.4  98.5  43.0  1.66  21.4 163.1   6.8  46.1  0.02  0.02
       5  1  52.0  37.9  42.5  96.0  41.5  0.37  24.9 100.7   4.2 199.7  0.07  0.05
       5  2  60.8  37.1  47.1  83.7  42.0  0.06  17.2 126.8   5.3 449.2  0.13  0.10
       5  3  66.8  37.2  51.5  67.8  39.0        24.5 110.4   4.6 448.8  0.15  0.12
       5  4  59.5  36.5  48.8  44.1  26.4        29.9 191.7   8.0 604.6  0.21  0.17
       5  5  51.8  36.6  43.8  40.8  21.6        38.8 369.9  15.4 465.7  0.25  0.17
       5  6  58.5  36.0  46.5  32.0  18.0        33.4 231.9   9.7 684.8  0.26  0.20
       5  7  71.1  33.5  52.5  45.6  29.9        13.5 127.4   5.3 679.3  0.23  0.19
       5  8  76.9  40.9  61.1  41.9  35.0        24.8 169.1   7.0 680.4  0.26  0.22
       5  9  77.7  43.4  60.0  46.5  36.9        30.9 155.7   6.5 524.0  0.24  0.20
       5 10  53.8  32.3  43.0  62.4  30.2  0.63  26.1 213.2   8.9 469.2  0.19  0.14
       5 11  54.0  29.3  42.9  48.0  23.0        15.0 119.3   5.0 620.4  0.20  0.15
       5 12  65.1  29.6  49.0  53.3  30.5        16.7 118.2   4.9 665.1  0.21  0.17
       5 13  73.1  40.3  54.8  60.5  40.4        27.6 160.5   6.7 505.2  0.20  0.16
       5 14  64.7  42.5  54.8  62.4  41.2  0.06  35.1 163.8   6.8 568.2  0.19  0.15
       5 15  68.9  42.7  56.9  54.6  38.7        19.2 144.1   6.0 587.5  0.22  0.17
       5 16  57.4  37.7  47.6  67.8  36.5  0.41  21.6 169.8   7.1 259.3  0.14  0.10
       5 17  61.0  34.3  47.8  69.4  36.7        14.6  93.9   3.9 702.0  0.21  0.16
       5 18  75.7  36.5  56.5  57.6  38.7        15.8  91.2   3.8 677.6  0.23  0.18
       5 19  80.7  44.3  63.1  50.2  41.6        24.4 132.8   5.5 612.3  0.24  0.20
       5 20  65.7  51.3  57.8  69.1  47.4  0.08  32.4 170.6   7.1 468.1  0.18  0.14
       5 21  78.5  45.4  61.3  71.6  50.3        14.1  85.2   3.5 652.3  0.23  0.18
       5 22  78.0  46.2  62.8  63.7  49.3  0.06  29.4 130.6   5.4 576.2  0.23  0.18
       5 23  70.6  52.1  61.0  73.5  52.0        11.5  76.5   3.2 482.2  0.17  0.14
       5 24  69.7  51.0  58.8  77.9  51.5  0.20  16.5 124.6   5.2 332.3  0.15  0.12
       5 25  61.4  47.2  54.6  85.1  50.1        22.3 123.0   5.1 388.7  0.14  0.11
       5 26  71.8  41.7  57.6  70.0  46.7        14.8  74.1   3.1 633.5  0.21  0.17
       5 27  65.4  49.7  56.4  80.8  50.5  0.08  17.0  88.3   3.7 273.1  0.11  0.08
       5 28  74.5  43.7  59.2  74.1  49.3        12.3  75.8   3.2 653.7  0.21  0.17
       5 29  78.8  45.7  60.4  71.0  49.7  0.09  22.4 111.2   4.6 522.9  0.22  0.17
       5 30  74.1  49.1  61.2  73.4  51.9  0.19  17.5 125.0   5.2 544.9  0.20  0.16
       5 31  65.2  45.8  55.7  76.8  48.4  0.02  23.3 134.4   5.6 388.4  0.16  0.12
       6  1  73.1  38.7  57.8  57.7  41.6  0.04  16.1  96.2   4.0 679.4  0.25  0.19
       6  2  80.6  44.3  62.1  63.1  47.4        37.3 145.1   6.0 607.2  0.26  0.20
       6  3  80.3  45.0  64.1  48.9  42.0        16.4 101.4   4.2 741.0  0.28  0.22
       6  4  80.8  45.8  64.2  47.3  41.9        22.4  98.7   4.1 641.6  0.27  0.20
       6  5  67.3  45.7  54.6  66.1  42.9  0.08  35.4 173.1   7.2 442.4  0.22  0.16
       6  6  72.3  40.4  59.4  49.5  39.6        31.6 160.8   6.7 491.3  0.24  0.18
       6  7  82.6  43.3  65.7  46.2  40.7        19.7 136.2   5.7 734.0  0.31  0.24
       6  8  86.1  44.2  68.2  38.0  38.0        21.5  98.3   4.1 742.0  0.31  0.23
       6  9  72.1  50.9  62.0  57.3  46.4  0.33  18.8 136.2   5.7 608.2  0.25  0.19
       6 10  68.3  51.0  58.1  83.3  52.9  0.05  17.3 107.0   4.5 296.5  0.14  0.11
       6 11  71.9  41.7  57.7  74.2  48.7        18.9 113.6   4.7 631.8  0.23  0.17
       6 12  70.4  47.4  56.7  81.4  50.7  0.83  30.5 104.6   4.4 396.8  0.17  0.12
       6 13  66.7  48.6  56.7  80.0  50.2        16.1  92.9   3.9 467.4  0.17  0.13
       6 14  68.6  50.1  59.2  83.3  54.0  0.04  28.8 113.0   4.7 387.3  0.14  0.10
       6 15  64.4  48.9  55.1  91.0  52.4  0.23  10.7  79.1   3.3 220.3  0.09  0.07
       6 16  59.4  49.6  53.8  87.6  50.1        13.2 103.4   4.3 214.7  0.09  0.07
       6 17  76.4  48.1  59.1  82.7  53.4        24.8  94.7   3.9 567.6  0.21  0.15
       6 18  79.1  48.4  64.3  67.8  51.4        14.4  63.6   2.6 570.9  0.20  0.15
       6 19  85.8  51.8  68.7  60.6  52.8        21.3  81.1   3.4 558.9  0.23  0.17
       6 20  85.1  52.1  69.4  58.6  53.0        14.8  87.7   3.7 633.1  0.26  0.20
       6 21  84.9  51.6  67.0  60.7  51.8  0.10  22.5 117.3   4.9 493.8  0.27  0.20
       6 22  85.5  50.8  69.2  55.9  49.5        33.5 134.7   5.6 591.9  0.30  0.22
       6 23  83.2  54.4  69.9  60.3  53.6        14.5  91.5   3.8 710.0  0.28  0.22
       6 24  86.7  52.7  71.9  46.6  47.7        14.6  93.7   3.9 721.0  0.31  0.23
       6 25  91.2  57.5  73.2  50.8  51.9        28.3  95.7   4.0 669.6  0.32  0.24
       6 26  82.1  56.9  71.8  50.9  52.1        16.6 100.6   4.2 709.0  0.29  0.23
       6 27  83.1  60.2  69.8  65.9  57.1        18.3 132.2   5.5 562.9  0.28  0.21
       6 28  75.2  48.7  63.9  48.9  43.0        28.2 162.8   6.8 704.0  0.32  0.24
       6 29  87.1  50.7  69.6  46.0  44.3        28.4 150.5   6.3 676.1  0.35  0.26
       6 30  83.7  53.0  68.3  54.3  49.1        24.5 125.9   5.2 442.6  0.26  0.19
       7  1  85.8  48.6  66.8  63.6  52.8        18.9 117.5   4.9 602.7  0.28  0.21
       7  2  95.1  59.4  74.8  49.5  52.7        17.2 108.8   4.5 480.7  0.30  0.22
       7  3  95.3  57.0  76.9  44.4  49.2        18.8 104.8   4.4 674.8  0.34  0.25
       7  4  94.9  56.9  78.0  39.3  48.0        21.0  91.2   3.8 678.8  0.33  0.24
       7  5  82.0  54.8  70.6  57.1  54.1        19.4 137.7   5.7 694.2  0.31  0.24
       7  6  82.0  63.0  71.0  74.1  62.1        16.2 107.1   4.5 469.1  0.23  0.17
       7  7  94.2  59.7  75.4  61.0  58.2        16.4  91.1   3.8 697.1  0.33  0.25
       7  8  83.4  60.7  71.7  62.2  57.7        18.0 116.0   4.8 328.4  0.20  0.15
       7  9  77.0  56.2  68.1  53.4  49.5        22.9 107.3   4.5 679.6  0.29  0.22
       7 10  80.4  52.0  66.2  57.6  50.2        17.9 105.3   4.4 698.2  0.30  0.23
       7 11  81.6  52.9  67.5  56.0  50.0        28.2 105.5   4.4 520.6  0.25  0.19
       7 12  83.8  52.3  69.1  56.9  50.7        13.2  81.5   3.4 709.0  0.28  0.21
       7 13  92.1  51.4  74.0  49.1  49.7        15.3  92.4   3.9 666.1  0.30  0.22
       7 14  87.9  62.1  73.6  52.5  54.5        27.0 110.3   4.6 374.8  0.24  0.17
       7 15  85.7  57.8  70.9  59.0  54.5        19.1  85.1   3.5 362.3  0.21  0.16
       7 16  69.2  56.5  64.2  80.7  58.2  0.07  17.6 142.4   5.9 299.0  0.14  0.11
       7 17  82.9  61.6  69.3  80.7  62.3  0.13  23.1  99.7   4.2 544.0  0.23  0.18
       7 18  83.9  57.3  70.0  70.6  58.9        14.3  74.9   3.1 388.2  0.18  0.14
       7 19  82.8  60.3  68.7  74.8  59.6  0.22  26.2  94.1   3.9 503.9  0.23  0.17
       7 20  82.0  55.3  69.8  71.9  58.9        11.8  70.6   2.9 679.0  0.25  0.20
       7 21  86.9  56.6  72.6  62.8  57.0        15.9  89.3   3.7 680.0  0.28  0.22
       7 22  87.1  58.4  72.3  60.1  56.3        19.4 106.8   4.5 508.4  0.25  0.19
       7 23  89.6  53.5  73.8  53.9  52.5        15.5  72.3   3.0 690.5  0.29  0.22
       7 24  88.3  57.1  70.8  63.8  57.1  0.08  20.8  95.6   4.0 551.5  0.27  0.20
       7 25  86.2  58.9  70.7  74.1  61.0  0.02  23.5 103.9   4.3 524.0  0.24  0.19
       7 26  86.4  54.9  72.5  60.7  56.2        15.1  89.9   3.7 604.8  0.26  0.20
       7 27  88.3  60.4  73.3  65.5  60.0        15.3  88.3   3.7 543.6  0.24  0.19
       7 28  90.2  64.8  75.6  62.3  60.3        23.2 103.2   4.3 590.5  0.28  0.22
       7 29  85.3  59.4  71.8  69.1  60.0        18.0  88.7   3.7 432.9  0.21  0.17
       7 30  84.7  58.5  68.1  77.0  59.5  0.32  21.7 101.6   4.2 422.3  0.22  0.17
       7 31  75.7  58.7  63.7  92.5  61.3  0.72  36.5  77.5   3.2 225.4  0.12  0.10
       8  1  67.4  58.5  61.3  91.4  58.7        16.6 130.5   5.4 332.1  0.14  0.11
       8  2  72.9  56.5  62.2  87.6  58.2        11.1  86.8   3.6 357.6  0.14  0.11
       8  3  76.9  54.2  65.8  81.8  59.3         8.9  57.5   2.4 551.6  0.18  0.15
       8  4  72.6  59.4  62.8  94.7  61.2  0.02  21.3  86.5   3.6 223.7  0.09  0.07
       8  5  71.6  56.8  63.3  92.3  61.0  0.56  12.5  88.3   3.7 337.2  0.12  0.10
       8  6  79.9  58.0  69.3  80.2  62.3  0.02  11.0  74.0   3.1 549.4  0.18  0.15
       8  7  81.8  54.4  67.7  71.3  56.9        17.3  81.2   3.4 556.7  0.21  0.17
       8  8  85.5  52.7  68.7  72.7  58.3        17.2  71.4   3.0 612.7  0.23  0.19
       8  9  88.8  54.7  68.7  67.8  55.7  0.02  23.3 126.4   5.3 403.6  0.24  0.19
       8 10  83.0  60.1  68.4  73.9  59.0        22.3  96.7   4.0 411.7  0.20  0.16
       8 11  87.7  55.2  71.3  59.2  52.2        24.5 122.5   5.1 577.7  0.27  0.22
       8 12  85.8  51.1  69.9  46.9  45.9        20.1  89.1   3.7 567.3  0.25  0.20
       8 13  82.6  50.9  65.2  72.9  54.8        13.2  83.2   3.5 584.4  0.24  0.19
       8 14  88.5  55.0  70.2  62.1  53.9  0.02  34.5 114.3   4.8 500.0  0.25  0.20
       8 15  84.6  59.6  71.4  54.4  52.6        23.4  90.7   3.8 418.8  0.21  0.16
       8 16  88.3  52.3  71.6  51.3  48.5        20.6 102.0   4.3 579.9  0.26  0.21
       8 17  87.7  58.0  69.1  63.1  54.2  0.05  22.1  94.3   3.9 396.1  0.22  0.18
       8 18  83.6  50.5  67.5  61.3  51.0        11.8  89.0   3.7 579.1  0.24  0.20
       8 19  87.2  54.3  68.6  62.3  53.2        20.8  84.3   3.5 488.5  0.22  0.18
       8 20  84.8  55.8  68.1  67.8  55.8  0.01  21.1 100.3   4.2 375.6  0.19  0.16
       8 21  83.8  54.5  68.5  67.7  55.9  0.02  17.8  69.4   2.9 384.7  0.17  0.14
       8 22  84.9  56.6  70.5  61.7  53.7        22.1 111.7   4.7 579.4  0.25  0.20
       8 23  82.2  51.1  67.4  61.3  52.3        15.3  87.6   3.6 572.6  0.23  0.19
       8 24  89.5  54.5  71.4  58.5  53.8        11.8  80.6   3.4 565.1  0.24  0.19
       8 25  86.2  58.8  71.4  58.1  55.1        19.7  93.9   3.9 378.9  0.19  0.16
       8 26  88.1  55.6  72.1  61.6  56.0        11.8  72.9   3.0 516.1  0.21  0.18
       8 27  87.9  58.6  71.9  65.7  58.6  0.33  28.6  90.5   3.8 424.5  0.20  0.17
       8 28  74.0  59.2  66.0  87.7  62.0  0.08  14.9  73.5   3.1 265.4  0.11  0.10
       8 29  80.5  54.2  67.2  75.1  57.8        12.4  86.6   3.6 514.3  0.20  0.17
       8 30  86.1  51.8  70.2  60.9  53.9        15.8  93.0   3.9 565.2  0.22  0.19
       8 31  86.7  55.5  69.8  67.7  57.2  0.43  24.5 113.7   4.7 407.7  0.20  0.17
       9  1  78.6  55.0  65.6  83.6  60.0  0.12  18.3  82.0   3.4 445.8  0.17  0.14
       9  2  75.4  56.4  64.3  86.8  60.0  0.20  15.3  73.5   3.1 391.1  0.15  0.12
       9  3  74.0  53.4  61.8  83.5  56.2  0.11  18.3  94.6   3.9 437.6  0.16  0.14
       9  4  66.8  51.8  59.2  80.4  52.9  0.01  11.9  82.7   3.4 412.7  0.14  0.12
       9  5  74.3  49.7  61.0  74.1  51.9        10.4  57.8   2.4 549.9  0.17  0.15
       9  6  79.3  44.2  63.3  63.9  48.4        13.9  85.7   3.6 569.6  0.19  0.16
       9  7  76.0  47.5  62.9  59.3  48.1        17.8 121.1   5.0 546.9  0.20  0.17
       9  8  70.5  48.5  58.6  59.8  43.5        13.7  67.9   2.8 543.7  0.18  0.15
       9  9  75.0  41.0  58.7  64.9  45.3        11.0  64.3   2.7 539.5  0.18  0.15
       9 10  83.4  44.8  62.4  61.2  46.2  0.01  23.1  89.4   3.7 408.0  0.18  0.15
       9 11  72.5  47.8  58.4  73.0  49.3  0.05  26.4 110.9   4.6 303.7  0.13  0.11
       9 12  60.3  42.3  50.6  75.5  42.8        14.0  73.2   3.0 323.7  0.12  0.10
       9 13  64.9  37.3  50.0  69.4  39.5        10.8  59.5   2.5 505.2  0.15  0.13
       9 14  65.2  40.7  53.8  61.7  39.9        17.2  84.2   3.5 496.5  0.15  0.12
       9 15  69.8  40.0  54.0  65.3  40.8        10.8  73.3   3.1 498.3  0.15  0.12
       9 16  72.2  43.1  56.0  72.4  45.7        11.7  70.9   3.0 491.4  0.14  0.12
       9 17  77.8  40.7  58.4  60.1  41.6        13.5  78.3   3.3 505.3  0.17  0.14
       9 18  80.2  38.6  61.7  49.0  39.1        19.6  75.8   3.2 452.0  0.16  0.14
       9 19  60.5  42.6  47.4  85.3  42.8  0.22  26.1 121.9   5.1  42.7  0.08  0.06
       9 20  52.9  39.3  46.0  94.4  44.4  0.18   9.4  72.1   3.0 157.3  0.06  0.05
       9 21  71.5  36.8  52.7  66.5  39.6  0.01  10.8  81.7   3.4 506.7  0.15  0.13
       9 22  77.0  37.9  57.0  62.5  41.8        10.6  70.4   2.9 497.3  0.14  0.12
       9 23  81.0  45.7  61.0  52.5  41.2         9.1  65.0   2.7 446.4  0.14  0.12
       9 24  78.1  46.4  60.2  62.9  46.1  0.04  17.7  77.8   3.2 331.0  0.13  0.11
       9 25  84.6  41.7  63.9  54.8  42.9        24.5 117.2   4.9 474.9  0.20  0.17
       9 26  60.9  38.7  48.4  70.2  38.5  0.02  18.1 118.9   5.0 401.9  0.15  0.12
       9 27  52.7  36.9  41.8  88.6  38.4  0.32  13.9 129.2   5.4 198.5  0.09  0.07
       9 28  46.2  30.1  36.5  88.2  32.9  0.49  20.0 127.5   5.3 202.4  0.08  0.06
       9 29  65.6  26.2  43.8  74.9  35.3        10.1  60.9   2.5 468.9  0.11  0.10
       9 30  63.5  34.5  49.9  63.8  36.9        16.2 107.7   4.5 450.1  0.11  0.10
      10  1  60.9  32.6  42.0  79.7  35.7        21.9 116.8   4.9 323.6  0.11  0.09
      10  2  48.3  32.3  38.5  85.4  34.4        18.5 109.0   4.5 205.5  0.07  0.05
      10  3  50.5  31.7  39.0  81.7  33.7        18.4  73.4   3.1 222.1  0.06  0.05
      10  4  73.1  26.6  46.7  68.3  34.3        10.7  66.3   2.8 447.4  0.12  0.10
      10  5  73.6  31.4  51.3  56.2  33.4        12.2  78.0   3.3 438.7  0.12  0.11
      10  6  80.4  40.8  58.1  62.1  42.7  0.01  22.9  88.8   3.7 312.2  0.11  0.10
      10  7  61.1  41.3  52.2  80.1  46.1  0.03  21.5  89.0   3.7 173.1  0.06  0.05
      10  8  66.7  33.8  49.4  68.0  37.3        14.2  92.8   3.9 411.6  0.13  0.11
      10  9  79.3  34.3  54.7  61.5  38.4        10.8  72.7   3.0 422.3  0.14  0.13
      10 10  69.4  35.9  53.0  67.6  42.0        14.3  67.9   2.8 410.0  0.11  0.10
      10 11  81.4  34.9  57.4  56.2  37.6        13.5  85.8   3.6 414.0  0.14  0.13
      10 12  83.7  41.2  59.9  38.3  30.7        13.8  89.5   3.7 339.7  0.15  0.14
      10 13  71.5  37.1  52.9  59.8  38.2         9.8  69.9   2.9 390.4  0.12  0.11
      10 14  78.9  34.9  54.3  50.4  31.6        21.4  88.0   3.7 344.3  0.15  0.14
      10 15  51.6  36.0  43.3  71.5  34.6  0.20  12.8  91.5   3.8 101.6  0.07  0.06
      10 16  37.1  25.0  31.6  97.1  30.9  0.40  22.1 115.7   4.8  96.5  0.04  0.03
      10 17  52.8  19.1  34.4  70.8  23.6        14.6  90.0   3.8 389.1  0.10  0.08
      10 18  42.6  31.7  38.3  87.8  34.9  0.10  12.0  97.4   4.1 103.8  0.02  0.02
      10 19  54.5  30.3  40.0  75.1  31.3        12.7  79.4   3.3 355.9  0.07  0.06
      10 20  67.1  26.9  44.3  66.7  30.8         8.7  70.8   3.0 374.1  0.09  0.08
      10 21  74.7  28.5  48.3  58.4  29.8         9.1  67.4   2.8 369.8  0.10  0.09
      10 22  70.5  30.3  48.8  53.8  28.7        10.0  67.5   2.8 366.7  0.10  0.09
      10 23  70.6  29.6  47.9  58.8  31.1         8.0  59.9   2.5 362.6  0.10  0.09
      10 24  75.2  27.7  49.0  53.6  28.6         7.4  56.2   2.3 354.6  0.10  0.09
      10 25  71.6  31.4  49.0  47.3  25.4        11.5  78.5   3.3 351.1  0.11  0.11
      10 26  76.3  31.6  51.2  46.9  26.6        10.7  73.9   3.1 344.0  0.11  0.11
      10 27  77.2  29.6  48.2  53.9  28.0        29.5 107.5   4.5 331.3  0.15  0.14
      10 28  56.7  26.9  41.3  71.4  31.8         9.4  62.5   2.6 280.6  0.07  0.07
      10 29  56.5  30.3  47.4  42.8  25.1        33.6 189.6   7.9 258.6  0.11  0.10
      10 30  64.4  24.2  42.0  53.2  22.7        10.8  84.0   3.5 330.8  0.10  0.09
      10 31  73.2  26.9  46.6  56.2  28.6         9.0  65.4   2.7 332.4  0.09  0.09
      11  1  48.5  22.6  37.9  40.0  14.8        20.2 108.8   4.5 306.4            
      11  2  57.4  14.0  32.5  59.9  17.5         8.9  62.2   2.6 317.1            
      11  3  65.7  25.4  42.1  47.6  18.8        14.5  95.2   4.0 298.3            
      11  4  71.7  24.6  45.5  48.2  23.1        22.4  83.9   3.5 163.5            
      11  5  59.2  28.1  41.2  57.5  25.9        14.5  79.1   3.3 303.0            
      11  6  74.5  25.5  46.3  48.7  22.6        14.7  90.6   3.8 302.1            
      11  7  74.1  26.1  47.7  40.6  20.4         7.8  57.3   2.4 301.8            
      11  8  76.6  33.2  52.5  37.3  23.0        14.5  93.2   3.9 263.8            
      11  9  67.7  35.7  50.6  38.8  23.9        15.1  84.4   3.5 281.0            
      11 10  68.9  29.7  45.7  45.2  23.4         9.6  60.3   2.5 263.8            
      11 11  67.3  33.4  47.2  45.6  24.8        10.9  65.9   2.7 170.2            
      11 12  74.0  26.9  46.1  42.2  19.7         6.7  57.0   2.4 286.6            
      11 13  76.0  26.7  48.1  33.8  15.8         9.0  79.6   3.3 289.7            
      11 14  72.4  29.0  47.9  36.2  18.1         7.8  67.8   2.8 280.6            
      11 15  74.7  27.4  46.8  39.3  18.8         7.2  63.1   2.6 280.2            
      11 16  72.2  26.9  46.5  38.8  18.9        14.3  72.2   3.0 257.1            
      11 17  73.0  29.4  49.3  42.7  25.0        33.0  94.8   4.0 253.6            
      11 18  60.4  27.5  47.0  30.4  16.3        34.7 243.5  10.1 274.5            
      11 19  55.8  17.9  35.8  51.0  17.3         9.6  62.8   2.6 255.9            
      11 20  64.9  27.3  44.4  45.9  22.3        29.5 148.8   6.2 194.4            
      11 21  50.5  28.8  38.3  56.8  22.6        19.6 127.8   5.3 194.5            
      11 22  31.9  10.3  26.8  99.0  27.0  0.25  13.7 120.8   5.0  77.4            
      11 23  35.1   6.4  17.5  90.3  15.8  0.06   8.2  64.9   2.7  85.1            
      11 24  33.4   2.8  14.0  81.7   9.4         8.2  64.6   2.7 127.2            
      11 25  47.2   7.2  24.0  79.7  19.0        18.9  73.8   3.1 174.0            
      11 26  63.6  33.3  51.7  42.0  28.3        37.5 261.0  10.9 190.2            
      11 27  57.5  30.3  40.9  76.6  33.2        22.0 106.0   4.4 245.2            
      11 28  56.0  27.7  39.4  79.9  33.3        10.0  68.6   2.9 236.2            
      11 29  37.1  24.7  30.4 100.4  30.6         9.1  55.5   2.3 120.3            
      11 30  46.2  25.3  35.0  93.1  33.4        10.1  56.3   2.3  69.3            
      12  1  52.4  28.7  40.0  65.4  28.8        19.2 108.3   4.5 137.4            
      12  2  50.5  27.5  39.1  66.3  28.0        21.5 122.4   5.1 220.8            
      12  3  37.0  30.9  33.9  79.0  28.0  0.10  35.5 319.4  13.3  91.0            
      12  4  39.9  20.1  29.9  62.5  17.5        25.2 129.5   5.4 215.8            
      12  5  48.8  15.2  28.9  71.0  19.7         8.7  57.6   2.4 233.1            
      12  6  53.0  26.3  38.2  50.3  18.8        21.1 125.9   5.2 228.4            
      12  7  53.2  23.1  34.9  57.0  20.0        22.4 101.7   4.2 202.3            
      12  8  35.3  16.3  27.4  79.7  21.8        12.2  99.4   4.1 142.7            
      12  9  40.1  11.7  25.3  68.9  15.5         8.3  63.3   2.6 202.7            
      12 10  45.3  16.9  29.3  64.8  17.0        13.0  68.3   2.8 206.5            
      12 11  39.7  20.8  28.6  72.5  20.3        16.4 100.2   4.2 211.7            
      12 12  46.7  17.0  30.0  58.9  15.2        15.8 100.9   4.2 223.9            
      12 13  49.8  19.3  31.2  64.8  19.2        39.4 139.6   5.8  71.3            
      12 14  37.4  16.5  29.6  28.2  -0.4        35.5 335.6  14.0 221.1            
      12 15  44.8  17.0  30.3  37.2   6.0        18.0  87.4   3.6 163.5            
      12 16  60.3  20.2  39.6  42.8  15.7        18.0  94.3   3.9 216.9            
      12 17  47.4  21.3  36.1  56.4  21.2        28.6 167.1   7.0 175.0            
      12 18  53.9  15.3  31.4  67.0  20.0        29.7 139.5   5.8 171.5            
      12 19  39.5  11.1  25.4  57.8  11.4        26.4 150.6   6.3 140.7            
      12 20  37.0  11.8  24.2  65.2  12.7        28.1 116.4   4.8  93.1            
      12 21  38.3  15.6  27.6  65.5  17.2        25.8 144.1   6.0 115.6            
      12 22  43.4  15.0  29.9  57.7  14.5        24.5 132.8   5.5  68.5            
      12 23  56.7  24.2  39.0  44.5  17.5        20.0 106.6   4.4 214.9            
      12 24  60.6  19.7  35.9  53.3  17.9         9.9  71.9   3.0 211.3            
      12 25  60.7  20.5  36.4  48.4  16.0         7.9  64.3   2.7 218.9            
      12 26  54.1  17.8  33.2  51.0  14.1        13.4  95.0   4.0 220.2            
      12 27  54.1  20.0  35.6  52.0  17.8        18.8 116.1   4.8 205.1            
      12 28  64.4  20.9  39.8  45.1  16.8        16.4 101.3   4.2 220.8            
      12 29  60.9  21.0  37.2  42.2  14.0        10.5  74.7   3.1 219.2            
      12 30  57.0  18.4  34.5  47.5  13.6        12.1  97.0   4.0 220.3            
      12 31  52.3  16.9  32.2  54.7  16.1        10.3  68.9   2.9 171.3            

      Total                               17.41                         42.81 34.84
        Max  95.3  64.8  78.0 100.4  62.3        48.8 384.5  16.0 742.0
        Min  22.3   2.8  14.0  22.7  -1.9         6.2  38.9   1.6  42.7
        Ave  64.5  35.1  49.1  61.3  33.7        20.5 120.2   5.0 377.9
