      2002                                                                03-JAN-03
      Weather Station near FORT MORGAN, CO  turf grass site at Golf Course         
      -----------------------------------------------------------------------------
               Temperature      Rel   Dew             Wind        Solar StandrdASCE
            ----------------- Humid Point  Prec -----------------   Rad   ETr   ETo
       Date   Max   Min   Ave   Ave   Ave Total   Max Total   Ave Total Alflf Grass
      MoDay     F     F     F     %     F  inch   mph miles   mph Langl  inch  inch
      ----- ----- ----- ----- ----- ----- ----- ----- ----- ----- ----- ----- -----
       7 29  92.7  51.6  73.8  46.1  47.8        13.3 100.6   4.2 684.7  0.33  0.26
       7 30  99.6  59.5  80.0  36.7  46.3        12.2  91.3   3.8 705.1  0.36  0.28
       7 31 102.5  59.7  84.1  25.1  40.4        17.7  97.3   4.1 701.9  0.38  0.29
       8  1  90.8  59.3  69.7  31.9  37.4        37.6 190.4   7.9 571.6  0.48  0.33
       8  2  89.9  55.0  72.6  37.2  44.3  0.01  30.8 200.7   8.4 607.2  0.43  0.30
       8  3  91.5  61.5  76.2  47.1  52.9        26.8 109.9   4.6 475.2  0.29  0.22
       8  4  89.4  64.3  74.1  58.4  57.4  0.04  24.0 122.3   5.1 569.5  0.30  0.24
       8  5  89.5  59.0  72.7  70.2  61.2  0.03  23.8 118.4   4.9 562.6  0.27  0.22
       8  6  94.9  56.7  76.1  51.4  52.6        22.7 109.8   4.6 629.5  0.33  0.26
       8  7  94.3  59.8  77.1  41.9  49.6  0.01  21.2 125.7   5.2 639.5  0.36  0.27
       8  8  90.8  61.4  73.7  57.9  55.2  0.01  16.4  72.8   3.0 572.4  0.26  0.21
       8  9  82.6  57.9  69.4  58.7  53.3  0.01  25.8 125.8   5.2 645.0  0.28  0.23
       8 10  91.2  55.0  73.2  58.4  54.4  0.01  18.2  92.5   3.9 626.3  0.29  0.23
       8 11  95.9  57.1  76.6  41.8  46.3        19.9  86.4   3.6 705.0  0.34  0.26
       8 12  73.5  54.5  64.9  46.0  42.9        34.7 243.5  10.1 623.9  0.33  0.24
       8 13  78.0  51.9  63.6  50.3  42.5  0.01  16.6  77.0   3.2 639.7  0.24  0.20
       8 14  94.1  46.4  71.1  38.4  40.1  0.01  19.3  96.1   4.0 686.6  0.34  0.26
       8 15  84.1  58.5  69.9  42.6  45.6  0.03  36.4 155.1   6.5 673.6  0.35  0.26
       8 16 102.8  58.4  77.1  39.7  46.2  0.02  35.6 114.7   4.8 662.3  0.42  0.31
       8 17  80.9  49.7  64.1  31.8  32.6  0.01  35.3 138.5   5.8 614.2  0.33  0.24
       8 18  89.5  47.5  67.2  41.7  40.7  0.01  21.7 128.5   5.4 391.4  0.31  0.22
       8 19  86.7  46.1  67.7  50.8  49.1  0.01  21.8 117.1   4.9 576.6  0.28  0.21
       8 20  90.2  60.5  74.2  54.8  54.5        21.3 103.3   4.3 517.3  0.28  0.21
       8 21  88.8  59.7  70.7  49.2  49.2  0.02  28.6 127.4   5.3 341.1  0.29  0.20
       8 22  88.7  53.9  69.8  57.8  51.8  0.02  58.8 108.2   4.5 590.3  0.29  0.22
       8 23  90.8  51.3  69.4  55.7  49.7  0.03  19.8  87.5   3.6 583.2  0.28  0.21
       8 24  86.2  60.3  69.7  62.7  55.1        25.3 149.6   6.2 559.1  0.30  0.23
       8 25  91.0  58.1  74.2  55.7  54.7  0.01  16.9 136.7   5.7 587.6  0.32  0.24
       8 26  89.9  62.1  73.6  60.7  57.9        37.4 136.6   5.7 625.1  0.32  0.24
       8 27  80.5  57.7  68.3  66.3  55.8  0.81  18.5 126.7   5.3 422.5  0.21  0.16
       8 28  83.6  61.0  69.1  72.1  59.3  0.03  21.4 127.3   5.3 320.4  0.20  0.15
       8 29  85.4  57.0  66.7  72.9  56.0  0.28  26.8 127.4   5.3 473.3  0.25  0.19
       8 30  85.8  53.3  68.9  65.4  54.1        11.0  74.0   3.1 606.8  0.23  0.19
       8 31  91.5  57.0  72.2  61.2  55.6  0.01  18.9  71.2   3.0 567.9  0.24  0.20
       9  1  91.0  59.7  73.2  48.3  49.1        14.0  85.9   3.6 491.9  0.26  0.20
       9  2  79.5  50.7  66.7  47.7  45.0  0.01  30.0 144.7   6.0 601.5  0.27  0.21
       9  3  92.1  54.7  72.6  45.4  47.5        24.3 145.1   6.0 494.7  0.34  0.24
       9  4  93.7  58.2  74.4  39.9  46.1  0.02  12.1  69.7   2.9 515.7  0.26  0.20
       9  5  94.0  51.3  72.3  43.4  44.4  0.01  12.3  77.8   3.2 585.9  0.28  0.21
       9  6  95.1  53.1  75.7  41.3  45.9        20.4 105.4   4.4 574.7  0.31  0.23
       9  7  95.0  61.8  77.9  45.8  52.2        27.6 149.8   6.2 499.4  0.35  0.25
       9  8  85.2  57.1  70.7  62.0  55.7  0.09  22.1 126.4   5.3 413.8  0.23  0.17
       9  9  73.1  57.8  65.0  75.8  56.8  0.02  22.1 154.6   6.4 286.0  0.15  0.11
       9 10  67.1  53.3  58.6  76.9  51.1        11.3  83.0   3.5 298.6  0.12  0.10
       9 11  76.8  50.8  63.3  70.7  52.9        21.5 159.2   6.6 466.8  0.20  0.16
       9 12  79.3  54.5  64.6  73.5  54.6  0.38  27.5 115.1   4.8 379.0  0.18  0.14
       9 13  70.5  51.4  60.8  78.1  53.4        13.8  73.5   3.1 330.3  0.12  0.10
       9 14  74.6  51.3  63.2  57.3  46.4        19.9 141.6   5.9 554.3  0.23  0.17
       9 15  86.8  41.9  63.4  57.5  43.6  0.02  10.0  46.6   1.9 561.6  0.19  0.16
       9 16  89.7  47.5  67.8  43.8  41.1  0.01  19.6  93.6   3.9 555.8  0.28  0.20
       9 17  82.5  43.9  64.4  46.5  40.0  0.01  21.1  93.6   3.9 451.9  0.22  0.16
       9 18  70.8  45.7  58.5  53.1  40.3  0.02  32.2 192.6   8.0 421.4  0.23  0.16
       9 19  70.2  40.7  54.5  54.6  36.4  0.03  24.7 148.9   6.2 489.5  0.22  0.16
       9 20  82.9  37.5  60.0  47.9  36.2        20.2  85.8   3.6 540.8  0.23  0.17
       9 21  63.4  39.1  51.8  55.5  35.7        27.7 179.3   7.5 511.9  0.19  0.14
       9 22  75.9  45.4  56.2  48.6  35.1        19.9  83.5   3.5 508.0  0.21  0.15
       9 23  68.3  37.9  54.0  46.9  33.3        17.2 112.7   4.7 523.0  0.19  0.14
       9 24  84.0  38.1  62.4  45.6  36.7        15.8  92.3   3.8 507.7  0.23  0.17
       9 25  61.5  45.8  51.7  63.0  39.5        23.7 161.8   6.7 417.3  0.17  0.12
       9 26  63.5  42.8  50.8  70.5  41.2        12.8  85.2   3.5 344.1  0.12  0.09
       9 27  81.0  34.8  57.8  58.6  39.2  0.01  25.1  81.9   3.4 425.3  0.19  0.14
       9 28  69.3  45.4  56.5  63.7  43.5  0.01  14.1  96.8   4.0 420.9  0.15  0.12
       9 29  79.5  41.0  58.9  58.3  40.8        13.3  93.5   3.9 433.3  0.20  0.14
       9 30  80.9  39.0  61.0  41.1  33.4  0.02  15.1  88.7   3.7 496.9  0.22  0.16
      10  1  66.1  38.1  54.7  51.9  36.8  0.01  29.5 235.0   9.8 474.3  0.21  0.15
      10  2  46.7  37.4  40.1  85.1  36.0  0.01  17.1 160.5   6.7 125.7  0.06  0.05
      10  3  67.6  38.4  47.9  70.5  37.9  0.01  38.4 226.7   9.4 376.6  0.22  0.15
      10  4  64.3  37.6  51.8  55.0  35.1  0.02  22.1 127.5   5.3 425.0  0.16  0.12
      10  5  71.7  34.5  54.8  48.5  33.2  0.01  18.3 100.4   4.2 455.5  0.18  0.13
      10  6  59.5  37.3  49.4  59.1  35.2  0.01  23.2 117.8   4.9 377.7  0.13  0.09
      10  7  76.4  31.6  52.4  56.0  33.7  0.03  12.1  63.3   2.6 448.5  0.16  0.12
      10  8  69.1  37.7  51.8  60.8  37.2  0.04  25.0 161.2   6.7 442.3  0.20  0.14
      10  9  75.2  41.5  56.9  66.0  44.6        17.4  72.6   3.0 385.3  0.14  0.11
      10 10  81.6  35.9  57.8  52.0  35.1  0.01  16.5  72.2   3.0 432.3  0.18  0.13
      10 11  83.6  36.7  57.0  45.0  32.2  0.02  36.1 135.0   5.6 377.3  0.28  0.18
      10 12  55.6  30.1  42.2  59.2  27.9        21.1 117.4   4.9 413.8  0.12  0.09
      10 13  69.6  25.1  47.1  52.1  28.0  0.02  16.3  90.0   3.8 426.8  0.16  0.11
      10 14  63.3  27.3  46.3  44.8  21.8  0.02  33.9 170.4   7.1 373.2  0.20  0.13
      10 15  65.4  23.4  43.9  45.8  21.3  0.02  15.9  70.9   3.0 416.4  0.13  0.10
      10 16  57.9  28.0  44.1  44.9  22.9        29.7 168.4   7.0 353.9  0.16  0.11
      10 17  67.6  22.4  43.7  46.2  21.5  0.01  10.5  64.6   2.7 406.2  0.13  0.09
      10 18  72.9  27.8  49.3  37.3  19.9        21.0 138.0   5.8 410.7  0.24  0.15
      10 19  69.4  26.2  47.5  49.7  28.0        15.5  82.7   3.4 396.2  0.14  0.10
      10 20  71.3  26.9  46.7  45.4  22.9        13.4  93.8   3.9 337.0  0.17  0.12
      10 21  59.8  27.3  44.3  57.9  29.8  0.01  15.6 101.9   4.2 379.9  0.11  0.08
      10 22  39.6  27.4  32.9  89.6  30.3  0.01  27.9 161.5   6.7 100.1  0.04  0.03
      10 23  28.1  24.6  26.3  91.6  24.2         9.9  94.6   3.9  72.5  0.02  0.02
      10 24  37.6  24.6  30.8  87.3  27.6  0.02   8.2  77.0   3.2 119.5  0.03  0.03
      10 25  58.6  31.0  40.1  70.3  29.6        13.4  89.1   3.7 284.3  0.11  0.07
      10 26  62.4  26.0  45.8  66.1  34.5  0.02  16.8  95.3   4.0 327.3  0.10  0.07
      10 27  49.0  31.3  41.3  89.5  38.5  0.26  12.2  88.9   3.7 174.1  0.04  0.03
      10 28  60.6  26.3  41.0  79.7  34.6  0.28  19.2  89.4   3.7 311.4  0.09  0.07
      10 29  40.5  17.8  28.9  91.9  27.8  0.12  25.9 248.7  10.4 117.3  0.03  0.03
      10 30  22.2  15.4  17.8  84.9  14.1        14.0 107.4   4.5 222.6  0.03  0.02
      10 31  20.5  14.8  17.9  90.3  15.6        17.0 149.3   6.2 116.4  0.02  0.01
      11  1  27.6  10.6  21.0  92.5  19.5        14.1 113.4   4.7 203.3            
      11  2  31.7  22.7  26.5  92.0  24.6  0.14  25.2 104.9   4.4 191.1            
      11  3  35.6  14.1  24.5  70.1  15.8  0.02  17.4 131.9   5.5 364.7            
      11  4  37.9  11.9  24.7  78.5  19.0  0.03  24.9  90.2   3.8 244.4            
      11  5  46.2  24.9  34.3  61.5  22.0        23.8 151.5   6.3 349.8            
      11  6  60.2  23.1  38.2  65.1  25.8         9.5  58.1   2.4 341.0            
      11  7  60.6  24.1  38.8  73.3  30.3        13.2  93.9   3.9 280.7            
      11  8  65.6  30.2  45.4  61.0  30.8        11.0  65.2   2.7 249.1            
      11  9  58.9  31.5  43.6  60.6  29.8        32.2 197.0   8.2 201.5            
      11 10  53.3  28.9  41.8  46.8  21.8        24.8 150.6   6.3 273.7            
      11 11  46.0  22.9  33.8  76.0  26.8  0.01  30.2 141.2   5.9 168.2            
      11 12  55.3  18.2  33.2  59.0  16.8        13.0 100.0   4.2 323.8            
      11 13  49.9  25.3  38.5  67.8  29.0  0.05  17.9  73.0   3.0  87.9            
      11 14  50.7  32.8  40.8  72.9  32.4  0.01  20.5 130.6   5.4 168.5            
      11 15  47.5  25.2  35.5  71.4  26.6        23.2 139.7   5.8 233.9            
      11 16  55.5  19.6  34.4  62.0  20.0        15.3  94.0   3.9 298.2            
      11 17  64.6  25.2  41.7  51.4  22.6        41.4 120.3   5.0 176.1            
      11 18  53.8  26.7  41.6  43.2  19.6        20.0 148.2   6.2 289.9            
      11 19  59.5  28.7  45.9  37.0  18.6        24.3 186.7   7.8 297.3            
      11 20  62.9  35.1  49.0  44.4  27.5        23.3 186.4   7.8 286.9            
      11 21  63.4  29.5  43.4  64.0  30.9        20.5 163.6   6.8 271.7            
      11 22  73.3  23.0  45.0  56.8  26.6        16.8 125.0   5.2 265.3            
      11 23  53.5  27.8  39.0  63.2  26.6        22.8 178.6   7.4 216.1            
      11 24  32.4  21.3  25.9  81.1  20.7        24.1 167.4   7.0 107.4            
      11 25  35.2  18.7  25.1  75.7  18.3  0.01  25.5 166.6   6.9 226.1            
      11 26  31.9  12.4  20.3  61.0   8.6        27.2 150.3   6.3 283.7            
      11 27  49.6  12.4  28.1  66.0  17.6        28.3 146.0   6.1 207.6            
      11 28  58.0  17.9  33.8  65.9  21.9        13.6 125.3   5.2 262.8            
      11 29  59.5  22.9  38.7  57.0  22.9        26.9 130.2   5.4 261.2            
      11 30  48.2  20.5  33.2  46.6  13.5        10.6  64.7   2.7 242.9            
      12  1  55.1  22.1  36.8  58.9  22.5        12.2  88.3   3.7 210.9            
      12  2  62.1  24.1  38.8  63.5  25.8        18.1 117.4   4.9 257.0            
      12  3  36.1  25.4  30.3  82.5  25.6        12.3  93.0   3.9 115.2            
      12  4  30.5  24.3  27.8  84.7  23.7        11.6  83.7   3.5  65.9            
      12  5  47.4  24.6  31.9  82.9  27.0  0.08   9.6  71.1   3.0 222.8            
      12  6  52.0  16.2  30.7  71.3  21.8        12.1  83.1   3.5 256.6            
      12  7  48.9  16.9  30.1  70.4  20.8        10.0  61.0   2.5 200.1            
      12  8  42.8  19.3  28.5  74.5  21.0         8.0  63.4   2.6 220.9            
      12  9  52.7  13.7  28.6  64.1  16.1        15.8  94.5   3.9 254.7            
      12 10  57.7  12.7  28.7  56.8  12.8        11.7  89.2   3.7 258.0            
      12 11  51.5  16.2  31.8  52.7  14.9        17.4  98.5   4.1 184.0            
      12 12  45.8  22.4  32.9  52.2  16.0        29.5 132.3   5.5 251.8            
      12 13  56.8  18.5  32.7  55.3  16.7        12.3 108.9   4.5 244.9            
      12 14  59.7  17.4  34.2  52.9  16.5        10.8  66.5   2.8 252.7            
      12 15  57.4  19.9  36.3  54.7  20.5        24.7 104.6   4.4 145.4            
      12 16  59.1  19.4  35.9  52.0  17.3        24.2 123.6   5.2 234.1            
      12 17  55.5  29.2  39.9  55.3  24.0  0.02  20.2 106.1   4.4 227.8            
      12 18  41.7  23.3  33.6  63.2  22.3        25.8 170.6   7.1 222.3            
      12 19  39.8  13.9  27.1  45.4   6.8        32.4 219.7   9.2 240.7            
      12 20  47.3   7.4  26.1  48.1   7.2        14.0  93.3   3.9 238.6            
      12 21  40.1  18.9  28.5  59.2  15.5        16.7  79.3   3.3 201.6            
      12 22  40.3  11.5  23.3  67.4  13.2        14.8  85.3   3.6 214.5            
      12 23  30.7  10.3  18.8  71.9  10.5        11.7  52.8   2.2 174.3            
      12 24  30.2   8.3  17.2  81.3  12.5        11.5  71.6   3.0 201.4            
      12 25  37.5   4.3  18.9  62.9   7.6        11.2  71.8   3.0 231.9            
      12 26  39.6   2.4  17.8  56.3   2.7        12.8  76.2   3.2 256.4            
      12 27  57.8  10.3  30.1  47.5  10.6        11.8  70.0   2.9 222.7            
      12 28  50.1  22.5  32.9  55.4  17.9        13.6  86.2   3.6 107.2            
      12 29  55.4  21.4  31.9  61.8  19.3        29.1  79.5   3.3  91.2            
      12 30  49.0  15.8  35.7  35.5   9.4        39.5 201.4   8.4 256.1            
      12 31  47.8  11.0  28.0  57.2  13.8        24.0  91.8   3.8 136.6            

      Total                                3.42                         21.04 15.68
        Max 102.8  64.3  84.1  92.5  61.2        58.8 248.7  10.4 705.1
        Min  20.5   2.4  17.2  25.1   2.7         8.0  46.6   1.9  65.9
        Ave  65.7  35.1  49.2  58.9  32.9        20.6 116.4   4.9 370.0
