                                                                    10-JAN-01
      Cellular-linked Weather Station near GREELEY (West), Colorad       2000
      -----------------------------------------------------------------------------
               Temperature      Rel   Dew             Wind        Solar StandrdASCE
            ----------------- Humid Point  Prec -----------------   Rad   ETr   ETo
       Date   Max   Min   Ave   Ave   Ave Total   Max Total   Ave Total Alflf Grass
      MoDay     F     F     F     %     F  inch   mph miles   mph Langl  inch  inch
      ----- ----- ----- ----- ----- ----- ----- ----- ----- ----- ----- ----- -----
       1  1  55.0  18.3  36.0  47.9  15.9        22.1  99.9   4.2 223.1            
       1  2  43.6  15.4  30.9  64.5  19.7        27.1 118.4   4.9 205.6            
       1  3  32.8  11.6  23.6  56.8  10.3        27.2 223.0   9.3 220.9            
       1  4  46.4   3.7  22.8  59.7   9.5        12.7  62.9   2.6 266.0            
       1  5  45.7  23.7  34.7  34.0   7.6        29.1 203.8   8.5 235.9            
       1  6  41.4  10.6  25.3  39.0   1.9        12.9  83.4   3.5 264.1            
       1  7  36.6   7.8  22.3  58.5   9.6        11.2  50.5   2.1  82.4            
       1  8  48.7  10.3  29.3  50.4  10.9        11.9  59.1   2.5 249.5            
       1  9  46.1  26.1  35.4  31.7   7.4        29.1 167.1   7.0 237.1            
       1 10  43.8  14.2  31.6  56.8  16.8        28.3 140.7   5.9 119.6            
       1 11  61.6   8.6  36.9  50.0  12.6        32.2 167.5   7.0 179.4            
       1 12  53.0  26.4  40.8  47.7  21.8        30.8 207.3   8.6 228.1            
       1 13  48.2  14.9  28.3  64.4  16.5        10.4  56.5   2.4 201.0            
       1 14  60.7  13.9  30.3  61.4  15.8         9.9  58.4   2.4 202.2            
       1 15  58.6  19.5  35.4  44.5  13.9        17.7  80.0   3.3 199.2            
       1 16  37.8  21.0  29.1  66.0  18.9        12.0  56.0   2.3 165.1            
       1 17  60.1  20.6  37.6  62.0  24.5        12.4  76.0   3.2 203.6            
       1 18  47.2  19.1  34.8  73.8  26.9        11.5  81.5   3.4 115.5            
       1 19  57.3  16.4  36.9  64.2  24.8        28.4 185.5   7.7 223.4            
       1 20  49.6  11.8  27.1  69.7  17.3         9.1  48.5   2.0 239.0            
       1 21  49.7  17.6  32.7  73.3  25.0        15.3  63.1   2.6 101.8            
       1 22  48.3  16.7  31.9  57.7  16.7        20.0 110.0   4.6 261.4            
       1 23  45.4  11.3  28.8  49.1   9.3        26.9 114.4   4.8 299.0            
       1 24  53.1  12.2  31.6  53.7  15.0        22.9 105.4   4.4 134.0            
       1 25  31.8  19.8  26.4  67.6  17.0         9.5  36.5   1.5  99.4            
       1 26  42.7  20.1  30.3  68.3  20.5        11.9  65.6   2.7 184.6            
       1 27  33.3  17.9  27.4  88.5  24.7  0.12  10.3  59.8   2.5  88.7            
       1 28  33.1   9.6  23.0  70.0  14.4        19.0  88.1   3.7 234.0            
       1 29  34.2  11.9  22.5  79.6  16.6        11.2  72.9   3.0 256.1            
       1 30  39.6   6.5  21.1  74.9  13.4        11.5  34.0   1.4 308.0            
       1 31  45.5   7.8  24.5  60.5  10.1         8.6  30.7   1.3 334.1            
       2  1  50.0  10.7  28.2  54.7  11.3        13.6  57.5   2.4 329.4            
       2  2  68.8  16.9  41.5  41.4  12.7        19.1  87.4   3.6 232.8            
       2  3  46.9  25.0  34.1  60.8  21.4        25.0 190.3   7.9 231.8            
       2  4  39.2   9.4  26.0  54.9  10.6        15.9  90.3   3.8 344.6            
       2  5  55.4  11.9  33.6  47.7  13.2        13.5  61.5   2.6 250.5            
       2  6  61.1  15.0  36.1  50.9  16.6        18.5  87.3   3.6 271.0            
       2  7  57.3  16.8  35.5  53.0  17.1        10.0  51.7   2.2 353.6            
       2  8  61.3  15.9  35.4  51.9  16.5        10.0  54.0   2.3 239.9            
       2  9  54.4  29.1  39.3  42.6  17.3        13.1  57.2   2.4  96.4            
       2 10  45.4  22.5  35.2  69.7  26.0        18.2 145.5   6.1 284.4            
       2 11  27.6  13.1  22.0  96.1  21.3  0.06  14.2 109.9   4.6 184.6            
       2 12  37.0  15.3  26.0  93.4  24.6  0.01  13.8  87.2   3.6 148.9            
       2 13  47.3  22.6  32.1  73.1  23.1        17.7 141.3   5.9 344.0            
       2 14  63.5  19.1  42.1  55.3  24.7        28.8 115.6   4.8 340.9            
       2 15  55.5  30.2  44.6  39.3  19.7        37.4 280.4  11.7 390.0            
       2 16  49.8  18.0  35.3  61.0  21.8        15.5  75.6   3.1 325.7            
       2 17  33.2  21.7  28.6  90.2  26.2        18.9 184.5   7.7 101.3            
       2 18  37.7  15.4  25.6  80.9  20.2  0.03  14.5  73.5   3.1 357.7            
       2 19  48.7  12.6  29.1  74.0  20.4        12.1  65.5   2.7 404.9            
       2 20  41.7  13.4  28.4  76.5  21.8         8.8  45.1   1.9 148.7            
       2 21  68.9  22.0  44.9  51.1  23.7        12.6  76.1   3.2 391.6            
       2 22  61.7  27.8  44.9  57.3  29.3        27.3 191.0   8.0 290.9            
       2 23  61.9  32.3  48.2  46.1  26.8        16.5 115.1   4.8 412.4            
       2 24  62.6  25.6  41.7  60.5  26.6        23.3  82.0   3.4 345.9            
       2 25  48.4  32.0  39.3  36.6  13.2        31.8 214.4   8.9 327.8            
       2 26  54.0  24.6  39.1  28.5   6.7        20.0 108.7   4.5 414.5            
       2 27  62.9  16.7  39.0  46.5  17.1        11.5  52.6   2.2 398.7            
       2 28  69.0  19.5  44.7  49.1  21.8        35.5 134.3   5.6 403.0            
       2 29  57.8  29.7  45.6  43.8  23.5        20.7 162.2   6.8 410.2            
       3  1  55.7  23.7  39.5  56.3  23.7        14.9  63.2   2.6 299.6  0.09  0.07
       3  2  40.3  33.1  36.8  81.3  31.5  0.06  21.1 138.4   5.8 136.6  0.05  0.04
       3  3  59.1  24.7  40.3  71.8  29.4        12.3  70.5   2.9 431.0  0.11  0.08
       3  4  67.2  23.2  43.7  54.7  24.3        11.8  46.9   2.0 470.5  0.13  0.10
       3  5  69.6  24.5  46.9  49.3  26.4        38.9 144.7   6.0 373.8  0.21  0.14
       3  6  62.6  28.8  48.3  33.0  19.0        21.8 138.1   5.8 414.5  0.19  0.13
       3  7  59.2  26.3  41.6  65.8  31.8        36.8 161.1   6.7 232.8  0.13  0.09
       3  8  58.3  29.1  45.4  34.0  15.4  0.01  37.7 355.3  14.8 468.6  0.27  0.18
       3  9  36.6  26.1  30.5  89.2  27.9  0.01  15.2 143.3   6.0  93.8  0.04  0.03
       3 10  45.1  25.8  35.5  71.2  26.2        32.4 168.5   7.0 372.6  0.09  0.07
       3 11  56.6  14.7  38.1  54.3  19.2        20.2  89.4   3.7 475.8  0.13  0.10
       3 12  49.7  26.7  39.5  49.8  21.5        24.2 133.2   5.5 377.0  0.12  0.09
       3 13  56.4  16.6  38.3  56.6  21.3        17.2 105.1   4.4 487.0  0.14  0.10
       3 14  60.6  25.1  43.9  52.1  24.1        20.8 133.4   5.6 363.3  0.16  0.11
       3 15  46.0  25.3  33.6  86.4  28.8  0.31  22.3 169.1   7.0 127.2  0.07  0.05
       3 16  35.7  22.4  28.1 100.1  28.3  0.19   9.9  65.4   2.7 512.1  0.06  0.06
       3 17  43.4  18.3  30.5  85.8  26.7        24.1  73.2   3.0 318.8  0.06  0.05
       3 18  45.1  27.8  36.0  54.3  20.5        28.8 274.3  11.4 393.1  0.14  0.10
       3 19  64.0  20.3  41.2  60.2  26.5        14.2  70.2   2.9 404.9  0.13  0.10
       3 20  44.7  26.6  31.3  81.8  26.4        31.6 301.0  12.5 115.4  0.10  0.06
       3 21  38.8  26.3  30.7  89.2  27.7  0.05  13.7 120.6   5.0 331.6  0.06  0.05
       3 22  48.3  22.8  36.0  83.2  31.2        17.5  83.5   3.5 318.5  0.07  0.06
       3 23  66.1  28.4  44.1  70.1  31.8        15.1  71.6   3.0 475.8  0.15  0.12
       3 24  59.3  30.7  47.2  47.6  26.7        22.9 140.0   5.8 504.1  0.17  0.13
       3 25  64.5  26.0  46.2  52.6  27.1        15.9 104.8   4.4 397.8  0.16  0.12
       3 26  63.6  32.1  49.4  51.6  30.8        33.8 175.1   7.3 528.9  0.20  0.15
       3 27  70.1  28.2  49.5  50.5  27.2        17.8  90.6   3.8 568.4  0.20  0.15
       3 28  67.3  31.9  47.6  48.0  27.9        27.3 176.0   7.3 371.0  0.23  0.16
       3 29  59.7  33.4  46.9  51.9  27.5        22.5 151.0   6.3 493.8  0.18  0.14
       3 30  41.1  31.5  34.6  93.0  32.6  0.11  24.9 203.7   8.5 104.6  0.05  0.04
       3 31  35.0  30.3  31.8  98.6  31.3  0.19  16.3  98.7   4.1 155.4  0.03  0.03
       4  1  50.3  26.4  38.4  63.6  25.6  0.02  17.0 124.1   5.2 598.2  0.14  0.11
       4  2  46.6  28.9  34.6  75.6  27.7  0.03  28.1 204.6   8.5 206.6  0.10  0.07
       4  3  46.5  20.8  34.0  59.1  20.1        29.6 180.9   7.5 623.4  0.14  0.11
       4  4  79.2  21.7  50.7  49.8  24.9        25.1 120.1   5.0 621.5  0.29  0.21
       4  5  75.0  48.5  65.8  21.0  23.4        33.8 283.4  11.8 552.8  0.40  0.27
       4  6  72.9  29.8  53.7  39.0  25.1        40.9 191.1   8.0 512.1  0.29  0.20
       4  7  60.5  27.4  42.4  40.3  18.2        47.5 447.4  18.6 594.8  0.32  0.21
       4  8  68.3  18.2  43.8  43.8  18.4        12.6  69.3   2.9 640.5  0.20  0.15
       4  9  77.8  26.1  52.7  40.3  24.8        24.9 118.8   5.0 503.1  0.27  0.19
       4 10  64.6  34.8  52.7  40.4  27.2        26.7 245.6  10.2 464.9  0.26  0.18
       4 11  64.8  35.9  49.1  51.7  31.2        18.4 166.2   6.9 579.6  0.23  0.17
       4 12  75.6  29.5  52.3  49.5  28.0        22.0  89.9   3.7 427.9  0.21  0.16
       4 13  78.6  35.9  59.0  31.3  25.0        22.6 138.0   5.8 492.3  0.29  0.21
       4 14  78.7  33.2  51.7  47.8  29.6        31.1 190.1   7.9 408.0  0.34  0.22
       4 15  34.3  26.4  29.9  88.2  26.7        15.1 150.3   6.3 142.7  0.04  0.03
       4 16  63.7  25.7  42.2  74.1  33.5  0.06  15.1 109.1   4.5 527.1  0.17  0.13
       4 17  77.9  31.9  55.4  50.4  31.1        22.1 140.0   5.8 589.8  0.29  0.21
       4 18  82.0  32.7  56.3  37.5  26.7        43.2 214.1   8.9 486.0  0.40  0.26
       4 19  52.8  35.2  47.7  31.9  19.2        38.4 305.6  12.7 155.9  0.21  0.13
       4 20  71.1  29.7  52.2  44.8  28.0        17.1 143.6   6.0 649.2  0.26  0.20
       4 21  76.7  32.4  56.5  38.7  27.5        15.9  80.5   3.4 577.4  0.23  0.18
       4 22  73.2  41.2  55.5  52.8  36.7  0.12  33.1 174.2   7.3 288.7  0.24  0.17
       4 23  65.9  45.0  54.4  70.9  44.5  0.01  27.0 209.0   8.7 356.4  0.18  0.13
       4 24  64.8  38.9  49.9  62.2  35.6        34.5 167.8   7.0 480.1  0.21  0.15
       4 25  66.5  31.7  51.0  42.3  26.1        22.4 143.7   6.0 656.3  0.25  0.19
       4 26  78.3  32.8  57.5  46.2  31.7        22.6 124.4   5.2 569.6  0.28  0.20
       4 27  67.5  41.0  53.8  46.5  32.0        17.8  93.4   3.9 635.2  0.22  0.18
       4 28  74.7  35.0  54.2  49.6  35.2        15.9 100.2   4.2 578.6  0.23  0.18
       4 29  75.2  40.3  52.3  72.3  42.2  0.25  44.5 209.1   8.7 395.0  0.27  0.18
       4 30  54.5  35.1  45.9  63.6  33.6  0.01  29.9 271.6  11.3 238.7  0.14  0.10
       5  1  68.3  33.2  51.5  53.8  32.6        13.7  80.5   3.4 649.8  0.20  0.17
       5  2  75.6  35.3  57.1  53.9  37.6        19.1 110.3   4.6 644.2  0.25  0.20
       5  3  79.3  39.8  61.9  49.9  40.0        24.7 134.5   5.6 641.1  0.28  0.22
       5  4  88.9  43.9  69.1  44.2  39.9        21.1 147.2   6.1 652.0  0.36  0.27
       5  5  90.9  46.0  69.9  45.1  41.6        20.8 108.4   4.5 656.9  0.33  0.25
       5  6  79.8  46.1  65.5  51.7  45.8        23.8 144.9   6.0 556.9  0.27  0.21
       5  7  83.1  51.4  64.0  62.0  48.2        37.3 198.0   8.3 457.5  0.32  0.23
       5  8  52.1  42.2  44.5  88.1  41.1  0.15  24.3 148.1   6.2 138.9  0.07  0.06
       5  9  69.8  36.1  53.5  63.9  38.6        20.2 124.6   5.2 620.6  0.22  0.18
       5 10  77.3  46.1  61.0  56.5  44.2        25.4 181.1   7.5 656.6  0.30  0.23
       5 11  63.6  40.5  52.3  61.4  39.3        37.3 284.8  11.9 473.9  0.22  0.16
       5 12  56.5  35.4  47.3  28.1  14.4        38.6 324.7  13.5 633.0  0.30  0.21
       5 13  65.6  25.8  48.0  43.6  21.9        17.6  79.7   3.3 591.7  0.20  0.16
       5 14  70.7  36.1  56.3  35.7  27.8        22.3 128.5   5.4 615.6  0.26  0.20
       5 15  84.1  37.9  64.5  33.3  29.4        24.8 128.1   5.3 603.8  0.33  0.24
       5 16  86.4  42.2  64.6  42.6  40.0        21.2 120.4   5.0 649.5  0.33  0.25
       5 17  64.9  38.8  51.5  85.1  47.7  1.70  40.5 331.2  13.8 127.4  0.11  0.08
       5 18  54.7  41.5  47.6  64.0  35.4        31.2 229.5   9.6 402.4  0.17  0.12
       5 19  70.5  36.7  54.3  63.7  40.6        13.3  81.6   3.4 641.1  0.20  0.17
       5 20  67.7  48.1  57.6  63.4  44.1        24.1 137.5   5.7 486.0  0.20  0.16
       5 21  81.4  40.0  62.4  56.7  42.9        19.2  81.3   3.4 654.5  0.25  0.21
       5 22  84.2  52.2  69.8  43.7  44.6        15.5 101.6   4.2 550.3  0.27  0.21
       5 23  90.5  53.8  73.3  42.9  46.9        18.0  98.9   4.1 683.0  0.32  0.26
       5 24  72.8  52.0  64.0  56.4  47.2  0.27  25.3 142.0   5.9 390.6  0.21  0.16
       5 25  77.1  51.2  60.9  78.3  53.2  0.01  26.2 116.6   4.9 514.3  0.21  0.17
       5 26  72.9  51.8  63.1  65.2  49.8        20.6 127.6   5.3 465.8  0.20  0.16
       5 27  78.3  45.0  63.8  54.5  43.2        18.6 103.3   4.3 691.1  0.27  0.22
       5 28  91.0  45.5  71.2  45.4  45.3        33.2 154.1   6.4 564.3  0.36  0.26
       5 29  94.8  58.2  78.0  35.8  46.0        20.7 144.9   6.0 660.3  0.40  0.30
       5 30  74.6  55.3  63.0  71.0  53.0        22.9 162.4   6.8 520.2  0.23  0.18
       5 31  79.2  52.8  63.0  79.3  55.6  0.01  14.5 150.4   6.3 481.7  0.22  0.18
       6  1  70.3  46.6  59.7  41.4  35.4        27.9 187.3   7.8 693.6  0.30  0.23
       6  2  81.2  44.0  64.7  52.3  46.5        25.0 160.9   6.7 647.9  0.30  0.23
       6  3  90.9  47.6  72.2  44.7  42.6        42.0  93.4   3.9 637.4  0.31  0.25
       6  4  74.6  55.0  65.6  52.9  46.9        20.8 169.9   7.1 542.6  0.27  0.21
       6  5  83.2  46.6  64.1  58.3  47.9        22.4 128.6   5.4 661.3  0.30  0.23
       6  6  96.3  48.3  73.0  46.0  44.6        25.8  96.9   4.0 638.9  0.35  0.27
       6  7  96.2  50.4  78.2  25.9  34.9        15.1  95.3   4.0 712.1  0.36  0.28
       6  8  96.4  50.6  75.6  34.3  42.1        33.0 126.9   5.3 588.1  0.38  0.28
       6  9  88.1  51.3  71.4  44.9  45.7  0.03  28.4 104.3   4.3 540.3  0.29  0.22
       6 10  82.6  51.1  68.1  36.1  39.3        31.7 170.9   7.1 698.3  0.37  0.28
       6 11  88.2  56.2  71.6  42.9  44.5        27.3 175.2   7.3 647.9  0.40  0.29
       6 12  92.0  49.3  71.6  41.8  41.0        21.4  94.1   3.9 629.9  0.33  0.25
       6 13  82.4  53.6  66.8  39.3  39.7        43.5 292.6  12.2 507.8  0.45  0.30
       6 14  81.4  42.6  65.0  45.8  41.2        17.3 110.7   4.6 651.5  0.28  0.23
       6 15  86.9  49.6  64.7  49.0  42.5        36.2 208.7   8.7 485.0  0.40  0.28
       6 16  55.7  48.0  50.8  67.1  40.3  0.01  17.2 132.7   5.5 135.4  0.11  0.08
       6 17  64.0  42.8  52.7  76.5  44.6  0.43  16.6 121.0   5.0 581.0  0.18  0.15
       6 18  86.1  41.8  63.2  62.4  47.1        33.2 102.2   4.3 609.0  0.28  0.22
       6 19  81.5  53.5  65.9  60.0  49.8  0.04  27.0 124.3   5.2 441.0  0.25  0.19
       6 20  78.6  49.2  64.1  49.2  41.6  0.02  25.6 140.2   5.8 724.0  0.32  0.25
       6 21  83.4  43.6  64.5  49.3  41.2        13.4  69.3   2.9 725.0  0.27  0.23
       6 22  91.9  47.4  71.5  47.0  44.8        14.7  63.7   2.7 666.7  0.28  0.23
       6 23  90.7  57.5  73.8  40.5  45.8        20.8 114.4   4.8 638.1  0.35  0.27
       6 24  90.7  51.3  73.8  44.6  46.4        19.5 109.3   4.6 645.6  0.33  0.26
       6 25  82.2  54.1  64.9  68.8  53.3  0.03  28.9 125.2   5.2 324.7  0.22  0.16
       6 26  61.2  53.4  56.4  85.6  52.0  0.08  14.2 111.7   4.7 154.1  0.08  0.07
       6 27  70.1  53.2  60.0  87.3  55.8  0.07  27.4 103.6   4.3 348.7  0.13  0.11
       6 28  71.0  47.6  60.6  74.0  51.4  0.01  17.5  96.4   4.0 569.4  0.18  0.16
       6 29  90.0  49.7  70.4  59.4  51.1  0.01  22.1 121.0   5.0 631.7  0.32  0.25
       6 30  91.0  51.6  72.1  55.1  50.9        19.6 113.0   4.7 695.3  0.33  0.26
       7  1  90.4  51.7  73.0  52.1  50.8        33.8 108.0   4.5 535.7  0.29  0.23
       7  2  92.5  54.0  75.6  44.5  49.1        19.2 106.0   4.4 640.7  0.33  0.26
       7  3  90.6  62.9  76.6  48.1  53.6        16.4 119.2   5.0 556.1  0.32  0.24
       7  4  92.9  53.3  76.1  47.2  48.4        19.1  98.8   4.1 692.7  0.33  0.26
       7  5  90.8  60.7  78.4  52.4  56.8        28.9 153.1   6.4 666.4  0.35  0.27
       7  6  97.3  60.4  78.5  58.5  57.6        27.2 140.9   5.9 697.6  0.39  0.30
       7  7  95.9  62.0  78.5  38.8  47.7        36.7 129.4   5.4 554.1  0.38  0.28
       7  8  94.0  65.0  77.4  46.4  53.4        23.9 103.1   4.3 528.2  0.32  0.24
       7  9  90.8  59.2  77.6  45.3  52.7        26.1  95.9   4.0 633.5  0.30  0.24
       7 10  90.9  60.2  74.8  60.0  57.2        32.1 122.1   5.1 660.8  0.33  0.26
       7 11  92.7  58.3  76.8  52.4  53.6        17.0 107.0   4.5 649.8  0.32  0.26
       7 12  89.7  58.5  72.8  59.2  56.5        33.3 165.8   6.9 598.2  0.34  0.26
       7 13  94.6  55.2  74.6  60.3  57.0        15.6  75.6   3.1 634.5  0.29  0.24
       7 14  94.7  56.7  77.9  51.6  55.1        13.4  86.4   3.6 636.2  0.30  0.25
       7 15  96.2  59.2  78.6  49.3  54.6        26.2 107.3   4.5 553.4  0.32  0.25
       7 16  85.6  62.1  71.3  68.1  59.5  0.21  27.8 139.3   5.8 400.3  0.25  0.19
       7 17  73.1  59.9  65.3  90.3  62.4  0.21  20.6 120.4   5.0 289.8  0.12  0.10
       7 18  91.8  55.1  73.5  60.3  55.6  0.01  21.3 102.4   4.3 684.4  0.31  0.25
       7 19  88.3  56.2  72.4  56.8  53.2        21.2 124.1   5.2 607.3  0.31  0.24
       7 20  84.4  56.2  70.2  60.7  55.7        24.5 116.5   4.9 625.1  0.27  0.22
       7 21  87.1  55.4  70.4  65.3  56.7        23.2 102.6   4.3 560.5  0.26  0.21
       7 22  87.3  55.0  71.2  61.6  54.7        15.3  88.1   3.7 636.6  0.27  0.22
       7 23  95.3  54.1  75.6  52.6  51.5        35.7  91.6   3.8 614.4  0.31  0.25
       7 24  96.1  54.8  75.9  42.4  47.3        40.5 132.1   5.5 440.4  0.35  0.25
       7 25  90.7  55.4  75.0  46.3  50.9        55.1  86.5   3.6 553.2  0.27  0.22
       7 26  95.7  56.2  75.4  49.0  51.7  0.01  24.3 103.3   4.3 573.5  0.32  0.25
       7 27  91.0  58.0  74.7  51.5  53.7        19.4  85.1   3.5 486.1  0.26  0.20
       7 28  88.4  59.4  74.3  55.1  55.3        17.5 116.7   4.9 604.5  0.29  0.23
       7 29  90.1  55.0  73.2  56.6  53.6        16.9  67.7   2.8 601.9  0.25  0.21
       7 30  89.1  54.9  72.8  55.6  53.1        15.3  80.3   3.3 616.8  0.27  0.22
       7 31  89.0  54.1  72.9  51.5  50.9        12.8  73.0   3.0 624.8  0.26  0.22
       8  1  96.5  52.6  76.0  45.4  49.3        38.5  78.6   3.3 586.6  0.29  0.23
       8  2  90.1  63.1  76.5  47.7  54.1        25.3  96.1   4.0 477.7  0.27  0.21
       8  3  89.0  60.6  75.7  59.8  59.5        17.4 112.5   4.7 480.8  0.25  0.20
       8  4  94.1  57.7  72.2  66.8  58.5  0.61  39.2 112.2   4.7 491.4  0.29  0.22
       8  5  91.8  59.3  73.8  58.0  55.9        30.8 117.1   4.9 520.1  0.30  0.23
       8  6  88.0  54.0  72.3  51.7  50.2        18.6 119.4   5.0 661.5  0.31  0.24
       8  7  91.1  50.8  72.7  52.5  50.8        20.0  85.4   3.6 520.4  0.26  0.20
       8  8  95.3  54.5  76.8  40.0  46.9        12.9  72.0   3.0 648.4  0.29  0.24
       8  9  94.1  55.9  74.8  53.7  55.5        21.7 127.0   5.3 643.7  0.34  0.26
       8 10  87.7  53.8  72.1  63.4  57.2        15.1  85.3   3.6 630.9  0.25  0.21
       8 11  93.7  56.5  75.3  58.4  56.9        16.1  71.0   3.0 544.3  0.25  0.21
       8 12  80.0  63.7  72.4  54.5  54.7        26.9 121.9   5.1 249.3  0.19  0.14
       8 13  91.0  54.1  73.6  59.3  56.1        12.9  73.5   3.1 601.1  0.25  0.21
       8 14  96.3  56.6  77.8  42.5  49.9        17.9 111.1   4.6 583.7  0.33  0.25
       8 15  92.1  63.5  75.7  51.9  56.1  0.03  20.8 124.8   5.2 609.5  0.33  0.25
       8 16  88.1  62.6  71.1  70.9  60.5  0.02  26.5 140.6   5.9 406.4  0.26  0.19
       8 17  75.5  60.7  65.7  72.6  56.2  0.02  15.4  84.4   3.5 345.3  0.16  0.13
       8 18  78.4  56.9  66.5  79.3  59.4        16.9 102.7   4.3 465.3  0.18  0.15
       8 19  89.7  55.8  71.3  61.3  54.1        15.9  90.3   3.8 629.5  0.28  0.22
       8 20  87.3  57.0  72.4  52.4  53.0        27.2 118.7   4.9 478.1  0.26  0.20
       8 21  78.0  54.3  65.9  63.7  53.1        14.5 113.6   4.7 517.3  0.21  0.17
       8 22  89.0  52.3  68.9  59.8  51.4        34.0 111.1   4.6 508.5  0.27  0.21
       8 23  86.9  53.2  69.7  52.7  49.4        12.2  75.7   3.2 565.6  0.24  0.19
       8 24  91.9  51.2  71.0  56.0  52.2        17.5  79.0   3.3 546.2  0.25  0.20
       8 25  91.0  54.6  70.2  63.2  55.4        24.8 104.6   4.4 427.1  0.25  0.19
       8 26  86.3  54.5  70.5  63.3  55.6        25.9 102.2   4.3 542.5  0.24  0.19
       8 27  87.1  53.1  69.2  70.7  57.2  0.02  24.9  76.4   3.2 513.2  0.21  0.18
       8 28  85.6  56.2  69.6  69.1  57.6        21.3  93.5   3.9 424.6  0.20  0.16
       8 29  84.6  55.9  70.5  68.7  58.8        30.8 147.4   6.1 526.3  0.24  0.19
       8 30  84.5  54.2  69.0  65.6  55.6        24.7  96.0   4.0 479.5  0.21  0.17
       8 31  71.9  50.8  61.1  73.8  52.6        20.5 121.5   5.1 451.2  0.16  0.14
       9  1  81.6  51.2  64.9  76.1  55.8        36.0  87.9   3.7 457.2  0.18  0.15
       9  2  83.9  51.4  67.8  56.8  49.3        17.2 115.0   4.8 588.6  0.26  0.20
       9  3  86.4  49.3  68.5  46.1  43.9        17.3  93.0   3.9 546.8  0.26  0.20
       9  4  90.9  50.9  69.6  55.8  50.0        18.8 116.7   4.9 562.3  0.30  0.22
       9  5  94.0  51.0  69.6  66.9  55.7        28.9 125.1   5.2 504.2  0.30  0.22
       9  6  89.7  51.0  69.3  59.9  51.4        29.2 111.3   4.6 444.7  0.26  0.19
       9  7  79.0  46.5  63.4  50.3  42.7        22.2 152.8   6.4 579.3  0.27  0.20
       9  8  83.7  48.2  64.8  61.7  49.8  0.02  30.6 103.5   4.3 342.2  0.20  0.15
       9  9  86.3  52.6  70.4  39.3  42.3        22.7 153.3   6.4 506.0  0.32  0.22
       9 10  88.6  48.5  67.3  40.2  39.1        18.4  87.4   3.6 534.5  0.27  0.20
       9 11  77.3  44.7  62.9  42.9  38.4        20.0 140.4   5.8 476.9  0.25  0.18
       9 12  84.0  39.3  62.5  56.4  42.8        14.2  67.3   2.8 559.0  0.21  0.17
       9 13  89.6  46.4  68.5  42.9  40.5        18.6  68.1   2.8 528.2  0.23  0.18
       9 14  83.8  47.3  66.4  43.8  42.3        20.2 135.9   5.7 540.4  0.28  0.20
       9 15  90.7  44.2  67.1  51.1  44.6        12.4  71.9   3.0 527.2  0.23  0.18
       9 16  95.7  48.0  74.5  31.3  37.3        14.9  77.6   3.2 534.8  0.26  0.19
       9 17  94.1  48.8  72.3  36.3  40.2        21.5  82.7   3.4 451.8  0.26  0.19
       9 18  84.8  57.6  70.6  37.9  42.8        12.4  78.6   3.3 392.3  0.21  0.16
       9 19  74.4  46.7  62.2  57.5  45.3  0.49  28.9 155.4   6.5 464.5  0.21  0.16
       9 20  59.6  43.5  50.8  69.6  40.5  0.14  24.3 142.0   5.9 542.1  0.15  0.12
       9 21  64.9  36.5  51.1  83.1  46.3  0.09  20.6 111.3   4.6 272.9  0.09  0.08
       9 22  49.2  32.1  39.2  96.5  38.5  0.15  18.6 190.9   8.0 102.2  0.04  0.03
       9 23  38.8  32.2  34.8 100.1  34.6  0.20  18.1 145.0   6.0 163.4  0.03  0.03
       9 24  46.2  30.4  35.7  90.2  32.5  0.20  10.0  53.6   2.2 357.7  0.07  0.06
       9 25  64.6  25.3  44.3  73.7  34.1        12.1  47.6   2.0 515.7  0.12  0.10
       9 26  71.0  30.5  51.5  67.9  38.4        11.0  50.3   2.1 499.7  0.13  0.11
       9 27  76.8  36.9  55.9  61.2  39.3        10.8  58.9   2.5 491.1  0.16  0.13
       9 28  80.0  37.1  57.8  60.1  40.1        11.9  56.0   2.3 464.2  0.16  0.13
       9 29  81.2  47.7  62.4  57.9  45.7  0.01  33.3  94.8   4.0 315.3  0.19  0.13
       9 30  81.7  43.7  61.6  61.1  45.1        13.4  62.5   2.6 396.1  0.16  0.12
      10  1  84.5  47.6  66.6  46.7  42.0        23.5  99.5   4.1 435.7  0.22  0.16
      10  2  76.1  41.5  59.1  67.4  47.1        21.8  70.2   2.9 414.3  0.14  0.11
      10  3  69.4  44.2  56.3  69.9  46.3        33.5 128.5   5.4 260.4  0.13  0.10
      10  4  61.1  46.0  51.7  92.5  49.4        16.1  92.9   3.9 155.2  0.06  0.05
      10  5  51.5  32.2  39.6  96.6  39.2  0.07  21.2 208.3   8.7  78.5  0.05  0.04
      10  6  37.4  30.0  33.6  91.9  31.4        10.6 111.7   4.7 101.5  0.03  0.03
      10  7  44.3  33.2  38.8  80.0  32.8        13.1 121.9   5.1 239.5  0.06  0.05
      10  8  55.7  24.3  40.5  74.0  31.9        15.8 112.6   4.7 434.5  0.10  0.08
      10  9  61.4  22.0  40.6  76.0  32.6        10.4  36.8   1.5 420.9  0.08  0.07
      10 10  70.4  28.3  49.9  64.8  36.0        22.1  96.4   4.0 404.5  0.15  0.11
      10 11  76.1  32.1  52.4  66.6  39.7        14.4  68.8   2.9 408.7  0.14  0.11
      10 12  70.3  44.1  56.3  54.3  38.5        20.9  95.8   4.0 398.5  0.15  0.11
      10 13  64.4  41.3  52.2  60.3  37.0  0.04  17.9 116.6   4.9 371.6  0.14  0.10
      10 14  59.5  32.2  45.2  67.3  33.5        16.2  74.4   3.1 313.7  0.10  0.07
      10 15  64.3  28.5  45.1  67.4  32.8        12.5  57.9   2.4 395.2  0.10  0.08
      10 16  67.1  29.3  48.0  58.4  31.5        19.4  66.1   2.8 390.4  0.12  0.09
      10 17  69.5  31.5  49.6  53.1  30.5         9.3  37.2   1.6 384.7  0.10  0.08
      10 18  75.6  32.7  51.9  56.7  34.0         9.9  41.4   1.7 384.3  0.11  0.09
      10 19  76.0  32.5  53.9  50.0  31.7        16.1  58.2   2.4 353.8  0.13  0.09
      10 20  65.4  33.8  51.9  51.0  33.2        14.4  98.3   4.1 369.2  0.13  0.09
      10 21  72.0  27.9  50.1  60.3  33.9        18.3  84.5   3.5 367.4  0.14  0.10
      10 22  53.5  39.8  43.6  94.7  42.2  0.17  22.4 161.7   6.7  33.3  0.05  0.04
      10 23  49.2  40.7  45.0  93.7  43.3         9.1  68.0   2.8 105.6  0.03  0.03
      10 24  60.6  42.3  50.5  88.5  46.9        13.0  71.8   3.0 217.5  0.06  0.05
      10 25  66.0  31.8  48.5  69.0  36.5        15.7  56.4   2.4 347.3  0.09  0.07
      10 26  63.3  28.9  47.1  67.1  34.8        12.5  56.4   2.4 346.7  0.08  0.06
      10 27  56.1  30.9  45.4  84.9  41.0        12.4  64.7   2.7 295.8  0.05  0.05
      10 28  60.2  39.2  49.0  90.5  46.1        14.9  77.6   3.2 155.1  0.05  0.04
      10 29  66.8  35.2  52.3  70.9  41.4        20.8 125.6   5.2 256.9  0.11  0.08
      10 30  59.5  32.5  43.7  82.2  37.9        11.8  41.8   1.7 262.1  0.06  0.05
      10 31  46.2  31.4  41.1  94.4  39.8  0.07  22.1 100.3   4.2  38.1  0.02  0.02
      11  1  55.2  35.2  43.7  56.7  28.8  0.01  33.9 211.5   8.8 212.3            
      11  2  48.5  31.1  38.6  58.0  24.7        16.2 100.2   4.2 288.5            
      11  3  47.6  23.1  36.2  75.9  28.8        13.5  65.3   2.7 260.3            
      11  4  57.3  19.1  36.2  73.2  27.3         8.3  37.5   1.6 320.5            
      11  5  41.9  28.2  34.3  87.7  31.1  0.34  23.5 148.6   6.2  40.8            
      11  6  34.2  19.2  28.5  63.1  17.0  0.01  32.2 274.3  11.4 131.2            
      11  7  39.0  22.4  30.7  52.0  14.4        34.6 254.4  10.6 301.7            
      11  8  44.2  19.0  31.2  64.6  19.3        13.8 106.8   4.5 315.5            
      11  9  44.1  21.5  31.6  66.1  21.1        20.7 119.6   5.0 297.8            
      11 10  28.4  20.0  23.6  86.1  20.0        17.0 166.2   6.9  86.4            
      11 11  20.8   1.9  14.6  94.3  13.7        17.0 139.9   5.8 176.2            
      11 12  27.6  -4.5  10.6  88.6   9.0  0.06   9.0  43.2   1.8 284.0            
      11 13  29.9  -4.3  12.2  82.2   8.1         8.2  37.2   1.6 275.6            
      11 14  32.9   1.4  15.7  79.0  10.0         7.4  29.8   1.2 276.4            
      11 15  40.9   7.1  23.7  68.1  14.1        26.7 146.1   6.1 190.1            
      11 16  30.5   7.2  18.6  74.5  11.6        12.6  98.9   4.1 288.5            
      11 17  31.6   1.2  16.8  79.3  11.6        24.4 114.1   4.8 224.6            
      11 18  41.1   1.9  22.2  70.5  13.7        12.3  85.3   3.6 270.8            
      11 19  37.1  10.0  25.6  69.8  16.6        16.4 109.3   4.6 296.3            
      11 20  41.4  10.5  24.7  74.1  16.7         8.3  61.2   2.5 281.1            
      11 21  51.2  11.6  30.0  66.3  18.4        10.7  57.2   2.4 256.9            
      11 22  55.6  22.3  35.0  60.7  20.9        20.5  43.4   1.8 241.4            
      11 23  48.9  20.6  32.7  61.3  19.9         9.3  50.8   2.1 222.7            
      11 24  53.7  14.7  33.1  61.4  19.2        18.9  73.6   3.1 267.9            
      11 25  45.2  19.1  32.4  65.4  21.3        12.9  73.8   3.1 253.8            
      11 26  47.0  14.1  27.3  79.8  21.4        10.0  49.4   2.1 100.7            
      11 27  47.0  22.6  33.0  74.2  24.8        11.8  64.4   2.7 207.8            
      11 28  41.5  20.8  32.0  64.6  20.9        26.5 157.6   6.6 246.1            
      11 29  37.8  13.8  24.1  76.8  17.1         9.9  38.6   1.6 235.5            
      11 30  51.4  14.6  34.5  50.0  13.2        42.8 272.1  11.3 252.5            
      12  1  45.0  15.8  29.0  58.4  14.7        12.0  69.2   2.9 248.0            
      12  2  42.0   9.5  24.5  70.7  15.4         9.4  34.1   1.4 244.5            
      12  3  50.4  11.5  29.3  68.7  19.4        11.0  63.2   2.6 168.0            
      12  4  42.7  14.2  27.2  67.8  16.5        11.3  43.1   1.8 240.3            
      12  5  37.7  14.1  25.6  80.5  20.5        38.6 119.9   5.0  74.7            
      12  6  50.7   9.6  27.7  75.9  20.2        12.0  66.6   2.8 231.9            
      12  7  54.6  20.5  36.0  65.3  24.5        22.3  99.6   4.2 100.2            
      12  8  41.9  25.5  31.9  85.2  27.8         9.4  46.1   1.9 178.8            
      12  9  55.2  22.0  35.9  69.6  25.6         9.3  62.2   2.6 203.2            
      12 10  33.3   4.8  16.5  90.6  14.4        27.6 199.5   8.3  51.5            
      12 11  13.9  -7.1   4.3  78.3  -0.8        12.6  85.0   3.5 253.2            
      12 12  20.5  -1.8   9.7  81.4   5.3  0.01   8.8  41.3   1.7 209.9            
      12 13  22.1   0.9  12.3  85.5   9.0         8.5  44.0   1.8 168.5            
      12 14  48.7   2.0  24.4  72.0  16.3        16.6  80.7   3.4 199.2            
      12 15  46.3  14.9  29.7  61.3  16.4        34.2 184.8   7.7 144.8            
      12 16  24.6   9.1  16.8  67.4   7.6        34.5 173.5   7.2 235.1            
      12 17  56.1   7.6  27.6  59.7  13.2        45.0 256.3  10.7 206.3            
      12 18  36.9   7.9  26.9  42.6   5.6        38.9 271.4  11.3 227.4            
      12 19  48.8   6.6  29.2  52.7  11.5        22.3  88.6   3.7 197.0            
      12 20  42.3   5.3  25.1  59.1  12.2        35.4 195.6   8.2 162.4            
      12 21  29.0  -0.8  14.2  71.1   6.2         8.9  34.6   1.4 235.8            
      12 22  55.1   9.0  30.5  59.6  16.4        25.4 109.2   4.5 224.5            
      12 23  45.1  13.3  27.2  75.5  19.5        10.4  43.0   1.8 223.3            
      12 24  32.4  10.9  21.7  80.9  17.0        12.9  87.3   3.6 138.4            
      12 25  27.0  14.4  21.0  89.5  18.6        17.5  94.5   3.9  79.4            
      12 26  38.0   2.7  18.8  84.1  15.1  0.04   9.2  44.8   1.9 237.7            
      12 27  54.0  12.6  32.4  71.0  23.4        14.7  61.2   2.5 229.8            
      12 28  40.4  19.8  33.5  60.7  21.2        23.5 161.0   6.7 156.5            
      12 29  37.7  10.8  25.0  71.3  16.4        11.3  70.3   2.9 214.4            
      12 30  34.5  14.7  25.1  79.5  19.5         8.4  31.5   1.3  92.1            
      12 31  32.9   8.2  21.2  93.6  20.0  0.18   9.5  32.1   1.3 164.9            

      Total                                7.96                         53.74 41.18
        Max  97.3  65.0  78.6 100.1  62.4        55.1 447.4  18.6 725.0
        Min  13.9  -7.1   4.3  21.0  -0.8         7.4  29.8   1.2  33.3
        Ave  65.1  33.7  49.3  60.9  33.4        21.0 116.4   4.9 396.0
