                                                                    07-JUN-99
      Cellular-linked Weather Station near GREELEY (West), Colorad       1997
      -----------------------------------------------------------------------
               Temperature      Rel   Dew             Wind        Solar Alflf
            ----------------- Humid Point  Prec -----------------   Rad   ETR
       Date   Max   Min   Ave   Ave   Ave Total   Max Total   Ave Total Total
      MoDay     F     F     F     %     F  inch   mph miles   mph Langl  inch
      ----- ----- ----- ----- ----- ----- ----- ----- ----- ----- ----- -----
       5  1  60.2  37.5  47.0  52.3  29.1        33.7 266.8  11.1 437.8  0.22
       5  2  52.3  33.8  42.4  53.7  25.6        35.1 332.6  13.9 597.5  0.23
       5  3  64.6  27.3  47.1  56.2  29.6        14.2 103.4   4.3 671.7  0.20
       5  4  77.4  31.8  57.1  43.2  31.0        25.9 161.6   6.7 593.8  0.24
       5  5  73.1  40.7  57.7  48.8  36.8        19.1 163.4   6.8 698.3  0.25
       5  6  79.8  39.2  61.5  45.0  36.8        16.8 133.4   5.6 596.2  0.24
       5  7  75.6  48.6  62.3  36.2  33.6        24.3 199.1   8.3 572.2  0.28
       5  8  61.5  42.1  51.5  37.2  25.3        22.3 165.7   6.9 531.3  0.23
       5  9  74.1  29.7  52.4  39.7  25.6  0.01  14.6  54.5   2.3 653.8  0.23
       5 10  80.9  34.8  60.8  38.9  27.7  0.01  19.4  82.2   3.4 630.3  0.24
       5 11  58.6  43.6  51.3  45.9  30.6        23.8 173.8   7.2 381.6  0.18
       5 12  73.8  31.3  54.6  45.5  28.4        25.9 129.6   5.4 623.2  0.25
       5 13  79.0  34.4  59.3  34.6  28.2  0.01  32.5 184.5   7.7 498.4  0.27
       5 14  68.9  35.5  52.8  62.4  39.2  0.07  27.0  92.2   3.8 393.9  0.16
       5 15  76.9  39.7  58.3  63.5  43.1  0.01  27.0  99.1   4.1 618.7  0.23
       5 16  81.2  42.3  64.1  49.6  41.5  0.01  40.0 113.9   4.7 461.9  0.21
       5 17  86.8  42.7  65.8  47.2  40.7  0.03  31.6 145.5   6.1 544.6  0.27
       5 18  80.5  41.9  60.5  47.8  38.8        38.3 262.7  10.9 540.5  0.33
       5 19  67.7  41.7  53.3  61.5  39.0  0.01  15.1 128.7   5.4 577.5  0.23
       5 20  80.6  35.8  59.1  57.6  41.1        31.2 180.9   7.5 609.3  0.29
       5 21  79.7  46.4  60.9  68.6  48.6  0.36  19.2 143.7   6.0 528.3  0.23
       5 22  59.0  52.6  55.8  90.1  52.9  0.37  18.8 108.8   4.5 135.0  0.06
       5 23  71.7  50.8  59.6  63.5  46.4        15.6 131.2   5.5 538.0  0.22
       5 24  73.2  44.5  58.4  73.3  49.0  0.01  16.1 108.6   4.5 416.2  0.17
       5 25  67.7  47.7  57.1  67.1  45.5  0.05  26.2 138.3   5.8 500.9  0.20
       5 26  59.7  42.5  52.4  63.2  39.9  0.22  29.8 211.3   8.8 310.2  0.16
       5 27  67.9  43.0  52.5  69.8  42.0  0.27  27.0 127.2   5.3 497.7  0.21
       5 28  68.5  42.7  53.2  77.2  45.7  0.03  15.6 102.5   4.3 494.0  0.18
       5 29  67.9  50.6  55.3  85.5  50.8  0.17  17.6  86.7   3.6 268.5  0.11
       5 30  73.1  47.3  60.8  70.1  49.8  0.02  11.6  75.6   3.1 518.5  0.17
       5 31  84.2  48.1  67.8  58.9  49.8        12.2  80.7   3.4 634.5  0.24
       6  1  89.1  55.3  72.5  49.5  50.0        25.8 168.9   7.0 569.5  0.30
       6  2  78.7  54.9  63.2  77.8  55.6  0.20  24.5 181.8   7.6 368.0  0.22
       6  3  74.4  49.7  63.3  61.9  48.9        16.6 134.7   5.6 619.3  0.25
       6  4  78.8  48.3  64.8  60.9  49.5        19.2 151.1   6.3 639.9  0.28
       6  5  81.4  51.2  66.9  66.5  53.9        12.4 111.9   4.7 529.4  0.22
       6  6  77.5  56.1  62.8  77.8  55.2  0.11  23.6 167.8   7.0 301.8  0.19
       6  7  77.4  54.1  64.3  69.5  53.7  0.05  15.8 121.1   5.0 475.3  0.22
       6  8  74.0  50.6  62.1  74.5  53.2  0.13  18.4 144.4   6.0 318.6  0.17
       6  9  61.5  53.4  56.6  85.0  52.1  0.06  17.5 163.0   6.8 178.4  0.10
       6 10  75.2  51.8  61.3  74.3  52.3  0.03  26.7 147.8   6.2 555.4  0.23
       6 11  81.6  48.0  65.8  55.3  45.8  0.02  15.3  92.7   3.9 592.9  0.25
       6 12  76.2  49.1  61.0  69.4  50.1  0.49  30.1 128.7   5.4 426.0  0.21
       6 13  67.9  48.3  57.5  83.7  52.4  1.67  25.8 143.7   6.0 260.1  0.13
       6 14  79.2  55.0  63.8  73.0  54.1  0.05  27.5 165.2   6.9 483.2  0.24
       6 15  76.1  47.5  61.2  68.9  49.8        20.5  95.1   4.0 446.6  0.20
       6 16  75.9  49.2  61.5  69.9  50.5  0.07  24.8  72.0   3.0 510.4  0.21
       6 17  76.0  50.7  64.1  66.7  51.8        14.8  75.3   3.1 461.8  0.19
       6 18  85.8  52.8  68.5  64.2  53.8        25.0  80.8   3.4 422.1  0.21
       6 19  90.3  62.8  75.7  43.0  50.3        29.2 144.3   6.0 458.5  0.29
       6 20  92.5  53.7  73.8  45.6  48.2        22.9 102.7   4.3 516.1  0.30
       6 21  87.7  58.4  72.1  49.1  50.2  0.01  21.9 182.5   7.6 503.1  0.34
       6 22  94.9  56.6  76.0  46.0  49.7        35.1 133.3   5.6 648.6  0.36
       6 23  83.7  56.5  69.8  60.5  54.8  0.14  25.0 123.2   5.1 509.0  0.27
       6 24  79.1  55.3  67.2  57.6  50.2  0.46  23.5 173.9   7.2 545.1  0.29
       6 25  82.6  53.9  66.2  66.5  53.6        28.3 143.1   6.0 584.8  0.29
       6 26  88.4  50.3  67.7  64.0  51.9        11.1  68.6   2.9 409.1  0.23
       6 27  91.9  51.4  72.6  47.5  47.4        24.3  75.2   3.1 387.1  0.24
       6 28  92.6  50.0  73.3  41.8  44.3        15.9  76.4   3.2 433.0  0.26
       6 29  89.8  51.6  72.5  44.5  46.7        20.5 119.4   5.0 444.4  0.29
       6 30  93.2  51.3  74.0  44.1  45.9        17.4 103.6   4.3 525.1  0.31
       7  1  83.9  52.0  71.7  25.6  30.8        28.9 202.7   8.4 681.4  0.40
       7  2  85.2  50.4  66.2  38.8  39.3        28.7 187.0   7.8 660.2  0.40
       7  3  74.6  51.7  62.7  49.5  42.9        23.2 146.4   6.1 638.2  0.31
       7  4  82.4  48.9  66.0  47.5  43.4        11.7  78.3   3.3 626.3  0.28
       7  5  80.4  48.1  64.2  55.8  46.2  0.03  20.2 113.0   4.7 442.8  0.24
       7  6  90.1  47.3  68.8  51.7  47.5        20.2  98.3   4.1 538.1  0.28
       7  7  90.1  51.7  73.7  43.8  46.1  0.09  42.5 170.3   7.1 633.9  0.35
       7  8  85.9  53.8  70.9  50.3  50.2        17.5 111.8   4.7 447.7  0.25
       7  9  93.8  50.0  71.7  48.2  46.5        20.8  97.0   4.0 622.8  0.33
       7 10  91.9  50.7  71.9  47.5  48.2        13.1  74.8   3.1 562.5  0.29
       7 11  85.4  56.9  67.8  62.2  53.1  0.06  16.7  86.3   3.6 339.1  0.22
       7 12  89.0  51.4  71.1  54.5  50.1        24.5 104.6   4.4 556.8  0.29
       7 13  85.4  55.6  71.2  34.4  39.7        18.2 113.9   4.7 633.1  0.32
       7 14  90.2  51.4  71.4  42.5  44.1        14.8  56.5   2.4 645.0  0.29
       7 15  95.6  49.7  75.4  38.5  42.8        16.1  69.1   2.9 646.4  0.31
       7 16  91.8  51.7  73.2  41.2  45.5        31.0  96.4   4.0 411.6  0.27
       7 17  98.9  51.2  76.9  39.3  46.3        23.5  85.2   3.5 610.0  0.33
       7 18  95.1  58.0  77.2  38.2  47.7        16.7  84.8   3.5 598.1  0.31
       7 19  81.0  56.6  68.3  65.1  55.8        25.9 152.0   6.3 412.4  0.24
       7 20  83.2  51.2  68.3  67.6  55.3        13.5  71.5   3.0 546.8  0.24
       7 21  89.4  52.7  73.0  57.3  54.2        25.8 129.5   5.4 613.3  0.30
       7 22  93.2  58.5  76.5  51.9  53.8  0.01  17.2 107.1   4.5 598.9  0.29
       7 23  93.6  57.3  73.6  57.7  54.3  0.09  35.6 104.7   4.4 540.8  0.30
       7 24  91.9  60.8  75.9  55.4  55.9        14.2  88.1   3.7 605.1  0.29
       7 25  88.2  60.8  74.2  55.9  56.1  0.01  23.5 111.7   4.7 401.0  0.24
       7 26  91.5  55.8  73.9  54.9  53.6        28.7 131.7   5.5 550.8  0.31
       7 27  83.5  61.7  69.7  67.8  57.7  0.08  19.7 108.9   4.5 286.1  0.20
       7 28  72.3  61.9  65.8  88.6  62.2  0.35  21.3 146.0   6.1 159.3  0.10
       7 29  80.3  61.2  69.3  78.4  61.6        15.6 115.9   4.8 441.4  0.20
       7 30  81.8  61.6  69.2  81.6  62.7  0.03  27.8  93.9   3.9 400.2  0.18
       7 31  84.0  58.3  69.3  75.8  60.4        27.7  92.0   3.8 419.4  0.19
       8  1  87.5  56.7  71.7  65.2  57.2        20.2  96.6   4.0 579.9  0.25
       8  2  86.2  59.8  72.5  66.4  59.3        19.2 101.4   4.2 467.8  0.22
       8  3  87.4  56.5  72.6  62.1  57.0        28.7  90.7   3.8 541.3  0.24
       8  4  84.1  59.8  69.8  68.4  57.7  0.14  26.9 152.8   6.4 478.3  0.26
       8  5  70.8  59.0  64.6  89.7  61.4  0.98  15.9 152.5   6.4 193.0  0.10
       8  6  72.8  58.2  62.5  82.0  56.6  0.46  17.7 121.7   5.1 258.7  0.15
       8  7  78.2  52.5  66.8  68.3  54.7        13.7  73.3   3.1 562.8  0.20
       8  8  91.1  51.3  72.2  58.3  53.4        12.6  86.4   3.6 567.7  0.24
       8  9  71.5  56.9  63.1  68.5  52.1  0.18  21.2 120.2   5.0 363.0  0.18
       8 10  62.4  56.3  58.8  94.8  57.3  0.12  19.9 155.0   6.5 103.0  0.06
       8 11  72.2  57.3  62.5  86.0  57.8        17.3  93.4   3.9 285.1  0.12
       8 12  75.3  51.4  62.3  80.7  55.7        15.2  76.4   3.2 444.7  0.16
       8 13  84.3  49.4  65.4  69.2  53.3  0.02  35.6  89.5   3.7 478.9  0.20
       8 14  79.6  50.2  68.1  47.7  46.1        26.7 124.6   5.2 377.1  0.20
       8 15  89.6  50.8  71.2  51.1  49.1        12.9  85.6   3.6 559.3  0.24
       8 16  78.8  52.2  64.4  75.6  56.0  0.94  35.3 122.9   5.1 433.8  0.20
       8 17  76.2  55.9  64.0  81.9  58.0  0.01  19.8 117.3   4.9 328.5  0.16
       8 18  80.6  55.4  65.8  73.6  56.2  0.08  24.8  97.9   4.1 430.6  0.19
       8 19  76.7  51.5  64.8  72.6  54.8        24.0 115.5   4.8 331.2  0.15
       8 20  81.4  53.7  66.9  72.7  56.5        11.5  51.1   2.1 496.0  0.17
       8 21  89.9  56.2  67.8  73.4  57.2  0.02  31.6  74.1   3.1 379.8  0.19
       8 22  84.1  52.3  67.9  64.0  53.8        25.4  79.4   3.3 440.6  0.19
       8 23  89.7  51.4  70.1  64.2  54.8         9.6  50.0   2.1 521.8  0.20
       8 24  93.4  51.8  70.9  62.4  55.2        12.6  56.5   2.4 471.3  0.20
       8 25  90.9  56.2  73.6  59.9  57.0        29.7  79.6   3.3 487.3  0.21
       8 26  85.8  60.4  71.8  63.8  58.1        24.9  96.2   4.0 433.8  0.20
       8 27  89.0  56.8  72.9  63.6  57.7        18.0  54.2   2.3 482.4  0.19
       8 28  90.1  55.4  71.5  57.9  53.4        19.7  71.4   3.0 475.6  0.22
       8 29  88.2  56.2  71.0  59.0  53.9        24.3  94.7   3.9 487.8  0.23
       8 30  84.7  55.5  69.6  60.6  53.8        15.0  99.0   4.1 411.8  0.20
       8 31  84.8  53.0  69.1  62.5  54.4        18.9 114.6   4.8 453.9  0.21
       9  1  83.1  54.6  67.5  69.2  56.1        19.1 102.3   4.3 287.2  0.16
       9  2  67.6  60.6  63.6  80.5  57.5        13.8  94.0   3.9 138.5  0.08
       9  3  81.0  57.5  67.4  79.4  60.2        15.1  81.8   3.4 343.7  0.14
       9  4  84.9  55.1  67.6  75.7  58.1        20.5  87.5   3.6 382.8  0.17
       9  5  82.1  51.6  68.0  67.9  55.1  0.03  18.0  85.3   3.6 435.2  0.17
       9  6  85.6  52.1  65.7  73.2  55.2  0.14  29.7  53.8   2.2 341.5  0.15
       9  7  84.1  49.6  65.6  61.2  50.0        27.6  85.6   3.6 358.4  0.18
       9  8  85.9  47.5  67.6  55.4  48.0        23.4  88.8   3.7 432.5  0.19
       9  9  78.3  48.0  63.6  61.1  49.4        13.9  91.7   3.8 453.1  0.18
       9 10  86.8  46.5  67.4  60.1  49.2        13.7  85.2   3.5 462.3  0.19
       9 11  84.3  52.5  66.1  61.8  50.9        22.9  78.4   3.3 349.1  0.17
       9 12  84.4  53.4  68.1  57.6  49.3        14.9  86.8   3.6 434.9  0.18
       9 13  85.5  45.9  66.8  56.5  47.5  0.15  28.9  80.1   3.3 442.5  0.19
       9 14  88.0  51.8  67.7  62.4  51.6        11.9  59.5   2.5 416.7  0.17
       9 15  87.8  47.2  68.0  54.2  47.3        27.3 100.1   4.2 436.8  0.20
       9 16  73.2  49.6  62.9  52.1  44.4        30.7 124.4   5.2 208.5  0.14
       9 17  83.2  41.7  62.7  53.5  41.8        17.2 109.6   4.6 439.8  0.21
       9 18  77.7  51.0  62.9  64.4  50.2        33.3 112.0   4.7 229.7  0.13
       9 19  61.5  44.9  52.8  75.7  45.0  0.30  22.9 151.5   6.3 127.9  0.10
       9 20  53.8  44.2  48.4  86.0  44.3  0.03  22.8 175.6   7.3 159.0  0.08
       9 21  59.6  45.8  50.6  83.2  45.6  0.01  15.9  99.8   4.2 160.1  0.07
       9 22  58.7  49.4  52.3  88.6  48.8  0.04  15.1 102.9   4.3 133.6  0.05
       9 23  57.5  47.8  50.5  86.8  46.5  0.08  14.2  77.5   3.2 136.7  0.05
       9 24  69.4  42.3  55.1  75.6  46.6        13.1  52.5   2.2 422.7  0.11
       9 25  79.7  41.7  59.3  66.3  45.2        10.7  51.6   2.1 429.5  0.13
       9 26  82.3  48.2  62.2  70.9  51.1        18.6  57.6   2.4 278.0  0.10
       9 27  80.5  41.0  59.5  65.9  45.9        28.1 122.6   5.1 403.4  0.18
       9 28  77.3  33.7  53.2  62.3  37.0        12.9  57.1   2.4 421.6  0.15
       9 29  81.2  34.3  56.5  56.8  37.1        11.3  52.2   2.2 415.4  0.14
       9 30  82.2  40.2  60.2  53.0  38.9         9.9  54.3   2.3 405.9  0.13
      10  1  84.2  44.6  63.2  51.8  41.2        11.0  58.0   2.4 398.8  0.13
      10  2  85.1  43.9  65.4  48.5  41.6        18.1 104.5   4.4 395.0  0.17
      10  3  77.8  45.0  62.9  46.7  40.7        27.5 121.5   5.1 377.6  0.17
      10  4  86.5  36.2  59.3  47.6  34.2        15.3  78.5   3.3 395.0  0.18
      10  5  86.6  40.1  62.4  36.7  32.0        21.9 126.0   5.3 393.4  0.21
      10  6  68.4  43.5  56.7  39.8  31.7        14.8 111.5   4.6 385.5  0.16
      10  7  81.3  34.6  58.9  50.9  37.1        25.9 127.0   5.3 333.9  0.17
      10  8  61.0  37.4  51.8  51.9  34.5  0.03  27.5 179.2   7.5 180.7  0.12
      10  9  67.2  24.8  45.6  55.3  28.2        11.8  57.0   2.4 390.7  0.12
      10 10  78.7  31.9  53.3  55.5  35.4        13.6  55.9   2.3 361.6  0.12
      10 11  83.6  50.9  67.5  37.4  39.4        38.4 355.4  14.8 335.8  0.31
      10 12  53.1  31.0  41.8  57.9  27.2  0.05  40.6 383.2  16.0 257.1  0.20
      10 13  59.4  26.9  41.6  47.9  21.0        21.8 129.8   5.4 374.4  0.15
      10 14  67.6  23.7  45.2  53.1  25.9        12.1  50.5   2.1 370.8  0.11
      10 15  66.3  28.3  49.1  50.0  28.5        16.4  95.2   4.0 357.8  0.10
      10 16  68.7  28.2  47.5  56.3  29.8         9.7  45.5   1.9 356.7  0.09
      10 17  78.4  31.0  52.8  47.1  28.7        12.4  54.3   2.3 353.2  0.10
      10 18  75.9  31.3  54.5  43.6  27.5        23.9 105.6   4.4 353.2  0.13
      10 19  49.9  38.4  45.2  70.9  36.2        15.9 121.0   5.0  97.1  0.06
      10 20  53.5  37.1  45.5  72.3  37.0        17.9  97.8   4.1 105.5  0.05
      10 21  55.6  33.2  44.1  75.9  36.5        11.0  66.1   2.8 231.9  0.06
      10 22  67.5  25.2  44.0  64.8  30.0        11.8  58.9   2.5 328.0  0.09
      10 23  63.7  38.8  51.0  41.0  26.4  0.06  20.5  93.4   3.9 209.9  0.08
      10 24  43.8  20.3  31.1  95.6  30.6  0.10  32.4 282.4  11.8  52.1  0.05
      10 25  29.8   7.7  21.0  86.9  17.8        28.4 281.2  11.7 149.5  0.05
      10 26  38.1   3.9  16.5  82.0  12.3  0.10   9.2  41.3   1.7 344.2  0.06
      10 27  49.7   5.9  26.2  79.5  21.3         6.3  38.0   1.6 334.5  0.04
      10 28  49.9  21.6  34.2  74.0  26.1        12.4  61.9   2.6 321.2  0.04
      10 29  52.7  23.4  36.3  76.5  29.0        19.8  66.5   2.8 259.5  0.04
      10 30  58.8  29.7  45.8  57.0  30.8        17.2  87.9   3.7 252.2  0.04
      10 31  62.6  36.5  49.6  49.5  30.9        40.1 277.7  11.6 232.7  0.14
      11  1  52.3  29.4  40.7  49.6  21.7        33.0 229.1   9.5 310.9      
      11  2  51.4  22.8  39.5  42.7  17.3        35.9 287.2  12.0 296.2      
      11  3  56.3  19.1  36.9  64.2  24.7         9.6  48.6   2.0 278.5      
      11  4  65.3  31.3  47.1  45.9  25.1        41.9 200.4   8.3 253.8      
      11  5  55.9  26.1  39.5  66.5  28.0        13.5  69.3   2.9 291.0      
      11  6  65.0  25.0  42.0  65.7  29.3        10.0  54.4   2.3 286.4      
      11  7  69.1  25.3  44.3  59.3  27.4         9.4  64.2   2.7 283.2      
      11  8  48.6  31.1  38.9  71.1  30.2        21.9 175.4   7.3 217.7      
      11  9  33.3  22.0  28.1  95.6  27.1  0.16  17.8 153.7   6.4 168.2      
      11 10  29.9  21.4  25.2  85.1  21.3  0.03  10.8  66.6   2.8 128.9      
      11 11  27.8  20.9  24.1  85.0  20.2        18.6 154.4   6.4  82.9      
      11 12  37.3  20.7  25.7  87.0  22.2  0.05   9.1  72.3   3.0 204.1      
      11 13  41.5  16.7  25.9  76.3  19.6  0.01  29.7 170.8   7.1 234.8      
      11 14  24.0   8.8  16.7  53.0   2.2        29.4 307.5  12.8 276.9      
      11 15  28.8   6.2  16.3  65.0   5.9        12.0  80.0   3.3 275.3      
      11 16  38.8   3.7  20.1  69.1  10.3         7.7  39.4   1.6 273.6      
      11 17  45.8  10.2  26.9  68.4  16.5        13.7  72.4   3.0 255.5      
      11 18  50.6  17.7  33.0  56.9  16.8        12.1  65.6   2.7 256.3      
      11 19  56.8  17.6  34.2  63.0  21.3        13.7  76.1   3.2 237.8      
      11 20  51.0  21.5  36.8  60.0  23.6        14.5 102.9   4.3 215.6      
      11 21  38.9  15.8  28.5  72.8  20.7        10.6  53.3   2.2  93.9      
      11 22  44.0  15.9  26.9  74.1  18.9        10.5  62.6   2.6 193.0      
      11 23  36.6  11.3  23.1  81.0  18.4        12.4  46.4   1.9  58.6      
      11 24  60.3  17.0  35.1  63.3  21.8        10.5  64.7   2.7 240.8      
      11 25  65.4  19.8  42.0  49.4  20.4        29.4 171.1   7.1 235.1      
      11 26  47.0  21.6  31.9  65.8  21.0        15.6  71.8   3.0 101.8      
      11 27  45.3  19.1  33.5  80.0  28.2  0.09  15.9  92.5   3.9  60.2      
      11 28  52.4  23.5  39.7  62.8  27.4        18.6 117.0   4.9 150.5      
      11 29  53.5  21.4  36.2  62.9  23.0        21.9 111.9   4.7 229.4      
      11 30  44.6  15.2  28.5  77.2  21.8         7.2  31.1   1.3 206.3      
      12  1  48.7  21.8  34.1  72.3  25.2        20.7  91.9   3.8 145.8      
      12  2  30.6  23.9  28.6  95.1  27.5  0.03  15.9  99.4   4.1  51.3      
      12  3  35.1   8.0  20.7  86.1  17.5  0.09  11.8  60.5   2.5 201.7      
      12  4  34.4   6.8  19.2  78.6  13.3        11.1  59.4   2.5 229.4      
      12  5  32.1   6.7  18.0  81.6  13.1         8.4  35.6   1.5 210.9      
      12  6  33.6   9.2  20.1  86.0  16.8         6.3  29.9   1.2 125.3      
      12  7  33.5  12.8  21.8  90.0  19.7         6.1  39.3   1.6 113.9      
      12  8  41.3  14.0  28.1  82.7  23.8        15.4  43.0   1.8 129.2      
      12  9  37.2  27.4  32.2  76.1  25.5        32.9 270.1  11.3  91.3      
      12 10  30.7  24.7  27.7  63.2  16.8        33.0 398.6  16.6  96.9      
      12 11  36.8  13.9  26.7  42.5   6.2        30.9 300.0  12.5 221.0      
      12 12  49.9   9.3  27.7  45.4   6.8        25.2 120.3   5.0 216.9      
      12 13  50.0  16.2  30.8  53.1  14.2        17.0 108.0   4.5 215.0      
      12 14  57.6  14.4  31.3  64.8  18.1        10.1  54.9   2.3 217.5      
      12 15  57.1  16.7  34.4  57.3  18.5        32.0 120.5   5.0 174.7      
      12 16  49.3  15.7  31.9  61.1  18.5        20.3  73.4   3.1 210.1      
      12 17  45.1  19.1  28.9  76.3  22.1        14.0  56.2   2.3  90.9      
      12 18  50.6  17.7  30.6  70.1  21.2        13.1  43.0   1.8 153.0      
      12 19  30.5  19.2  26.3  81.8  21.5        13.1  83.5   3.5  29.9      
      12 20  34.6  14.5  25.4  87.3  22.2         8.5  55.8   2.3 143.2      
      12 21  30.0  17.1  22.1  96.6  21.5         6.5  42.4   1.8  90.7      
      12 22  39.0  21.5  29.3  62.6  17.4        15.8  91.9   3.8 187.0      
      12 23  40.0   9.3  22.5  74.2  14.8        15.0  46.8   1.9 208.5      
      12 24  30.0  17.2  24.5  72.5  17.0        21.5 217.1   9.0  75.9      
      12 25  30.1   9.6  21.1  78.0  15.4  0.04  10.5  87.2   3.6 211.5      
      12 26  35.5  15.6  27.1  59.2  14.7        20.5 131.6   5.5 201.7      
      12 27  43.5   7.2  25.2  54.4   9.3        45.2 309.7  12.9 132.8      
      12 28  41.2  21.4  30.2  40.5   8.7        39.6 257.8  10.7 185.3      
      12 29  53.6  26.5  38.8  49.8  21.3        21.4 154.3   6.4 189.5      
      12 30  45.9  18.0  34.4  66.4  23.8        32.0 154.9   6.5 184.0      
      12 31  51.5  14.6  30.8  76.8  23.9        14.8  54.9   2.3 211.5      

      Total                               13.66                         44.82
        Max  98.9  62.8  77.2  96.6  62.7        58.0 557.3  23.2 698.3
        Min  -3.3 -19.3  -8.6  25.6 -13.6         6.1  29.9   1.2  29.9
        Ave  61.9  32.6  46.8  63.5  32.8        20.8 127.6   5.3 363.9
