                                                                    07-JUN-00
      Cellular-linked Weather Station near GREELEY (West), Colorad       1998
      -----------------------------------------------------------------------------
               Temperature      Rel   Dew             Wind        Solar StandrdASCE
            ----------------- Humid Point  Prec -----------------   Rad   ETr   ETo
       Date   Max   Min   Ave   Ave   Ave Total   Max Total   Ave Total Alflf Grass
      MoDay     F     F     F     %     F  inch   mph miles   mph Langl  inch  inch
      ----- ----- ----- ----- ----- ----- ----- ----- ----- ----- ----- ----- -----
       1  1  62.1  26.1  40.9  58.4  25.7        18.0  85.5   3.6 213.7            
       1  2  63.5  26.8  42.6  52.5  24.0        21.7 117.9   4.9 151.2            
       1  3  41.2  20.1  26.7  81.0  21.5        22.0 103.9   4.3  56.4            
       1  4  46.8  18.4  27.2  88.3  24.0         7.0  47.8   2.0 163.0            
       1  5  46.4  14.9  31.4  74.0  23.6  0.01  21.1  91.3   3.8 181.7            
       1  6  37.2   6.9  24.8  78.8  19.3  0.02  23.4 112.4   4.7 228.0            
       1  7  37.1  -0.5  15.9  76.0   9.6         7.0  34.2   1.4 221.3            
       1  8  39.7   6.2  22.3  69.0  13.4        14.8  67.4   2.8 224.5            
       1  9  21.9   4.6  13.6  77.1   7.9        21.0 129.8   5.4 223.4            
       1 10  21.5   3.8  12.8  82.0   8.6         8.5  37.8   1.6  93.7            
       1 11  41.7  12.3  22.7  79.2  17.1        12.6  73.1   3.0 146.0            
       1 12  18.2   8.5  14.3  92.6  12.8        21.5 107.0   4.5  83.7            
       1 13  38.7  14.8  23.0  84.9  18.6        28.6  90.4   3.8  99.6            
       1 14  44.6  12.8  31.4  47.8  12.7        21.7 116.1   4.8 231.6            
       1 15  45.6   9.0  26.0  68.6  16.7        19.8  71.2   3.0 149.6            
       1 16  38.8  17.4  32.2  47.5  14.1        31.1 187.2   7.8 207.1            
       1 17  48.5  16.7  34.1  58.8  20.4        46.1 159.1   6.6  78.5            
       1 18  51.0  19.5  36.9  45.7  15.8        27.8 172.3   7.2 237.5            
       1 19  46.1  13.9  27.4  73.2  19.3        12.6  51.9   2.2 187.7            
       1 20  45.7  19.8  31.8  53.3  14.8        23.4 109.3   4.6 186.3            
       1 21  37.3  10.3  22.7  72.3  14.9        13.2  60.4   2.5 185.7            
       1 22  39.0   4.4  21.7  60.3   9.3         7.4  44.2   1.8 181.1            
       1 23  42.2  14.3  29.5  48.7  10.7        21.1 128.9   5.4 259.0            
       1 24  50.6  12.4  30.9  59.0  17.4        19.1  86.1   3.6  91.7            
       1 25  51.5  23.0  35.6  47.3  16.3        30.3 140.2   5.8 147.2            
       1 26  51.9  10.3  29.0  56.5  13.6        10.9  63.2   2.6 252.5            
       1 27  51.2  16.0  31.1  57.4  16.1        11.3  65.5   2.7 196.0            
       1 28  56.6  15.4  33.1  56.9  18.5        26.6 118.0   4.9 225.1            
       1 29  53.8  13.1  30.5  64.0  17.7        11.1  54.9   2.3 274.7            
       1 30  55.7  14.2  35.3  50.5  15.6        18.4  67.2   2.8 237.5            
       1 31  41.9  23.1  31.5  82.3  26.9  0.07  14.6  69.2   2.9 140.8            
       2  1  45.5  15.7  28.4  74.9  20.2        10.7  52.9   2.2 258.2            
       2  2  44.8  19.1  29.5  66.4  18.8        17.1  54.6   2.3 186.1            
       2  3  41.6  17.7  27.3  84.2  23.0         9.3  53.2   2.2 185.2            
       2  4  32.4  19.4  27.8  95.3  26.7        11.0 105.8   4.4  72.4            
       2  5  39.4  26.1  32.5  86.3  28.9        10.2  56.6   2.4 107.2            
       2  6  47.3  20.2  31.0  82.5  25.8        12.3  60.0   2.5 235.6            
       2  7  44.3  15.1  30.3  75.7  23.1         8.0  47.6   2.0 170.1            
       2  8  53.8  15.0  33.6  63.7  20.3        11.1  55.6   2.3 267.1            
       2  9  46.1  30.8  38.6  57.8  24.8        20.7 148.3   6.2 123.6            
       2 10  47.2  20.7  35.1  40.9  12.0        22.6 145.2   6.0 287.5            
       2 11  47.0  11.8  29.5  53.8  11.2        13.9  82.4   3.4 316.3            
       2 12  47.1  13.3  29.0  53.7  11.8        11.5  74.6   3.1 319.5            
       2 13  53.5  14.5  34.1  50.1  15.1        20.9 103.2   4.3 306.8            
       2 14  52.5  23.4  37.4  55.9  21.5        15.6  92.9   3.9 302.2            
       2 15  36.8  21.1  29.6  90.2  27.2         9.4  55.2   2.3 123.4            
       2 16  36.2  31.5  32.9  97.6  32.3  0.27  13.1  70.9   3.0 123.9            
       2 17  47.3  27.5  35.5  82.2  29.9  0.01  10.3  50.3   2.1 290.5            
       2 18  46.9  25.8  35.5  68.7  25.0        16.9  82.9   3.5 277.7            
       2 19  48.2  20.7  34.8  53.5  17.5        21.7 114.5   4.8 352.4            
       2 20  46.3  13.8  29.8  60.1  15.3        11.5  51.7   2.2 354.8            
       2 21  53.1  17.0  33.5  56.8  17.5        12.2  62.5   2.6 344.5            
       2 22  60.3  21.7  40.5  53.1  22.2        24.5  98.8   4.1 295.6            
       2 23  52.8  21.7  39.4  66.4  27.8        20.5  80.8   3.4 275.3            
       2 24  63.6  25.1  43.9  51.4  25.3        25.1 117.4   4.9 331.2            
       2 25  45.3  32.1  39.3  36.6  15.1        45.4 439.0  18.3 107.8            
       2 26  40.2  22.5  31.4  27.5   0.9        33.2 351.8  14.7 332.0            
       2 27  35.1  17.4  26.7  32.8   0.5        43.6 349.0  14.5 310.3            
       2 28  37.2  20.4  28.2  27.4  -1.7        39.4 327.3  13.6 396.1            
       3  1  41.3  19.3  30.0  30.4   1.3        34.6 330.8  13.8 275.6  0.13  0.11
       3  2  43.4  16.3  29.9  49.8  12.2        12.8 111.9   4.7 393.6  0.07  0.07
       3  3  54.7  14.1  35.3  49.3  15.3        18.6 118.4   4.9 376.8  0.09  0.09
       3  4  42.3  24.8  31.1  66.3  20.8        22.9 162.7   6.8 345.6  0.08  0.07
       3  5  43.1  20.6  31.9  62.2  18.9  0.01  19.1 149.7   6.2 402.1  0.08  0.07
       3  6  35.0  17.2  26.1  85.5  22.5        19.4 146.9   6.1 129.0  0.04  0.03
       3  7  24.2   4.7  16.4  77.3  10.8        25.9 273.2  11.4 336.9  0.06  0.03
       3  8  29.4  -1.0  15.8  67.5   6.7  0.02  14.5  83.4   3.5 432.5  0.06  0.05
       3  9  30.2  11.0  18.5  72.3  10.7        10.1  72.4   3.0 412.1  0.05  0.04
       3 10  46.9   7.3  25.4  65.7  14.3        32.4 164.4   6.8 311.7  0.07  0.07
       3 11  25.3   4.2  14.4  72.7   8.0        21.5 107.5   4.5 313.0  0.05  0.04
       3 12  55.4  14.6  35.0  59.3  20.0        12.6  74.5   3.1 443.1  0.07  0.07
       3 13  61.6  22.4  41.4  52.7  21.5        17.5  73.6   3.1 448.2  0.08  0.08
       3 14  58.1  26.7  37.4  74.3  28.7        17.6  84.6   3.5 344.8  0.08  0.07
       3 15  61.5  24.7  43.3  57.0  26.4        20.4 117.3   4.9 440.9  0.11  0.11
       3 16  46.9  32.6  38.9  82.8  34.0        19.7 105.6   4.4 160.7  0.05  0.04
       3 17  54.3  28.0  39.7  81.7  33.5  0.02  24.0 114.4   4.8 294.6  0.08  0.07
       3 18  37.2  26.9  31.8  98.7  31.6  0.23  27.0 262.2  10.9 126.5  0.04  0.02
       3 19  37.2  13.2  27.8  87.8  24.8  0.16  12.1  87.7   3.7 459.1  0.08  0.06
       3 20  49.0  25.7  33.7  81.1  27.6  0.01  11.4  78.6   3.3 397.2  0.08  0.07
       3 21  59.0  23.8  40.9  58.0  24.8        12.7  78.3   3.3 479.4  0.10  0.09
       3 22  68.2  26.8  50.6  50.5  29.8        24.5 123.9   5.2 358.1  0.10  0.10
       3 23  70.5  41.8  55.1  49.0  34.8        17.0 118.4   4.9 282.1  0.10  0.10
       3 24  77.2  34.0  56.5  47.0  31.4        26.2 153.9   6.4 440.9  0.17  0.17
       3 25  77.2  39.0  57.6  39.5  28.8        34.2 151.5   6.3 482.7  0.19  0.19
       3 26  71.3  37.6  54.5  42.4  31.5        33.6 171.9   7.2 387.7  0.17  0.17
       3 27  67.1  43.6  54.0  47.6  32.1        31.7 185.7   7.7 373.0  0.17  0.17
       3 28  63.7  39.5  50.1  61.6  35.4        17.0 122.1   5.1 415.1  0.14  0.13
       3 29  50.6  30.5  39.4  83.1  34.5  0.01  30.3 261.2  10.9 233.5  0.10  0.08
       3 30  43.5  24.2  32.1  67.5  21.8        24.5 180.4   7.5 291.6  0.11  0.09
       3 31  53.8  16.8  35.8  62.0  21.3  0.02  32.4 148.7   6.2 507.1  0.14  0.12
       4  1  63.0  19.7  44.6  45.7  20.2        22.4 144.7   6.0 496.5  0.14  0.13
       4  2  45.3  33.8  38.5  75.0  30.6  0.33  27.5 229.9   9.6  77.5  0.05  0.05
       4  3  55.4  32.2  44.0  73.4  35.2  0.03  11.5  97.9   4.1 480.3  0.11  0.09
       4  4  66.8  28.8  47.2  59.6  31.2        19.1 102.6   4.3 497.9  0.14  0.13
       4  5  64.1  33.6  49.6  44.0  25.2        29.2 187.1   7.8 507.4  0.18  0.16
       4  6  51.7  35.8  43.1  64.6  31.5        19.0 123.9   5.2 186.6  0.08  0.07
       4  7  50.5  28.4  39.2  80.2  33.1  0.03  24.1  97.8   4.1 258.2  0.08  0.07
       4  8  54.1  28.6  40.4  74.4  31.5  0.01  27.2 132.2   5.5 396.1  0.12  0.10
       4  9  57.9  26.8  43.4  60.9  28.0        21.9  72.0   3.0 439.3  0.11  0.10
       4 10  63.4  28.1  47.8  46.3  24.2        25.1 128.7   5.4 532.4  0.16  0.14
       4 11  81.9  24.8  54.2  42.0  24.4        33.0 140.5   5.9 528.6  0.22  0.21
       4 12  66.2  42.8  55.7  30.8  24.3        32.5 199.6   8.3 425.1  0.18  0.17
       4 13  58.9  33.9  45.7  57.2  29.7  0.11  27.2 146.2   6.1 368.9  0.15  0.13
       4 14  48.1  33.0  38.1  89.5  35.1  0.24  14.4 113.1   4.7 197.6  0.08  0.06
       4 15  42.5  33.3  37.6  81.8  32.5  0.02  22.9 204.3   8.5 223.2  0.08  0.06
       4 16  43.2  30.1  34.8  72.8  26.7        14.2 108.0   4.5 278.0  0.08  0.07
       4 17  52.6  22.2  37.5  69.8  26.9        25.6 131.2   5.5 410.8  0.11  0.09
       4 18  53.2  32.6  40.8  58.5  25.7  0.02  22.2 187.8   7.8 534.0  0.16  0.13
       4 19  57.6  26.7  44.0  52.4  25.4  0.05  30.8 143.2   6.0 438.2  0.14  0.11
       4 20  54.4  31.7  43.1  68.5  32.4        28.0 147.2   6.1 493.3  0.13  0.11
       4 21  61.3  28.6  46.9  52.7  27.0        24.1 116.8   4.9 543.2  0.16  0.13
       4 22  71.3  25.4  50.4  44.7  25.1        11.3  75.1   3.1 586.7  0.18  0.15
       4 23  79.2  32.2  58.6  37.5  27.5        20.5 112.9   4.7 579.9  0.21  0.18
       4 24  77.0  39.1  59.2  40.1  29.9        32.4 199.3   8.3 526.1  0.24  0.22
       4 25  66.8  44.1  55.6  40.8  30.3  0.23  31.3 180.3   7.5 528.0  0.22  0.19
       4 26  59.8  38.2  48.2  50.8  29.5  0.01  30.0 225.9   9.4 476.5  0.21  0.17
       4 27  60.7  29.9  45.8  58.9  30.3        25.3 141.9   5.9 576.9  0.19  0.16
       4 28  62.6  35.0  48.9  46.0  26.2        22.3 117.8   4.9 612.7  0.20  0.16
       4 29  70.3  26.6  51.3  38.4  22.8        17.5  84.5   3.5 610.3  0.20  0.16
       4 30  76.7  35.8  58.6  34.8  26.8        28.4 173.1   7.2 506.6  0.23  0.20
       5  1  69.9  38.1  56.0  46.2  34.6        21.8 108.1   4.5 434.9  0.17  0.14
       5  2  68.3  34.7  54.0  49.9  34.1        16.0  97.7   4.1 580.4  0.20  0.16
       5  3  78.1  34.8  55.6  45.1  33.3        30.8 116.6   4.9 481.6  0.22  0.18
       5  4  76.0  38.5  57.5  54.3  38.2  0.20  34.9 183.5   7.6 512.6  0.24  0.20
       5  5  68.4  47.5  54.4  74.3  45.6  0.06  21.5 144.6   6.0 442.2  0.18  0.14
       5  6  63.5  40.8  51.8  74.6  43.3        25.6 181.7   7.6 425.4  0.17  0.13
       5  7  65.2  43.2  51.5  72.7  42.4  0.01  30.3 133.9   5.6 428.9  0.17  0.13
       5  8  60.5  39.4  48.0  81.6  42.2  0.02  24.4 164.8   6.9 310.4  0.13  0.10
       5  9  64.1  31.7  49.6  71.1  39.2        18.0 107.0   4.5 566.3  0.17  0.14
       5 10  75.3  39.2  58.0  67.2  44.8  0.02  20.2 135.2   5.6 561.7  0.20  0.16
       5 11  68.7  42.2  56.4  67.2  44.3        27.4 174.1   7.3 471.3  0.18  0.14
       5 12  72.7  36.0  55.9  60.4  40.0        31.6 143.7   6.0 561.2  0.22  0.17
       5 13  84.4  41.2  62.7  49.2  38.0        32.3 159.0   6.6 604.0  0.29  0.24
       5 14  71.5  41.0  55.4  55.3  38.6        31.1 209.3   8.7 426.8  0.23  0.18
       5 15  70.0  40.3  57.0  43.9  32.3        31.9 185.2   7.7 649.9  0.27  0.21
       5 16  78.1  39.9  59.8  41.3  32.9        21.8 156.4   6.5 640.4  0.29  0.23
       5 17  87.7  39.9  65.5  33.7  29.8        19.9 102.6   4.3 649.7  0.29  0.22
       5 18  84.8  39.9  65.9  34.3  33.7        23.2 125.5   5.2 531.0  0.26  0.21
       5 19  85.8  44.0  66.0  42.6  38.8        22.1  87.2   3.6 584.5  0.26  0.20
       5 20  84.2  52.7  65.7  57.6  47.9        26.1 121.4   5.1 470.2  0.25  0.20
       5 21  80.6  52.5  65.1  63.8  50.6  0.24  24.8 167.3   7.0 492.5  0.25  0.20
       5 22  64.3  46.2  54.2  85.1  49.8  0.90  39.7 137.7   5.7 289.4  0.13  0.10
       5 23  69.5  44.8  57.1  59.6  41.2        12.0  92.6   3.9 636.9  0.23  0.18
       5 24  70.5  43.9  56.1  69.2  45.2  0.04  18.4  77.8   3.2 487.0  0.19  0.14
       5 25  71.1  43.0  58.9  68.2  46.7        19.5 124.4   5.2 608.9  0.21  0.16
       5 26  79.0  46.1  61.9  63.7  48.1  0.02  23.2 122.6   5.1 463.1  0.21  0.16
       5 27  83.4  47.4  66.7  55.1  45.6        18.9 125.8   5.2 652.6  0.27  0.21
       5 28  84.1  32.0  75.1  33.5  42.9        15.6  63.2   2.6 337.7  0.14  0.10
       5 29  86.2  48.7  67.4  52.1  46.6        20.4 118.5   4.9 481.9  0.27  0.21
       5 30  86.4  49.8  69.6  41.0  39.4        22.9 107.9   4.5 480.8  0.28  0.21
       5 31  75.7  49.4  63.6  46.6  42.4        16.1 121.2   5.0 607.0  0.28  0.21
       6  1  88.5  45.6  70.2  38.0  36.9        27.5 157.1   6.5 625.2  0.34  0.26
       6  2  80.9  53.8  69.2  31.8  37.3        29.7 204.2   8.5 652.9  0.35  0.27
       6  3  54.8  41.1  45.3  76.3  38.2        18.8 183.1   7.6 174.5  0.15  0.10
       6  4  48.1  40.0  43.0  93.6  41.3  0.15  23.8 170.3   7.1 152.0  0.09  0.06
       6  5  52.5  37.2  43.5  78.2  36.8        13.0 110.8   4.6 309.2  0.12  0.09
       6  6  69.9  31.9  53.1  63.2  38.2        26.4  79.7   3.3 560.9  0.18  0.13
       6  7  73.5  43.0  58.8  66.8  46.4        26.2 137.9   5.7 482.7  0.19  0.14
       6  8  64.7  46.7  54.3  80.2  48.1  0.58  26.4 166.7   6.9 423.5  0.16  0.11
       6  9  68.9  44.1  55.8  76.9  48.2        28.6 127.3   5.3 408.0  0.16  0.12
       6 10  71.8  49.4  59.8  70.4  49.4        28.1 114.1   4.8 439.3  0.18  0.13
       6 11  75.7  45.0  63.2  51.0  42.1        22.1 113.3   4.7 576.6  0.23  0.17
       6 12  80.3  49.6  66.6  47.5  42.9        14.8  91.2   3.8 640.4  0.26  0.19
       6 13  74.5  48.6  61.3  55.4  44.4  0.24  38.1 129.5   5.4 387.9  0.22  0.16
       6 14  69.9  49.4  59.4  59.3  44.6  0.01  28.8 250.9  10.5 331.5  0.23  0.17
       6 15  71.5  41.8  58.7  55.8  40.7  0.01  15.6  91.1   3.8 572.6  0.23  0.17
       6 16  72.5  47.8  59.1  61.4  44.8        22.7 188.0   7.8 372.2  0.22  0.16
       6 17  65.1  47.4  55.3  64.4  43.2  0.01  23.5 155.7   6.5 360.8  0.19  0.13
       6 18  75.8  40.2  60.4  46.8  38.0        28.4 120.8   5.0 617.1  0.26  0.19
       6 19  87.7  44.5  69.0  38.1  38.8  0.01  20.4 121.6   5.1 660.8  0.31  0.23
       6 20  81.8  50.0  66.8  45.6  43.4  0.03  41.3 126.0   5.3 617.6  0.29  0.21
       6 21  79.4  49.9  63.9  61.6  48.9        22.9  93.9   3.9 467.8  0.23  0.17
       6 22  85.8  47.1  67.4  56.8  49.1        30.0 172.1   7.2 619.3  0.32  0.24
       6 23  85.6  57.4  71.0  47.5  46.3        23.5 104.3   4.3 645.9  0.30  0.22
       6 24  86.1  47.5  68.9  38.7  36.8        31.9 154.7   6.4 633.6  0.35  0.26
       6 25  91.9  45.4  72.2  35.3  38.1        24.9 139.0   5.8 651.6  0.36  0.27
       6 26  90.7  48.2  74.4  33.5  38.8        25.6 159.4   6.6 660.2  0.37  0.27
       6 27  87.0  52.1  72.2  31.1  38.1        23.1 115.3   4.8 648.3  0.33  0.24
       6 28  91.1  49.4  72.9  37.8  44.6        14.3  82.5   3.4 637.7  0.31  0.22
       6 29  92.5  55.8  76.0  39.4  45.8        17.6 113.5   4.7 635.3  0.34  0.25
       6 30  85.5  56.0  71.8  54.5  54.2        16.1 119.0   5.0 562.5  0.28  0.21
       7  1  87.0  60.2  71.1  64.2  57.7        26.5 183.6   7.7 503.6  0.31  0.23
       7  2  93.9  59.0  73.9  61.5  57.3        25.9  99.9   4.2 592.6  0.31  0.23
       7  3  82.2  59.5  71.0  59.6  55.5        24.8 113.8   4.7 500.9  0.25  0.19
       7  4  84.1  53.8  69.6  67.0  57.5        27.5 110.2   4.6 498.7  0.24  0.18
       7  5  94.0  52.3  75.2  54.1  52.4        26.2 100.8   4.2 599.2  0.31  0.22
       7  6  78.1  58.7  69.7  62.0  55.7  0.01  21.4 130.7   5.4 251.7  0.17  0.12
       7  7  87.4  51.7  71.0  61.7  54.8        21.0 113.7   4.7 510.7  0.27  0.20
       7  8  81.9  60.8  69.9  71.3  59.5        20.3 117.3   4.9 357.8  0.20  0.15
       7  9  82.6  57.6  68.5  75.7  59.6        23.6  85.5   3.6 458.0  0.21  0.16
       7 10  84.8  55.0  69.7  70.6  58.1  0.24  29.1  91.8   3.8 515.8  0.24  0.18
       7 11  91.3  58.0  74.8  57.9  56.0        22.9  95.4   4.0 582.6  0.28  0.20
       7 12  95.4  55.0  77.8  45.2  50.5        16.6  86.1   3.6 639.3  0.31  0.22
       7 13  97.8  56.8  78.1  41.3  47.5        16.9  79.7   3.3 629.8  0.32  0.23
       7 14  95.4  54.9  76.3  42.0  47.7        36.3 112.7   4.7 474.3  0.32  0.23
       7 15  89.6  54.5  71.7  53.5  52.4        25.6 154.8   6.5 525.9  0.33  0.24
       7 16  87.6  54.3  71.5  61.6  55.5        14.0  88.6   3.7 609.5  0.28  0.21
       7 17  93.0  56.6  76.4  50.1  52.4        17.4  86.4   3.6 613.0  0.29  0.22
       7 18 101.5  54.2  78.5  46.0  50.9        14.2  68.0   2.8 611.1  0.31  0.22
       7 19  99.3  57.3  79.8  42.2  51.8        17.3 115.6   4.8 586.9  0.34  0.25
       7 20 101.9  59.1  81.3  39.3  48.2        17.8  87.0   3.6 624.1  0.34  0.25
       7 21  91.4  63.3  73.3  54.7  55.3        33.2 187.8   7.8 366.8  0.34  0.25
       7 22  74.4  58.1  66.7  83.9  61.4        13.7  98.4   4.1 279.4  0.14  0.11
       7 23  80.3  59.7  68.9  78.2  61.2        17.8  95.0   4.0 379.0  0.18  0.14
       7 24  78.2  63.8  68.6  83.1  62.9  0.03  18.8 107.1   4.5 357.8  0.17  0.13
       7 25  82.1  62.6  68.5  85.4  63.3  0.10  27.5  92.2   3.8 338.8  0.16  0.12
       7 26  84.0  60.4  71.2  71.0  59.8  0.01  16.5  99.3   4.1 526.9  0.23  0.17
       7 27  85.1  56.6  72.7  60.3  55.7        14.8  89.0   3.7 588.3  0.24  0.19
       7 28  86.8  56.1  71.9  59.1  54.3        17.1 102.3   4.3 560.1  0.26  0.20
       7 29  85.1  60.4  70.3  73.5  60.5  0.01  26.9 111.7   4.7 490.3  0.24  0.18
       7 30  67.5  59.3  62.9  95.1  61.4  0.46  19.1 129.4   5.4 149.9  0.08  0.06
       7 31  79.9  59.3  67.2  80.4  60.5        18.2 126.7   5.3 442.5  0.20  0.16
       8  1  80.6  58.1  67.0  77.3  59.3        28.0 114.9   4.8 322.0  0.17  0.13
       8  2  82.6  51.1  68.3  58.2  51.1        21.9 108.6   4.5 490.8  0.22  0.17
       8  3  76.1  58.3  65.1  75.0  56.4        23.1 118.0   4.9 415.4  0.19  0.15
       8  4  71.6  58.3  63.5  82.0  57.6  0.20  22.6 123.7   5.2 308.9  0.14  0.11
       8  5  80.1  56.3  67.0  73.2  56.9  0.12  14.5  68.1   2.8 507.7  0.19  0.15
       8  6  83.1  51.5  68.0  67.8  55.1        13.2  84.7   3.5 576.1  0.22  0.18
       8  7  87.1  51.4  69.4  66.2  55.0        12.4  66.8   2.8 578.0  0.23  0.18
       8  8  92.7  52.4  71.9  62.4  55.3        22.9  88.2   3.7 471.8  0.24  0.18
       8  9  85.6  59.0  69.6  67.4  57.0        21.0  88.3   3.7 407.8  0.21  0.16
       8 10  80.5  52.5  66.5  74.5  57.2        18.5  75.9   3.2 342.9  0.16  0.13
       8 11  85.4  56.5  69.0  66.0  55.6        20.8  98.2   4.1 524.0  0.24  0.19
       8 12  86.8  51.3  70.2  55.2  49.0        21.5 126.4   5.3 551.9  0.27  0.21
       8 13  89.0  51.0  71.5  51.6  49.2        16.1  73.8   3.1 525.6  0.23  0.18
       8 14  88.1  52.6  69.9  55.2  50.9        19.9  94.0   3.9 420.5  0.23  0.18
       8 15  84.8  51.4  69.1  62.8  54.1        21.7 100.1   4.2 450.4  0.22  0.17
       8 16  88.6  53.8  71.3  53.9  51.3        22.0  94.4   3.9 412.1  0.22  0.17
       8 17  92.0  50.2  72.5  56.9  52.7        21.2  99.1   4.1 527.2  0.25  0.20
       8 18  90.3  54.6  72.9  54.7  53.7        22.1 100.6   4.2 443.6  0.23  0.18
       8 19  85.8  53.7  69.8  64.3  55.3        21.3  94.5   3.9 415.1  0.21  0.17
       8 20  85.3  56.8  70.5  62.6  55.9        21.5  77.9   3.2 424.1  0.20  0.16
       8 21  87.9  54.1  70.0  65.4  56.2        30.1 111.9   4.7 462.3  0.23  0.18
       8 22  89.4  52.8  71.4  62.7  54.7        12.1  75.6   3.1 460.2  0.21  0.17
       8 23  94.4  52.7  75.2  50.0  51.3        18.6 108.0   4.5 512.0  0.26  0.21
       8 24  92.6  56.4  73.4  55.7  53.1        19.7 106.0   4.4 455.0  0.25  0.20
       8 25  82.3  53.8  67.6  70.7  56.6  0.01  17.5 103.4   4.3 297.3  0.17  0.14
       8 26  89.0  57.3  72.1  63.8  56.8        14.2  82.7   3.4 507.4  0.22  0.18
       8 27  86.9  59.8  71.7  48.9  49.8        18.0 128.6   5.4 394.5  0.24  0.20
       8 28  87.4  48.9  68.0  47.6  43.6        12.2  58.5   2.4 535.9  0.22  0.18
       8 29  90.5  45.8  69.8  48.2  44.9        14.0  50.6   2.1 520.7  0.21  0.17
       8 30  94.7  51.1  72.8  45.7  46.0        11.0  47.0   2.0 491.9  0.20  0.16
       8 31  82.9  61.7  69.9  53.9  51.6        28.4 128.0   5.3 332.8  0.21  0.17
       9  1  80.9  58.2  67.0  63.9  52.6        18.0  96.1   4.0 397.4  0.20  0.16
       9  2  88.3  47.7  68.6  55.1  48.2        17.1  88.7   3.7 514.5  0.23  0.19
       9  3  93.2  49.7  72.0  46.3  45.2  0.01  12.6  54.2   2.3 511.7  0.21  0.17
       9  4  94.8  47.3  71.6  47.6  45.6        17.7  87.8   3.7 510.9  0.24  0.20
       9  5  94.3  50.3  70.9  53.1  49.3        10.2  45.9   1.9 497.9  0.20  0.17
       9  6  94.1  50.2  73.8  46.5  47.1        13.0  85.2   3.5 491.9  0.23  0.19
       9  7  82.1  54.1  67.4  73.1  57.9        14.8  87.8   3.7 370.6  0.17  0.14
       9  8  87.1  51.3  68.2  72.7  57.2        11.0  66.5   2.8 420.5  0.18  0.15
       9  9  92.6  52.1  71.8  54.2  50.8        13.2  63.2   2.6 466.7  0.20  0.17
       9 10  90.6  51.2  72.3  47.2  47.1        15.8  89.2   3.7 465.9  0.21  0.18
       9 11  89.2  55.7  74.1  42.2  47.3        21.0 138.0   5.8 461.0  0.24  0.21
       9 12  84.4  53.1  67.7  60.0  52.6        21.4 127.8   5.3 307.9  0.19  0.16
       9 13  78.0  49.1  61.7  73.3  51.6        19.6  78.1   3.3 308.1  0.15  0.13
       9 14  77.6  48.7  62.1  68.5  49.9        19.7  88.9   3.7 349.1  0.16  0.14
       9 15  78.6  43.2  62.6  63.7  47.5        14.4  96.0   4.0 462.3  0.18  0.15
       9 16  84.2  45.6  63.4  61.9  47.6        13.9  59.6   2.5 447.1  0.16  0.14
       9 17  87.9  43.5  67.2  49.6  44.0        13.5  61.4   2.6 448.2  0.17  0.14
       9 18  88.3  45.1  68.5  44.8  41.6        13.1  69.2   2.9 450.4  0.18  0.15
       9 19  82.0  48.1  66.8  38.8  37.7        25.9 162.4   6.8 434.9  0.24  0.20
       9 20  75.5  51.1  61.8  61.3  47.7        25.2 217.5   9.1 370.8  0.22  0.18
       9 21  51.2  45.3  47.3  96.8  46.4        21.5 165.7   6.9  76.9  0.06  0.05
       9 22  63.3  45.3  52.1  87.1  48.1        13.4 114.9   4.8 279.6  0.11  0.09
       9 23  71.3  45.7  57.3  82.0  51.0        10.2  63.9   2.7 199.8  0.07  0.06
       9 24  80.0  44.1  62.4  69.2  49.7        17.5  70.5   2.9 424.3  0.12  0.11
       9 25  87.0  48.1  65.2  58.3  47.1  0.01  13.3  83.7   3.5 426.8  0.16  0.14
       9 26  78.1  47.4  63.2  45.0  39.9        16.2 116.9   4.9 421.1  0.18  0.16
       9 27  77.4  42.9  59.4  61.0  43.8        13.4  74.4   3.1 421.6  0.16  0.14
       9 28  83.7  39.1  62.2  56.1  41.9        14.5  73.6   3.1 405.3  0.16  0.14
       9 29  81.1  48.1  63.2  50.2  42.4        17.8  78.8   3.3 321.7  0.14  0.13
       9 30  63.8  46.5  56.2  65.7  44.1        22.8 168.5   7.0 311.4  0.14  0.11
      10  1  54.1  42.2  48.6  78.9  42.1  0.03  17.9 175.9   7.3 111.8  0.08  0.06
      10  2  53.7  41.9  45.7  95.0  44.3  0.36  12.3  86.2   3.6 135.5  0.06  0.05
      10  3  51.3  42.3  45.4  97.9  44.6  0.05  21.7 131.8   5.5  83.5  0.04  0.03
      10  4  56.9  42.7  47.0  76.0  39.3  0.22  38.9 242.9  10.1 190.3  0.11  0.08
      10  5  50.7  36.6  44.9  50.8  27.4        34.4 266.2  11.1 203.6  0.13  0.10
      10  6  64.4  26.4  46.1  59.5  30.1        19.7  87.5   3.6 373.0  0.11  0.10
      10  7  69.3  31.0  49.2  64.5  35.2        12.4  51.2   2.1 382.8  0.10  0.08
      10  8  75.5  36.4  54.6  62.2  39.0        11.2  48.0   2.0 331.5  0.09  0.08
      10  9  75.8  40.0  59.5  41.3  32.6        15.2  91.3   3.8 373.0  0.12  0.11
      10 10  73.3  35.8  53.6  57.3  36.9        17.6  50.4   2.1 362.2  0.11  0.09
      10 11  66.0  43.2  54.6  31.0  23.8        31.8 176.3   7.3 369.2  0.18  0.16
      10 12  62.3  31.1  43.5  67.0  31.8        14.2  43.2   1.8 192.5  0.08  0.07
      10 13  74.0  28.2  50.6  57.9  34.4        14.8  53.6   2.2 273.9  0.10  0.08
      10 14  74.7  41.0  57.5  49.8  37.0        20.9 124.0   5.2 307.0  0.12  0.11
      10 15  67.7  44.7  54.6  69.8  44.4        15.9  85.6   3.6 290.8  0.08  0.08
      10 16  53.2  39.8  47.3  89.5  44.6  0.45  29.6 174.0   7.3  87.6  0.04  0.03
      10 17  51.6  31.1  43.1  62.2  30.5        31.8 262.8  10.9 160.5  0.11  0.08
      10 18  60.5  24.3  41.8  70.4  30.6        11.0  47.7   2.0 346.7  0.09  0.07
      10 19  57.9  29.4  42.4  74.7  34.2         9.9  49.3   2.1 336.4  0.07  0.06
      10 20  49.7  29.9  41.5  76.4  34.0        10.7  60.6   2.5  79.4  0.03  0.03
      10 21  61.7  23.7  42.2  71.3  32.3        17.2 111.0   4.6 317.6  0.09  0.08
      10 22  65.1  29.8  46.7  71.0  36.4        10.0  48.2   2.0 308.7  0.06  0.06
      10 23  68.9  36.8  52.4  66.2  39.9  0.10  21.5  70.0   2.9 282.9  0.07  0.06
      10 24  66.2  32.9  49.2  69.1  37.1  0.01  11.8  63.7   2.7 312.7  0.08  0.07
      10 25  63.3  36.3  47.4  72.7  38.3         9.4  48.0   2.0 180.4  0.06  0.05
      10 26  63.8  41.4  51.5  76.8  44.2        10.7  58.3   2.4 190.9  0.05  0.05
      10 27  55.9  40.2  49.9  94.8  48.6  0.34  15.5 100.9   4.2  86.3  0.02  0.01
      10 28  54.1  42.4  50.4  78.4  43.8  0.10  16.1  93.0   3.9  57.8  0.02  0.02
      10 29  59.5  36.1  48.9  63.6  36.5        21.2 140.8   5.9 269.0  0.09  0.08
      10 30  43.7  36.8  40.4  95.6  39.3  0.05  16.9 161.4   6.7  38.2  0.03  0.02
      10 31  38.4  35.2  37.0  96.3  36.0  0.06  12.0 105.5   4.4  51.6  0.03  0.02
      11  1  42.7  34.3  39.0  94.7  37.6  0.01   8.8  70.6   2.9  81.7            
      11  2  40.4  32.7  36.1  97.0  35.3  0.11  13.0 114.2   4.8  60.8            
      11  3  38.9  31.6  35.1  89.1  32.2         8.3  70.1   2.9  87.7            
      11  4  45.7  31.0  36.9  87.3  33.0        17.0  80.9   3.4 217.5            
      11  5  37.3  31.0  33.0  97.7  32.3         7.4  49.8   2.1  70.3            
      11  6  49.5  32.7  40.1  86.4  35.9        16.1 141.5   5.9 208.2            
      11  7  44.2  29.5  35.0  91.7  32.7  0.28  11.9  90.2   3.8 194.9            
      11  8  37.7  23.1  30.8  94.3  29.4        18.7  83.5   3.5 147.6            
      11  9  36.2  19.7  30.8  76.7  24.6        28.1 257.5  10.7  87.0            
      11 10  41.9  19.0  31.8  42.5   9.9        33.0 261.4  10.9 245.4            
      11 11  47.9  14.2  30.3  64.9  18.2         9.9  51.3   2.1 250.8            
      11 12  53.0  20.7  34.0  72.8  24.7        20.2  76.4   3.2 256.3            
      11 13  64.8  22.4  40.8  64.9  27.6        17.1  65.2   2.7 244.6            
      11 14  63.8  29.0  43.8  64.9  31.0        12.2  79.6   3.3 243.2            
      11 15  73.2  26.2  48.0  57.3  28.9        20.3 109.9   4.6 188.3            
      11 16  63.2  27.8  44.7  57.1  28.7        11.3  69.8   2.9 225.6            
      11 17  54.8  29.4  39.7  70.0  29.5        38.5  84.3   3.5 161.6            
      11 18  57.2  31.1  44.8  41.9  21.0        31.4 192.3   8.0 249.5            
      11 19  48.0  21.7  35.0  76.2  27.6  0.03  17.3  73.7   3.1 209.9            
      11 20  48.3  15.7  30.1  71.8  20.6         9.7  52.1   2.2 229.7            
      11 21  59.9  19.9  39.0  61.3  25.5        16.6  90.0   3.8 142.4            
      11 22  73.0  27.7  49.3  46.9  25.4        29.2 119.4   5.0 226.1            
      11 23  56.9  26.5  42.3  49.7  22.9        30.3 167.1   7.0 206.9            
      11 24  71.1  23.0  44.2  51.0  21.0        34.8 197.2   8.2 224.2            
      11 25  49.3  27.8  38.6  55.2  23.5        14.6  82.8   3.5 114.8            
      11 26  68.6  23.5  42.7  61.4  28.1         9.6  46.9   2.0 217.2            
      11 27  69.5  26.4  44.9  61.1  29.8         7.6  42.7   1.8 219.6            
      11 28  55.7  31.8  40.5  71.1  31.5        12.1  56.5   2.4  78.9            
      11 29  58.6  28.7  40.9  68.8  30.4        15.6  81.8   3.4 118.3            
      11 30  66.3  21.6  40.9  61.0  24.7        16.7  98.5   4.1 222.1            
      12  1  66.7  24.1  40.9  59.7  25.3         7.3  45.0   1.9 207.4            
      12  2  66.9  22.8  40.9  59.4  25.1        13.4  73.8   3.1 200.9            
      12  3  63.1  23.5  41.6  57.5  24.8        17.4  91.3   3.8 208.2            
      12  4  61.0  23.2  36.8  68.1  25.6        10.3  60.0   2.5 185.2            
      12  5  39.1  20.8  29.9  73.4  21.9        19.7 120.3   5.0 165.0            
      12  6  35.0  15.0  25.4  84.9  21.3  0.06   9.6  63.1   2.6 160.7            
      12  7  35.7  11.0  23.5  61.0  10.7        10.5  63.0   2.6 205.8            
      12  8  31.9   7.9  20.9  75.9  14.8         6.3  40.6   1.7  81.6            
      12  9  30.3  18.6  25.8  92.2  24.0        22.6 148.2   6.2  73.5            
      12 10  25.5  -1.9  12.5  91.0  11.4  0.11   6.5  31.0   1.3 163.1            
      12 11  38.9  -2.6  15.7  79.1  11.3  0.01   7.4  32.1   1.3 192.8            
      12 12  42.1   7.5  23.0  78.2  17.3         8.5  44.6   1.9 153.5            
      12 13  50.8   8.7  24.9  73.4  16.8         7.4  33.3   1.4 205.5            
      12 14  52.3  13.6  30.8  68.6  20.7         8.0  48.2   2.0 207.4            
      12 15  44.8  17.6  30.5  74.1  23.1         9.4  50.7   2.1 194.4            
      12 16  42.5  21.4  30.9  77.5  24.1        15.3  90.9   3.8 183.5            
      12 17  56.9  17.2  36.9  64.6  24.0        15.9  83.5   3.5 197.4            
      12 18  42.1   6.3  25.8  75.0  20.0        29.0 189.6   7.9  96.4            
      12 19   6.5  -1.1   2.4  79.0  -2.5        14.7 174.3   7.3 126.6            
      12 20   0.9  -3.0  -1.2  82.8  -5.0        15.3 141.6   5.9 107.1            
      12 21  11.2 -23.0  -5.5  81.1  -8.0  0.02   9.4  55.8   2.3 195.5            
      12 22   7.8 -25.5 -10.5  78.5 -13.1         7.7  36.2   1.5 211.8            
      12 23  18.3 -19.5  -6.7  78.5 -10.0  0.01   7.4  34.5   1.4 215.6            
      12 24  13.9 -18.8  -2.1  78.4  -5.3        11.2  52.2   2.2 168.1            
      12 25  38.9  -4.9  16.7  70.5   9.6  0.08  15.2  83.6   3.5 201.7            
      12 26  50.3   8.6  27.9  64.1  16.5        14.7  90.1   3.8 126.8            
      12 27  45.2  14.9  29.7  59.4  16.5        13.4  87.6   3.6 181.4            
      12 28  51.2  20.4  40.5  50.3  23.0        32.8 231.6   9.7 174.6            
      12 29  41.9  23.9  34.7  75.6  27.4        17.0 116.3   4.8 173.4            
      12 30  57.9  23.2  40.1  69.5  29.0        37.9 230.4   9.6 175.4            
      12 31  36.3  25.3  31.7  89.9  29.0         8.6  47.8   2.0 108.4            

      Total                                8.19                         44.15 35.14
        Max 101.9  63.8  81.3  98.7  63.3        46.1 439.0  18.3 660.8
        Min   0.9 -25.5 -10.5  27.4 -13.1         6.3  31.0   1.3  38.2
        Ave  63.7  34.1  48.7  63.2  34.1        19.9 113.2   4.7 349.1
