                                                                    17-JAN-02
      Cellular-linked Weather Station near GREELEY (West), Colorad       2001
      -----------------------------------------------------------------------------
               Temperature      Rel   Dew             Wind        Solar StandrdASCE
            ----------------- Humid Point  Prec -----------------   Rad   ETr   ETo
       Date   Max   Min   Ave   Ave   Ave Total   Max Total   Ave Total Alflf Grass
      MoDay     F     F     F     %     F  inch   mph miles   mph Langl  inch  inch
      ----- ----- ----- ----- ----- ----- ----- ----- ----- ----- ----- ----- -----
       1  1  23.7   9.9  17.1  97.6  16.9         9.3  46.5   1.9 115.9            
       1  2  39.7   2.5  18.9  87.3  16.6  0.02   7.6  33.1   1.4 237.8            
       1  3  49.1   7.9  26.0  76.0  18.9         9.7  44.5   1.9 233.4            
       1  4  59.8  14.3  33.9  65.1  21.9        15.4  79.9   3.3 213.1            
       1  5  55.3  17.8  34.3  68.6  24.0        12.3  54.4   2.3 239.0            
       1  6  52.9  26.3  37.6  57.9  23.5        17.0 121.3   5.1 188.8            
       1  7  44.4  20.2  31.8  65.5  20.6        15.8  75.2   3.1 246.3            
       1  8  52.4  12.8  27.8  67.8  16.5         7.6  36.8   1.5 254.3            
       1  9  42.7   8.2  24.1  67.5  14.1         7.4  30.5   1.3 229.7            
       1 10  55.6  15.8  33.6  53.5  17.5         9.7  55.9   2.3 239.0            
       1 11  46.9  19.9  31.5  64.6  19.9         9.4  45.8   1.9 250.9            
       1 12  49.1  11.2  30.7  60.3  17.2        17.6  68.5   2.9 248.2            
       1 13  44.4  21.9  35.8  52.5  19.9        36.2 269.9  11.2 110.6            
       1 14  41.7  13.7  25.3  60.8  12.4        12.7  71.3   3.0 169.9            
       1 15  36.6  11.3  24.4  59.6  11.7        13.7  72.4   3.0 254.9            
       1 16  23.3  11.5  19.7  93.9  18.3        13.1  91.0   3.8 157.6            
       1 17  24.3   1.1  12.9  86.4   9.8        10.4  43.8   1.8 188.4            
       1 18  36.6  13.2  26.0  72.0  18.1  0.05  14.3 109.4   4.6 226.1            
       1 19  35.6   9.0  21.2  82.0  16.3        10.6  67.5   2.8 285.0            
       1 20  43.8  15.5  29.3  68.4  19.2        32.4 157.5   6.6 190.3            
       1 21  44.8  11.0  26.0  70.4  16.3         9.4  52.8   2.2 294.2            
       1 22  41.3  12.6  25.4  74.3  18.0         9.7  38.8   1.6  86.2            
       1 23  42.3  18.4  27.5  82.3  22.3         9.6  37.1   1.5 267.8            
       1 24  40.4  17.1  29.0  74.8  21.8        12.6  67.4   2.8 283.2            
       1 25  42.3  17.7  29.3  72.5  20.1        18.9  83.5   3.5 126.2            
       1 26  39.3  20.1  30.8  56.7  17.1        15.6 131.7   5.5 244.0            
       1 27  32.5  15.8  25.0  90.5  22.6        15.1  64.5   2.7 122.7            
       1 28  24.7  19.5  22.4  98.9  22.2        16.0 111.9   4.7  43.1            
       1 29  39.4  20.6  30.0  77.6  22.9  0.30  18.6 134.9   5.6 139.2            
       1 30  35.9  18.5  30.0  51.2  13.9        33.8 286.5  11.9 205.2            
       1 31  34.2  -2.0  14.3  74.4   7.6        11.9  60.2   2.5 325.8            
       2  1  40.5   2.1  19.7  72.0  12.0        15.5  67.4   2.8 288.3            
       2  2  46.2   7.3  26.4  77.0  20.0        18.9  66.8   2.8 286.5            
       2  3  48.9  21.9  36.2  68.7  26.1        27.7 132.2   5.5 185.7            
       2  4  40.8  18.1  28.7  75.8  21.7        12.4  78.9   3.3 312.3            
       2  5  55.6  17.1  33.3  76.2  25.6        23.7 126.8   5.3 310.4            
       2  6  38.8  21.7  30.4  90.1  27.8        12.9  84.1   3.5 286.6            
       2  7  30.1  14.3  22.9  96.5  22.5        17.7 185.6   7.7  61.3            
       2  8  14.5   8.1  10.6  84.6   6.9        16.7 173.1   7.2 218.2            
       2  9  20.4 -11.8   5.7  73.8  -0.8  0.03  11.4  66.7   2.8 383.2            
       2 10  33.6  -6.6  13.2  78.0   9.0        11.2  56.0   2.3 365.2            
       2 11  46.6   6.5  24.6  77.0  17.3        25.3 116.9   4.9 336.6            
       2 12  44.2  13.6  29.0  75.3  22.1        11.0  62.0   2.6 368.4            
       2 13  44.8  16.7  29.3  82.0  24.1        29.4 120.6   5.0 370.0            
       2 14  19.9   3.0  11.7  87.8   8.9  0.04  13.1  89.9   3.7 283.8            
       2 15  36.0   0.3  18.3  82.2  14.7  0.01   8.8  38.8   1.6 387.7            
       2 16  23.3  17.8  21.1  97.5  20.5        19.2 103.1   4.3  94.1            
       2 17  35.9  21.8  25.6  94.8  24.2         9.7  50.2   2.1 252.1            
       2 18  46.1  22.4  32.4  80.8  26.7        12.4  56.8   2.4 153.3            
       2 19  48.8  23.8  35.8  79.2  29.7        12.7  74.6   3.1 291.8            
       2 20  41.6  22.3  30.5  96.3  29.4        21.4 131.2   5.5 277.8            
       2 21  44.1  25.9  31.9  94.9  30.3        12.1  87.7   3.7 273.6            
       2 22  49.2  23.4  37.3  72.3  27.7        18.8 147.0   6.1 296.4            
       2 23  40.1  27.4  33.6  98.3  32.8        13.8 127.7   5.3 101.9            
       2 24  43.6  28.0  33.6  88.5  30.2  0.01  18.3 132.1   5.5 241.0            
       2 25  51.1  20.5  34.5  71.5  24.7        17.0  87.3   3.6 415.6            
       2 26  32.0  22.0  27.2  89.0  24.3        19.1 157.7   6.6 247.0            
       2 27  22.2  14.6  18.4  91.1  16.3        14.7 151.4   6.3 209.7            
       2 28  37.2  14.3  24.2  82.2  19.7  0.01   9.0  57.9   2.4 306.4            
       3  1  57.1  20.6  36.4  60.5  20.8        21.7 108.0   4.5 391.7  0.13  0.09
       3  2  50.9  19.4  34.6  66.6  22.8        11.5  71.7   3.0 446.9  0.09  0.07
       3  3  51.1  21.6  36.1  60.9  21.8        19.4  80.1   3.3 425.5  0.10  0.08
       3  4  50.6  21.9  36.1  64.4  23.9        13.7  72.4   3.0 455.2  0.09  0.08
       3  5  60.0  23.4  40.3  62.2  26.5        12.4  63.1   2.6 326.5  0.10  0.08
       3  6  60.5  32.5  46.6  53.3  29.1        19.0  90.3   3.8 277.7  0.12  0.09
       3  7  58.5  28.8  43.9  67.9  33.0        22.0 117.8   4.9 406.9  0.12  0.09
       3  8  58.3  26.5  43.0  64.7  29.9        14.3  70.9   3.0 457.9  0.11  0.09
       3  9  64.3  25.7  45.4  56.0  27.6        18.2  67.6   2.8 414.2  0.13  0.10
       3 10  42.1  27.9  34.0  91.7  31.5  0.05  21.7 157.9   6.6  78.9  0.04  0.03
       3 11  28.1  22.4  25.8  97.2  25.1  0.01  17.8 154.5   6.4 257.0  0.02  0.02
       3 12  53.5  22.5  36.2  67.4  24.7  0.11  20.0 106.9   4.5 444.0  0.12  0.09
       3 13  55.5  26.1  40.4  64.3  28.0        15.2 107.2   4.5 446.8  0.12  0.09
       3 14  54.1  23.0  36.0  60.0  21.1        47.0 257.9  10.7 255.7  0.17  0.11
       3 15  44.4  22.0  33.0  60.3  19.2        45.1 333.0  13.9 398.3  0.14  0.09
       3 16  45.8  13.5  30.0  71.1  20.2  0.01  19.6 130.1   5.4 391.5  0.09  0.07
       3 17  36.9  25.8  31.0  88.0  27.9  0.02  18.6 197.1   8.2 161.8  0.04  0.03
       3 18  53.0  20.7  34.3  75.9  25.6        31.6 124.5   5.2 372.8  0.11  0.09
       3 19  62.6  18.5  41.3  56.6  22.9        12.9  60.8   2.5 502.2  0.13  0.11
       3 20  70.3  27.5  49.1  55.6  31.9        18.2  98.6   4.1 290.5  0.16  0.11
       3 21  64.2  36.7  50.0  70.4  39.6        18.3 103.2   4.3 373.3  0.13  0.10
       3 22  65.4  33.5  50.0  66.8  36.2        23.3 111.1   4.6 524.7  0.16  0.13
       3 23  64.5  28.5  42.5  70.4  31.6        31.7 167.1   7.0 510.4  0.20  0.14
       3 24  34.4  28.7  31.1  94.8  29.8        13.7 170.4   7.1 112.3  0.03  0.02
       3 25  34.7  29.0  31.3  94.5  29.7        14.0 123.9   5.2 106.9  0.03  0.03
       3 26  40.3  28.8  34.0  95.7  32.7  0.17  11.6  73.7   3.1 195.3  0.04  0.04
       3 27  57.6  29.8  39.9  77.4  31.7        31.4 123.4   5.1 380.0  0.13  0.10
       3 28  52.8  23.1  39.4  70.1  29.6        25.1  96.3   4.0 369.8  0.10  0.08
       3 29  47.0  30.2  38.5  86.3  34.6        14.3  81.2   3.4 214.8  0.06  0.05
       3 30  59.3  25.9  40.1  73.0  29.3        35.6 192.8   8.0 502.0  0.18  0.13
       3 31  47.8  26.0  35.8  77.4  28.0  0.06  14.2  96.9   4.0 557.0  0.11  0.09
       4  1  70.7  25.0  50.0  54.4  29.4        31.0 179.8   7.5 500.3  0.25  0.17
       4  2  72.2  41.1  55.0  49.3  34.8        28.6 203.9   8.5 499.3  0.28  0.19
       4  3  72.6  36.5  53.0  68.3  40.8        27.5 170.4   7.1 471.3  0.22  0.16
       4  4  59.5  42.2  49.3  85.1  44.6        18.0 145.0   6.0 360.0  0.11  0.09
       4  5  57.9  43.5  50.5  83.7  45.4        14.8  77.5   3.2 240.5  0.08  0.07
       4  6  58.0  39.8  48.4  78.0  41.4        27.8 139.6   5.8 247.4  0.10  0.08
       4  7  66.0  34.0  52.5  35.8  24.8        21.3 135.4   5.6 527.7  0.22  0.16
       4  8  61.5  35.0  47.1  59.2  31.7        23.6 129.6   5.4 398.9  0.17  0.12
       4  9  63.1  30.4  46.6  53.3  28.6        35.7 258.8  10.8 546.3  0.24  0.17
       4 10  42.0  31.8  38.0  84.1  33.4  0.15  20.0 174.1   7.3 133.3  0.05  0.04
       4 11  43.7  31.8  37.0  79.3  30.6  0.49  40.8 415.0  17.3 346.0  0.10  0.07
       4 12  51.1  31.3  39.6  73.2  31.6        16.1 120.6   5.0 488.9  0.12  0.10
       4 13  56.3  31.2  43.4  59.0  28.0        17.0 112.0   4.7 624.0  0.17  0.14
       4 14  62.7  27.6  44.1  64.1  30.7        31.0 120.0   5.0 539.9  0.18  0.14
       4 15  60.3  28.4  44.4  58.1  29.4        26.8 172.5   7.2 636.0  0.20  0.15
       4 16  42.3  30.8  37.3  70.2  28.4        22.1 165.7   6.9 290.2  0.09  0.07
       4 17  64.1  36.2  46.7  65.3  35.0        13.1  99.4   4.1 638.9  0.19  0.15
       4 18  80.1  30.6  56.4  53.3  33.7        18.9 114.4   4.8 543.4  0.26  0.19
       4 19  77.0  40.3  61.1  34.3  28.0        34.6 190.5   7.9 622.5  0.34  0.24
       4 20  61.3  34.7  48.6  61.2  35.7        24.5 145.5   6.1 300.8  0.15  0.11
       4 21  53.9  28.9  40.8  86.2  36.4  0.67  25.4 166.9   7.0 275.4  0.09  0.07
       4 22  38.2  28.7  33.0  94.0  31.1  0.33  35.0 350.9  14.6 150.9  0.04  0.03
       4 23  55.1  26.9  42.6  66.8  31.6        20.1 136.6   5.7 691.0  0.16  0.14
       4 24  67.8  32.3  51.3  60.8  35.8        12.8  65.7   2.7 668.0  0.19  0.16
       4 25  73.9  35.8  54.5  61.7  38.8         9.8  49.5   2.1 668.6  0.19  0.17
       4 26  75.8  40.0  60.3  50.7  38.2        15.6  75.6   3.1 663.7  0.23  0.19
       4 27  80.7  39.9  60.9  55.2  41.8        19.5  95.9   4.0 637.9  0.25  0.20
       4 28  77.5  39.9  60.7  57.9  43.4        20.7 100.0   4.2 593.2  0.23  0.18
       4 29  80.5  40.7  61.7  50.9  40.0        33.4 139.6   5.8 589.9  0.29  0.22
       4 30  76.6  40.5  61.6  44.3  37.0        15.0 107.5   4.5 631.0  0.25  0.20
       5  1  85.0  47.4  68.1  33.3  36.5        28.7 235.9   9.8 579.0  0.42  0.29
       5  2  47.5  31.8  34.8  95.9  33.2  0.90  31.0 165.0   6.9 139.6  0.07  0.05
       5  3  37.5  31.8  34.4 100.4  34.3  0.71  12.2  81.4   3.4 152.8  0.03  0.03
       5  4  42.6  33.7  39.0 100.2  38.9  0.54  13.0 133.4   5.6  91.2  0.02  0.02
       5  5  53.1  39.5  45.1  92.2  42.8  0.53  28.7 260.6  10.9 190.9  0.07  0.06
       5  6  59.6  41.7  51.1  66.8  40.1        24.3 201.2   8.4 617.4  0.19  0.15
       5  7  64.5  37.5  50.8  61.7  36.6        14.4  93.9   3.9 701.0  0.20  0.17
       5  8  74.2  36.3  58.1  57.0  39.4        13.7  70.9   3.0 705.0  0.22  0.19
       5  9  77.8  36.5  59.5  54.7  40.7        67.5 116.8   4.9 426.1  0.22  0.17
       5 10  81.8  43.5  60.3  64.2  46.0        17.1  96.3   4.0 470.2  0.23  0.18
       5 11  69.7  47.6  57.5  71.7  47.5        15.3 141.3   5.9 581.3  0.21  0.17
       5 12  84.3  41.9  63.3  58.3  44.2        12.6  57.7   2.4 707.0  0.25  0.21
       5 13  86.5  43.8  67.3  49.2  43.3        14.0  57.7   2.4 699.3  0.26  0.22
       5 14  83.0  49.3  65.5  54.8  47.5        22.8  90.3   3.8 540.6  0.24  0.20
       5 15  82.8  45.8  66.9  52.7  45.6        24.1 115.0   4.8 559.0  0.27  0.21
       5 16  78.5  55.2  65.8  49.6  45.6        33.5 154.2   6.4 363.6  0.26  0.19
       5 17  65.0  45.0  54.0  82.2  48.4  0.06  28.5 155.0   6.5 247.2  0.12  0.09
       5 18  78.8  37.3  57.5  72.6  45.5  0.01  28.3  87.9   3.7 561.8  0.22  0.18
       5 19  69.7  52.5  59.4  73.6  50.6        15.1 125.1   5.2 409.9  0.17  0.14
       5 20  71.4  31.7  49.6  74.3  40.5  0.06  45.7 217.2   9.1 550.0  0.24  0.18
       5 21  59.3  30.6  46.9  44.4  23.9        32.6 236.4   9.8 694.3  0.25  0.19
       5 22  75.5  36.2  58.0  42.8  31.9        35.7 235.0   9.8 745.0  0.36  0.26
       5 23  80.2  38.2  62.4  43.8  35.4        41.9 259.4  10.8 735.0  0.40  0.29
       5 24  77.3  38.1  60.4  41.0  33.1        32.7 230.5   9.6 754.0  0.38  0.27
       5 25  74.3  34.2  55.5  60.7  40.3        15.9  81.3   3.4 716.0  0.23  0.20
       5 26  77.8  43.5  60.4  62.4  45.7  0.01  24.1 105.2   4.4 477.9  0.22  0.17
       5 27  73.8  49.7  60.9  76.4  52.5  0.02  21.9 141.9   5.9 454.9  0.19  0.15
       5 28  75.7  45.5  60.0  80.8  53.4  0.01  21.6 112.9   4.7 393.7  0.16  0.14
       5 29  78.4  50.3  61.9  75.1  52.4  0.08  14.6  78.3   3.3 428.5  0.18  0.15
       5 30  67.6  50.0  57.4  82.9  51.8  0.08  25.1 134.9   5.6 348.8  0.14  0.11
       5 31  76.0  45.1  60.4  72.6  49.4  0.01  20.9  87.6   3.6 628.9  0.22  0.19
       6  1  85.2  43.7  66.6  53.2  45.3        21.0  96.6   4.0 735.0  0.30  0.24
       6  2  87.5  46.8  66.9  55.5  48.0        18.4  86.0   3.6 600.2  0.27  0.22
       6  3  65.8  51.9  56.6  93.4  54.6  0.15  20.1 184.6   7.7 151.5  0.09  0.07
       6  4  61.1  47.3  53.3  96.2  52.0  0.17  17.7 178.0   7.4 263.6  0.08  0.07
       6  5  74.4  40.7  58.5  71.7  47.4  0.01  19.6 120.1   5.0 653.7  0.23  0.19
       6  6  81.5  45.4  65.6  64.9  49.8        18.1 135.5   5.6 652.4  0.28  0.22
       6  7  82.5  55.9  68.1  73.5  57.9  0.01  26.7 130.9   5.5 610.0  0.26  0.21
       6  8  85.5  51.0  69.8  64.6  55.5        19.4 148.3   6.2 693.9  0.30  0.24
       6  9  87.4  49.4  69.4  56.6  50.8        19.2  97.8   4.1 440.3  0.24  0.19
       6 10  93.9  48.8  74.1  44.1  45.5        21.8  94.3   3.9 647.6  0.33  0.26
       6 11  95.6  53.1  74.3  44.7  47.4        25.7 140.8   5.9 667.6  0.40  0.30
       6 12  86.2  61.0  71.1  60.7  54.6        31.4 150.5   6.3 493.0  0.30  0.23
       6 13  66.1  43.3  52.6  66.1  39.8  0.48  27.2 157.1   6.5 283.9  0.18  0.13
       6 14  68.5  37.7  55.0  58.1  37.2  0.01  27.2 152.4   6.3 647.3  0.24  0.19
       6 15  84.7  39.4  64.4  43.8  36.3  0.03  23.2 126.1   5.3 711.0  0.34  0.26
       6 16  80.7  47.3  64.1  59.2  48.2        15.3  91.9   3.8 663.4  0.26  0.21
       6 17  93.6  48.9  72.9  46.7  44.4        20.1 102.9   4.3 741.0  0.36  0.28
       6 18  90.8  49.3  71.2  40.5  42.3        26.2 144.3   6.0 605.9  0.37  0.28
       6 19  72.2  51.8  60.8  56.3  44.6        19.0 185.5   7.7 396.6  0.24  0.18
       6 20  75.6  53.0  62.8  69.7  52.2        22.8 159.9   6.7 587.2  0.24  0.20
       6 21  80.3  48.5  65.7  65.1  51.5        13.0  94.4   3.9 647.5  0.24  0.21
       6 22  88.1  49.7  69.1  55.0  49.2        28.9  94.0   3.9 608.8  0.28  0.23
       6 23  95.5  49.7  74.8  43.3  46.5        17.6 103.3   4.3 697.9  0.36  0.28
       6 24  94.0  52.7  75.3  44.1  48.9        24.6 108.0   4.5 650.8  0.34  0.27
       6 25  94.1  54.4  76.6  46.7  51.7        18.0  94.5   3.9 678.1  0.32  0.26
       6 26  92.3  55.0  73.9  54.5  54.4        21.6 115.6   4.8 602.5  0.32  0.25
       6 27  88.6  56.5  74.0  52.9  52.8        16.7  71.6   3.0 706.0  0.28  0.24
       6 28  93.5  57.5  77.1  43.6  50.0        13.7  62.6   2.6 713.0  0.30  0.25
       6 29  96.4  57.8  77.7  43.7  50.5        32.8 106.6   4.4 653.7  0.36  0.28
       6 30  99.2  58.6  78.1  47.2  53.5  0.02  27.1 132.8   5.5 626.3  0.40  0.30
       7  1  97.8  57.0  76.0  55.4  55.7  0.06  28.9  94.0   3.9 690.5  0.34  0.28
       7  2  94.8  56.5  75.9  56.3  55.5        21.4  93.7   3.9 514.6  0.29  0.22
       7  3  84.7  55.5  72.7  60.7  57.3        28.5 133.1   5.5 549.6  0.26  0.21
       7  4  93.5  55.1  75.3  56.2  56.1        23.2  95.9   4.0 603.8  0.30  0.24
       7  5  96.0  63.3  79.1  49.0  56.7        32.9 130.9   5.5 651.8  0.37  0.29
       7  6  97.0  61.1  79.7  47.0  55.4        23.5 111.2   4.6 678.1  0.36  0.28
       7  7  95.0  60.9  77.5  55.1  57.7  0.92  39.8 123.7   5.2 650.4  0.35  0.27
       7  8  90.4  64.0  74.7  69.5  62.7  0.10  30.8 172.5   7.2 576.2  0.32  0.25
       7  9  88.7  59.2  73.4  70.8  62.7        20.5 107.8   4.5 654.6  0.27  0.23
       7 10  84.9  55.8  71.5  70.4  60.6  0.76  53.0 160.4   6.7 662.7  0.28  0.23
       7 11  86.1  59.3  71.4  72.8  61.1        19.3 120.9   5.0 634.8  0.27  0.23
       7 12  86.0  60.5  68.9  81.5  62.0  0.07  25.8 120.9   5.0 463.2  0.23  0.19
       7 13  83.9  58.5  69.3  80.9  62.2  0.74  22.0  92.5   3.9 485.6  0.20  0.17
       7 14  82.4  57.5  69.0  80.5  62.0        13.4  93.3   3.9 563.2  0.21  0.19
       7 15  84.4  59.1  72.3  63.7  57.3        15.5  82.0   3.4 636.9  0.25  0.22
       7 16  93.2  54.0  75.1  48.1  49.9        18.9 120.1   5.0 694.7  0.36  0.28
       7 17  90.0  53.4  73.6  47.3  49.8        16.4  85.9   3.6 532.5  0.27  0.21
       7 18  90.6  52.9  75.2  49.5  50.9        28.6  86.9   3.6 651.4  0.29  0.24
       7 19  92.3  59.3  78.0  43.2  51.8        33.6 115.1   4.8 660.4  0.34  0.26
       7 20  94.3  57.2  75.6  57.2  56.0        13.5  68.1   2.8 675.8  0.29  0.24
       7 21  95.3  60.9  78.2  48.2  54.9        10.9  67.3   2.8 531.2  0.26  0.21
       7 22  96.9  60.0  80.0  44.8  52.2        16.8  83.9   3.5 683.1  0.33  0.26
       7 23  81.0  60.1  69.7  76.9  62.1  0.03  19.1 112.3   4.7 319.1  0.16  0.13
       7 24  84.7  56.5  69.2  75.8  60.0        25.3 104.2   4.3 532.8  0.23  0.19
       7 25  89.5  56.5  73.3  60.3  56.9        14.4 122.2   5.1 636.9  0.30  0.24
       7 26  79.6  57.8  69.3  70.5  58.8        26.6 126.7   5.3 432.1  0.20  0.16
       7 27  86.9  55.2  73.1  57.6  54.7        15.1  95.7   4.0 664.6  0.28  0.23
       7 28  93.5  55.9  75.8  53.9  53.2        16.1 106.7   4.4 672.5  0.33  0.26
       7 29  99.8  54.0  78.3  43.8  49.6        18.3  98.0   4.1 650.6  0.35  0.27
       7 30  97.3  51.8  78.1  44.5  50.5        15.9 100.1   4.2 662.6  0.34  0.26
       7 31  90.5  62.7  75.0  56.5  57.1  0.01  28.6 115.9   4.8 500.7  0.29  0.22
       8  1  87.5  59.1  70.6  70.6  58.6  0.02  24.5 120.2   5.0 478.8  0.26  0.20
       8  2  89.9  60.6  73.0  72.8  62.3        22.6  97.0   4.0 669.2  0.28  0.24
       8  3  90.4  58.3  74.8  65.8  60.4        15.2  89.7   3.7 665.7  0.28  0.23
       8  4  92.5  58.0  76.3  62.2  59.7        17.2  86.3   3.6 611.0  0.27  0.23
       8  5  94.5  62.1  79.3  51.4  56.9        17.5  79.0   3.3 616.0  0.28  0.23
       8  6  93.7  59.3  74.3  66.1  60.4  0.13  23.5 111.8   4.7 530.1  0.29  0.22
       8  7  92.5  58.8  75.3  65.4  60.1  0.01  18.6 108.3   4.5 650.9  0.30  0.24
       8  8  91.2  57.5  74.0  53.2  54.3        25.6 131.7   5.5 578.8  0.32  0.24
       8  9  69.3  61.1  64.8  71.7  55.4        22.9 154.2   6.4 251.8  0.15  0.11
       8 10  79.2  53.9  64.6  74.1  55.9        16.4  96.1   4.0 443.0  0.19  0.15
       8 11  84.5  50.0  67.8  70.7  55.4        16.1  82.5   3.4 552.5  0.22  0.18
       8 12  87.5  49.4  70.1  63.1  54.4        20.3 119.6   5.0 590.2  0.27  0.22
       8 13  85.6  54.2  69.2  70.0  57.8        16.9  88.7   3.7 564.9  0.23  0.19
       8 14  80.7  62.5  69.4  69.6  58.3  0.02  18.5 117.1   4.9 341.7  0.19  0.15
       8 15  82.9  61.4  68.7  59.3  53.0  0.14  28.9 146.2   6.1 497.0  0.28  0.21
       8 16  77.8  52.6  64.3  71.8  53.7        24.0  81.5   3.4 423.9  0.17  0.14
       8 17  85.2  47.9  67.6  59.1  48.7        17.8  88.9   3.7 624.5  0.26  0.21
       8 18  90.7  47.7  69.9  50.5  46.6        13.5  75.0   3.1 627.3  0.27  0.22
       8 19  93.6  48.3  70.3  52.5  48.8        36.6 103.6   4.3 424.7  0.28  0.21
       8 20  87.5  56.2  71.4  53.5  52.2        33.3 103.3   4.3 400.7  0.24  0.18
       8 21  86.7  56.3  70.4  60.6  54.4        14.5  64.4   2.7 490.2  0.21  0.17
       8 22  87.2  55.0  70.4  56.3  51.9        20.0  83.7   3.5 468.7  0.23  0.18
       8 23  84.2  59.0  68.7  65.8  55.3        15.5  93.5   3.9 461.7  0.22  0.18
       8 24  92.1  48.6  71.3  55.0  48.6        13.7  66.4   2.8 537.0  0.24  0.19
       8 25  85.1  55.0  71.4  51.2  50.9        24.6 169.8   7.1 494.2  0.30  0.22
       8 26  93.4  46.0  71.0  50.0  46.2        13.6  81.2   3.4 613.6  0.28  0.22
       8 27  95.3  51.5  72.8  46.0  46.7        16.1  95.8   4.0 603.0  0.31  0.24
       8 28  88.9  51.0  71.1  40.7  44.0        31.0 118.4   4.9 492.0  0.29  0.21
       8 29  90.9  48.8  70.2  49.4  47.0        18.9  91.2   3.8 471.3  0.26  0.19
       8 30  76.8  51.9  65.7  60.1  50.9        13.6  81.9   3.4 446.9  0.18  0.15
       8 31  81.9  48.4  65.2  68.6  53.3        23.4  83.2   3.5 457.6  0.19  0.15
       9  1  85.6  46.3  67.2  60.2  50.0        26.2 100.6   4.2 393.2  0.21  0.16
       9  2  90.8  49.5  70.7  48.3  45.4        19.3  97.5   4.1 549.3  0.28  0.21
       9  3  92.4  50.9  73.1  39.8  44.7        13.4  87.5   3.6 566.4  0.28  0.21
       9  4  91.2  50.1  72.3  41.8  44.8        20.7 113.0   4.7 576.1  0.30  0.23
       9  5  90.9  50.3  68.4  53.8  48.7        29.4  86.7   3.6 532.7  0.26  0.20
       9  6  89.3  54.1  66.9  57.9  49.1  0.01  22.9 120.4   5.0 431.6  0.29  0.20
       9  7  69.8  43.7  56.6  57.0  39.7  0.31  33.5 173.3   7.2 508.0  0.23  0.17
       9  8  53.4  39.1  45.4  83.9  40.4  0.24  20.9 147.0   6.1 261.1  0.09  0.07
       9  9  72.2  30.5  52.3  66.5  38.1        13.8  80.3   3.3 585.3  0.18  0.15
       9 10  82.9  37.6  59.3  63.7  42.2        11.8  58.2   2.4 581.4  0.20  0.16
       9 11  89.7  44.7  65.9  46.1  40.0        21.5  61.6   2.6 539.1  0.23  0.18
       9 12  85.4  42.7  66.7  41.1  40.9        19.6 124.4   5.2 544.4  0.28  0.20
       9 13  85.5  46.7  64.6  60.8  48.5  0.01  28.8 123.7   5.2 434.3  0.25  0.18
       9 14  79.5  49.1  62.2  79.6  53.9        21.9 108.9   4.5 427.9  0.18  0.14
       9 15  66.5  53.3  58.3  91.8  55.8  0.07  21.6 114.7   4.8 298.3  0.10  0.08
       9 16  79.7  51.0  60.9  79.6  53.5  0.12  24.5  89.7   3.7 352.1  0.16  0.13
       9 17  67.0  50.7  56.9  89.2  53.3  0.04  17.8  91.5   3.8 273.1  0.10  0.08
       9 18  71.2  46.1  57.4  84.0  51.4  0.07  16.4  73.2   3.0 434.9  0.13  0.11
       9 19  82.7  41.5  62.0  65.5  46.2        12.8  60.7   2.5 508.1  0.18  0.15
       9 20  78.3  48.6  63.1  57.2  45.9        13.4 110.6   4.6 504.8  0.21  0.16
       9 21  85.9  44.5  63.6  61.1  46.0         9.5  57.8   2.4 431.6  0.18  0.14
       9 22  82.2  45.4  63.2  51.3  40.4        22.1 119.9   5.0 474.6  0.25  0.18
       9 23  70.3  40.0  55.7  60.6  40.9        15.6  94.5   3.9 495.0  0.17  0.13
       9 24  79.3  38.7  57.6  67.6  44.5        11.5  57.7   2.4 487.0  0.16  0.13
       9 25  83.6  41.5  62.4  59.5  44.3        14.3  88.5   3.7 477.7  0.21  0.16
       9 26  90.3  43.5  65.6  49.6  40.5        31.6  60.6   2.5 413.1  0.20  0.15
       9 27  90.2  48.8  69.6  38.9  39.0        12.4  61.7   2.6 466.7  0.21  0.15
       9 28  83.1  44.6  64.1  59.4  47.6        13.2  76.0   3.2 397.4  0.17  0.13
       9 29  80.6  47.7  63.2  59.2  46.6        26.7  91.3   3.8 322.0  0.18  0.13
       9 30  74.6  47.9  60.8  65.1  48.3        12.2  55.9   2.3 420.5  0.13  0.11
      10  1  81.4  47.2  63.3  55.5  44.1        13.1  55.4   2.3 437.7  0.16  0.13
      10  2  83.8  47.7  65.5  38.4  35.6        23.7 125.2   5.2 392.7  0.26  0.18
      10  3  80.2  38.8  58.9  45.9  35.4        12.1  78.3   3.3 455.9  0.19  0.14
      10  4  51.4  32.3  46.1  75.6  38.5  0.11  25.8 167.9   7.0 118.8  0.05  0.04
      10  5  47.8  32.2  37.8  83.2  32.8  0.03  12.4  84.3   3.5 237.6  0.07  0.05
      10  6  70.4  24.8  45.8  69.8  34.0        11.1  48.5   2.0 434.5  0.12  0.09
      10  7  72.9  38.6  54.1  59.6  39.0        13.8  67.9   2.8 164.6  0.12  0.08
      10  8  78.3  37.7  60.2  51.3  38.6        21.0  86.3   3.6 386.4  0.17  0.12
      10  9  65.2  40.7  51.3  67.4  40.5  0.04  27.7 145.5   6.1 238.2  0.14  0.10
      10 10  55.7  34.3  44.6  55.6  28.7        17.5 112.9   4.7 375.6  0.12  0.09
      10 11  54.0  24.5  42.2  65.1  30.0        36.0  75.6   3.1 197.5  0.07  0.06
      10 12  54.5  36.0  45.8  40.5  22.3        33.3 300.5  12.5 359.6  0.21  0.14
      10 13  63.8  33.0  50.0  49.0  30.6        35.4 262.9  11.0 301.9  0.21  0.14
      10 14  61.0  34.3  47.1  64.1  34.6        19.1 114.9   4.8 363.3  0.12  0.09
      10 15  51.7  28.8  39.2  71.9  30.4  0.06  37.0 154.1   6.4 404.5  0.10  0.08
      10 16  67.9  23.0  44.0  65.8  30.3        11.3  42.1   1.8 406.5  0.10  0.08
      10 17  72.8  31.0  51.5  54.5  33.6        11.5  58.5   2.4 245.0  0.12  0.08
      10 18  55.7  31.7  44.9  62.2  31.9        20.5 110.9   4.6 376.5  0.10  0.08
      10 19  70.1  27.7  47.4  56.9  28.4        24.0 125.4   5.2 374.1  0.19  0.12
      10 20  54.0  31.2  42.3  66.8  31.7        12.2  66.2   2.8 164.7  0.07  0.05
      10 21  56.7  30.5  45.6  67.4  34.7        15.1  53.1   2.2 206.5  0.06  0.05
      10 22  70.6  32.3  50.9  58.7  34.8        27.9 111.6   4.7 228.8  0.15  0.10
      10 23  69.9  38.1  53.0  42.7  29.2        43.6 325.0  13.5 330.6  0.31  0.19
      10 24  52.4  35.6  43.5  26.8  10.7        35.1 369.2  15.4 381.3  0.26  0.16
      10 25  57.2  26.2  40.5  37.0  14.4        25.1 137.1   5.7 348.3  0.16  0.10
      10 26  58.2  23.8  40.0  43.5  17.8        15.2  63.3   2.6 360.8  0.10  0.07
      10 27  72.3  24.4  46.0  46.3  23.5        11.5  60.3   2.5 266.0  0.13  0.09
      10 28  69.2  35.3  48.5  56.2  33.6        15.6  63.8   2.7 104.1  0.10  0.07
      10 29  56.0  31.8  45.0  65.5  33.7        14.7  49.9   2.1 258.8  0.06  0.05
      10 30  56.0  33.2  43.4  76.9  36.4        12.4  36.7   1.5  91.8  0.04  0.04
      10 31  71.9  35.0  51.6  51.5  32.1        37.0 167.0   7.0 265.4  0.21  0.13
      11  1  63.4  32.8  48.9  46.5  27.5        23.2 105.6   4.4 325.7            
      11  2  63.3  28.4  45.2  52.8  27.3        12.0  42.4   1.8 331.3            
      11  3  66.6  31.0  48.3  49.8  28.5        13.4  62.6   2.6 310.1            
      11  4  69.8  26.1  45.3  55.7  28.1         8.4  32.4   1.4 336.0            
      11  5  74.4  30.6  51.0  43.1  26.3        14.0  64.4   2.7 302.7            
      11  6  71.0  33.3  52.0  52.6  33.2        14.9  71.2   3.0 304.1            
      11  7  71.0  31.7  44.6  70.3  33.4  0.08  35.9 169.4   7.1 254.6            
      11  8  47.8  26.5  35.7  87.5  31.8  0.24  13.7  58.2   2.4 336.0            
      11  9  60.5  20.5  37.7  74.0  28.2         6.7  35.5   1.5 326.4            
      11 10  60.3  23.2  39.9  59.2  24.2         6.4  40.3   1.7 328.7            
      11 11  64.0  23.8  41.9  63.9  28.2         9.0  40.2   1.7 288.4            
      11 12  65.8  30.5  45.8  65.8  32.7        11.6  68.2   2.8 295.3            
      11 13  65.2  32.3  44.7  70.3  33.9         8.3  34.6   1.4 255.8            
      11 14  65.5  33.1  47.1  56.7  30.5        13.2  65.2   2.7 293.0            
      11 15  63.2  28.0  42.8  69.2  31.6        10.9  33.8   1.4 294.0            
      11 16  62.3  26.2  41.5  79.5  34.6         9.3  37.3   1.6 288.3            
      11 17  61.4  31.3  41.5  84.7  35.8         7.8  49.1   2.0 252.1            
      11 18  49.8  26.3  33.6  90.3  30.8  0.11  23.8 130.8   5.5 107.9            
      11 19  43.1  17.2  28.8  99.2  28.8  0.07   6.1  32.1   1.3 204.1            
      11 20  60.3  20.3  34.0  83.5  28.7         7.2  37.3   1.6 291.2            
      11 21  56.4  21.0  35.8  68.5  25.4        11.4  47.0   2.0 221.8            
      11 22  52.3  25.8  37.7  74.8  29.8         9.9  47.7   2.0 178.3            
      11 23  43.7  35.0  39.7  78.7  33.6  0.03  31.1 283.5  11.8  66.2            
      11 24  49.7  25.7  37.5  56.6  21.9        27.8 189.0   7.9 274.1            
      11 25  32.6  21.5  28.4  93.2  26.6        15.5 137.6   5.7  89.5            
      11 26  29.9  16.5  22.6  88.1  19.7  0.02  26.8 204.3   8.5 203.4            
      11 27  27.0   7.6  15.7  82.4  11.1  0.03  13.9 110.9   4.6 259.6            
      11 28  26.7   1.7  12.8  85.1   9.2         9.3  48.8   2.0 269.5            
      11 29  31.5   8.2  19.5  86.2  16.2         7.8  46.3   1.9 167.9            
      11 30  46.8  21.1  30.9  69.3  21.2        14.3  93.4   3.9 229.8            
      12  1  44.7  14.8  29.3  72.6  21.0        18.3  77.0   3.2 247.5            
      12  2  55.2  23.7  38.0  65.4  26.8        14.5  93.5   3.9 240.9            
      12  3  62.6  24.4  38.6  72.3  27.7        25.0  82.7   3.4 242.7            
      12  4  46.7  22.6  31.9  81.2  26.5         9.1  37.3   1.6 153.5            
      12  5  46.5  25.8  37.6  42.3  15.4        35.4 252.2  10.5 255.1            
      12  6  56.2  27.6  42.8  41.6  20.0        32.9 233.7   9.7 246.6            
      12  7  43.8  21.2  33.8  52.4  17.6        31.0 205.9   8.6 201.8            
      12  8  47.8  13.0  27.0  63.0  14.2         8.6  33.6   1.4 251.3            
      12  9  51.1  16.1  30.7  68.9  20.5         7.4  32.1   1.3 176.9            
      12 10  40.9  17.2  27.9  74.3  20.0        16.0  73.0   3.0 180.6            
      12 11  47.0  15.3  31.0  60.9  15.6        22.7 144.9   6.0 244.8            
      12 12  32.0  13.9  23.8  81.2  18.8        12.4  73.1   3.0 120.0            
      12 13  36.6   6.8  20.2  82.8  15.7         9.4  34.2   1.4 191.0            
      12 14  44.4  13.3  26.7  76.9  19.9        16.6  49.8   2.1 173.0            
      12 15  45.6  16.0  29.3  76.4  21.9        23.2 105.3   4.4 132.6            
      12 16  31.6   8.6  19.6  95.2  19.0        10.5  46.1   1.9 193.1            
      12 17  57.7  11.7  31.1  72.4  22.2        12.2  45.8   1.9 222.6            
      12 18  41.9  15.6  27.9  76.4  21.0        20.4 126.1   5.3 217.8            
      12 19  51.8  10.9  27.6  71.6  17.5        12.4  60.3   2.5 229.2            
      12 20  43.3  16.3  27.9  73.4  20.0        13.4  52.0   2.2 204.5            
      12 21  51.2  13.5  31.3  67.3  20.0        32.9 122.2   5.1 205.1            
      12 22  40.0  17.9  28.1  66.3  17.5        20.7 150.9   6.3 217.6            
      12 23  45.1   9.7  25.3  69.3  15.4        10.5  62.5   2.6 240.9            
      12 24  39.7   8.2  24.8  62.6  12.4        11.0  63.3   2.6 231.8            
      12 25  44.9  14.0  28.0  49.1  10.4        12.0  77.4   3.2 187.7            
      12 26  50.1  18.2  32.0  49.7  13.7        12.6  68.2   2.8 239.1            
      12 27  48.8  13.8  29.0  55.6  13.5        15.0  71.6   3.0 232.0            
      12 28  49.7  13.3  27.9  68.0  17.9        39.5 174.6   7.3  88.9            
      12 29  33.5  18.3  24.2  67.9  15.0        14.3  85.5   3.6 165.8            
      12 30  29.2  16.5  22.0  77.1  15.8         9.5  86.3   3.6 151.5            
      12 31  34.4  10.3  22.6  76.4  15.8        15.9  59.0   2.5 219.1            

      Total                               11.14                         50.82 39.48
        Max  99.8  64.0  80.0 100.4  62.7        67.5 415.0  17.3 754.0
        Min  14.5 -11.8   5.7  26.8  -0.8         6.1  30.5   1.3  43.1
        Ave  64.6  34.4  49.0  65.8  35.6        19.9 109.9   4.6 396.3
