      2002                                                                03-JAN-03
      Weather Station near GREELEY WEST, CO  turf grass site at Greeley Park & Recr
      -----------------------------------------------------------------------------
               Temperature      Rel   Dew             Wind        Solar StandrdASCE
            ----------------- Humid Point  Prec -----------------   Rad   ETr   ETo
       Date   Max   Min   Ave   Ave   Ave Total   Max Total   Ave Total Alflf Grass
      MoDay     F     F     F     %     F  inch   mph miles   mph Langl  inch  inch
      ----- ----- ----- ----- ----- ----- ----- ----- ----- ----- ----- ----- -----
       1  1  29.1   0.1  18.2  88.6  15.9        12.9  55.8   2.3 158.4            
       1  2  31.1  -7.9   9.8  79.8   5.8  0.03   6.5  19.5   0.8 260.1            
       1  3  50.1   3.0  24.0  70.1  15.4         6.6  26.7   1.1 246.4            
       1  4  39.4  20.7  32.7  70.1  24.1        22.0 193.3   8.1  98.8            
       1  5  41.0  13.0  28.0  69.9  19.0        11.8  55.6   2.3 208.3            
       1  6  45.6  17.7  30.8  63.2  18.8        11.6  77.4   3.2 237.5            
       1  7  63.9  16.4  36.9  63.4  23.7        15.9  72.9   3.0 231.0            
       1  8  57.3  29.4  45.2  46.1  25.2        20.3  92.2   3.8  64.8            
       1  9  55.2  26.8  38.4  70.7  28.3  0.02  22.1 106.6   4.4 178.4            
       1 10  41.1   8.5  25.9  94.7  24.9  0.45   7.7  19.5   0.8 207.6            
       1 11  44.3   7.9  25.3  82.8  21.0        18.9  79.4   3.3 181.6            
       1 12  50.0  12.7  28.5  72.8  20.6        31.9  87.7   3.7 227.3            
       1 13  41.7  20.8  33.7  52.4  17.9        41.6 272.0  11.3 229.1            
       1 14  37.3  12.1  21.3  73.9  14.1        14.4  68.5   2.9 231.1            
       1 15  24.8   9.3  16.0  87.0  12.8        13.2  74.8   3.1 262.2            
       1 16  31.6   9.3  18.1  79.7  12.6        11.6  64.4   2.7 269.5            
       1 17  29.5   3.1  17.6  69.7   9.1        10.4  78.1   3.3 283.2            
       1 18  30.4   1.2  15.5  69.6   7.1        20.7  67.4   2.8 230.5            
       1 19  35.9  -3.2  15.2  62.5   4.4        11.7  56.6   2.4 302.7            
       1 20  40.1   8.2  24.7  47.3   6.6        30.0 130.3   5.4 283.6            
       1 21  49.7   8.6  32.4  51.8  16.0        20.1 108.5   4.5 286.0            
       1 22  53.5  17.3  31.8  64.6  20.2        26.9 149.9   6.2 254.2            
       1 23  27.4   0.0  18.7  91.1  17.1  0.04  22.5 117.0   4.9 233.7            
       1 24  34.7  -4.8  14.0  74.3   7.9        10.1  41.8   1.7 306.9            
       1 25  54.6  11.4  34.8  54.7  18.3        22.1 117.5   4.9 232.4            
       1 26  53.8  23.7  38.4  51.3  21.4        14.8  74.8   3.1 217.8            
       1 27  56.7  22.0  35.2  58.8  20.7        20.1  70.6   2.9 223.4            
       1 28  35.9  15.3  22.4  84.4  18.4        17.3 115.1   4.8 237.0            
       1 29  35.4  13.6  22.5  80.1  17.0        17.4 118.3   4.9 243.1            
       1 30  27.8   9.1  18.1  87.0  15.1  0.09   8.6  62.8   2.6 259.1            
       1 31  29.6  -0.1  16.8  58.0   4.5  0.01  30.0 140.4   5.8 340.6            
       2  1  40.0   2.9  20.6  66.3  10.3         7.2  28.0   1.2 335.7            
       2  2  42.9  14.2  26.8  63.9  15.1        10.8  70.3   2.9 258.8            
       2  3  45.0  12.9  27.3  66.1  16.2        11.3  54.9   2.3 339.0            
       2  4  44.9  12.7  27.5  61.7  14.4        31.3 173.0   7.2 328.2            
       2  5  41.4  16.6  27.5  59.1  14.0        12.5  68.3   2.8 347.6            
       2  6  55.6  11.6  30.9  60.7  15.0        29.6  92.4   3.9 351.9            
       2  7  45.8  12.8  30.6  67.8  20.7        11.0  45.4   1.9 228.7            
       2  8  52.6  22.4  33.3  51.8  16.5        42.1 265.8  11.1 215.3            
       2  9  34.8  24.1  30.2  50.9  14.3        49.9 527.5  22.0 169.3            
       2 10  47.0  13.4  29.5  45.2   8.4        18.9 100.8   4.2 374.1            
       2 11  64.3  22.0  38.3  47.5  16.1        29.4 117.0   4.9 216.1            
       2 12  35.8  21.9  27.9  64.4  17.0         8.2  39.6   1.6 253.9            
       2 13  53.8  15.4  31.6  59.7  15.4        13.4  59.2   2.5 377.8            
       2 14  45.8  19.8  32.4  52.1  16.0        30.3 175.8   7.3 107.9            
       2 15  53.4  12.1  30.6  59.5  13.9         9.8  55.4   2.3 394.5            
       2 16  55.8  14.2  32.7  48.8  12.4        11.0  53.9   2.2 373.6            
       2 17  64.0  25.5  42.1  42.2  17.5        15.5  78.3   3.3 361.6            
       2 18  56.1  30.6  40.7  56.0  25.4        36.7 122.5   5.1 299.1            
       2 19  51.9  24.8  37.8  52.0  20.3        23.3 105.3   4.4 366.6            
       2 20  52.8  23.6  37.3  54.6  20.8        31.9 177.0   7.4 376.1            
       2 21  49.3  23.8  35.2  48.0  15.3        30.0 182.8   7.6 426.5            
       2 22  68.5  21.2  44.8  40.5  17.2        27.6  88.3   3.7 286.9            
       2 23  71.0  28.3  49.3  38.0  21.0        35.8 139.9   5.8 307.5            
       2 24  51.9  21.5  34.5  67.8  24.4        21.3 183.4   7.6 300.7            
       2 25  21.6   4.3  10.5  78.5   5.4  0.01  24.8 229.2   9.6 396.9            
       2 26  25.0   1.4  13.2  59.4   1.8        28.9 162.6   6.8 481.5            
       2 27  35.2   9.4  22.9  62.9  11.5  0.01  30.4 190.4   7.9 380.3            
       2 28  48.0   9.8  25.3  73.5  16.3        28.9 128.7   5.4 426.8            
       3  1  20.9  -0.3  10.6  94.5   9.8  0.08  22.8 170.8   7.1 325.2  0.02  0.02
       3  2  12.8 -16.6   1.0  84.9  -1.3        12.6  68.3   2.8 497.4  0.03  0.03
       3  3  27.7 -10.2  10.6  64.2   0.7        22.1 133.4   5.6 506.8  0.06  0.05
       3  4  43.2   1.6  23.0  69.3  15.4        12.0  55.7   2.3 494.1  0.07  0.06
       3  5  53.7  15.9  34.5  61.9  21.0        13.8  82.9   3.5 479.5  0.11  0.09
       3  6  41.5  26.6  34.0  76.9  27.3        16.7 106.0   4.4 441.5  0.07  0.06
       3  7  59.1  22.8  38.0  71.2  27.8        27.3 116.9   4.9 465.0  0.14  0.10
       3  8  33.5  11.0  20.6  92.0  19.9        33.5 203.6   8.5 116.2  0.03  0.03
       3  9  41.2   9.0  24.9  66.5  15.6        16.5 117.1   4.9 520.1  0.09  0.07
       3 10  55.9  19.6  34.9  70.2  25.0        10.7  58.4   2.4 413.2  0.10  0.08
       3 11  56.8  31.5  43.9  48.4  23.7        31.6 182.0   7.6 501.4  0.19  0.13
       3 12  65.1  29.7  47.7  47.7  26.0        22.4 129.7   5.4 339.8  0.18  0.12
       3 13  51.8  29.2  41.5  67.1  30.9        25.9 188.7   7.9 478.6  0.12  0.09
       3 14  32.8  20.6  26.1  87.9  22.9  0.16  21.9 208.2   8.7 402.4  0.05  0.04
       3 15  35.1  12.5  24.4  80.6  18.9  0.01  13.7  76.1   3.2 428.6  0.06  0.05
       3 16  41.9  23.8  31.9  70.9  23.1        21.1 149.1   6.2 461.1  0.09  0.07
       3 17  46.7  19.2  32.7  66.9  20.5        31.1  95.6   4.0 503.7  0.10  0.08
       3 18  43.3  21.4  31.0  75.5  23.5        18.9 101.7   4.2 427.2  0.08  0.07
       3 19  50.3  18.9  34.1  65.0  21.7        11.4  73.8   3.1 523.0  0.11  0.09
       3 20  64.8  17.8  40.4  53.8  19.8        26.8 107.5   4.5 531.4  0.19  0.14
       3 21  27.0  10.5  18.4  68.1   9.5        16.7 141.8   5.9 400.6  0.06  0.05
       3 22  61.4  16.7  39.2  52.0  19.4        12.9  68.9   2.9 552.7  0.15  0.12
       3 23  71.7  26.6  46.0  51.0  25.2        29.1 110.6   4.6 439.1  0.22  0.15
       3 24  39.4  21.0  27.9  83.6  23.5        14.0 147.7   6.2 132.5  0.06  0.04
       3 25  35.1  17.6  24.7  88.7  21.9  0.01  13.7 104.5   4.4 251.4  0.05  0.04
       3 26  60.4  20.2  40.3  58.8  22.5        16.3  81.0   3.4 564.4  0.15  0.12
       3 27  66.3  29.8  48.8  39.9  22.4        39.3 198.1   8.3 559.7  0.26  0.18
       3 28  69.5  29.5  49.6  45.4  24.1        27.6 148.8   6.2 526.3  0.24  0.17
       3 29  55.8  28.4  40.9  58.3  25.7        18.1 131.7   5.5 589.1  0.17  0.13
       3 30  57.4  27.5  42.6  53.7  25.7        19.4 109.2   4.5 453.8  0.15  0.11
       3 31  66.8  28.4  45.3  57.4  28.9        13.6  90.2   3.8 561.2  0.18  0.14
       4  1  76.4  29.8  55.9  34.7  21.7        40.1 236.5   9.9 579.3  0.37  0.24
       4  2  30.0  22.3  25.4  58.6  13.0        20.5 177.8   7.4 214.2  0.08  0.05
       4  3  46.6  21.8  34.8  40.0  12.6        18.8 158.1   6.6 523.2  0.15  0.11
       4  4  60.3  21.0  41.2  37.8  15.7        14.2  92.4   3.9 625.2  0.18  0.14
       4  5  65.7  27.3  48.5  40.5  23.1        18.1  90.1   3.8 612.3  0.19  0.15
       4  6  77.6  32.4  56.2  42.0  28.5        27.6 101.9   4.2 428.2  0.23  0.17
       4  7  68.0  38.8  55.0  48.2  35.2        18.1 125.3   5.2 467.1  0.20  0.15
       4  8  55.2  38.7  46.2  76.9  39.2        19.8 204.8   8.5 288.0  0.11  0.09
       4  9  74.7  30.2  53.0  56.3  31.7        16.1  71.5   3.0 576.8  0.20  0.16
       4 10  73.2  42.6  57.1  40.8  31.9        33.8 154.0   6.4 268.8  0.24  0.16
       4 11  66.8  39.8  54.9  50.2  34.6        29.5 128.2   5.3 502.4  0.20  0.15
       4 12  71.5  34.5  55.1  49.6  33.0        19.8 102.0   4.3 556.4  0.21  0.16
       4 13  77.5  40.6  59.9  36.9  30.4        16.7  83.0   3.5 629.2  0.24  0.19
       4 14  77.5  44.0  64.1  28.5  28.4        22.4 135.5   5.6 299.8  0.25  0.18
       4 15  83.2  47.0  67.3  24.7  27.0        24.5 135.9   5.7 452.6  0.31  0.22
       4 16  64.9  43.1  56.8  26.9  22.1        42.1 256.7  10.7 543.0  0.31  0.22
       4 17  78.3  31.3  56.3  38.9  25.4        35.4 206.4   8.6 665.1  0.37  0.26
       4 18  69.1  33.6  48.8  46.3  27.3        38.9 263.0  11.0 619.8  0.32  0.22
       4 19  42.8  26.9  34.8  64.1  23.7        17.7 157.0   6.5 315.2  0.10  0.08
       4 20  43.9  33.6  36.8  79.7  31.0  0.01  31.7 234.8   9.8 194.1  0.09  0.06
       4 21  59.3  25.0  42.7  58.5  24.5        28.1 132.0   5.5 576.3  0.19  0.14
       4 22  71.3  23.2  50.7  33.4  18.0        32.0 102.2   4.3 689.4  0.25  0.19
       4 23  80.1  32.8  60.6  24.8  20.0        27.5 173.1   7.2 695.8  0.37  0.26
       4 24  60.3  30.1  46.1  41.7  22.0        32.2 210.0   8.8 714.2  0.26  0.19
       4 25  60.9  28.2  43.7  37.9  19.8        18.8 129.2   5.4 482.3  0.20  0.15
       4 26  69.0  36.0  48.3  59.2  34.2        24.0 143.8   6.0 439.3  0.22  0.16
       4 27  66.0  41.6  50.6  72.3  40.1  0.09  28.7 188.7   7.9 464.9  0.21  0.15
       4 28  72.4  32.0  53.3  55.0  33.0        34.3 169.0   7.0 717.6  0.29  0.22
       4 29  76.2  37.4  58.4  40.7  31.6        23.6 152.6   6.4 694.0  0.31  0.23
       4 30  74.8  37.1  56.9  52.7  38.8        24.4 156.3   6.5 714.7  0.28  0.22
       5  1  53.8  32.7  42.5  83.4  38.4  0.01  25.0 229.8   9.6 130.6  0.08  0.06
       5  2  62.1  33.0  45.2  67.8  33.1        18.4 106.0   4.4 637.7  0.19  0.15
       5  3  73.8  33.0  55.9  41.0  27.0        18.1  83.8   3.5 626.0  0.23  0.19
       5  4  72.7  37.7  54.3  51.1  35.2        31.6 195.8   8.2 669.2  0.30  0.22
       5  5  80.7  40.2  61.4  37.5  31.1        17.8  87.6   3.6 603.9  0.26  0.21
       5  6  80.3  41.7  64.7  30.2  28.6        20.1  98.9   4.1 574.4  0.27  0.21
       5  7  67.0  42.5  51.1  73.9  42.5        20.2 145.6   6.1 441.7  0.18  0.14
       5  8  67.2  37.3  51.0  54.8  32.3        42.1 196.7   8.2 531.0  0.26  0.19
       5  9  63.5  26.6  46.7  38.2  20.5        24.0 141.3   5.9 716.2  0.25  0.19
       5 10  63.5  32.2  52.5  45.8  32.0        27.3 157.9   6.6 452.3  0.19  0.15
       5 11  61.8  43.5  50.9  74.4  42.3  0.34  25.9 201.6   8.4 412.8  0.17  0.13
       5 12  58.5  42.1  48.1  73.4  39.2  0.03  19.0 142.9   6.0 445.5  0.15  0.12
       5 13  70.6  35.0  54.9  51.1  33.3        13.2  78.1   3.3 737.3  0.23  0.19
       5 14  78.6  40.6  57.8  48.3  36.2        36.5 104.5   4.4 396.9  0.24  0.17
       5 15  75.7  45.9  60.4  54.1  42.4  0.04  28.1 131.0   5.5 449.5  0.24  0.18
       5 16  52.7  44.2  48.0  86.2  43.8  0.38  21.1 131.5   5.5 157.7  0.07  0.06
       5 17  61.0  45.1  51.6  82.3  45.8        16.1 111.9   4.7 350.3  0.12  0.10
       5 18  73.4  41.6  58.2  71.0  47.6        17.4  97.2   4.0 589.3  0.20  0.17
       5 19  71.6  42.5  57.3  66.1  45.2        22.9 154.0   6.4 685.2  0.24  0.19
       5 20  66.3  46.5  54.2  76.7  46.7        17.9 128.1   5.3 340.2  0.15  0.12
       5 21  87.4  45.8  63.4  54.1  41.9        48.2 175.8   7.3 532.3  0.38  0.27
       5 22  68.9  48.6  58.7  20.2  17.0        34.8 307.6  12.8 768.2  0.44  0.31
       5 23  62.8  40.7  51.2  53.2  34.0  0.47  21.8 174.9   7.3 633.6  0.23  0.18
       5 24  52.3  32.2  41.8  91.7  39.3  0.59  14.3  94.5   3.9 328.0  0.08  0.07
       5 25  74.0  38.0  56.0  65.6  41.9        15.3  62.1   2.6 643.6  0.20  0.18
       5 26  82.2  44.9  64.4  47.7  40.0        24.8  65.5   2.7 687.6  0.26  0.21
       5 27  81.9  47.6  65.6  48.3  43.2        28.5 120.6   5.0 670.4  0.30  0.24
       5 28  84.5  48.1  68.1  44.9  42.2        25.4  75.7   3.2 685.2  0.27  0.23
       5 29  85.6  51.3  70.2  43.4  44.0        22.6  93.7   3.9 568.7  0.28  0.22
       5 30  92.2  51.9  73.8  43.7  47.1        14.7  70.1   2.9 724.5  0.30  0.25
       5 31  94.7  56.9  75.5  40.2  46.3        36.0 112.5   4.7 597.7  0.35  0.27
       6  1  88.1  53.6  71.2  50.7  49.6        29.5  73.1   3.0 433.9  0.23  0.18
       6  2  93.0  56.0  75.2  36.2  42.1        31.9 119.9   5.0 680.3  0.38  0.29
       6  3  76.3  48.5  62.1  70.6  51.3  0.87  32.2 199.7   8.3 494.5  0.24  0.18
       6  4  65.8  49.3  55.7  84.6  50.8  0.14  19.4  81.9   3.4 310.0  0.12  0.10
       6  5  76.5  44.0  61.8  65.7  47.4        14.0  98.3   4.1 752.7  0.25  0.22
       6  6  87.6  48.4  70.4  50.2  47.4        20.8  87.2   3.6 742.0  0.30  0.25
       6  7  93.2  53.0  73.1  45.9  46.6        39.1 131.8   5.5 708.4  0.39  0.29
       6  8  96.2  53.0  73.3  50.7  50.7        21.3 121.0   5.0 708.0  0.38  0.30
       6  9  93.7  53.8  75.3  42.2  46.8        19.6 115.7   4.8 684.6  0.36  0.28
       6 10  77.2  54.3  66.1  32.7  35.5        23.4 192.1   8.0 680.8  0.37  0.27
       6 11  79.3  49.2  66.3  40.8  39.9        16.0 110.4   4.6 728.2  0.30  0.24
       6 12  86.4  51.2  68.3  33.5  35.8        18.9 111.4   4.6 748.5  0.36  0.27
       6 13  75.3  49.8  63.3  45.7  41.5        17.4  85.0   3.5 658.2  0.25  0.21
       6 14  82.0  42.8  65.0  47.0  42.4        15.0  74.6   3.1 670.0  0.26  0.21
       6 15  82.6  53.0  66.8  58.5  49.5  0.02  28.6 140.8   5.9 551.2  0.29  0.22
       6 16  86.8  53.8  68.3  59.1  50.1        37.7  88.3   3.7 648.8  0.29  0.23
       6 17  96.2  51.2  76.5  33.7  41.0        13.9  82.8   3.5 724.2  0.34  0.27
       6 18  97.6  57.5  79.6  23.4  35.5        18.8 123.1   5.1 710.2  0.42  0.31
       6 19  89.1  61.0  72.9  45.3  48.6  0.06  25.6 148.3   6.2 619.5  0.37  0.28
       6 20  82.6  58.1  69.9  65.9  56.4        28.8 175.2   7.3 543.7  0.28  0.22
       6 21  91.3  59.5  76.4  43.8  51.1  0.01  25.1 119.8   5.0 508.4  0.31  0.24
       6 22  92.8  60.4  73.7  56.7  54.9  0.05  27.2  94.9   4.0 558.8  0.30  0.24
       6 23  95.4  53.1  77.6  33.7  43.1        16.9  97.3   4.1 744.4  0.36  0.29
       6 24  97.4  55.1  79.5  32.6  43.1        26.2 110.3   4.6 731.6  0.39  0.30
       6 25  92.6  62.6  75.5  41.1  49.3        30.4 115.4   4.8 542.6  0.34  0.26
       6 26  93.1  57.0  76.4  44.6  49.8        17.9 136.5   5.7 731.4  0.39  0.30
       6 27  97.3  56.9  77.8  36.9  46.4        26.1 124.5   5.2 650.8  0.39  0.30
       6 28  94.9  55.5  76.8  38.9  46.9        39.2 119.3   5.0 681.6  0.37  0.29
       6 29  99.8  55.7  79.0  37.8  46.6        14.8  78.0   3.3 702.2  0.34  0.27
       6 30  94.3  56.5  78.0  31.8  43.4        16.4  92.6   3.9 665.7  0.34  0.26
       7  1 102.3  58.1  82.5  31.6  44.9        18.0  89.8   3.7 674.3  0.37  0.29
       7  2  96.0  64.3  80.1  30.9  44.8        21.2 122.7   5.1 621.2  0.39  0.29
       7  3  92.7  60.4  71.9  60.3  57.1  0.67  35.7  79.1   3.3 432.5  0.25  0.19
       7  4  89.5  58.1  73.6  63.8  58.6        21.3 108.9   4.5 643.6  0.29  0.24
       7  5  88.1  58.2  74.3  63.0  58.9        18.2 113.8   4.7 726.0  0.30  0.26
       7  6  84.4  61.8  72.1  74.5  62.6  0.25  20.8 101.8   4.2 570.1  0.24  0.20
       7  7  93.0  61.1  76.1  65.6  61.8        16.7  95.8   4.0 633.1  0.29  0.24
       7  8  91.5  60.3  76.6  58.8  59.3        17.6 110.6   4.6 647.6  0.31  0.25
       7  9  93.0  61.5  77.3  48.7  54.1        22.1 106.3   4.4 644.2  0.33  0.26
       7 10  84.9  64.2  73.9  65.6  61.3        14.7  76.5   3.2 492.7  0.21  0.18
       7 11  87.6  58.7  72.6  53.2  53.2        17.3  91.6   3.8 711.3  0.30  0.25
       7 12  93.7  55.5  74.6  51.0  51.5        12.1  65.6   2.7 722.6  0.30  0.25
       7 13  94.0  53.8  74.5  49.4  50.8        13.7  82.9   3.5 649.7  0.31  0.25
       7 14  93.6  54.9  76.4  43.2  48.7        16.5 100.7   4.2 706.4  0.34  0.27
       7 15  95.5  57.4  78.8  46.1  52.9        20.2 136.7   5.7 698.1  0.38  0.29
       7 16  96.2  55.8  78.1  40.4  47.8        16.3 112.4   4.7 701.0  0.37  0.29
       7 17  95.0  55.6  77.6  39.2  47.6        14.8  94.4   3.9 688.9  0.34  0.27
       7 18  95.6  56.5  77.8  38.1  47.2        14.9  73.6   3.1 675.2  0.31  0.25
       7 19  96.1  57.2  80.1  37.6  49.1        18.7 119.7   5.0 691.6  0.37  0.29
       7 20  95.7  65.2  79.4  40.5  52.2        31.2 139.2   5.8 646.7  0.40  0.30
       7 21  85.0  63.2  72.8  55.8  55.6        27.6 115.0   4.8 567.7  0.28  0.22
       7 22  82.2  57.1  69.7  63.5  55.0        16.7 115.9   4.8 555.6  0.25  0.20
       7 23  88.7  62.1  74.7  55.2  56.4  0.01  22.2 140.3   5.8 510.7  0.30  0.23
       7 24  98.9  56.6  78.6  45.4  50.8        21.3  79.6   3.3 676.1  0.33  0.26
       7 25  92.0  62.3  73.8  49.3  52.1        32.2 137.2   5.7 403.8  0.33  0.23
       7 26  90.9  55.9  72.3  54.3  51.7        28.9  94.4   3.9 590.6  0.29  0.23
       7 27  91.2  53.2  74.4  40.9  45.9        41.3  98.2   4.1 637.4  0.31  0.25
       7 28  86.3  62.0  74.2  41.5  48.1        18.2  85.7   3.6 650.9  0.29  0.24
       7 29  92.2  54.2  74.9  35.7  42.3        12.7  62.2   2.6 704.9  0.29  0.24
       7 30  96.6  58.9  79.8  30.2  42.5        12.1  61.7   2.6 641.4  0.29  0.23
       7 31  98.7  59.5  81.3  29.9  42.6        16.5  69.8   2.9 557.1  0.29  0.23
       8  1  82.5  60.5  67.8  36.3  39.6        30.1 166.7   6.9 543.0  0.37  0.26
       8  2  84.5  54.3  71.2  39.8  45.3        19.7  96.2   4.0 500.6  0.26  0.20
       8  3  86.7  62.6  72.1  61.8  57.0  0.02  27.8  93.3   3.9 451.7  0.24  0.19
       8  4  88.9  58.1  73.1  60.9  57.2        29.3 103.3   4.3 609.5  0.28  0.23
       8  5  86.1  60.8  71.4  71.1  60.7  0.03  28.4  90.2   3.8 454.4  0.21  0.18
       8  6  90.6  56.4  71.0  67.0  57.8  0.06  36.9  84.1   3.5 547.0  0.25  0.21
       8  7  90.2  57.0  70.8  67.5  57.2  0.16  28.1  91.7   3.8 604.6  0.27  0.22
       8  8  88.8  56.7  71.3  61.4  54.7        21.9  85.8   3.6 603.8  0.27  0.22
       8  9  83.4  54.5  68.6  57.5  51.3        21.3 124.0   5.2 668.0  0.29  0.23
       8 10  88.9  54.1  70.7  50.5  50.1        14.2  73.0   3.0 631.4  0.26  0.22
       8 11  93.3  52.0  75.7  29.5  37.6        14.3  71.9   3.0 680.1  0.30  0.24
       8 12  72.9  55.5  62.6  56.4  46.5        33.4 170.9   7.1 385.7  0.24  0.17
       8 13  75.2  45.8  61.9  55.3  43.4        12.3  75.8   3.2 643.7  0.22  0.18
       8 14  91.5  45.5  71.2  40.2  40.9        12.6  66.3   2.8 661.7  0.27  0.22
       8 15  81.8  55.5  68.4  49.2  47.6        30.6 137.0   5.7 607.1  0.29  0.23
       8 16 100.3  50.8  75.7  41.7  44.1        32.4 115.6   4.8 646.7  0.39  0.29
       8 17  75.2  48.2  62.7  35.5  34.6        22.0 113.3   4.7 605.1  0.26  0.20
       8 18  82.4  47.2  64.4  44.2  40.3        18.8  75.8   3.2 335.4  0.20  0.15
       8 19  88.4  48.5  67.3  51.9  48.8        25.6 116.5   4.9 592.1  0.30  0.23
       8 20  85.5  56.8  70.5  64.0  55.7        25.9 101.2   4.2 408.8  0.22  0.17
       8 21  87.1  59.9  69.7  52.4  50.3        44.7 136.3   5.7 412.9  0.30  0.21
       8 22  83.7  49.8  66.8  59.5  50.6        32.7 109.3   4.6 518.0  0.24  0.19
       8 23  88.1  50.7  69.6  51.8  47.9        21.4  90.7   3.8 564.5  0.26  0.21
       8 24  80.8  56.1  67.3  69.2  56.1        17.5 123.3   5.1 540.7  0.23  0.18
       8 25  87.9  61.4  72.3  56.0  53.3        15.3  98.0   4.1 590.6  0.28  0.22
       8 26  92.9  50.8  71.9  52.5  49.2        27.3 108.6   4.5 622.0  0.31  0.24
       8 27  78.6  59.7  68.3  66.3  55.9        23.3 179.3   7.5 471.9  0.24  0.18
       8 28  79.0  58.4  66.7  75.6  58.4        19.1 107.9   4.5 379.2  0.17  0.14
       8 29  76.9  51.9  62.6  79.8  55.7  0.09  28.7 122.7   5.1 385.7  0.17  0.13
       8 30  86.2  52.5  68.3  62.0  50.8        15.3 104.4   4.3 583.6  0.26  0.21
       8 31  89.5  55.8  72.6  50.9  48.9        13.4  67.9   2.8 559.1  0.24  0.19
       9  1  88.1  53.9  72.0  43.9  44.1        22.6  82.4   3.4 454.2  0.24  0.18
       9  2  81.0  54.2  68.5  40.2  43.3        17.8 130.8   5.5 594.5  0.28  0.21
       9  3  87.3  47.8  68.5  52.7  48.1        27.4  76.2   3.2 525.7  0.23  0.18
       9  4  89.1  56.2  73.0  42.7  46.1        29.2  87.4   3.6 519.5  0.26  0.20
       9  5  93.2  51.6  73.4  36.2  41.0        16.7  82.3   3.4 555.0  0.28  0.21
       9  6  93.8  52.4  74.7  35.9  43.0        18.6 108.9   4.5 481.9  0.30  0.22
       9  7  90.9  56.0  72.8  48.6  51.1        27.1  93.4   3.9 528.6  0.26  0.20
       9  8  84.4  58.3  70.6  60.4  55.3  0.01  20.4 102.7   4.3 419.4  0.21  0.16
       9  9  72.9  58.7  64.9  75.3  56.3  0.02  21.4 142.6   5.9 284.4  0.15  0.11
       9 10  66.0  56.5  60.4  85.6  55.7  0.07  17.2 131.6   5.5 322.3  0.11  0.10
       9 11  73.6  49.4  60.4  82.2  54.2  0.12  19.4 104.0   4.3 424.6  0.15  0.12
       9 12  73.5  56.4  63.2  82.8  57.2  0.14  17.5  93.4   3.9 427.0  0.15  0.13
       9 13  70.7  52.4  60.5  81.3  54.0        12.3  69.7   2.9 309.0  0.11  0.10
       9 14  75.7  53.7  64.2  52.2  44.7        16.7 114.4   4.8 535.7  0.22  0.17
       9 15  83.7  43.0  64.6  52.1  42.1        14.0  83.8   3.5 539.8  0.22  0.17
       9 16  85.1  44.0  65.6  47.6  41.0        25.4 104.4   4.3 519.1  0.25  0.19
       9 17  78.3  48.0  63.2  46.3  40.6        24.3  95.4   4.0 279.4  0.19  0.13
       9 18  68.5  49.4  58.7  53.8  41.4        34.9 209.2   8.7 373.7  0.22  0.16
       9 19  70.8  39.8  55.5  54.8  37.0        21.9 101.2   4.2 477.0  0.18  0.14
       9 20  81.0  39.0  60.3  46.1  35.3        16.7  59.2   2.5 558.8  0.20  0.16
       9 21  63.8  41.4  51.2  55.0  35.0        28.0 120.7   5.0 535.5  0.18  0.14
       9 22  70.4  46.5  55.0  49.5  35.5        16.5  69.4   2.9 532.9  0.18  0.14
       9 23  68.0  39.5  54.9  42.2  31.3        17.7 113.5   4.7 539.4  0.20  0.15
       9 24  83.0  36.3  59.5  45.9  34.5        13.3  42.0   1.8 480.3  0.16  0.13
       9 25  58.6  45.1  51.5  59.3  37.5  0.09  17.6 109.9   4.6 429.2  0.14  0.11
       9 26  63.4  43.7  51.3  74.6  43.2        12.5  79.8   3.3 400.1  0.12  0.10
       9 27  76.2  36.2  55.4  62.1  40.0        33.2  79.9   3.3 396.4  0.16  0.12
       9 28  69.0  48.8  56.3  61.6  42.9        15.5  88.4   3.7 366.7  0.15  0.11
       9 29  78.3  38.8  57.4  57.1  39.4        24.0  82.6   3.4 449.9  0.18  0.14
       9 30  76.9  47.9  63.0  29.4  28.9        26.5 118.6   4.9 517.3  0.25  0.18
      10  1  62.5  43.6  53.5  53.5  36.7  0.07  25.6 146.7   6.1 376.5  0.16  0.12
      10  2  43.8  37.1  39.8  83.0  35.1  0.01  13.7 114.0   4.8 107.1  0.05  0.04
      10  3  54.0  38.0  43.2  80.0  37.2  0.01  34.0 149.7   6.2 223.4  0.10  0.07
      10  4  64.1  37.7  50.2  57.5  34.4        15.9 107.0   4.5 456.3  0.15  0.11
      10  5  69.6  38.0  53.2  51.3  33.3        20.8  97.1   4.0 455.3  0.17  0.12
      10  6  58.9  40.5  48.5  59.8  34.8        14.5 100.2   4.2 420.7  0.13  0.10
      10  7  75.9  31.7  52.4  55.7  33.8        11.3  44.2   1.8 474.5  0.14  0.11
      10  8  70.5  39.9  54.5  51.5  35.5        24.5 125.9   5.2 455.9  0.19  0.14
      10  9  72.2  40.3  53.6  62.3  39.6        12.3  40.8   1.7 438.6  0.12  0.10
      10 10  78.5  37.6  58.9  37.9  28.3        19.4  91.8   3.8 452.6  0.21  0.14
      10 11  80.5  41.6  60.2  32.1  27.3        37.8 157.8   6.6 406.0  0.30  0.19
      10 12  52.4  31.2  40.9  60.4  27.4        19.7  93.0   3.9 388.3  0.10  0.08
      10 13  66.7  27.3  45.2  53.1  27.0        10.6  49.8   2.1 449.5  0.12  0.09
      10 14  60.9  27.8  45.7  43.2  20.7        24.7  96.8   4.0 428.5  0.14  0.10
      10 15  62.8  23.2  41.6  45.1  19.7        11.7  52.2   2.2 431.0  0.11  0.09
      10 16  59.3  32.6  45.4  40.8  22.1        18.9 106.7   4.4 418.1  0.15  0.10
      10 17  67.1  23.9  44.0  44.4  20.9        12.5  54.7   2.3 421.2  0.12  0.09
      10 18  71.6  28.1  49.4  35.5  19.0        20.2  83.6   3.5 420.8  0.17  0.12
      10 19  64.2  25.9  44.4  45.8  22.9        10.2  46.0   1.9 412.8  0.10  0.08
      10 20  69.8  29.9  47.5  35.2  17.5        14.0  67.7   2.8 336.0  0.14  0.10
      10 21  58.4  29.3  45.3  48.9  26.9        18.5  90.7   3.8 391.6  0.11  0.08
      10 22  41.9  26.4  31.7  81.7  26.7        22.5 127.5   5.3 114.5  0.06  0.04
      10 23  28.8  24.6  26.5  91.9  24.5        14.5 148.2   6.2  81.8  0.02  0.02
      10 24  32.0  23.9  28.0  92.0  26.1  0.05   8.2  35.2   1.5 104.7  0.02  0.02
      10 25  54.6  29.5  38.4  74.6  29.5        13.6  85.3   3.6 278.9  0.09  0.06
      10 26  58.5  24.9  41.4  63.7  28.8        13.1  53.6   2.2 360.7  0.08  0.06
      10 27  51.6  31.4  42.6  83.5  37.8  0.13  15.5 110.3   4.6 220.5  0.05  0.04
      10 28  60.3  28.1  42.3  72.0  31.8  0.16  26.0  94.8   4.0 332.0  0.10  0.07
      10 29  36.0  18.7  27.1  92.1  25.6  0.02  25.4 238.1   9.9 148.7  0.03  0.02
      10 30  19.9  14.8  17.2  84.5  13.3        10.9 110.9   4.6 172.8  0.02  0.02
      10 31  19.9  12.4  16.7  88.4  14.0        10.8  84.2   3.5 159.5  0.02  0.02
      11  1  23.6  11.8  18.2  89.1  15.7  0.22   9.2  72.9   3.0 193.0            
      11  2  35.4  19.9  25.3  83.5  21.0  0.05   9.3  58.1   2.4 300.0            
      11  3  37.7  12.1  24.2  80.2  18.8  0.15   9.5  50.4   2.1 295.2            
      11  4  33.9  12.1  24.4  76.5  17.9         9.3  37.9   1.6 197.2            
      11  5  49.2  18.9  34.0  62.2  21.3        11.2  64.2   2.7 346.1            
      11  6  54.1  24.1  37.3  66.6  25.9         8.6  50.8   2.1 336.6            
      11  7  59.6  23.9  40.3  61.1  27.1        16.4  61.3   2.6 188.4            
      11  8  64.4  40.0  51.5  40.0  27.9        28.2 140.5   5.9 233.2            
      11  9  57.6  31.2  43.6  53.7  27.4        32.4 188.6   7.9 178.6            
      11 10  53.3  29.6  41.4  39.7  17.6        11.1  71.6   3.0 251.6            
      11 11  43.8  24.0  34.0  60.7  21.5        21.0  87.3   3.6 161.5            
      11 12  53.0  17.3  33.5  59.2  18.1         9.9  49.2   2.0 312.4            
      11 13  53.0  27.3  40.8  61.1  27.9  0.08  18.2  79.9   3.3 127.2            
      11 14  50.8  32.3  39.9  70.6  30.7        21.2 105.0   4.4 238.4            
      11 15  47.7  24.2  36.3  64.9  25.0        23.2 128.9   5.4 178.1            
      11 16  58.9  19.5  35.1  60.3  19.9        10.8  53.6   2.2 296.2            
      11 17  58.6  25.5  42.5  46.1  20.7        35.1  93.0   3.9 206.2            
      11 18  53.0  29.3  41.0  42.9  19.3        27.5 136.3   5.7 274.2            
      11 19  59.6  33.1  44.4  35.5  17.0        17.5  84.5   3.5 293.6            
      11 20  63.1  28.4  43.4  50.2  24.7        11.5  60.2   2.5 281.3            
      11 21  64.4  28.5  45.2  56.9  29.6        15.1  76.6   3.2 275.4            
      11 22  73.1  26.8  46.6  51.7  27.0        12.4  65.2   2.7 238.7            
      11 23  53.9  30.7  39.3  59.4  26.0        21.0 139.5   5.8 227.3            
      11 24  30.9  21.0  24.5  85.9  20.8  0.05  21.3 140.9   5.9  96.7            
      11 25  32.1  16.8  22.2  80.9  17.1  0.05  23.4  87.5   3.6 253.4            
      11 26  31.1   6.9  16.8  73.9   9.7        12.1  63.7   2.7 280.5            
      11 27  45.3  10.3  27.0  70.8  18.6  0.01  17.4  71.7   3.0 201.9            
      11 28  56.4  18.8  34.5  68.3  24.5        10.4  33.5   1.4 263.1            
      11 29  59.9  26.7  39.0  63.7  26.7        21.6 103.9   4.3 245.0            
      11 30  44.9  23.9  33.3  59.3  19.5        10.9  67.4   2.8 230.7            
      12  1  52.3  25.4  38.3  64.4  26.5         9.4  48.8   2.0 209.1            
      12  2  56.5  25.2  39.4  61.8  25.9        13.5  76.4   3.2 255.3            
      12  3  31.8  25.5  28.8  86.2  25.2        14.0 117.8   4.9  58.8            
      12  4  33.1  27.3  30.5  84.4  26.3        11.0  64.4   2.7  80.7            
      12  5  49.8  22.5  34.2  73.7  26.0        12.8  81.5   3.4 245.1            
      12  6  50.6  17.5  30.9  64.0  18.4        11.8  47.5   2.0 247.9            
      12  7  44.6  20.3  30.6  65.4  19.5         7.1  24.9   1.0 188.9            
      12  8  43.6  20.6  31.5  62.1  19.4        10.8  67.3   2.8 218.0            
      12  9  56.4  15.8  31.4  62.7  17.9        10.3  45.2   1.9 251.0            
      12 10  57.9  14.3  31.7  49.9  12.6         9.1  39.3   1.6 242.6            
      12 11  49.2  23.4  35.5  41.7  13.6        29.7  86.5   3.6 200.6            
      12 12  42.3  24.5  32.2  45.1  12.7        21.3  94.4   3.9 230.9            
      12 13  57.8  17.0  34.5  52.3  16.9        10.0  57.6   2.4 216.7            
      12 14  58.3  19.0  35.4  53.5  18.2         7.4  41.0   1.7 246.2            
      12 15  61.5  23.6  39.5  50.3  20.5        34.9 134.5   5.6 112.1            
      12 16  52.7  23.8  34.8  51.1  17.3        12.3  63.3   2.6 217.1            
      12 17  50.8  28.8  38.2  56.6  23.4  0.06  23.6  94.1   3.9 200.2            
      12 18  39.5  23.0  31.8  68.1  22.2        21.3 133.9   5.6 185.9            
      12 19  37.6  18.1  27.7  49.5   9.9        30.6 153.4   6.4 214.0            
      12 20  39.1  13.3  24.4  52.4   8.8        11.1  51.6   2.1 208.0            
      12 21  42.8  18.7  30.8  54.1  15.4        21.2 101.8   4.2 242.4            
      12 22  41.0  14.6  25.4  62.5  13.3        12.0  64.7   2.7 232.9            
      12 23  32.7  12.8  22.4  66.5  12.5        18.7 108.4   4.5 202.7            
      12 24  30.1   9.7  18.0  76.1  11.6         7.8  29.8   1.2 191.9            
      12 25  36.2   7.1  19.1  63.8   7.7        11.8  57.9   2.4 227.1            
      12 26  41.1   4.2  19.8  52.3   3.3        12.7  61.0   2.5 248.8            
      12 27  55.5  12.7  33.1  44.1  12.4        18.0  85.5   3.6 178.1            
      12 28  49.3  23.4  33.8  56.4  19.6         8.7  48.5   2.0  85.3            
      12 29  61.1  24.1  39.7  43.6  14.8        30.8 155.4   6.5 156.4            
      12 30  47.8  17.9  35.1  34.7   8.7        31.4 145.7   6.1 236.4            
      12 31  46.0  14.9  29.8  51.1  12.8  0.02  10.1  65.8   2.7 178.3            

      Total                                6.91                         54.47 42.04
        Max 102.3  65.2  82.5  94.7  62.6        49.9 527.5  22.0 768.2
        Min  12.8 -16.6   1.0  20.2  -1.3         6.5  19.5   0.8  58.8
        Ave  64.5  34.1  48.8  57.1  31.4        20.9 109.1   4.5 426.5
