                                                                    15-JUN-00
      Cellular-linked Weather Station near GREELEY (West), Colorad       1999
      -----------------------------------------------------------------------------
               Temperature      Rel   Dew             Wind        Solar StandrdASCE
            ----------------- Humid Point  Prec -----------------   Rad   ETr   ETo
       Date   Max   Min   Ave   Ave   Ave Total   Max Total   Ave Total Alflf Grass
      MoDay     F     F     F     %     F  inch   mph miles   mph Langl  inch  inch
      ----- ----- ----- ----- ----- ----- ----- ----- ----- ----- ----- ----- -----
       1  1  44.9  21.9  33.0  79.8  27.5        31.9 241.8  10.1 149.0            
       1  2  30.8  13.4  20.3  75.3  13.7        25.5 197.9   8.2 131.6            
       1  3  24.3   8.4  16.4  68.5   7.9        17.3 144.1   6.0 190.3            
       1  4  32.7  15.1  22.9  71.7  15.4        12.1  68.2   2.8  87.2            
       1  5  53.3  25.4  36.6  58.6  22.0        26.0 115.6   4.8 140.4            
       1  6  55.7  21.0  33.2  70.8  23.6        24.7 137.7   5.7 196.3            
       1  7  40.6  21.8  28.3  90.3  25.7        12.4  91.9   3.8  91.7            
       1  8  31.9  12.9  26.4  86.0  22.9  0.04  19.1 119.3   5.0 117.6            
       1  9  38.0  13.4  26.0  89.5  23.4         8.0  53.6   2.2 159.0            
       1 10  51.1  23.8  36.4  64.8  24.5        12.6  79.7   3.3 211.8            
       1 11  62.1  25.7  45.6  48.2  24.7        22.7 136.0   5.7 173.2            
       1 12  50.8  23.5  41.2  50.0  22.3        23.9 148.3   6.2 118.6            
       1 13  44.6  19.4  30.0  88.2  26.6        16.5  75.7   3.2 107.3            
       1 14  52.5  21.7  32.4  77.7  24.3  0.08  13.0  43.8   1.8  75.3            
       1 15  57.7  26.6  41.1  49.7  22.2        31.1 137.5   5.7 142.4            
       1 16  46.0  19.4  32.1  73.6  24.2        37.9 113.1   4.7 142.4            
       1 17  42.7  25.1  34.2  39.8  11.6        38.4 279.9  11.7 234.0            
       1 18  61.0  19.9  39.3  54.2  23.6        36.0 190.1   7.9 189.6            
       1 19  54.2  27.9  40.4  69.5  30.5        15.6 128.7   5.4 220.2            
       1 20  52.0  26.5  38.6  64.5  26.2        14.7  84.5   3.5 167.2            
       1 21  44.7  23.4  32.7  81.6  27.3        26.4 173.6   7.2 134.7            
       1 22  40.6  16.6  28.9  77.5  22.5  0.05  24.1 106.0   4.4 245.7            
       1 23  54.1  11.7  31.6  65.4  19.9        20.1 116.7   4.9 203.6            
       1 24  45.6  16.0  24.9  89.2  22.1        18.3 115.5   4.8  95.2            
       1 25  30.0  12.0  20.7  94.6  19.7  0.07   6.0  32.5   1.4 149.3            
       1 26  48.5  13.0  28.3  73.0  19.6        22.6 106.9   4.5 203.3            
       1 27  39.5  17.7  29.6  71.9  21.4        13.6 107.1   4.5 256.6            
       1 28  39.1  20.2  28.7  82.5  23.9         9.4  51.0   2.1 242.4            
       1 29  43.2  16.7  28.5  71.8  19.9         9.9  48.9   2.0 253.0            
       1 30  40.3  22.3  32.5  71.9  24.1        14.3  53.1   2.2  98.0            
       1 31  45.0  27.5  34.7  90.2  31.9         8.2  42.6   1.8 182.9            
       2  1  45.5  24.0  33.0  72.0  24.2        32.2 151.4   6.3 110.1            
       2  2  55.2  15.9  36.5  53.7  16.7        42.6 175.7   7.3 241.9            
       2  3  52.0  22.4  41.8  36.8  15.7        49.2 333.7  13.9 277.2            
       2  4  54.4  19.4  34.6  64.5  22.4        12.6  59.9   2.5 277.5            
       2  5  52.1  23.6  37.7  69.3  27.8        19.4  87.3   3.6 285.6            
       2  6  52.0  23.0  35.6  71.9  26.0        11.5  77.1   3.2 247.6            
       2  7  65.2  24.9  43.7  55.1  26.4        24.7 140.0   5.8 168.5            
       2  8  65.7  28.0  47.8  37.8  22.5        25.9 195.1   8.1 286.4            
       2  9  60.6  19.8  37.9  55.6  21.6        10.8  60.7   2.5 299.2            
       2 10  70.0  22.6  35.2  66.1  22.3        47.2 310.5  12.9 268.2            
       2 11  31.0   9.1  22.6  40.6   1.4        35.8 307.4  12.8 318.4            
       2 12  47.9   6.0  25.8  54.7   9.2        13.1  68.5   2.9 319.5            
       2 13  64.3  16.6  37.0  51.7  17.6         8.3  46.5   1.9 283.7            
       2 14  65.2  17.7  41.2  39.6  13.8        26.2 108.3   4.5 255.7            
       2 15  47.5  21.8  35.2  58.9  20.4        23.5 132.5   5.5 123.3            
       2 16  43.7  19.6  27.7  88.8  24.7  0.04   8.6  37.8   1.6 151.8            
       2 17  50.7  17.8  33.8  58.3  19.0        34.1 156.9   6.5 189.7            
       2 18  46.9  26.9  37.0  33.5  10.1        33.3 212.2   8.8 339.4            
       2 19  51.3  19.5  35.2  45.2  13.3        37.3 215.9   9.0 340.4            
       2 20  44.4  20.3  33.1  44.0  12.8        23.8 166.7   6.9 324.1            
       2 21  48.4  13.4  29.6  62.1  16.8        17.8  88.1   3.7 291.0            
       2 22  41.9  19.9  34.3  32.4   7.2        41.8 349.7  14.6 240.5            
       2 23  57.6  19.2  37.6  35.7  10.7        14.5 102.8   4.3 316.3            
       2 24  62.1  25.3  43.4  41.1  18.5        22.6 104.3   4.3 247.9            
       2 25  67.2  23.9  45.1  38.5  17.1        20.5  82.5   3.4 336.6            
       2 26  59.0  29.2  42.4  30.8  12.6        43.0 300.0  12.5 367.6            
       2 27  51.9  17.7  36.0  25.8   2.1        19.2  89.1   3.7 389.3            
       2 28  66.3  19.6  42.2  36.3  15.2        22.4  87.6   3.6 304.3            
       3  1  68.1  29.0  47.4  38.3  20.6        35.2 213.7   8.9 257.4  0.14  0.16
       3  2  47.4  19.7  34.4  48.9  15.6        28.2 185.4   7.7 348.0  0.11  0.09
       3  3  64.3  13.4  37.5  39.1  11.7        21.7  67.0   2.8 347.5  0.10  0.10
       3  4  50.6  25.1  37.0  62.0  24.1        23.3 136.6   5.7 340.7  0.09  0.08
       3  5  42.5  22.3  32.4  62.8  20.2  0.25  34.8 241.5  10.1 332.8  0.09  0.08
       3  6  42.5  21.0  29.4  63.8  17.9        20.4 152.0   6.3 355.1  0.09  0.07
       3  7  51.1  17.7  33.8  68.8  23.6        21.9 107.1   4.5 391.2  0.08  0.07
       3  8  50.6  25.9  39.3  50.9  20.9        36.3 345.5  14.4 420.3  0.14  0.11
       3  9  58.3  17.0  38.2  54.6  20.5        18.9 112.2   4.7 406.1  0.10  0.09
       3 10  56.9  25.0  42.0  42.2  17.1        32.6 209.5   8.7 408.6  0.13  0.13
       3 11  50.3  22.0  31.3  74.7  23.5        28.5 207.9   8.7 271.2  0.11  0.09
       3 12  31.6  25.5  27.9  91.7  25.8  0.10  18.6 140.8   5.9 229.9  0.05  0.04
       3 13  53.0  17.1  34.7  71.7  24.9         9.0  45.5   1.9 436.3  0.08  0.07
       3 14  68.0  22.1  45.1  56.5  26.4        13.2  61.0   2.5 436.0  0.09  0.08
       3 15  66.8  29.3  44.5  59.9  30.0        10.2  55.4   2.3 170.3  0.05  0.05
       3 16  72.1  25.3  50.8  36.5  19.7        27.0 125.3   5.2 355.1  0.13  0.13
       3 17  51.4  26.9  39.2  41.4  17.0        26.7 163.0   6.8 446.0  0.14  0.12
       3 18  58.0  18.6  39.0  46.8  18.7        24.6 152.9   6.4 439.5  0.14  0.13
       3 19  57.9  23.4  41.2  58.7  27.3        16.9  89.3   3.7 450.9  0.11  0.10
       3 20  66.0  26.0  47.6  47.3  24.0        17.0 109.6   4.6 453.9  0.12  0.12
       3 21  69.4  25.7  45.5  55.4  27.9        33.5 163.6   6.8 467.2  0.16  0.16
       3 22  61.9  26.4  44.4  64.8  30.7        29.7 153.6   6.4 345.9  0.12  0.11
       3 23  63.3  22.2  44.8  57.7  27.1        16.7  83.2   3.5 452.0  0.12  0.11
       3 24  64.5  28.1  47.3  60.1  31.8        24.0 144.5   6.0 447.4  0.14  0.12
       3 25  68.6  25.9  47.0  59.2  30.6        29.0 148.3   6.2 464.0  0.16  0.15
       3 26  72.1  28.4  50.5  54.9  30.6        21.7 110.9   4.6 404.5  0.14  0.13
       3 27  65.7  39.5  50.3  44.4  29.4        29.2 290.3  12.1 294.3  0.19  0.18
       3 28  58.0  27.6  42.2  34.4  14.8        27.5 187.3   7.8 440.9  0.17  0.15
       3 29  68.3  21.3  46.4  42.8  19.5        19.4 137.5   5.7 496.5  0.17  0.16
       3 30  77.7  26.2  53.0  31.9  15.1        25.9 149.6   6.2 464.2  0.19  0.20
       3 31  71.6  32.2  53.4  29.7  19.2        23.8 128.1   5.3 469.7  0.17  0.16
       4  1  42.6  25.4  34.7  80.3  29.1        23.2 220.3   9.2  81.9  0.06  0.05
       4  2  28.4  23.0  25.2  95.0  23.9  0.21  15.3 148.7   6.2 295.6  0.07  0.05
       4  3  43.6  22.4  30.8  79.7  24.6  0.06  15.9 118.8   5.0 462.3  0.10  0.08
       4  4  51.7  23.1  37.1  68.3  25.6        25.8  86.7   3.6 453.9  0.09  0.08
       4  5  57.8  33.0  43.9  56.6  26.6  0.01  27.3 225.2   9.4 475.1  0.15  0.13
       4  6  66.3  24.0  45.3  52.2  25.3        16.9  95.3   4.0 537.5  0.14  0.13
       4  7  69.6  26.4  51.5  44.2  27.0        34.2 212.6   8.9 526.4  0.19  0.18
       4  8  62.7  37.6  51.8  40.7  26.6        46.0 318.8  13.3 472.4  0.22  0.18
       4  9  66.0  29.1  45.1  54.1  26.7  0.02  42.2 202.7   8.4 328.8  0.18  0.16
       4 10  53.3  32.2  42.9  28.0  11.5        41.5 330.6  13.8 376.5  0.22  0.18
       4 11  59.9  21.6  42.9  41.8  18.8        23.7 161.4   6.7 517.7  0.18  0.15
       4 12  70.2  25.6  49.9  42.7  24.7        14.9  92.9   3.9 519.6  0.16  0.14
       4 13  70.7  34.2  54.3  49.8  34.0  0.02  25.4 147.4   6.1 505.8  0.17  0.15
       4 14  50.7  32.8  40.0  75.3  33.0  0.44  31.4 352.3  14.7 278.0  0.13  0.09
       4 15  40.6  24.9  32.2  55.7  16.6        41.0 393.4  16.4 587.5  0.20  0.12
       4 16  43.5  20.5  31.5  52.9  15.5        41.3 289.6  12.1 369.5  0.15  0.11
       4 17  59.9  18.2  39.3  48.3  18.8        15.4 144.1   6.0 582.3  0.17  0.14
       4 18  71.8  26.2  53.5  40.6  25.3        32.3 171.1   7.1 494.6  0.17  0.16
       4 19  75.0  31.0  56.2  44.0  30.5        24.7  98.9   4.1 457.4  0.15  0.13
       4 20  71.4  40.9  57.1  46.0  35.1        23.2  98.6   4.1 345.1  0.13  0.12
       4 21  63.5  41.8  52.0  54.3  34.2  0.29  32.5 127.6   5.3 416.2  0.17  0.14
       4 22  42.8  33.6  38.7  96.1  37.8  1.16  25.3 222.4   9.3 121.3  0.06  0.04
       4 23  37.3  32.2  34.8  95.8  33.7  0.45  20.8 110.7   4.6 104.1  0.05  0.03
       4 24  48.5  33.9  41.0  87.7  37.5  0.09  20.0 161.7   6.7 262.5  0.07  0.05
       4 25  50.0  31.8  39.6  91.7  37.4  1.01  16.2  91.4   3.8 311.7  0.07  0.06
       4 26  57.9  31.1  44.5  82.0  38.7        15.1  80.9   3.4 355.6  0.09  0.07
       4 27  70.8  36.4  53.0  70.8  42.4        20.5 106.7   4.4 459.1  0.14  0.12
       4 28  63.0  38.2  50.9  85.0  46.3  0.40  33.4 177.2   7.4 225.9  0.08  0.06
       4 29  48.9  44.3  46.3  98.1  45.9  1.34  25.0 276.1  11.5  56.8  0.03  0.02
       4 30  46.6  39.8  44.2  99.1  43.9  2.26  15.8 139.6   5.8  36.9  0.02  0.01
       5  1  54.3  38.6  43.2  96.5  42.2  0.46  25.9  95.4   4.0 151.1  0.06  0.05
       5  2  59.8  39.7  47.5  84.5  42.5  0.30  16.9 117.8   4.9 342.9  0.11  0.09
       5  3  69.1  35.8  51.9  66.7  38.8        26.8 132.5   5.5 447.4  0.16  0.13
       5  4  59.0  38.6  49.0  43.1  26.3        32.6 299.0  12.5 567.1  0.25  0.18
       5  5  53.2  35.8  43.9  47.2  24.8        39.4 402.6  16.8 569.6  0.26  0.17
       5  6  59.1  34.0  46.8  32.7  18.2        37.5 354.2  14.8 623.1  0.30  0.21
       5  7  75.7  31.6  53.3  44.6  29.9        14.3  91.1   3.8 597.8  0.21  0.17
       5  8  78.5  39.8  61.7  42.5  34.6        26.3 165.6   6.9 565.5  0.23  0.20
       5  9  79.8  40.6  61.4  47.6  37.8        32.2 152.5   6.4 579.6  0.25  0.21
       5 10  54.4  33.0  43.4  62.0  30.4  0.25  29.7 236.3   9.8 387.7  0.19  0.13
       5 11  56.1  28.5  43.7  45.1  21.8        22.5 105.6   4.4 574.7  0.20  0.15
       5 12  66.3  29.7  50.6  52.0  30.2        15.2 102.4   4.3 595.1  0.20  0.16
       5 13  71.8  38.6  56.3  56.6  40.4        31.8 162.7   6.8 454.7  0.18  0.15
       5 14  65.7  43.5  54.9  62.0  41.4  0.06  33.0 141.4   5.9 503.1  0.18  0.14
       5 15  71.2  41.8  56.6  59.9  40.6  0.06  20.2 126.1   5.3 531.0  0.20  0.16
       5 16  58.8  39.4  48.0  69.3  37.7  0.18  23.0 171.6   7.2 263.6  0.14  0.11
       5 17  62.3  35.4  48.8  64.1  35.2        15.5  82.3   3.4 588.6  0.19  0.15
       5 18  76.6  35.7  57.0  56.1  37.8        16.1  92.3   3.8 594.3  0.22  0.17
       5 19  83.1  44.1  64.3  49.8  41.6        23.4 122.8   5.1 595.6  0.24  0.19
       5 20  67.2  49.8  57.2  71.1  47.6  0.01  28.6 173.3   7.2 370.3  0.17  0.13
       5 21  80.7  49.1  62.5  67.5  49.8        13.3  82.0   3.4 554.9  0.22  0.17
       5 22  80.9  49.1  63.4  64.0  49.9        32.3 165.5   6.9 514.5  0.25  0.20
       5 23  72.5  51.0  61.5  70.0  50.9        14.3  77.2   3.2 494.4  0.18  0.15
       5 24  70.3  47.1  58.6  78.4  51.4  0.14  17.8 113.2   4.7 281.3  0.13  0.10
       5 25  62.9  47.6  55.6  82.3  50.1  0.07  21.5 125.5   5.2 350.5  0.13  0.10
       5 26  73.8  41.0  57.9  70.1  46.4        19.1  78.8   3.3 562.0  0.20  0.16
       5 27  66.3  50.0  57.1  78.5  50.3        21.7  99.5   4.1 295.4  0.12  0.09
       5 28  77.1  44.1  60.7  69.4  47.6        13.7  76.6   3.2 540.5  0.20  0.15
       5 29  82.3  46.6  61.5  70.0  49.9  0.23  21.8  88.3   3.7 456.1  0.21  0.16
       5 30  77.0  47.9  61.8  70.3  50.7  0.23  27.9 144.3   6.0 484.1  0.22  0.16
       5 31  67.8  49.3  55.9  77.7  48.8        23.0 151.6   6.3 288.6  0.16  0.12
       6  1  75.8  40.6  60.1  50.1  39.9  0.05  32.8 100.1   4.2 598.1  0.24  0.18
       6  2  83.8  46.2  65.2  56.7  46.7        33.8 160.6   6.7 551.1  0.28  0.21
       6  3  84.1  46.2  65.9  48.0  42.1        18.6  97.6   4.1 619.8  0.27  0.20
       6  4  86.5  50.2  67.2  42.9  40.4        27.7 127.3   5.3 587.5  0.31  0.23
       6  5  70.8  47.3  55.6  60.2  41.5        39.0 163.7   6.8 407.2  0.25  0.18
       6  6  76.0  44.4  62.6  39.9  36.5        22.2 149.9   6.2 502.2  0.27  0.20
       6  7  86.2  42.9  68.3  40.2  38.8        23.0 150.8   6.3 632.3  0.32  0.24
       6  8  89.7  45.7  70.8  34.6  36.8        17.6  86.5   3.6 624.4  0.29  0.21
       6  9  74.9  53.6  63.5  53.9  45.5  0.07  23.5 174.5   7.3 530.7  0.28  0.21
       6 10  69.7  50.6  59.3  78.4  52.1  0.01  20.2 113.9   4.7 322.2  0.16  0.12
       6 11  72.9  43.3  58.7  70.7  47.9  0.36  24.1 123.6   5.2 554.9  0.23  0.17
       6 12  71.7  49.2  58.4  78.9  51.4  0.93  26.4 102.3   4.3 382.2  0.17  0.12
       6 13  68.7  47.0  57.3  79.2  50.3        17.5  92.8   3.9 369.8  0.15  0.11
       6 14  72.5  53.4  61.5  77.1  53.8  0.03  29.1 117.9   4.9 377.9  0.16  0.12
       6 15  64.6  47.7  56.0  84.5  51.2  0.02  15.9 101.1   4.2 225.3  0.10  0.07
       6 16  61.7  50.5  54.7  82.0  49.2        13.4 108.6   4.5 219.9  0.11  0.08
       6 17  80.7  47.8  60.9  75.5  52.2        30.3 101.8   4.2 505.0  0.22  0.16
       6 18  82.0  49.9  66.9  61.9  50.9        16.6  67.2   2.8 535.9  0.21  0.15
       6 19  87.5  54.2  70.1  57.9  52.1        27.9  75.9   3.2 519.1  0.24  0.17
       6 20  89.5  55.0  70.9  57.7  53.3        16.5  85.6   3.6 586.9  0.28  0.20
       6 21  86.2  53.0  68.7  57.2  51.4        23.9 123.0   5.1 452.8  0.27  0.20
       6 22  87.2  51.0  70.2  54.8  50.1        33.5 130.2   5.4 517.2  0.29  0.21
       6 23  86.2  53.8  71.6  55.2  51.8        14.6  73.9   3.1 611.1  0.27  0.20
       6 24  89.0  53.8  72.9  45.1  47.2        15.3  96.0   4.0 616.3  0.30  0.22
       6 25  96.1  57.3  75.6  45.8  50.5        18.5  95.3   4.0 562.0  0.32  0.22
       6 26  85.3  56.7  72.3  53.8  53.5        18.3 111.8   4.7 599.4  0.29  0.21
       6 27  83.5  59.5  69.8  67.9  57.9        19.3 134.4   5.6 497.4  0.26  0.20
       6 28  74.9  47.4  63.1  52.1  44.4        33.3 173.1   7.2 604.3  0.30  0.22
       6 29  85.3  48.1  68.7  50.7  46.4        29.1 135.2   5.6 608.4  0.31  0.23
       6 30  82.4  50.3  66.9  61.0  51.3  0.02  30.8 137.2   5.7 381.7  0.23  0.17
       7  1  89.1  48.8  67.7  64.8  54.3        21.1 114.5   4.8 543.0  0.28  0.20
       7  2  95.5  57.9  74.8  54.4  54.3        17.0 109.0   4.5 430.8  0.28  0.20
       7  3  97.2  55.2  77.3  45.9  50.1        21.4  84.7   3.5 551.4  0.30  0.21
       7  4  96.3  56.9  78.9  41.4  50.2        14.3  64.9   2.7 575.5  0.29  0.20
       7  5  82.2  56.2  71.3  57.1  54.7        23.6 153.1   6.4 594.5  0.29  0.22
       7  6  85.8  62.7  72.3  70.9  62.2        19.4 142.9   6.0 415.4  0.24  0.18
       7  7  94.7  58.9  77.4  55.8  57.6        20.2 114.9   4.8 589.9  0.31  0.23
       7  8  83.7  60.7  72.0  61.3  57.7        16.6  96.8   4.0 265.5  0.18  0.13
       7  9  79.4  54.7  67.7  55.7  50.3        23.1 124.7   5.2 578.5  0.28  0.21
       7 10  83.1  50.0  66.8  56.7  49.7        23.1 140.1   5.8 585.0  0.30  0.22
       7 11  83.1  50.9  67.3  59.4  51.6        26.7 107.2   4.5 478.4  0.25  0.18
       7 12  86.5  51.7  71.1  54.3  50.6        14.0  74.5   3.1 596.2  0.26  0.19
       7 13  95.4  50.7  75.6  46.7  49.2        16.0  68.2   2.8 565.5  0.27  0.19
       7 14  91.0  61.1  74.4  52.8  54.7  0.01  28.5 106.1   4.4 332.3  0.24  0.17
       7 15  86.0  57.5  72.2  58.3  54.9        21.1  81.0   3.4 376.0  0.21  0.16
       7 16  70.7  59.9  65.0  77.8  58.0  0.05  16.3 133.7   5.6 229.7  0.14  0.11
       7 17  87.7  62.2  70.9  76.4  61.8  0.12  28.8 120.7   5.0 506.9  0.26  0.20
       7 18  85.1  56.1  70.8  69.5  58.6        13.4  75.8   3.2 369.5  0.18  0.14
       7 19  85.8  61.5  69.8  71.3  58.9  0.73  26.7 101.3   4.2 399.4  0.22  0.16
       7 20  85.9  56.8  71.7  67.8  58.2        13.4  71.7   3.0 561.7  0.23  0.18
       7 21  90.4  57.0  74.2  60.0  56.5        15.2  89.7   3.7 581.0  0.27  0.20
       7 22  90.2  59.0  73.3  59.9  56.9        26.2  92.5   3.9 441.7  0.24  0.18
       7 23  93.1  56.0  76.8  46.5  49.9        17.8  96.6   4.0 575.3  0.29  0.22
       7 24  91.4  55.7  71.0  67.0  58.1  0.04  23.9 106.3   4.4 437.4  0.26  0.20
       7 25  88.6  58.8  72.6  70.3  60.5  0.05  22.2 116.3   4.8 477.3  0.25  0.19
       7 26  89.9  55.7  74.3  58.9  55.7        16.8 111.5   4.6 555.7  0.27  0.21
       7 27  92.5  60.0  75.9  59.4  58.7        17.2  91.0   3.8 525.9  0.26  0.20
       7 28  92.3  63.6  76.2  64.3  61.4        30.7 107.9   4.5 559.0  0.28  0.21
       7 29  89.9  60.1  71.3  72.4  60.8  0.06  17.8  90.0   3.8 431.4  0.24  0.18
       7 30  86.7  62.1  70.3  69.9  58.7  0.41  24.1 116.9   4.9 329.9  0.22  0.17
       7 31  78.2  59.4  65.3  90.0  62.0  0.87  23.7  82.5   3.4 241.1  0.13  0.10
       8  1  66.8  58.4  61.2  90.4  58.3        19.1 155.1   6.5 204.4  0.11  0.08
       8  2  75.1  56.5  63.4  82.5  57.4        13.5  93.0   3.9 315.2  0.15  0.11
       8  3  80.0  55.6  67.0  79.0  59.2        10.1  75.6   3.1 415.1  0.16  0.13
       8  4  74.1  58.5  63.6  92.3  61.3  0.08  19.3  82.7   3.4 223.7  0.10  0.08
       8  5  72.1  56.8  63.5  90.7  60.7  0.07  15.9 100.8   4.2 295.4  0.11  0.09
       8  6  83.1  59.9  70.4  79.3  62.7        11.8  79.2   3.3 509.0  0.19  0.15
       8  7  85.5  57.2  70.5  65.6  56.8        19.0  86.5   3.6 500.1  0.21  0.17
       8  8  87.4  52.9  71.2  66.4  57.6        19.6  79.0   3.3 529.7  0.22  0.17
       8  9  87.0  56.8  70.9  60.8  54.8        24.4 126.5   5.3 420.0  0.24  0.19
       8 10  82.8  60.4  68.8  78.1  60.9  0.73  52.5 111.6   4.7 362.4  0.19  0.15
       8 11  87.2  56.6  70.7  67.6  56.9        18.0  74.0   3.1 489.2  0.21  0.17
       8 12  84.4  51.7  68.6  54.3  49.6        14.5  77.8   3.2 428.4  0.21  0.16
       8 13  82.2  52.0  65.8  73.3  55.6        15.3 113.0   4.7 472.1  0.22  0.17
       8 14  88.5  51.8  70.5  64.6  55.6        23.6 101.2   4.2 431.1  0.22  0.17
       8 15  87.9  57.4  72.1  56.5  54.6        13.0  67.0   2.8 394.5  0.19  0.14
       8 16  87.8  54.5  72.8  49.6  50.3        13.1  98.3   4.1 502.0  0.23  0.19
       8 17  86.0  57.2  68.8  66.5  55.7  0.02  21.9  96.9   4.0 350.2  0.20  0.16
       8 18  85.3  50.1  69.1  59.8  51.8        11.0  78.9   3.3 525.0  0.22  0.18
       8 19  89.4  51.5  69.0  65.4  55.0        18.1  58.6   2.4 451.7  0.20  0.16
       8 20  85.9  54.7  68.6  68.9  56.6        23.8  71.7   3.0 295.4  0.16  0.12
       8 21  86.4  53.8  69.4  68.7  56.9        18.6  65.7   2.7 403.7  0.18  0.14
       8 22  85.8  57.8  71.8  59.7  53.7        20.8 118.9   5.0 503.9  0.24  0.19
       8 23  83.8  50.2  69.3  57.3  51.7        14.9  95.2   4.0 502.8  0.22  0.18
       8 24  92.0  52.1  71.7  58.4  52.5        11.8  60.3   2.5 493.8  0.21  0.17
       8 25  89.5  60.1  72.0  58.5  55.6        28.1 107.4   4.5 404.5  0.22  0.18
       8 26  91.4  56.4  73.8  56.7  54.7        10.4  62.5   2.6 472.7  0.20  0.16
       8 27  92.4  58.3  72.5  63.7  57.6  0.47  32.7 123.6   5.2 368.4  0.23  0.19
       8 28  76.4  59.9  67.0  88.2  63.1  0.10  13.2  71.8   3.0 255.5  0.11  0.10
       8 29  83.4  57.7  70.3  74.1  60.0        14.2 116.7   4.9 472.1  0.20  0.17
       8 30  89.1  53.9  72.4  61.5  55.2        13.7  87.5   3.6 480.5  0.21  0.17
       8 31  88.9  54.1  69.9  70.6  57.7  0.65  22.4 105.2   4.4 354.6  0.19  0.16
       9  1  80.7  55.3  66.4  80.5  59.5        21.2  96.9   4.0 367.3  0.16  0.14
       9  2  76.6  58.1  65.0  85.5  60.2  0.48  22.4  85.9   3.6 374.6  0.15  0.13
       9  3  76.5  54.5  62.7  80.1  55.6  0.35  25.4 101.4   4.2 396.6  0.17  0.14
       9  4  69.8  48.9  59.4  77.3  51.6        13.4  87.8   3.7 408.0  0.15  0.12
       9  5  77.2  48.3  62.0  74.6  52.4         9.6  46.2   1.9 464.2  0.15  0.13
       9  6  82.5  46.5  64.5  66.5  50.0        11.0  59.5   2.5 477.8  0.17  0.14
       9  7  78.3  45.5  63.3  61.4  48.5        19.1 127.6   5.3 459.9  0.19  0.16
       9  8  72.7  48.2  59.7  55.0  42.3        15.3  73.0   3.0 453.1  0.17  0.14
       9  9  77.2  42.4  60.5  59.3  44.0        13.7  54.4   2.3 459.6  0.16  0.13
       9 10  84.2  45.0  63.4  61.2  46.8        23.8  85.1   3.5 383.3  0.17  0.15
       9 11  75.3  48.0  58.9  70.4  48.7  0.02  26.0 116.4   4.8 241.9  0.14  0.11
       9 12  62.8  45.4  52.1  69.1  41.8        13.1  69.9   2.9 282.3  0.12  0.10
       9 13  67.4  35.5  51.3  64.6  38.4        10.7  47.0   2.0 440.1  0.14  0.12
       9 14  66.9  41.5  54.8  57.2  38.3        13.7  83.6   3.5 420.3  0.14  0.12
       9 15  72.2  35.9  54.7  69.9  43.2        11.5  70.0   2.9 415.9  0.13  0.11
       9 16  74.2  41.9  57.0  73.9  46.3        11.8  72.4   3.0 363.5  0.12  0.10
       9 17  80.0  41.2  59.8  62.7  42.6        12.4  76.9   3.2 407.2  0.15  0.13
       9 18  82.3  37.4  61.8  53.4  39.5        20.4  58.8   2.5 408.3  0.14  0.12
       9 19  61.1  42.7  47.6  86.5  43.5  0.18  27.3 134.2   5.6  41.2  0.08  0.07
       9 20  56.3  39.9  46.6  92.9  44.4  0.16   8.8  74.9   3.1 129.0  0.06  0.05
       9 21  73.5  31.2  53.2  66.8  39.0        11.6  62.7   2.6 428.1  0.13  0.11
       9 22  77.5  37.8  57.8  61.3  41.2         9.8  46.8   1.9 421.3  0.12  0.10
       9 23  81.3  45.5  62.1  51.5  40.9        12.1  46.3   1.9 380.1  0.11  0.10
       9 24  80.4  46.2  61.3  58.4  44.3        23.2  79.8   3.3 289.9  0.13  0.11
       9 25  87.0  39.6  64.5  54.6  42.8        30.8 121.6   5.1 396.1  0.19  0.17
       9 26  62.5  37.6  48.9  66.2  37.0  0.05  30.1 134.6   5.6 341.8  0.15  0.12
       9 27  53.5  36.9  42.3  86.9  38.4  0.17  17.6 153.2   6.4 204.2  0.10  0.08
       9 28  47.1  31.6  36.7  85.9  32.2  0.52  17.6 138.8   5.8 182.5  0.09  0.06
       9 29  69.2  24.9  44.2  76.0  35.3        12.3  61.7   2.6 395.0  0.11  0.09
       9 30  63.8  35.0  50.2  63.5  36.7        19.3  98.0   4.1 387.1  0.10  0.08
      10  1  59.7  30.8  41.9  78.3  34.9        27.5 145.8   6.1 287.8  0.11  0.09
      10  2  51.2  32.3  39.2  81.9  34.1        19.1 128.4   5.3 241.9  0.08  0.07
      10  3  50.7  32.4  40.4  76.7  33.4        23.9  87.6   3.6 209.0  0.07  0.05
      10  4  75.8  26.5  46.9  70.2  35.0        11.0  56.5   2.4 376.3  0.11  0.09
      10  5  75.5  28.6  52.3  55.0  34.1        13.6  59.2   2.5 368.7  0.10  0.09
      10  6  81.7  42.2  58.0  62.3  42.9        20.1  77.1   3.2 254.9  0.10  0.09
      10  7  64.5  41.0  53.4  75.7  45.4  0.02  18.9  78.2   3.3 175.0  0.06  0.05
      10  8  67.5  34.1  50.0  64.8  36.9        12.6  68.5   2.9 346.1  0.11  0.10
      10  9  80.0  33.2  54.3  63.3  38.0        12.1  65.8   2.7 354.0  0.13  0.11
      10 10  69.0  37.7  52.4  69.0  41.7        11.0  61.8   2.6 345.6  0.10  0.09
      10 11  82.8  33.8  56.2  61.7  38.2        13.7  62.8   2.6 344.0  0.12  0.11
      10 12  84.4  37.6  58.2  47.2  33.6        14.3  75.5   3.1 282.3  0.13  0.12
      10 13  72.2  36.0  54.1  60.1  39.4        14.4  56.6   2.4 328.5  0.10  0.09
      10 14  81.7  33.7  54.8  52.6  32.2        13.4  58.4   2.4 317.9  0.13  0.11
      10 15  50.3  34.1  43.1  72.5  34.7  0.14  14.4 113.7   4.7  99.2  0.07  0.05
      10 16  37.4  24.4  32.2  95.2  31.0  0.22  20.6 163.9   6.8  80.3  0.04  0.03
      10 17  52.9  17.6  35.0  69.4  23.7        14.1  69.4   2.9 331.5  0.08  0.07
      10 18  44.7  32.0  39.5  82.4  34.4        15.1 106.1   4.4 121.2  0.03  0.02
      10 19  54.9  28.6  40.6  70.9  30.6        14.9  59.1   2.5 302.7  0.06  0.05
      10 20  69.6  23.4  44.5  64.6  30.0        12.8  49.8   2.1 315.7  0.07  0.07
      10 21  74.1  26.4  47.5  60.4  30.0         9.5  43.4   1.8 308.9  0.08  0.07
      10 22  69.7  27.2  47.9  55.8  29.0         8.2  48.6   2.0 307.9  0.08  0.07
      10 23  68.9  26.4  46.4  61.2  30.6         9.2  34.9   1.5 305.7  0.07  0.06
      10 24  75.2  27.0  49.2  54.3  30.2         9.3  45.6   1.9 303.8  0.09  0.08
      10 25  72.5  32.5  50.5  40.5  24.5        11.8  64.2   2.7 295.9  0.09  0.09
      10 26  76.2  27.6  49.5  52.5  28.4        12.0  49.0   2.0 290.8  0.09  0.08
      10 27  76.6  26.8  47.1  54.6  28.0        31.9 126.8   5.3 281.3  0.16  0.15
      10 28  57.6  22.5  40.3  71.5  30.8         8.5  38.1   1.6 248.9  0.06  0.06
      10 29  56.3  27.8  47.2  45.4  26.0        36.8 244.3  10.2 217.2  0.11  0.10
      10 30  64.2  20.2  41.9  53.3  23.4        14.0  74.9   3.1 281.0  0.09  0.08
      10 31  73.4  24.2  44.8  60.0  28.8         8.2  41.0   1.7 279.4  0.07  0.06
      11  1  47.8  19.8  37.4  40.6  14.6        26.4 159.3   6.6 269.3            
      11  2  57.2  10.4  32.0  57.6  16.8        12.8  40.3   1.7 276.4            
      11  3  65.6  23.3  41.2  47.3  18.7        13.4  78.1   3.3 250.3            
      11  4  72.4  19.5  43.2  54.6  24.0        11.1  51.0   2.1 172.5            
      11  5  61.4  27.5  40.6  58.4  25.9        13.2  62.2   2.6 259.0            
      11  6  73.8  23.1  45.8  51.4  23.5        17.0  73.1   3.0 256.6            
      11  7  72.6  22.6  46.6  43.4  21.8         7.1  34.8   1.4 255.5            
      11  8  77.1  30.0  51.4  40.5  24.1        11.1  57.8   2.4 240.5            
      11  9  69.1  34.0  50.1  41.7  24.7        21.9  91.6   3.8 234.0            
      11 10  66.7  26.3  45.3  46.5  23.9         9.0  38.2   1.6 232.4            
      11 11  64.3  28.7  45.3  50.1  25.6         7.7  49.0   2.0 121.2            
      11 12  71.1  24.4  44.0  47.9  21.5         6.0  35.0   1.5 241.6            
      11 13  77.7  25.8  47.5  37.5  18.2         9.1  52.4   2.2 242.7            
      11 14  75.5  23.4  45.2  44.6  20.5         7.8  36.0   1.5 236.2            
      11 15  73.7  24.5  45.0  44.0  20.3         7.7  33.7   1.4 235.9            
      11 16  72.8  25.3  45.7  40.6  19.0        12.9  57.8   2.4 226.4            
      11 17  72.6  25.1  47.8  45.9  25.0        14.8  77.1   3.2 221.0            
      11 18  60.0  32.2  48.7  31.7  19.7        33.7 248.2  10.3 225.1            
      11 19  55.6  19.0  36.3  49.9  17.7        10.7  45.9   1.9 218.5            
      11 20  66.1  25.0  42.7  52.8  24.2        26.6 105.8   4.4 168.7            
      11 21  50.6  23.5  37.4  60.5  23.3        18.8 117.0   4.9 166.9            
      11 22  31.9  12.1  27.4 101.1  27.6  0.02  16.6 128.6   5.4  63.0            
      11 23  32.6   5.9  17.5  94.8  17.3  0.18  10.4  45.2   1.9 133.3            
      11 24  32.5   0.3  14.8  83.6  10.7         7.8  38.2   1.6 217.2            
      11 25  36.6   7.4  21.8  84.8  18.4        13.4  43.8   1.8 151.6            
      11 26  61.5  22.9  45.1  55.9  28.5        27.5 146.5   6.1 160.8            
      11 27  53.6  26.9  39.0  80.6  33.0        18.4  73.4   3.1 188.1            
      11 28  55.7  24.1  38.4  80.9  32.5        12.8  62.9   2.6 203.1            
      11 29  41.1  26.1  31.2 101.1  31.2         9.6  49.5   2.1 111.6            
      11 30  48.3  24.5  33.5  95.4  32.5        10.5  38.0   1.6  80.1            
      12  1  53.7  27.3  38.8  67.9  28.1        17.5  82.9   3.5 112.7            
      12  2  52.4  25.7  40.3  59.2  26.2        24.2 122.9   5.1 190.0            
      12  3  37.6  26.6  33.2  80.8  27.9  0.08  37.2 286.1  11.9  85.3            
      12  4  40.5  19.6  30.2  57.5  15.7        23.8 170.0   7.1 187.0            
      12  5  53.2  12.3  28.3  70.0  18.4         8.0  44.6   1.9 199.8            
      12  6  53.1  21.9  36.0  55.4  18.9        12.4  91.1   3.8 197.1            
      12  7  51.9  20.9  32.3  62.5  19.7        20.3  90.4   3.8 141.7            
      12  8  36.5  13.7  26.9  79.1  20.9        11.4  63.0   2.6 122.8            
      12  9  41.1   8.9  23.9  70.3  14.6         9.4  44.7   1.9 181.8            
      12 10  47.0  14.0  27.8  65.2  15.7        18.3  69.3   2.9 163.0            
      12 11  40.8  18.3  28.9  70.6  19.8        14.8  65.1   2.7 178.7            
      12 12  46.3  15.0  28.8  62.8  15.6        16.0  83.9   3.5 193.0            
      12 13  37.8  16.9  27.3  72.1  18.9        38.9  90.1   3.8  51.7            
      12 14  36.7  18.9  27.8  34.0   1.9        40.3 304.6  12.7 209.9            
      12 15  44.9  12.5  28.1  43.8   7.1        12.9  86.4   3.6 157.9            
      12 16  60.5  16.3  38.5  47.9  17.2        21.3  99.1   4.1 203.3            
      12 17  48.8  18.8  35.9  60.5  22.7        26.2 145.9   6.1 141.8            
      12 18  53.3  11.8  31.0  65.4  19.0        32.7 122.6   5.1 167.7            
      12 19  40.1  14.1  24.8  60.8  12.2        33.0 169.2   7.0 129.2            
      12 20  35.0  13.8  23.9  65.8  13.1        18.0 103.5   4.3  97.0            
      12 21  38.5  13.9  26.4  71.2  18.2        28.1 137.0   5.7 103.6            
      12 22  42.5  13.4  29.2  60.2  15.4        28.4 134.5   5.6  54.6            
      12 23  56.0  24.1  39.0  47.2  19.0        24.2 106.6   4.4 208.0            
      12 24  60.0  18.4  37.2  54.7  20.0        18.9  81.0   3.4 200.1            
      12 25  60.6  19.7  36.3  51.1  17.2         8.4  48.9   2.0 213.1            
      12 26  53.5  17.8  31.9  54.3  15.5         8.9  48.8   2.0 218.3            
      12 27  57.6  17.4  37.0  49.5  18.2        24.3 117.3   4.9 205.8            
      12 28  64.8  19.8  37.3  53.8  18.9        13.1  75.4   3.1 214.2            
      12 29  60.2  16.4  35.3  51.0  16.3        14.0  61.0   2.5 218.3            
      12 30  56.0  14.5  33.3  52.6  15.1        11.8  81.2   3.4 215.6            
      12 31  52.1  12.7  29.7  62.4  17.0         9.8  38.5   1.6 173.9            

      Total                               18.92                         41.52 33.06
        Max  97.2  63.6  78.9 101.1  63.1        52.5 402.6  16.8 632.3
        Min  24.3   0.3  14.8  25.8   1.4         6.0  32.5   1.4  36.9
        Ave  65.4  34.3  49.2  62.2  34.3        20.8 116.0   4.8 339.0
