      2002                                                                03-JAN-03
      Weather Station near LONGMONT WEST, CO  turf grass site at FAA Center        
      -----------------------------------------------------------------------------
               Temperature      Rel   Dew             Wind        Solar StandrdASCE
            ----------------- Humid Point  Prec -----------------   Rad   ETr   ETo
       Date   Max   Min   Ave   Ave   Ave Total   Max Total   Ave Total Alflf Grass
      MoDay     F     F     F     %     F  inch   mph miles   mph Langl  inch  inch
      ----- ----- ----- ----- ----- ----- ----- ----- ----- ----- ----- ----- -----
       1  1  25.2  10.8  20.3  81.3  15.7  0.03  12.9  48.6   2.0  83.6            
       1  2  37.4   3.0  17.6  66.6   7.7         9.6  36.7   1.5 240.6            
       1  3  52.7   9.9  28.8  52.6  11.6         9.3  37.1   1.5 238.1            
       1  4  39.9  20.9  31.5  69.5  22.6        12.9  57.5   2.4  82.8            
       1  5  44.5  13.4  28.1  59.8  14.1        10.7  42.7   1.8 202.8            
       1  6  46.6  17.6  31.0  51.8  14.3         9.7  47.7   2.0 217.9            
       1  7  64.3  19.5  42.2  45.8  20.0        13.2  55.6   2.3 224.0            
       1  8  66.0  42.2  57.9  19.0  15.2        16.9  84.5   3.5  78.6            
       1  9  56.1  31.5  42.6  53.2  25.4  0.01  26.7  95.1   4.0 187.2            
       1 10  41.9  18.7  31.0  84.2  26.8  0.45   7.1  28.0   1.2 253.2            
       1 11  51.0  15.0  30.9  62.9  18.1         7.9  39.9   1.7 198.0            
       1 12  54.0  17.5  33.6  56.4  17.9        17.3  51.7   2.2 218.4            
       1 13  50.1  19.8  37.6  31.2   8.6        22.0 112.7   4.7 249.7            
       1 14  37.0  15.0  25.2  61.0  12.9        13.4  57.6   2.4 241.3            
       1 15  24.7  15.0  20.0  74.9  13.3        13.2  53.0   2.2 186.7            
       1 16  30.1  16.8  21.6  69.1  12.9        10.6  66.9   2.8 144.8            
       1 17  31.4  11.0  21.0  61.6   9.0        13.9  58.9   2.5 261.5            
       1 18  34.7  11.9  21.2  48.5   3.6        14.0  58.5   2.4 267.8            
       1 19  35.1   5.3  19.7  48.6   2.5        12.6  58.4   2.4 287.8            
       1 20  39.8  17.4  32.1  25.9   0.0        19.3  89.0   3.7 284.2            
       1 21  54.0  33.8  43.4  24.4   9.2        23.6 123.9   5.2 281.0            
       1 22  54.9  22.6  39.0  41.3  14.9        19.6  95.9   4.0 242.4            
       1 23  29.0   7.7  20.5  79.7  15.6  0.13  11.6  74.8   3.1 245.6            
       1 24  40.1   3.1  21.4  51.7   5.9  0.01   9.8  51.4   2.1 300.0            
       1 25  57.5  22.8  42.8  31.3  11.6        17.8  76.8   3.2 201.4            
       1 26  68.2  29.8  49.9  17.7   5.3        18.8  84.2   3.5 336.7            
       1 27  61.5  26.8  46.6  22.7   7.5        16.3  78.0   3.3 261.6            
       1 28  41.2  15.8  24.8  72.7  17.0        14.3  65.4   2.7 248.1            
       1 29  33.8  13.2  22.8  69.7  13.9        13.6  87.5   3.6 197.5            
       1 30  25.2  13.8  18.8  82.5  14.4  0.09  12.9  73.8   3.1 240.1            
       1 31  32.9   3.1  18.0  50.4   0.9         9.4  39.7   1.7 329.6            
       2  1  39.6   8.1  21.9  53.5   6.8         8.0  38.5   1.6 335.4            
       2  2  45.1  15.1  29.6  46.2   9.4        14.5  66.2   2.8 281.5            
       2  3  45.3  15.7  29.5  52.7  13.4        10.7  58.4   2.4 333.6            
       2  4  48.3  14.8  30.2  45.3   9.0        20.2  72.6   3.0 333.3            
       2  5  41.7  16.4  28.2  39.5   5.0        10.7  45.6   1.9 341.6            
       2  6  53.1  14.5  32.6  42.9   8.3        19.7  51.4   2.1 348.4            
       2  7  58.9  17.4  36.4  32.7   6.1        11.8  45.3   1.9 209.9            
       2  8  56.7  24.3  37.7  28.7   6.4        27.3 104.9   4.4 288.8            
       2  9  37.0  20.4  32.2  27.5   2.2        39.5 242.0  10.1 106.6            
       2 10  50.1  10.7  29.3  32.9  -0.7        18.3  61.5   2.6 366.1            
       2 11  63.4  21.3  44.0  26.2   3.8        22.1  80.0   3.3 211.5            
       2 12  31.8  18.5  26.0  56.8  12.6        10.1  39.6   1.6 180.9            
       2 13  56.5  13.9  33.5  39.4   5.0        14.8  49.3   2.1 372.4            
       2 14  48.5  15.1  33.5  52.5  14.6        27.8  98.3   4.1 146.9            
       2 15  55.6   9.0  30.5  57.5  13.8  0.05   8.4  37.3   1.6 366.9            
       2 16  54.9  15.8  35.2  37.7   8.0         9.3  51.9   2.2 381.1            
       2 17  64.1  27.3  44.7  30.1  10.9        12.3  55.5   2.3 358.3            
       2 18  56.1  30.4  41.9  43.6  20.4        22.3  71.8   3.0 306.9            
       2 19  54.0  24.8  40.0  40.2  15.4        17.2  62.4   2.6 401.1            
       2 20  53.5  28.4  40.8  33.0  12.4        25.8 101.0   4.2 367.3            
       2 21  49.4  26.6  37.7  28.8   6.1        21.0  92.3   3.8 411.9            
       2 22  70.8  26.5  50.3  22.0   7.6        26.2  85.8   3.6 321.7            
       2 23  75.2  41.3  59.6  13.9   9.5        22.1 100.3   4.2 385.1            
       2 24  54.9  23.7  35.5  60.2  21.9        20.9 106.4   4.4 259.4            
       2 25  24.2   4.2  10.2  76.1   4.6  0.02  25.9 129.0   5.4 368.5            
       2 26  26.4  -2.8  12.3  60.9   0.5  0.02  11.4  61.8   2.6 430.6            
       2 27  35.7   8.6  23.2  53.5   8.1  0.01  13.6  83.2   3.5 408.1            
       2 28  49.1  12.3  27.2  62.6  14.4        22.7 107.3   4.5 434.7            
       3  1  21.0   5.8  10.8  85.8   7.9  0.09  21.9 118.8   5.0 278.5  0.03  0.03
       3  2  16.3  -4.4   7.2  72.5   0.3         9.5  54.8   2.3 428.3  0.03  0.03
       3  3  25.9  -2.3  14.2  51.0  -1.7        16.9  83.4   3.5 480.0  0.06  0.05
       3  4  50.2  11.4  31.0  45.7  11.6        12.4  61.5   2.6 468.7  0.10  0.08
       3  5  57.4  26.0  42.3  29.7  11.3        17.5  73.8   3.1 415.1  0.13  0.10
       3  6  53.8  28.4  38.4  53.1  21.9        15.2  62.0   2.6 423.4  0.11  0.08
       3  7  60.1  24.0  41.6  51.8  20.9        25.9  76.7   3.2 396.3  0.13  0.10
       3  8  35.9   5.1  20.9  88.4  19.5        27.4 108.5   4.5  87.9  0.03  0.02
       3  9  44.0   5.6  25.7  53.7  10.6  0.01  16.7  67.4   2.8 495.5  0.09  0.07
       3 10  64.5  21.9  38.8  52.0  20.9        17.0  71.6   3.0 489.5  0.15  0.11
       3 11  58.1  32.8  45.0  36.1  17.6        15.5  74.8   3.1 495.1  0.14  0.11
       3 12  68.6  33.8  53.3  24.6  15.6        22.4  80.1   3.3 381.9  0.17  0.12
       3 13  52.8  35.1  44.5  49.5  26.3        23.6  99.0   4.1 425.6  0.13  0.10
       3 14  35.6  19.5  25.1  85.8  21.6  0.12  27.5 142.0   5.9 268.7  0.06  0.04
       3 15  33.4  13.4  24.8  68.6  15.4  0.01  12.4  53.6   2.2 433.6  0.06  0.05
       3 16  39.3  24.5  31.0  65.0  20.2        12.3  65.5   2.7 354.5  0.07  0.06
       3 17  47.1  19.9  32.4  54.3  15.4        17.8  85.7   3.6 458.7  0.11  0.08
       3 18  42.4  23.6  31.6  68.4  21.6        16.7  59.8   2.5 329.9  0.07  0.06
       3 19  50.5  23.9  36.0  55.8  20.1        10.4  59.5   2.5 508.5  0.11  0.09
       3 20  64.5  21.9  43.3  41.4  15.6        25.1  90.2   3.8 555.8  0.19  0.14
       3 21  26.2  12.0  18.6  69.8  10.2        11.5  70.6   2.9 336.9  0.05  0.04
       3 22  61.8  16.7  40.0  46.8  17.0        11.9  44.7   1.9 543.0  0.13  0.11
       3 23  71.2  27.8  47.9  40.1  19.9        18.7  70.3   2.9 421.3  0.18  0.13
       3 24  38.0  22.2  28.7  77.2  22.3        11.2  51.9   2.2 112.5  0.04  0.03
       3 25  34.5  19.2  25.4  81.6  20.5  0.05  10.4  48.5   2.0 219.0  0.04  0.04
       3 26  61.9  20.6  42.4  45.8  16.8        20.3  69.9   2.9 534.6  0.15  0.12
       3 27  65.6  32.7  51.2  32.9  20.7        25.7  93.3   3.9 562.8  0.19  0.15
       3 28  69.7  32.2  54.6  25.8  14.8        26.5  96.4   4.0 575.5  0.22  0.16
       3 29  56.2  30.0  41.1  53.6  24.1        15.3  71.1   3.0 487.1  0.13  0.11
       3 30  56.1  28.5  42.3  47.8  22.7        11.3  73.7   3.1 381.5  0.13  0.10
       3 31  65.3  26.3  46.0  47.9  24.5         9.7  50.4   2.1 560.7  0.15  0.12
       4  1  77.6  32.9  60.8  20.9  13.8        38.4 122.7   5.1 545.0  0.28  0.19
       4  2  33.3  21.7  25.4  59.2  13.2        16.9  84.9   3.5 141.4  0.06  0.04
       4  3  47.4  21.9  34.0  39.6  11.5        15.5  78.5   3.3 557.1  0.13  0.10
       4  4  60.8  22.7  42.7  32.9  13.9        19.4  90.6   3.8 595.4  0.18  0.14
       4  5  65.7  31.6  49.9  34.4  20.0        11.6  50.0   2.1 555.6  0.16  0.13
       4  6  77.0  39.2  58.2  30.6  22.7        16.8  68.3   2.8 445.5  0.20  0.15
       4  7  68.1  41.2  54.6  37.5  28.6        21.8  72.7   3.0 500.6  0.18  0.14
       4  8  55.0  41.8  47.2  63.8  35.3        17.6  83.5   3.5 262.9  0.11  0.08
       4  9  75.0  32.8  55.2  44.7  26.7        31.8  64.6   2.7 520.9  0.19  0.15
       4 10  74.0  50.1  60.1  30.5  27.2        17.0  80.1   3.3 306.5  0.20  0.14
       4 11  69.5  41.8  54.2  50.8  33.7  0.06  24.7  85.3   3.6 539.4  0.20  0.16
       4 12  71.0  36.3  54.6  42.9  29.5        15.9  73.3   3.1 502.2  0.19  0.15
       4 13  76.9  41.4  60.7  28.5  25.0        14.8  65.9   2.7 615.6  0.22  0.18
       4 14  77.7  54.0  68.5  16.6  20.7        19.1  72.2   3.0 267.2  0.20  0.14
       4 15  82.6  52.4  67.1  20.4  22.7        17.5  68.3   2.8 361.6  0.22  0.16
       4 16  63.4  45.5  56.3  22.3  17.3        26.4  96.6   4.0 544.2  0.22  0.17
       4 17  78.4  34.6  55.9  31.0  20.4        29.7 134.8   5.6 625.7  0.32  0.23
       4 18  67.7  33.6  48.7  44.6  25.4        35.9 155.6   6.5 552.3  0.25  0.18
       4 19  39.4  27.1  34.0  61.2  21.9        12.6  64.3   2.7 177.0  0.06  0.05
       4 20  41.7  32.1  35.4  79.9  29.8  0.13  16.5  78.0   3.3  61.7  0.05  0.04
       4 21  57.9  28.1  43.8  47.5  19.9        23.8  86.5   3.6 664.7  0.18  0.15
       4 22  70.2  30.9  52.5  27.0  14.8        22.5  77.5   3.2 660.1  0.23  0.18
       4 23  78.0  41.2  63.8  15.5  13.6        25.9  95.8   4.0 672.2  0.28  0.21
       4 24  65.8  33.0  47.5  36.8  19.9        19.5 139.6   5.8 665.1  0.26  0.19
       4 25  56.0  30.4  44.0  32.7  16.3        16.9 109.4   4.6 462.0  0.18  0.13
       4 26  66.2  36.9  49.6  50.6  31.5  0.01  14.3  78.2   3.3 441.5  0.17  0.13
       4 27  67.9  43.4  51.4  58.3  34.6  0.02  25.4  99.3   4.1 485.7  0.20  0.16
       4 28  72.2  33.6  54.5  44.3  27.3        23.0  83.7   3.5 686.5  0.24  0.19
       4 29  76.6  39.0  59.8  32.0  26.7        14.8  86.9   3.6 651.2  0.26  0.20
       4 30  73.8  39.0  57.8  43.4  34.2        15.3  78.1   3.3 642.6  0.23  0.18
       5  1  52.9  32.2  42.8  76.5  36.4  0.04  19.9 125.8   5.2 125.3  0.07  0.06
       5  2  59.3  32.8  43.7  65.0  31.2  0.01  12.3  64.5   2.7 541.2  0.15  0.13
       5  3  74.7  34.9  56.0  34.9  22.6        22.0  67.5   2.8 713.7  0.24  0.20
       5  4  69.2  37.0  53.6  45.8  31.6        16.6  84.8   3.5 633.8  0.22  0.18
       5  5  80.2  40.3  62.1  31.4  25.4        17.1  68.5   2.9 635.1  0.25  0.20
       5  6  84.4  43.5  65.5  24.7  23.5        19.1  62.4   2.6 643.7  0.26  0.21
       5  7  67.3  41.8  53.1  60.8  39.4        15.3  74.5   3.1 584.3  0.19  0.16
       5  8  67.4  37.5  51.6  51.4  32.7        27.0 143.8   6.0 566.6  0.23  0.18
       5  9  61.3  28.4  45.7  34.8  17.7        12.9  52.5   2.2 681.4  0.18  0.15
       5 10  60.7  38.4  51.2  37.8  25.8        16.7  73.8   3.1 355.2  0.15  0.12
       5 11  57.4  41.1  48.4  76.4  40.9  0.62  21.7  75.4   3.1 217.7  0.09  0.07
       5 12  57.3  39.3  45.9  66.3  34.2  0.08  16.4  75.5   3.1 343.6  0.12  0.10
       5 13  70.8  34.5  54.2  44.2  29.4        15.0  53.6   2.2 718.7  0.21  0.18
       5 14  75.2  41.6  56.9  44.0  33.1        25.6  63.5   2.6 296.5  0.17  0.13
       5 15  75.3  45.5  60.6  42.5  36.6  0.02  26.4  76.3   3.2 458.2  0.21  0.16
       5 16  52.9  44.2  46.9  80.3  41.1  0.39  19.2  75.4   3.1 106.0  0.06  0.05
       5 17  58.8  44.2  51.1  74.3  42.6  0.04  10.1  37.5   1.6 311.0  0.10  0.09
       5 18  70.8  41.7  56.5  65.5  44.0        15.2  61.9   2.6 568.1  0.18  0.16
       5 19  68.1  45.4  56.9  61.3  43.1        15.4  98.5   4.1 643.1  0.21  0.18
       5 20  61.8  45.8  52.2  73.2  43.7        10.4  56.2   2.3 273.1  0.10  0.09
       5 21  86.8  46.5  60.9  50.9  37.8        33.3 102.3   4.3 518.4  0.31  0.23
       5 22  67.9  48.9  58.1  15.8  11.3        26.1 119.1   5.0 746.1  0.31  0.23
       5 23  61.3  36.1  48.9  51.4  30.5  1.03  19.4  82.3   3.4 505.2  0.17  0.14
       5 24  51.9  31.8  40.3  82.6  35.2  0.57  11.1  44.7   1.9 322.7  0.08  0.08
       5 25  72.3  38.0  55.1  54.0  36.4        12.5  55.1   2.3 593.3  0.19  0.17
       5 26  80.0  43.5  63.0  40.0  34.3        16.1  52.7   2.2 590.2  0.22  0.19
       5 27  80.7  47.2  64.4  38.2  36.4        28.2  86.0   3.6 583.3  0.26  0.21
       5 28  81.8  49.0  68.2  33.1  35.6        19.6  57.0   2.4 640.1  0.24  0.20
       5 29  84.0  49.7  69.8  35.9  39.0        14.3  49.0   2.0 562.0  0.22  0.19
       5 30  90.5  51.9  74.1  34.8  41.5        13.9  56.6   2.4 707.8  0.28  0.24
       5 31  91.1  56.7  74.6  35.7  43.0        25.4  56.4   2.4 624.0  0.27  0.22
       6  1  84.9  57.4  70.6  43.2  45.9        20.6  46.4   1.9 385.2  0.19  0.15
       6  2  91.7  53.6  74.1  30.6  36.5        23.2  68.3   2.8 704.5  0.31  0.25
       6  3  71.7  49.7  61.6  63.2  48.1  0.34  18.7  81.6   3.4 441.9  0.17  0.15
       6  4  63.9  47.8  54.8  74.5  46.4  0.17   9.7  44.7   1.9 285.9  0.10  0.09
       6  5  77.2  46.1  62.3  52.9  41.9        13.2  59.9   2.5 731.3  0.24  0.21
       6  6  89.9  50.3  70.8  36.4  39.5        18.6  69.6   2.9 753.4  0.31  0.25
       6  7  92.2  52.0  72.6  35.4  40.3        27.3  90.1   3.8 600.4  0.32  0.25
       6  8  89.1  51.4  69.5  48.8  48.3        11.4  51.9   2.2 673.6  0.26  0.22
       6  9  94.0  55.4  75.5  33.3  41.0        18.2  68.7   2.9 711.7  0.31  0.26
       6 10  84.5  54.9  66.7  28.9  32.0        23.2 129.1   5.4 650.5  0.37  0.27
       6 11  79.3  49.3  65.1  40.7  38.8        13.2  52.8   2.2 725.0  0.25  0.22
       6 12  81.9  51.5  67.0  33.3  35.2        14.1  70.6   2.9 743.8  0.29  0.24
       6 13  73.6  50.0  62.6  43.2  39.5        13.2  56.9   2.4 572.8  0.21  0.18
       6 14  81.2  48.8  65.7  39.9  39.5        13.4  50.8   2.1 685.0  0.24  0.21
       6 15  81.4  55.3  67.1  44.1  42.8        20.4  71.4   3.0 470.2  0.23  0.18
       6 16  84.0  51.5  68.4  48.2  44.9        24.6  77.9   3.2 686.0  0.28  0.23
       6 17  96.4  54.6  76.5  27.7  34.2        13.9  54.2   2.3 666.2  0.29  0.24
       6 18  97.1  61.6  79.2  18.8  29.6        13.9  64.6   2.7 695.9  0.32  0.26
       6 19  88.2  58.0  71.9  36.8  42.3  0.26  19.4  88.2   3.7 601.0  0.30  0.24
       6 20  81.8  57.0  69.5  59.3  53.4        15.9  68.7   2.9 515.0  0.21  0.18
       6 21  86.7  60.4  75.1  38.5  46.7  0.02  29.3  92.5   3.9 435.7  0.26  0.20
       6 22  92.4  60.0  74.7  42.7  47.9        20.2  57.8   2.4 605.7  0.27  0.22
       6 23  92.9  62.2  77.6  24.4  35.8        13.3  65.4   2.7 732.8  0.32  0.26
       6 24  96.5  56.7  78.5  27.6  38.0        21.6  61.4   2.6 724.0  0.31  0.26
       6 25  92.8  60.1  75.5  32.3  42.2        24.7  72.1   3.0 556.9  0.29  0.23
       6 26  92.4  56.5  74.3  38.1  43.6        20.2  55.3   2.3 677.1  0.28  0.24
       6 27  95.3  58.1  76.5  31.4  41.0        18.1  60.9   2.5 575.0  0.28  0.23
       6 28  92.9  57.3  76.5  32.1  41.1        30.2  71.7   3.0 604.3  0.29  0.24
       6 29  98.2  58.1  79.6  28.3  39.2        12.6  50.0   2.1 670.4  0.29  0.24
       6 30  94.6  60.1  77.0  28.1  39.0        10.2  46.8   1.9 610.4  0.26  0.22
       7  1 100.8  61.2  81.4  26.9  38.8        12.6  52.1   2.2 652.0  0.30  0.24
       7  2  95.1  63.1  79.4  27.1  39.6        11.7  45.2   1.9 533.3  0.25  0.20
       7  3  89.3  62.5  75.3  38.3  47.7        15.4  60.8   2.5 461.6  0.23  0.19
       7  4  90.0  58.6  75.3  42.4  48.2        17.2  68.9   2.9 628.5  0.28  0.23
       7  5  89.2  60.0  74.6  49.7  52.4        13.5  80.7   3.4 627.4  0.28  0.23
       7  6  84.3  60.0  71.8  57.6  54.8  0.59  27.6  94.0   3.9 474.4  0.24  0.19
       7  7  91.3  62.7  77.4  43.9  51.8        11.9  47.3   2.0 623.7  0.25  0.22
       7  8  90.7  64.0  77.8  42.0  50.9        12.0  61.2   2.5 609.7  0.27  0.22
       7  9  91.3  64.8  78.3  34.6  46.9        18.2  63.0   2.6 619.4  0.28  0.23
       7 10  84.3  65.3  74.8  51.0  55.5        18.3  63.6   2.6 420.4  0.20  0.17
       7 11  86.3  59.3  72.7  45.8  49.4        13.0  73.8   3.1 691.0  0.28  0.24
       7 12  92.8  56.8  74.9  40.2  45.0        12.9  54.5   2.3 715.8  0.29  0.24
       7 13  93.5  57.3  76.7  29.0  40.0        13.4  52.3   2.2 647.7  0.27  0.23
       7 14  95.0  59.2  77.9  30.2  40.8        14.6  52.1   2.2 709.7  0.29  0.24
       7 15  96.1  63.0  79.2  28.3  41.5        10.9  61.6   2.6 707.1  0.31  0.26
       7 16  96.4  62.0  79.4  27.5  39.7        14.8  61.5   2.6 704.9  0.31  0.25
       7 17  96.4  62.2  78.7  26.8  39.0        12.0  57.8   2.4 681.8  0.30  0.25
       7 18  95.8  62.7  79.0  25.8  38.8        11.8  61.4   2.6 621.3  0.29  0.24
       7 19  96.0  63.9  80.3  26.8  40.7        12.0  56.6   2.4 688.8  0.30  0.24
       7 20  95.0  66.3  80.4  30.4  45.1        21.5  81.1   3.4 621.9  0.32  0.25
       7 21  86.0  65.9  74.2  44.4  50.5  0.02  22.4  72.2   3.0 557.4  0.26  0.21
       7 22  80.6  58.2  69.4  59.7  53.8        12.4  47.6   2.0 405.1  0.17  0.15
       7 23  89.0  61.1  74.0  44.5  49.3        14.4  71.0   3.0 509.7  0.25  0.20
       7 24  97.7  59.0  79.9  32.1  42.7        18.4  58.1   2.4 655.1  0.29  0.24
       7 25  89.7  65.4  76.1  34.7  44.6        21.5  99.2   4.1 325.0  0.27  0.20
       7 26  93.4  59.5  75.0  39.2  44.0        16.2  71.5   3.0 594.0  0.29  0.23
       7 27  91.7  59.3  76.2  27.5  37.6        13.7  59.1   2.5 531.9  0.26  0.20
       7 28  87.5  64.3  74.9  31.0  41.6        15.1  57.6   2.4 544.2  0.25  0.20
       7 29  94.4  55.7  76.8  22.9  33.2        12.9  58.1   2.4 680.7  0.29  0.23
       7 30  97.1  58.6  80.1  25.7  37.5        14.1  54.7   2.3 675.5  0.29  0.23
       7 31  99.8  60.8  81.5  23.5  36.5        15.6  52.6   2.2 538.4  0.26  0.21
       8  1  79.4  60.0  67.2  30.0  34.3        24.4  95.6   4.0 421.5  0.26  0.19
       8  2  82.4  55.7  69.5  34.6  39.9        11.8  64.2   2.7 440.8  0.21  0.17
       8  3  88.1  63.7  71.8  55.0  53.2  0.20  24.6  47.5   2.0 377.9  0.19  0.15
       8  4  85.7  59.7  72.3  55.9  54.3        21.9  62.6   2.6 464.0  0.21  0.17
       8  5  87.3  61.5  71.8  60.1  56.0  0.08  25.5  59.1   2.5 495.1  0.22  0.18
       8  6  89.2  58.5  71.6  52.6  51.7        23.8  50.7   2.1 504.2  0.22  0.18
       8  7  87.8  57.6  71.7  51.9  51.2        16.6  55.2   2.3 476.3  0.21  0.18
       8  8  91.6  56.2  72.7  45.6  46.9        16.2  62.8   2.6 590.0  0.26  0.21
       8  9  82.2  54.9  68.8  47.2  46.6        13.5  63.4   2.6 633.4  0.24  0.20
       8 10  91.2  55.7  72.9  30.8  39.0        11.8  65.4   2.7 642.7  0.28  0.22
       8 11  94.8  54.0  77.0  21.5  29.3        14.2  54.0   2.3 668.0  0.27  0.22
       8 12  77.1  55.0  62.9  48.3  42.6        31.0 113.5   4.7 274.5  0.22  0.15
       8 13  75.1  46.0  62.2  44.1  38.0        11.3  58.4   2.4 590.4  0.20  0.17
       8 14  93.6  49.9  72.9  31.6  33.9        11.3  50.7   2.1 646.1  0.26  0.21
       8 15  83.1  55.0  67.7  43.2  43.6        19.6  66.6   2.8 575.2  0.24  0.19
       8 16 101.4  52.7  76.7  32.0  37.0        23.9  72.8   3.0 591.7  0.32  0.24
       8 17  77.6  49.4  64.6  28.6  30.2        16.9  67.9   2.8 567.2  0.23  0.18
       8 18  87.6  50.8  67.3  37.5  37.4        23.0  58.3   2.4 271.8  0.19  0.14
       8 19  87.3  48.8  67.8  41.4  42.2        16.4  48.8   2.0 538.2  0.21  0.18
       8 20  85.4  59.2  71.8  48.6  49.2        15.3  67.6   2.8 427.6  0.21  0.17
       8 21  84.3  58.8  68.2  52.5  49.0  0.14  32.4  99.3   4.1 304.1  0.22  0.16
       8 22  82.0  50.4  64.9  60.0  49.3        30.8  65.0   2.7 427.0  0.19  0.15
       8 23  89.7  48.2  68.3  48.6  44.3        24.2  70.6   2.9 435.7  0.23  0.18
       8 24  80.5  54.5  66.2  63.9  53.0        19.8  89.9   3.7 519.8  0.21  0.17
       8 25  90.0  57.3  71.4  52.1  50.2        11.8  56.1   2.3 557.6  0.23  0.19
       8 26  92.3  51.4  72.7  37.0  41.8        17.2  52.1   2.2 564.7  0.23  0.19
       8 27  79.6  57.8  67.2  62.7  53.2  0.01  20.2  83.2   3.5 362.4  0.18  0.14
       8 28  75.9  57.0  65.5  69.3  54.8        22.1  94.4   3.9 309.3  0.15  0.12
       8 29  76.5  51.3  63.1  69.6  52.2        15.5  54.7   2.3 364.9  0.14  0.12
       8 30  87.6  49.7  69.0  46.0  41.9        18.2  65.6   2.7 579.5  0.24  0.19
       8 31  90.9  57.2  73.6  29.9  36.2        12.4  50.6   2.1 527.3  0.22  0.18
       9  1  89.0  60.6  75.2  21.1  30.7         9.3  49.0   2.0 360.2  0.19  0.15
       9  2  83.7  51.5  69.5  32.7  37.9        12.1  56.8   2.4 576.5  0.22  0.18
       9  3  86.8  50.6  70.1  40.0  41.9        19.1  57.0   2.4 472.9  0.20  0.16
       9  4  91.2  58.7  74.1  31.1  38.6        21.0  60.9   2.5 481.9  0.23  0.18
       9  5  93.5  53.3  74.6  29.0  34.9        12.4  51.6   2.1 545.1  0.23  0.18
       9  6  93.9  54.3  74.4  31.3  38.8        10.0  42.1   1.8 471.0  0.20  0.16
       9  7  91.5  56.8  74.3  38.7  45.1        12.5  45.7   1.9 492.0  0.20  0.16
       9  8  83.1  57.6  70.9  47.6  49.1        16.1  62.6   2.6 338.0  0.17  0.13
       9  9  72.7  56.9  63.9  69.5  53.1  0.21  15.7  61.4   2.6 264.3  0.12  0.10
       9 10  68.3  55.3  60.3  74.8  51.8  0.35  14.5  71.5   3.0 273.8  0.11  0.09
       9 11  71.0  50.6  59.8  73.9  50.8  0.11  13.1  57.5   2.4 380.7  0.13  0.11
       9 12  74.8  54.6  61.8  76.9  53.7  0.05  18.4  55.6   2.3 396.6  0.14  0.12
       9 13  68.8  53.6  59.7  72.5  50.2  0.04  13.0  56.2   2.3 259.5  0.11  0.09
       9 14  76.6  52.0  65.1  41.7  39.8        14.3  53.2   2.2 529.8  0.18  0.15
       9 15  85.1  45.0  64.8  43.7  36.8        13.5  40.3   1.7 545.4  0.18  0.15
       9 16  85.4  46.1  65.5  40.8  36.8         9.6  35.8   1.5 507.8  0.17  0.14
       9 17  78.2  50.0  65.4  35.0  34.7        16.7  66.6   2.8 242.7  0.16  0.12
       9 18  69.8  48.5  58.8  46.2  37.6        26.4  98.1   4.1 339.1  0.17  0.13
       9 19  69.2  41.5  55.5  51.7  35.7        14.3  53.1   2.2 516.0  0.15  0.12
       9 20  81.3  41.2  62.5  40.9  33.3        13.1  55.6   2.3 518.0  0.18  0.14
       9 21  62.0  43.9  51.6  55.4  35.4        23.1  81.3   3.4 489.3  0.15  0.12
       9 22  68.4  45.4  53.9  50.4  35.0        10.1  52.5   2.2 488.0  0.15  0.12
       9 23  69.6  41.6  55.6  39.5  29.9        18.6  66.5   2.8 493.8  0.16  0.13
       9 24  86.3  39.9  62.2  39.2  31.8        18.0  55.8   2.3 502.3  0.20  0.15
       9 25  60.8  42.2  51.5  57.4  36.6  0.06  11.3  50.9   2.1 366.5  0.11  0.09
       9 26  62.6  44.8  50.3  78.8  43.7  0.02  11.1  51.0   2.1 231.7  0.08  0.07
       9 27  73.8  38.2  54.6  64.8  41.0  0.01  19.9  40.8   1.7 316.4  0.11  0.09
       9 28  68.8  46.5  54.5  65.0  42.6        12.7  50.0   2.1 297.5  0.11  0.09
       9 29  78.7  42.8  59.2  50.3  37.4        33.3  62.9   2.6 439.2  0.17  0.13
       9 30  77.1  51.4  64.3  24.7  26.0        20.2  71.6   3.0 476.7  0.19  0.14
      10  1  59.6  43.3  51.6  58.9  37.2  0.35  16.9  84.2   3.5 258.5  0.11  0.08
      10  2  43.8  36.5  39.4  89.3  36.6  0.10  10.1  55.3   2.3  84.6  0.03  0.03
      10  3  49.7  38.2  42.7  81.0  37.1  0.02  22.8  57.1   2.4 167.7  0.06  0.05
      10  4  64.1  34.1  49.3  57.3  32.4        14.0  59.1   2.5 414.5  0.12  0.09
      10  5  69.1  40.2  53.6  47.4  31.8        24.3  60.4   2.5 313.7  0.13  0.10
      10  6  61.3  39.6  49.5  56.7  34.0        12.5  52.5   2.2 422.6  0.11  0.09
      10  7  73.4  34.4  52.8  57.9  35.3         9.6  35.1   1.5 426.2  0.11  0.09
      10  8  72.2  42.0  55.8  47.7  34.2        18.2  67.2   2.8 429.0  0.15  0.11
      10  9  69.3  44.8  54.1  61.7  40.2         8.1  39.3   1.6 416.6  0.11  0.09
      10 10  78.6  40.4  60.6  36.8  28.1        15.6  59.7   2.5 408.4  0.16  0.11
      10 11  81.2  45.0  60.8  31.3  26.8        22.9  73.6   3.1 408.7  0.19  0.13
      10 12  51.3  31.9  41.4  61.7  28.6        13.1  72.7   3.0 324.9  0.09  0.07
      10 13  66.1  28.3  46.6  52.0  27.6         8.9  38.0   1.6 429.4  0.10  0.08
      10 14  62.4  31.7  46.0  43.1  21.6        11.5  52.0   2.2 420.4  0.11  0.08
      10 15  60.5  30.9  43.9  44.0  21.2        11.5  55.2   2.3 415.4  0.11  0.08
      10 16  58.7  35.4  46.2  39.6  21.8        23.2  63.0   2.6 392.6  0.11  0.08
      10 17  66.3  28.9  45.4  46.4  23.1         7.7  38.5   1.6 405.4  0.10  0.08
      10 18  71.4  32.3  51.4  32.5  18.2        13.2  51.1   2.1 408.9  0.13  0.09
      10 19  64.8  30.6  46.1  45.1  23.5         8.7  35.1   1.5 399.3  0.09  0.07
      10 20  68.4  31.7  48.4  38.8  20.0         7.8  33.6   1.4 245.4  0.09  0.07
      10 21  60.2  30.7  45.9  46.0  25.3        12.8  46.1   1.9 377.0  0.09  0.07
      10 22  43.1  26.4  33.1  78.9  27.1        17.7  69.4   2.9 102.9  0.04  0.03
      10 23  30.5  25.1  27.8  89.0  25.0  0.02   9.7  51.7   2.2  81.4  0.02  0.02
      10 24  33.4  24.3  28.7  87.7  25.6  0.06   8.0  35.4   1.5  70.8  0.02  0.02
      10 25  53.7  28.6  38.8  72.6  29.5         9.6  48.2   2.0 215.9  0.06  0.05
      10 26  57.7  30.0  44.2  55.8  28.0        15.1  47.2   2.0 331.7  0.08  0.06
      10 27  50.9  32.6  42.6  79.7  36.6        12.3  82.9   3.5 142.5  0.05  0.04
      10 28  59.9  27.1  43.4  60.4  27.7  0.02  17.0  71.4   3.0 311.0  0.09  0.07
      10 29  35.3  18.4  26.8  91.6  25.1  0.03  19.4 131.4   5.5  78.5  0.03  0.02
      10 30  19.3  14.4  17.1  89.1  14.4         7.6  37.9   1.6  79.0  0.02  0.01
      10 31  20.7  14.9  17.4  89.1  14.8         9.2  45.7   1.9  74.4  0.02  0.01
      11  1  22.7  16.3  19.2  87.5  16.1  0.01   6.8  34.6   1.4  51.2            
      11  2  31.8  19.1  25.2  84.1  21.1  0.23   6.9  39.0   1.6 159.0            
      11  3  40.3  19.3  28.8  73.6  20.5  0.28   7.7  42.6   1.8 231.2            
      11  4  38.6  18.6  28.2  69.7  19.2         7.9  38.4   1.6 195.0            
      11  5  53.1  21.4  37.1  50.5  18.1        11.3  44.2   1.8 328.7            
      11  6  57.5  27.4  39.8  59.5  25.4        10.3  43.1   1.8 317.4            
      11  7  69.1  24.8  48.4  36.5  15.1        20.2  80.8   3.4 174.6            
      11  8  65.5  47.0  56.0  27.4  22.5        27.6 113.0   4.7 245.3            
      11  9  59.9  38.9  48.5  41.3  26.1        15.9  74.3   3.1 208.4            
      11 10  53.6  26.6  41.0  33.8  13.1        18.3  56.1   2.3 251.8            
      11 11  45.5  23.9  33.8  55.9  18.9        15.6  41.5   1.7 165.8            
      11 12  54.5  16.9  35.0  49.9  14.8         9.1  31.9   1.3 298.2            
      11 13  56.6  30.0  42.8  49.8  24.2  0.03  12.4  58.9   2.5 143.7            
      11 14  47.6  29.1  37.7  74.1  29.6        12.1  47.5   2.0 216.9            
      11 15  46.0  24.5  36.2  66.6  25.6        17.2  65.7   2.7 199.3            
      11 16  59.1  19.3  37.0  49.4  16.0         9.6  36.0   1.5 263.5            
      11 17  61.9  30.8  46.5  27.3  11.7        16.4  60.8   2.5 268.4            
      11 18  55.9  32.0  44.9  30.0  13.7        22.4  83.9   3.5 252.7            
      11 19  60.4  32.2  45.9  27.8  12.6        22.3  61.4   2.6 268.4            
      11 20  63.0  28.4  44.3  46.0  22.6         8.3  38.8   1.6 270.1            
      11 21  63.0  30.6  45.5  51.9  27.4         8.9  38.2   1.6 262.2            
      11 22  68.3  27.4  47.2  44.6  21.9        16.9  53.8   2.2 165.7            
      11 23  48.1  30.3  38.1  60.3  25.6        24.0 123.9   5.2 197.2            
      11 24  31.1  21.3  24.3  87.2  20.9  0.10  20.9  79.5   3.3  88.1            
      11 25  33.1  16.3  22.0  85.9  18.4  0.14   9.3  60.6   2.5 198.6            
      11 26  31.3  10.2  18.9  72.4  11.4         9.4  53.6   2.2 252.1            
      11 27  45.8  13.5  27.8  61.0  14.7        10.6  34.4   1.4 205.7            
      11 28  58.2  19.3  35.9  61.3  22.5         6.6  31.4   1.3 249.7            
      11 29  56.3  27.2  39.8  58.3  25.2        10.2  52.4   2.2 243.6            
      11 30  47.0  23.6  34.1  58.3  19.7        11.7  47.1   2.0 232.8            
      12  1  59.9  23.7  40.5  55.0  23.8        12.0  37.7   1.6 243.9            
      12  2  58.9  28.1  43.6  47.9  23.8        13.5  69.2   2.9 239.2            
      12  3  34.7  26.4  30.2  84.5  26.1        13.7  57.2   2.4  48.1            
      12  4  33.0  25.7  30.4  88.3  27.3         6.4  39.3   1.6  30.8            
      12  5  48.1  23.8  34.4  71.0  25.0        10.7  64.0   2.7 226.1            
      12  6  49.6  17.4  31.9  58.2  16.7         9.0  36.8   1.5 238.0            
      12  7  46.6  20.9  32.3  56.7  17.3         8.0  26.0   1.1 181.0            
      12  8  44.1  22.8  31.6  58.6  18.0         8.8  33.0   1.4 205.1            
      12  9  54.9  17.9  33.2  53.1  14.8         6.3  28.4   1.2 234.9            
      12 10  59.2  18.0  34.6  42.7  10.7         6.5  28.8   1.2 230.8            
      12 11  49.4  22.6  34.7  41.1  11.4        11.8  44.1   1.8 198.0            
      12 12  41.7  19.2  31.3  48.3  12.7        13.2  55.6   2.3 212.9            
      12 13  60.3  20.5  37.2  45.4  15.3         6.9  34.5   1.4 224.7            
      12 14  55.4  23.2  35.9  50.1  17.8         8.8  35.0   1.5 159.0            
      12 15  62.3  26.7  45.5  33.1  14.5        25.9  83.4   3.5 108.9            
      12 16  51.0  28.1  39.8  35.2  13.6        13.8  69.2   2.9 233.3            
      12 17  50.8  28.0  39.0  50.1  21.1        16.7  70.2   2.9 156.9            
      12 18  40.9  24.1  31.8  70.4  22.7        14.8  60.7   2.5 156.2            
      12 19  37.5  16.8  28.2  47.9   9.4        19.9  57.7   2.4 213.7            
      12 20  39.9  11.3  25.4  46.9   6.6        11.6  54.7   2.3 206.9            
      12 21  42.7  21.2  31.1  44.9  11.3        11.0  56.1   2.3 187.1            
      12 22  41.1  16.3  27.5  55.3  12.7         9.0  33.0   1.4 164.7            
      12 23  30.6  14.7  22.7  68.8  13.8        11.2  44.2   1.8 122.1            
      12 24  31.3  12.8  19.7  76.0  12.9         7.4  35.3   1.5 140.7            
      12 25  36.1  11.4  20.8  64.1   9.6         8.1  31.3   1.3 190.5            
      12 26  43.7   6.9  22.2  49.2   3.3        10.5  38.1   1.6 226.9            
      12 27  57.7  20.4  44.2  25.7  10.6        22.6  85.1   3.5 187.4            
      12 28  61.6  28.0  42.3  38.5  17.2        14.0  45.8   1.9 115.1            
      12 29  61.5  27.9  44.4  28.2   9.1        26.2  76.4   3.2 195.7            
      12 30  49.4  21.7  35.3  34.0   7.7        10.7  52.5   2.2 223.6            
      12 31  56.0  20.8  34.7  37.7  10.5        19.1  65.1   2.7 197.0            

      Total                                8.19                         46.13 36.90
        Max 101.4  66.3  81.5  91.6  56.0        39.5 242.0  10.1 753.4
        Min  16.3  -4.4   7.2  13.9  -1.7         6.3  26.0   1.1  30.8
        Ave  64.9  36.0  50.1  48.3  27.5        16.4  66.1   2.8 398.9
