                                                                    17-JAN-02
      Cellular-linked Weather Station near LONGMONT (West), Colora       2001
      -----------------------------------------------------------------------------
               Temperature      Rel   Dew             Wind        Solar StandrdASCE
            ----------------- Humid Point  Prec -----------------   Rad   ETr   ETo
       Date   Max   Min   Ave   Ave   Ave Total   Max Total   Ave Total Alflf Grass
      MoDay     F     F     F     %     F  inch   mph miles   mph Langl  inch  inch
      ----- ----- ----- ----- ----- ----- ----- ----- ----- ----- ----- ----- -----
       1  1  29.0   9.8  19.2  84.8  15.7        14.4  43.0   1.8  84.4            
       1  2  46.0  13.7  27.7  62.7  15.0        12.0  54.0   2.3 219.5            
       1  3  57.5  18.6  34.7  46.5  13.7        13.7  50.1   2.1 217.5            
       1  4  70.0  22.3  42.1  40.1  13.2        16.6  63.4   2.6 189.0            
       1  5  61.5  23.1  43.5  39.8  17.5        12.8  49.2   2.0 223.7            
       1  6  56.3  32.1  46.7  33.3  17.3        15.5  78.3   3.3 138.6            
       1  7  43.2  19.9  31.6  55.2  16.2        17.0  55.0   2.3 227.9            
       1  8  54.5  13.2  30.2  45.0   7.6         7.7  30.4   1.3 235.6            
       1  9  48.3  13.1  28.7  43.4   7.1         8.6  32.2   1.3 236.9            
       1 10  58.1  19.6  37.7  36.6  11.9        15.0  47.8   2.0 211.4            
       1 11  52.2  19.3  33.8  46.8  13.7         9.1  45.0   1.9 233.4            
       1 12  52.4  16.6  33.4  43.6  11.3        10.7  46.2   1.9 228.4            
       1 13  48.2  21.4  36.9  38.0  13.3        25.0 100.5   4.2 112.4            
       1 14  40.6  15.8  25.4  50.9   8.7         7.5  38.2   1.6 113.9            
       1 15  34.4  11.3  24.2  56.6  10.5        14.6  56.0   2.3 199.7            
       1 16  24.0  16.5  20.1  91.7  18.2        10.9  71.7   3.0 104.6            
       1 17  28.5  -0.3  13.9  76.5   8.0  0.10   7.2  35.6   1.5 254.1            
       1 18  40.4  14.4  26.7  63.3  15.0  0.02  11.1  57.3   2.4 237.6            
       1 19  38.0   9.5  22.3  69.4  13.1         8.4  35.1   1.5 254.2            
       1 20  44.6  17.6  30.2  61.6  17.6        11.0  50.5   2.1 165.2            
       1 21  46.1  14.0  28.2  57.4  13.2        10.5  42.3   1.8 264.5            
       1 22  41.8  15.9  28.5  53.2  12.4         6.7  32.1   1.3  84.0            
       1 23  40.3  20.5  29.3  71.2  20.9         9.3  63.7   2.7 185.9            
       1 24  40.7  17.0  28.6  67.9  19.1        11.5  43.8   1.8 247.8            
       1 25  44.5  20.4  31.6  59.8  16.8        19.8  74.7   3.1 106.6            
       1 26  39.6  23.1  32.4  48.0  14.6        14.7  99.2   4.1 203.2            
       1 27  31.2  20.7  25.9  76.5  19.6        10.7  57.8   2.4  94.0            
       1 28  26.1  21.5  23.0  91.3  20.9        13.3  80.6   3.4  35.6            
       1 29  43.5  22.5  31.7  63.4  19.0  0.22  11.2  53.3   2.2 140.6            
       1 30  38.0  19.8  31.5  43.0  10.8        24.9  78.0   3.3 182.5            
       1 31  36.4  10.9  21.6  55.9   6.5        15.1  53.8   2.2 287.7            
       2  1  40.8  10.7  24.7  53.5   8.8        11.7  52.1   2.2 271.1            
       2  2  49.6  19.3  34.1  55.2  18.7        13.7  60.8   2.5 243.8            
       2  3  51.8  27.8  41.7  49.4  22.5        20.3  89.1   3.7 124.5            
       2  4  43.5  19.9  32.0  59.9  19.2        13.5  61.5   2.6 279.5            
       2  5  60.8  24.0  43.6  47.6  21.5        27.8  98.1   4.1 274.3            
       2  6  39.5  22.5  30.2  81.3  25.0        12.1  44.6   1.9 181.0            
       2  7  29.7  15.2  23.5  92.9  22.1        13.5  76.2   3.2  38.0            
       2  8  15.7   7.4  10.8  87.6   8.0        10.9  56.3   2.3  59.2            
       2  9  22.3  -6.2   9.3  68.5   0.3  0.12  10.1  51.2   2.1 230.4            
       2 10  31.7   1.4  16.3  71.1   9.5  0.02  13.4  57.7   2.4 317.1            
       2 11  48.0  10.2  28.7  56.0  11.6  0.01  20.5  81.1   3.4 311.6            
       2 12  43.2  19.6  31.6  56.2  17.4        10.6  75.9   3.2 318.8            
       2 13  46.9  18.3  30.9  67.3  20.4        15.7  71.3   3.0 316.6            
       2 14  19.6   8.6  13.3  83.9   9.4  0.04   9.4  44.6   1.9 135.4            
       2 15  38.8   5.7  21.3  73.7  14.8  0.04   7.8  36.3   1.5 327.3            
       2 16  24.7  16.9  21.7  89.3  19.0         8.9  45.0   1.9  79.1            
       2 17  39.0  21.5  27.4  84.0  23.0         8.7  42.5   1.8 251.8            
       2 18  56.6  23.3  38.2  57.1  21.4        24.4  73.7   3.1 118.1            
       2 19  51.4  31.0  39.5  60.4  26.5        20.5  77.9   3.2 278.2            
       2 20  46.3  26.3  32.9  83.3  28.2        14.2  65.2   2.7 283.2            
       2 21  50.0  27.1  36.3  74.4  28.0        15.1  64.0   2.7 282.8            
       2 22  51.3  27.8  39.5  59.6  25.8        12.3  69.0   2.9 281.0            
       2 23  37.9  28.5  34.0  82.4  29.2        12.6  97.7   4.1 111.5            
       2 24  41.9  25.8  34.4  78.5  28.3        13.2  69.4   2.9 225.1            
       2 25  55.5  23.1  38.0  43.9  15.1        13.2  68.4   2.9 305.0            
       2 26  38.8  23.1  30.5  73.0  22.7        12.5  64.5   2.7 235.9            
       2 27  23.9  15.2  19.5  84.0  15.6        11.2  59.7   2.5 141.1            
       2 28  39.9  17.5  27.3  69.0  18.6  0.06   8.2  44.5   1.9 297.6            
       3  1  55.6  21.2  39.1  49.9  17.8        15.6  65.0   2.7 285.6  0.10  0.07
       3  2  52.0  21.6  36.7  50.5  17.7        11.5  65.4   2.7 390.5  0.10  0.07
       3  3  50.1  20.6  36.8  48.0  17.6        18.8  73.9   3.1 370.9  0.10  0.07
       3  4  52.6  21.1  36.4  56.2  20.3        13.8  49.2   2.0 396.3  0.09  0.07
       3  5  61.0  24.7  43.8  45.2  21.2        13.9  50.0   2.1 277.0  0.10  0.07
       3  6  59.7  37.2  48.3  41.7  25.1        14.0  57.9   2.4 265.5  0.11  0.08
       3  7  56.3  32.7  44.5  57.7  29.8        13.7  96.9   4.0 326.3  0.11  0.08
       3  8  59.7  29.1  45.0  53.3  27.0        14.0  62.8   2.6 400.0  0.11  0.09
       3  9  63.3  30.7  47.3  44.0  23.6        17.2  52.0   2.2 308.8  0.11  0.08
       3 10  45.3  27.9  34.5  83.4  29.7  0.15  22.3  96.4   4.0  76.2  0.05  0.04
       3 11  28.5  21.2  26.1  92.1  24.1  0.14  10.2  66.9   2.8 175.8  0.03  0.03
       3 12  53.7  20.6  36.8  54.4  18.9  0.03  13.0  63.1   2.6 424.7  0.11  0.08
       3 13  57.8  30.2  43.3  49.4  23.9        10.7  60.1   2.5 401.7  0.12  0.09
       3 14  53.8  30.6  39.4  41.7  16.8        26.9 113.5   4.7 294.6  0.14  0.10
       3 15  45.9  25.8  34.3  47.8  15.3        22.8 134.2   5.6 362.6  0.13  0.09
       3 16  44.2  20.4  32.6  63.1  19.5        14.4  74.5   3.1 379.5  0.08  0.07
       3 17  35.7  26.1  31.2  83.2  26.6  0.05  12.9  83.9   3.5 199.5  0.04  0.04
       3 18  48.5  21.3  34.3  70.7  24.8        21.9  66.7   2.8 279.1  0.08  0.06
       3 19  64.8  20.9  44.2  46.6  20.6        12.1  50.2   2.1 475.4  0.13  0.11
       3 20  69.0  36.1  53.3  41.2  28.2        20.0  77.6   3.2 274.7  0.15  0.11
       3 21  61.3  38.6  50.3  60.4  36.5  0.05  13.6  61.2   2.5 312.5  0.11  0.09
       3 22  64.2  35.6  48.8  65.5  36.0        22.6  88.7   3.7 451.3  0.14  0.11
       3 23  62.9  32.4  43.7  62.5  30.1  0.01  24.0  75.8   3.2 295.7  0.13  0.10
       3 24  35.5  29.6  32.0  90.0  29.4  0.01  10.6  52.9   2.2 100.2  0.03  0.03
       3 25  35.3  29.1  31.6  88.9  28.7         9.9  39.6   1.6  74.3  0.03  0.03
       3 26  38.1  28.2  33.1  88.8  30.1  0.31   9.2  36.5   1.5 189.1  0.04  0.04
       3 27  58.1  31.9  40.8  70.0  30.3        15.3  59.3   2.5 407.3  0.11  0.09
       3 28  51.3  26.6  39.3  65.8  27.9        13.8  55.7   2.3 304.9  0.08  0.07
       3 29  46.6  30.3  37.8  81.4  32.6  0.07  13.4  55.8   2.3 165.9  0.05  0.05
       3 30  58.4  28.6  41.2  63.2  26.1        28.1 105.5   4.4 445.9  0.15  0.11
       3 31  49.0  26.4  36.9  69.3  26.6  0.13  10.9  69.3   2.9 521.5  0.11  0.09
       4  1  72.1  30.8  52.8  41.9  24.8        23.9  92.7   3.9 444.3  0.20  0.15
       4  2  71.5  40.0  53.2  46.5  31.7        12.7  64.0   2.7 398.9  0.16  0.13
       4  3  72.3  40.0  54.3  57.2  38.2        21.0  90.9   3.8 423.2  0.18  0.14
       4  4  60.3  42.1  49.7  76.4  42.1        15.6  62.3   2.6 294.1  0.10  0.08
       4  5  60.8  44.8  50.9  73.6  42.3         9.3  47.4   2.0 257.5  0.09  0.08
       4  6  55.3  42.8  49.1  66.6  37.9        18.6  84.4   3.5 192.8  0.09  0.07
       4  7  63.7  42.9  54.0  25.3  18.6        25.2  95.1   4.0 427.1  0.20  0.14
       4  8  60.8  33.2  47.0  51.5  28.1        18.1  81.1   3.4 453.7  0.15  0.12
       4  9  63.2  31.8  48.2  44.5  25.2        36.0 129.1   5.4 554.3  0.21  0.15
       4 10  42.0  31.6  37.5  80.1  31.7  0.19  15.3  85.8   3.6 109.5  0.05  0.04
       4 11  45.4  31.8  37.7  72.1  28.8  1.06  34.3 224.2   9.3 384.3  0.11  0.09
       4 12  49.2  33.7  39.9  64.3  28.7        15.1  74.8   3.1 381.6  0.11  0.09
       4 13  58.1  33.3  46.0  41.2  22.2        20.2  95.4   4.0 577.8  0.18  0.14
       4 14  63.7  30.9  46.9  46.1  24.7        26.4  74.0   3.1 564.5  0.18  0.14
       4 15  60.6  32.1  45.7  49.3  26.6        17.2 101.8   4.2 544.8  0.18  0.14
       4 16  46.1  31.4  37.7  62.2  25.9        22.9 119.7   5.0 188.2  0.09  0.07
       4 17  61.8  36.5  46.9  59.1  32.5        17.9  51.5   2.1 543.8  0.15  0.13
       4 18  81.5  36.0  59.2  41.7  29.0        18.2  80.7   3.4 481.8  0.24  0.18
       4 19  77.7  51.5  64.8  18.0  17.5        30.1 105.0   4.4 534.8  0.28  0.21
       4 20  61.1  39.5  50.8  44.3  29.2        22.1 111.8   4.7 270.7  0.16  0.11
       4 21  48.2  33.1  40.7  81.9  35.5  0.69  18.6 102.9   4.3 143.0  0.06  0.05
       4 22  37.0  30.8  33.3  88.4  30.3  0.40  26.4 184.2   7.7 169.2  0.05  0.04
       4 23  57.1  26.6  42.6  61.9  28.2        15.0  66.9   2.8 497.1  0.13  0.11
       4 24  64.8  33.0  50.4  51.8  31.0        14.6  57.6   2.4 596.3  0.17  0.15
       4 25  70.2  37.8  55.2  48.0  33.4        12.6  48.2   2.0 607.8  0.18  0.16
       4 26  75.5  42.9  61.4  38.0  32.7        14.0  53.3   2.2 610.1  0.20  0.17
       4 27  78.7  44.5  61.9  42.3  36.3        18.6  61.7   2.6 546.1  0.21  0.17
       4 28  75.9  44.3  62.0  45.0  38.4        16.1  71.0   3.0 475.9  0.20  0.16
       4 29  79.3  44.4  64.4  35.8  32.5        17.1  78.3   3.3 501.9  0.23  0.18
       4 30  75.9  45.7  61.5  36.2  31.6        21.4  64.5   2.7 485.1  0.20  0.16
       5  1  86.6  50.8  70.8  23.2  28.5        24.1 125.5   5.2 561.0  0.34  0.25
       5  2  51.0  31.7  35.0  91.8  32.8  0.72  23.8  94.5   3.9 101.0  0.07  0.05
       5  3  37.5  31.6  34.3  93.6  32.7  0.53   9.2  69.1   2.9 169.6  0.04  0.04
       5  4  41.1  34.0  37.8  92.3  35.8  0.67  10.4  79.1   3.3  82.2  0.03  0.03
       5  5  52.3  38.4  44.6  84.9  40.3  0.42  21.3  99.4   4.1 132.6  0.06  0.05
       5  6  60.5  40.0  51.3  60.0  37.5        15.6  77.5   3.2 572.5  0.16  0.14
       5  7  63.2  40.5  51.5  54.3  35.0        16.6  72.5   3.0 644.6  0.19  0.16
       5  8  74.9  39.6  59.9  43.4  33.4        15.3  72.9   3.0 648.7  0.23  0.19
       5  9  84.2  42.8  61.0  41.9  34.1  0.01  20.2  67.3   2.8 387.9  0.22  0.17
       5 10  82.4  48.2  64.4  39.8  37.0        15.4  80.6   3.4 415.0  0.23  0.18
       5 11  69.7  48.7  57.2  63.8  44.1        19.8  98.3   4.1 478.5  0.19  0.15
       5 12  82.8  43.6  65.3  43.4  37.5        11.4  50.5   2.1 657.7  0.23  0.20
       5 13  86.1  47.0  69.4  33.4  35.1        14.5  53.9   2.2 634.9  0.24  0.20
       5 14  83.5  50.9  67.6  40.6  41.3        20.7  76.3   3.2 454.5  0.23  0.18
       5 15  85.6  50.2  69.4  37.5  38.2        16.1  60.9   2.5 509.5  0.23  0.19
       5 16  82.0  59.0  69.1  35.6  40.0        22.6  68.8   2.9 377.9  0.22  0.17
       5 17  64.3  47.9  55.5  69.7  45.1  0.22  24.8  88.6   3.7 184.9  0.11  0.09
       5 18  76.9  44.8  59.7  61.5  43.3        19.6  75.0   3.1 601.3  0.22  0.19
       5 19  66.5  52.7  59.5  64.2  47.1        12.3  77.3   3.2 330.9  0.14  0.12
       5 20  74.4  33.0  50.4  67.3  38.5  0.07  39.8 138.7   5.8 445.7  0.23  0.17
       5 21  58.9  30.9  46.2  39.3  20.4        22.4  84.2   3.5 564.1  0.18  0.15
       5 22  76.6  40.4  59.5  32.3  26.1        25.3  79.2   3.3 491.9  0.23  0.18
       5 23  81.9  41.3  62.4  39.1  32.8        23.2  94.0   3.9 485.9  0.26  0.20
       5 24  77.4  40.2  60.9  36.2  29.8        25.5 122.2   5.1 536.7  0.28  0.21
       5 25  72.7  38.1  56.4  53.1  37.5        11.1  48.0   2.0 494.2  0.17  0.15
       5 26  77.1  46.0  61.9  54.0  43.1  0.02  15.9  76.2   3.2 457.1  0.20  0.16
       5 27  75.3  53.1  62.8  62.6  48.9        16.4  88.6   3.7 449.6  0.20  0.16
       5 28  70.1  48.4  59.7  74.1  50.9  0.02  14.2  62.6   2.6 289.6  0.12  0.10
       5 29  77.7  52.4  63.4  60.8  47.7  0.03  23.0  78.5   3.3 505.2  0.21  0.18
       5 30  67.4  52.0  58.9  68.5  48.2  0.04  22.8  74.8   3.1 381.6  0.15  0.13
       5 31  77.9  44.1  62.4  58.6  45.1        14.0  55.7   2.3 648.7  0.22  0.19
       6  1  83.9  49.3  67.6  43.7  41.1        12.9  58.3   2.4 673.9  0.25  0.22
       6  2  91.4  49.4  67.7  46.5  43.6        13.5  64.2   2.7 504.4  0.26  0.20
       6  3  67.2  53.4  58.6  79.0  51.8  0.02  18.9 108.7   4.5 195.0  0.11  0.09
       6  4  61.2  49.1  53.5  89.8  50.5  0.77  13.8  72.0   3.0 203.1  0.08  0.07
       6  5  74.8  43.7  59.5  63.0  44.6        13.1  64.4   2.7 655.8  0.22  0.19
       6  6  82.1  47.7  65.8  54.8  46.3        12.9  60.9   2.5 651.7  0.24  0.21
       6  7  81.2  54.2  67.5  60.3  52.4        15.8  79.9   3.3 619.9  0.24  0.21
       6  8  87.5  53.6  70.6  51.0  48.6        12.6  57.3   2.4 654.7  0.26  0.22
       6  9  88.0  54.9  71.3  44.5  45.9        15.7  59.2   2.5 410.0  0.21  0.17
       6 10  94.1  55.7  76.5  30.0  38.4        20.1  77.6   3.2 627.9  0.31  0.25
       6 11  94.4  54.9  75.7  33.1  40.0        16.4  82.0   3.4 600.1  0.32  0.25
       6 12  86.0  57.6  70.8  51.0  49.2        13.2  58.5   2.4 419.2  0.21  0.17
       6 13  66.4  43.8  53.1  59.5  37.1  0.39  21.1  86.5   3.6 238.3  0.15  0.11
       6 14  68.6  40.0  55.0  49.0  32.0        19.9  77.5   3.2 657.7  0.22  0.19
       6 15  86.4  44.6  66.9  29.5  28.9        21.5  76.9   3.2 673.9  0.30  0.24
       6 16  81.0  48.5  65.7  45.5  43.3        11.1  58.3   2.4 633.0  0.24  0.20
       6 17  94.8  50.5  74.3  34.1  36.8        17.2  68.2   2.8 652.7  0.31  0.24
       6 18  93.4  54.6  74.6  24.7  32.9        19.9  86.3   3.6 539.3  0.32  0.24
       6 19  70.9  55.1  61.0  51.2  42.6        15.2  77.1   3.2 420.3  0.19  0.15
       6 20  76.8  51.5  62.2  63.2  48.9        26.7  92.5   3.9 562.4  0.23  0.19
       6 21  79.7  53.7  66.3  60.9  50.7        15.6  51.1   2.1 584.1  0.21  0.19
       6 22  89.1  53.9  69.8  44.2  44.2        23.9  59.8   2.5 532.0  0.25  0.20
       6 23  95.4  52.1  74.3  36.2  40.3        21.9  75.3   3.1 569.6  0.30  0.24
       6 24  93.5  56.3  75.4  35.0  43.2        29.5  87.3   3.6 463.8  0.29  0.22
       6 25  93.1  61.2  77.4  37.0  46.0        19.5  75.2   3.1 637.9  0.31  0.25
       6 26  89.7  60.2  74.5  42.8  49.3        20.9  69.4   2.9 520.7  0.26  0.21
       6 27  88.3  61.3  75.3  41.3  48.1        11.7  52.7   2.2 570.6  0.24  0.21
       6 28  92.0  59.0  77.3  36.3  45.5        16.1  53.5   2.2 609.7  0.26  0.22
       6 29  94.0  60.2  78.9  34.5  45.5        16.8  50.9   2.1 504.4  0.24  0.20
       6 30  97.8  61.9  79.3  34.3  45.7        19.3  70.3   2.9 459.7  0.28  0.22
       7  1  98.2  64.9  79.2  33.9  46.9        15.5  60.0   2.5 549.0  0.28  0.23
       7  2  97.8  60.2  78.3  36.5  45.9        19.9  69.7   2.9 498.4  0.29  0.22
       7  3  86.1  58.6  74.6  47.8  52.7        20.4  71.2   3.0 504.4  0.23  0.19
       7  4  92.1  61.3  76.7  47.1  52.6        24.7  61.1   2.5 529.0  0.25  0.21
       7  5  94.8  65.1  78.5  41.8  52.0        28.1  79.5   3.3 467.0  0.28  0.22
       7  6  95.0  66.1  81.0  34.3  48.6        18.4  64.5   2.7 546.5  0.27  0.22
       7  7  93.5  64.9  78.1  47.1  54.3  0.22  15.3  61.1   2.5 494.9  0.25  0.20
       7  8  92.5  62.4  74.3  59.0  56.6  0.40  26.8  95.8   4.0 456.5  0.27  0.21
       7  9  85.4  60.2  73.8  55.2  55.8        15.0  74.4   3.1 536.5  0.23  0.20
       7 10  85.1  63.6  72.2  57.6  55.7  0.13  21.5  96.7   4.0 547.2  0.26  0.21
       7 11  86.7  60.9  72.1  59.0  55.5  0.09  17.8  78.9   3.3 573.9  0.25  0.21
       7 12  83.4  62.1  69.4  70.9  58.7  0.17  29.4  65.7   2.7 413.2  0.19  0.16
       7 13  82.4  58.1  68.6  71.1  57.9  0.09  20.0  62.2   2.6 407.0  0.18  0.15
       7 14  81.2  57.6  68.6  67.6  56.8        11.8  60.8   2.5 480.2  0.19  0.17
       7 15  87.9  58.8  73.3  46.0  48.0        25.4  68.8   2.9 619.6  0.27  0.22
       7 16  90.4  59.5  77.1  30.8  40.9        19.5  83.5   3.5 580.8  0.30  0.23
       7 17  88.1  56.3  75.1  28.9  38.3        11.3  49.8   2.1 441.2  0.21  0.17
       7 18  90.7  56.8  76.7  30.6  41.2        25.9  79.5   3.3 548.0  0.28  0.22
       7 19  91.0  59.0  76.3  36.3  45.7  0.02  26.4  68.0   2.8 447.2  0.24  0.19
       7 20  92.8  60.8  77.6  36.7  46.4        15.5  57.0   2.4 618.4  0.27  0.22
       7 21  93.6  62.9  79.1  34.4  46.4        10.6  57.8   2.4 438.6  0.23  0.19
       7 22  95.2  63.6  80.1  33.5  45.5        13.8  55.0   2.3 585.3  0.27  0.22
       7 23  78.6  61.6  70.5  60.0  56.2        17.8  80.3   3.3 287.1  0.16  0.13
       7 24  85.6  58.3  70.6  63.7  56.1        13.9  58.4   2.4 480.1  0.20  0.17
       7 25  88.6  58.1  73.5  47.8  50.5        22.3  73.9   3.1 548.4  0.25  0.21
       7 26  81.8  60.4  69.2  60.0  54.1  0.04  14.8  77.3   3.2 364.4  0.19  0.15
       7 27  86.1  57.6  73.2  47.7  49.3        11.3  46.2   1.9 554.6  0.22  0.19
       7 28  93.2  57.4  76.2  37.3  43.7        13.7  50.8   2.1 633.1  0.26  0.22
       7 29  97.4  58.1  79.8  31.5  42.4        11.7  58.6   2.4 521.3  0.26  0.21
       7 30  96.6  59.7  80.9  27.9  41.5        19.2  65.9   2.7 588.9  0.28  0.23
       7 31  91.2  66.0  78.1  39.3  49.8        18.0  62.4   2.6 430.3  0.23  0.18
       8  1  86.7  62.5  72.5  53.4  52.7        21.7  71.7   3.0 414.4  0.22  0.17
       8  2  89.1  61.1  73.4  57.8  56.1        19.0  71.8   3.0 550.4  0.25  0.20
       8  3  91.1  61.0  76.7  46.3  52.1        12.5  52.9   2.2 604.1  0.25  0.21
       8  4  92.3  65.8  79.2  42.9  53.2        12.5  52.8   2.2 483.3  0.23  0.19
       8  5  94.3  66.4  80.5  37.3  50.0        15.7  65.2   2.7 555.4  0.27  0.22
       8  6  92.1  65.1  74.9  53.6  55.2  0.13  19.5  61.6   2.6 433.7  0.23  0.18
       8  7  92.3  60.9  74.9  55.6  55.9  0.08  14.2  54.0   2.3 568.0  0.24  0.20
       8  8  89.5  64.1  75.0  45.3  50.9  0.02  19.5  76.4   3.2 500.7  0.26  0.20
       8  9  67.8  56.3  63.1  73.6  54.3  0.01  20.2  89.1   3.7 237.6  0.11  0.09
       8 10  78.2  56.5  63.9  72.2  54.3  0.01  17.7  74.4   3.1 376.4  0.17  0.14
       8 11  83.6  54.0  68.6  58.5  51.5  0.01  11.4  47.0   2.0 486.1  0.19  0.16
       8 12  85.6  54.4  70.6  54.7  52.0        11.2  50.1   2.1 551.4  0.21  0.18
       8 13  81.6  57.9  69.8  62.2  55.4        19.4  65.4   2.7 455.1  0.19  0.16
       8 14  78.9  60.1  68.3  66.2  56.1        24.2  64.7   2.7 309.8  0.15  0.12
       8 15  78.6  60.1  68.3  53.1  49.7        18.1  65.0   2.7 375.0  0.18  0.14
       8 16  76.9  54.8  65.3  56.2  48.4        23.5  54.5   2.3 395.6  0.16  0.14
       8 17  84.9  51.9  68.6  48.7  45.3        11.1  46.2   1.9 554.4  0.21  0.18
       8 18  91.0  51.3  72.4  40.5  42.8        12.1  52.6   2.2 553.2  0.23  0.19
       8 19  94.0  54.3  73.3  39.0  44.5        30.5  54.9   2.3 348.3  0.21  0.16
       8 20  84.3  61.6  73.6  36.8  44.7        39.8  84.5   3.5 294.4  0.21  0.16
       8 21  86.8  59.0  72.8  42.7  47.0        15.5  65.6   2.7 485.1  0.22  0.18
       8 22  86.0  58.7  71.1  41.9  45.5        17.2  68.0   2.8 405.1  0.21  0.17
       8 23  85.4  60.8  69.7  53.2  50.7        11.1  48.8   2.0 437.5  0.19  0.16
       8 24  91.5  52.5  73.5  42.3  43.1        11.9  48.8   2.0 525.2  0.22  0.18
       8 25  84.4  61.7  72.5  38.3  44.6        22.2 101.6   4.2 475.3  0.27  0.20
       8 26  92.5  52.1  72.4  40.7  42.2        16.1  41.8   1.7 560.1  0.22  0.18
       8 27  94.1  55.5  74.4  32.6  40.5        29.2  54.2   2.3 495.9  0.23  0.18
       8 28  85.0  57.4  71.2  35.5  41.2        14.5  54.8   2.3 388.1  0.19  0.15
       8 29  88.6  53.2  70.8  39.8  42.0        20.2  47.4   2.0 392.6  0.19  0.15
       8 30  79.8  53.6  66.4  49.0  46.1        15.8  66.6   2.8 384.1  0.18  0.14
       8 31  80.6  54.7  66.5  51.9  47.5        15.9  53.9   2.2 361.8  0.16  0.13
       9  1  88.3  53.7  68.8  47.7  45.6        13.7  60.3   2.5 412.5  0.21  0.16
       9  2  89.6  55.6  73.6  32.5  39.2        14.2  55.8   2.3 470.5  0.21  0.17
       9  3  92.1  53.5  73.2  36.3  42.0         9.6  36.3   1.5 492.1  0.19  0.16
       9  4  90.4  54.0  72.0  38.1  41.3        13.1  39.4   1.6 514.8  0.20  0.16
       9  5  87.3  55.3  69.6  38.7  42.2        18.0  54.9   2.3 444.1  0.20  0.16
       9  6  87.4  56.9  69.6  41.5  42.4  0.02  40.7  84.7   3.5 387.1  0.24  0.18
       9  7  69.7  44.2  56.7  50.8  36.3  0.27  25.1  89.9   3.7 461.4  0.18  0.14
       9  8  50.2  37.6  43.1  81.8  37.8  0.07  20.5  74.5   3.1 155.3  0.06  0.05
       9  9  72.4  32.3  52.3  58.5  35.4  0.04  11.4  37.8   1.6 534.9  0.15  0.13
       9 10  83.7  41.6  61.8  47.5  37.7  0.24   9.9  33.5   1.4 535.0  0.17  0.14
       9 11  88.6  46.5  68.7  33.8  34.0        10.3  54.3   2.3 471.6  0.20  0.16
       9 12  87.6  48.4  69.0  32.6  36.7        11.0  48.1   2.0 497.6  0.19  0.15
       9 13  83.1  52.4  65.8  51.4  45.7  0.10  18.4  61.4   2.6 339.0  0.17  0.13
       9 14  77.7  51.4  62.2  71.0  51.7  0.11  25.1  61.7   2.6 367.9  0.14  0.12
       9 15  67.4  53.7  58.4  81.1  52.4  0.06  14.4  54.9   2.3 254.0  0.09  0.08
       9 16  76.4  53.9  61.6  66.8  49.6  0.03  16.4  48.1   2.0 249.8  0.12  0.10
       9 17  66.3  53.0  58.5  67.0  47.2        16.5  60.1   2.5 247.3  0.11  0.09
       9 18  72.5  48.2  57.5  70.9  47.2        10.0  41.9   1.7 264.3  0.10  0.09
       9 19  84.7  43.8  64.2  45.8  38.6        17.8  49.5   2.1 479.7  0.18  0.14
       9 20  79.1  49.7  63.9  46.5  41.3        12.7  48.1   2.0 476.6  0.16  0.13
       9 21  87.8  46.6  66.4  43.3  39.5        17.9  55.9   2.3 400.7  0.19  0.14
       9 22  81.7  49.4  65.4  38.4  36.5        17.3  47.1   2.0 427.4  0.16  0.13
       9 23  73.5  46.0  57.8  48.9  38.0         8.6  47.7   2.0 449.5  0.15  0.12
       9 24  81.3  42.4  60.1  56.3  41.7         8.7  40.0   1.7 444.9  0.15  0.12
       9 25  84.5  45.2  63.8  46.7  39.2        10.1  37.1   1.5 438.9  0.15  0.12
       9 26  88.7  46.9  67.5  38.5  36.4        11.8  39.1   1.6 386.3  0.16  0.12
       9 27  89.6  49.8  69.8  34.3  36.2         9.8  40.5   1.7 432.7  0.16  0.13
       9 28  81.0  48.8  64.8  46.4  42.6        25.1  38.3   1.6 334.8  0.13  0.10
       9 29  81.6  53.2  65.2  47.6  43.4        21.5  56.8   2.4 256.7  0.15  0.11
       9 30  74.2  47.1  60.7  58.7  45.1        12.5  42.4   1.8 378.5  0.12  0.10
      10  1  82.5  49.4  64.3  47.4  41.0         9.4  39.4   1.6 401.8  0.14  0.11
      10  2  83.7  53.0  67.6  32.5  34.2        16.4  54.1   2.3 340.1  0.16  0.12
      10  3  79.4  43.8  60.4  39.7  33.9        17.0  66.7   2.8 386.0  0.17  0.13
      10  4  57.3  34.0  46.6  67.9  36.2  0.11  25.6 113.0   4.7 133.5  0.09  0.06
      10  5  43.0  32.4  36.8  77.9  30.4  0.01  20.5  54.2   2.3 129.3  0.05  0.04
      10  6  69.0  28.3  47.4  59.3  31.0         8.3  37.3   1.6 373.9  0.10  0.08
      10  7  74.8  41.1  56.3  51.8  37.1        15.3  44.9   1.9 160.2  0.10  0.08
      10  8  76.9  42.7  60.7  45.0  35.8        12.4  48.2   2.0 325.8  0.13  0.10
      10  9  64.8  43.0  52.5  57.9  37.6  0.05  20.0  54.4   2.3 304.3  0.10  0.08
      10 10  55.2  33.3  44.0  56.9  28.4        15.4  62.4   2.6 407.9  0.10  0.08
      10 11  63.3  28.9  44.8  52.3  25.6        23.3  56.6   2.4 160.4  0.10  0.07
      10 12  53.3  37.6  46.0  34.3  19.0        22.9 113.7   4.7 398.9  0.14  0.10
      10 13  61.8  37.9  51.3  39.5  26.9        20.4  94.8   4.0 251.8  0.13  0.09
      10 14  65.9  33.3  47.5  56.5  31.4  0.02  14.3  76.4   3.2 412.2  0.13  0.10
      10 15  50.8  32.7  39.2  66.8  28.7  0.05  39.0 107.4   4.5 311.0  0.10  0.07
      10 16  67.9  27.8  45.3  58.9  28.9         7.7  29.2   1.2 394.7  0.09  0.07
      10 17  78.1  35.3  56.6  42.7  27.5        17.0  49.6   2.1 218.0  0.13  0.09
      10 18  68.2  38.3  49.4  47.1  28.3        22.2  74.4   3.1 393.8  0.14  0.10
      10 19  70.7  32.5  52.5  40.8  25.7        14.3  66.3   2.8 361.8  0.13  0.09
      10 20  54.9  36.4  45.5  53.0  29.1        12.4  44.7   1.9 134.7  0.07  0.05
      10 21  56.7  34.3  46.0  61.3  32.7        13.2  38.3   1.6 200.9  0.06  0.05
      10 22  68.3  38.1  52.9  47.5  31.6        25.6  89.3   3.7 245.1  0.14  0.09
      10 23  68.9  41.8  55.8  33.0  25.9        25.6  99.4   4.1 316.0  0.16  0.11
      10 24  55.6  35.7  44.6  20.8   5.8        18.4  77.1   3.2 405.7  0.13  0.09
      10 25  58.6  27.0  42.0  31.4  11.9        14.5  73.1   3.0 394.0  0.12  0.09
      10 26  60.4  25.9  41.8  39.5  16.8        13.2  41.7   1.7 369.3  0.09  0.06
      10 27  72.5  29.7  49.5  41.9  23.7         8.6  35.1   1.5 248.8  0.09  0.07
      10 28  76.5  45.3  56.0  42.4  32.4        17.5  54.4   2.3 130.2  0.12  0.08
      10 29  57.4  35.6  46.8  56.9  31.6        18.8  36.6   1.5 259.4  0.06  0.05
      10 30  64.8  38.3  47.7  62.5  34.5        10.6  38.1   1.6  96.6  0.07  0.05
      10 31  69.6  44.5  61.1  26.0  25.2        24.0 112.8   4.7 246.1  0.17  0.11
      11  1  64.7  39.7  51.6  34.2  23.2        22.9  71.0   3.0 290.7            
      11  2  63.6  33.1  47.2  44.0  24.9        10.8  40.0   1.7 333.0            
      11  3  63.6  37.0  49.5  44.1  26.7         9.8  39.8   1.7 292.0            
      11  4  71.1  29.0  47.4  50.4  26.9         9.4  30.5   1.3 336.9            
      11  5  75.3  33.2  52.6  41.4  25.9        11.9  33.3   1.4 314.9            
      11  6  71.6  38.4  54.1  43.6  30.1        11.1  45.1   1.9 304.4            
      11  7  72.6  31.6  47.0  60.4  31.4  0.03  27.3 104.0   4.3 223.2            
      11  8  48.2  30.2  37.2  74.4  29.3  0.21  10.4  44.8   1.9 319.0            
      11  9  66.0  21.8  39.8  49.3  18.2         8.3  35.4   1.5 335.4            
      11 10  62.5  24.2  41.2  44.7  17.6         6.5  29.5   1.2 327.8            
      11 11  65.3  27.6  44.7  47.3  24.1         9.5  35.9   1.5 273.6            
      11 12  68.7  32.8  49.3  49.5  28.5         9.4  40.5   1.7 295.5            
      11 13  65.4  35.6  47.5  52.1  28.9         6.9  31.8   1.3 211.2            
      11 14  66.0  34.4  49.8  44.1  26.5        15.2  59.7   2.5 289.2            
      11 15  64.8  30.2  46.0  52.2  27.1         8.6  34.4   1.4 287.8            
      11 16  63.6  30.8  45.2  58.9  29.9         7.1  30.7   1.3 284.8            
      11 17  64.7  28.8  45.0  59.2  30.2         6.4  33.2   1.4 278.9            
      11 18  49.9  26.6  34.9  78.8  28.4  0.04  19.8  84.2   3.5 127.4            
      11 19  51.3  20.3  33.1  80.1  27.2  0.04   7.7  31.6   1.3 289.7            
      11 20  63.4  20.1  38.2  54.7  19.7         8.6  36.6   1.5 293.6            
      11 21  57.8  21.6  40.0  43.5  17.3        11.0  46.8   1.9 209.2            
      11 22  55.4  33.3  43.1  46.3  23.4        11.5  59.3   2.5 186.7            
      11 23  45.8  34.6  40.4  66.8  30.1  0.01  27.6 147.0   6.1  93.7            
      11 24  51.3  25.5  37.3  46.9  16.9        11.1  61.5   2.6 268.4            
      11 25  34.9  23.9  29.2  80.7  23.9        17.3 143.0   6.0 133.8            
      11 26  28.9  15.1  22.6  90.0  20.4  0.15  21.3 107.0   4.5 184.3            
      11 27  26.4   8.4  15.8  77.6   9.8  0.04   9.5  58.0   2.4 227.1            
      11 28  28.4   5.6  15.7  70.3   7.2         9.5  39.7   1.7 257.9            
      11 29  37.0  12.0  24.0  70.5  15.8        11.9  41.8   1.7 174.7            
      11 30  47.9  24.0  34.3  48.6  15.5        17.8  50.8   2.1 221.1            
      12  1  48.0  19.8  36.4  43.7  15.1        16.9  74.6   3.1 233.8            
      12  2  57.1  30.6  43.2  47.3  23.2        17.8  61.7   2.6 252.7            
      12  3  67.1  27.8  45.1  43.2  19.2        17.9  57.0   2.4 256.2            
      12  4  44.7  27.4  34.5  58.4  21.2        11.5  46.8   1.9 160.5            
      12  5  48.0  31.3  39.2  28.1   7.8        18.9  99.8   4.2 252.9            
      12  6  56.5  36.7  46.3  27.8  14.3        19.2  96.6   4.0 241.1            
      12  7  46.1  19.9  35.1  41.5  13.8        28.4  85.3   3.6 189.4            
      12  8  50.0  13.9  28.6  51.0  10.1         7.6  32.0   1.3 244.1            
      12  9  50.2  18.6  33.4  53.9  16.7         7.3  32.7   1.4 158.8            
      12 10  40.5  20.5  29.2  59.3  16.0         7.6  40.9   1.7 180.7            
      12 11  48.8  15.5  33.3  44.0   9.5        23.5  76.9   3.2 241.5            
      12 12  29.3  16.2  24.5  71.1  16.4  0.01  11.3  49.5   2.1 118.3            
      12 13  37.6   9.6  23.6  65.5  13.0         7.6  33.8   1.4 181.6            
      12 14  48.6  19.1  31.8  55.0  16.8        13.4  54.2   2.3 134.5            
      12 15  46.8  21.0  31.0  62.6  18.6        17.4  58.8   2.5 168.8            
      12 16  38.9  11.7  25.5  78.4  19.7  0.08  10.2  47.5   2.0 217.8            
      12 17  62.3  16.2  40.2  42.3  12.8        19.3  72.6   3.0 240.6            
      12 18  42.4  19.4  31.9  59.8  19.1        12.9  56.9   2.4 205.5            
      12 19  54.0  17.0  34.3  51.7  14.1        15.0  57.5   2.4 201.0            
      12 20  42.5  21.9  31.5  56.1  17.2        11.7  51.5   2.1 194.9            
      12 21  50.1  16.2  33.3  54.2  16.3        24.0  85.1   3.5 189.4            
      12 22  44.2  20.0  30.0  57.2  15.4        13.0  60.7   2.5 207.6            
      12 23  44.9  13.3  26.9  59.8  12.7         9.2  42.3   1.8 230.9            
      12 24  41.2  12.9  26.1  54.7  10.3         9.3  36.0   1.5 223.4            
      12 25  44.0  12.8  27.9  45.1   7.5        10.6  53.0   2.2 169.9            
      12 26  50.5  19.1  33.3  42.9  11.1        12.6  53.1   2.2 230.9            
      12 27  46.2  18.7  30.4  47.1  10.9         9.6  46.5   1.9 215.0            
      12 28  54.0  17.5  35.4  47.3  15.0        22.1  90.9   3.8 213.1            
      12 29  32.6  19.4  24.7  64.5  14.4        10.2  50.8   2.1 137.7            
      12 30  24.2  19.1  21.9  69.9  13.6         9.1  42.5   1.8  71.1            
      12 31  35.2  11.3  24.3  66.8  14.2        12.0  50.8   2.1 225.1            

      Total                               11.06                         43.14 34.51
        Max  98.2  66.4  81.0  93.6  58.7        40.7 224.2   9.3 673.9
        Min  15.7  -6.2   9.3  18.0   0.3         6.4  29.2   1.2  35.6
        Ave  65.2  37.4  50.8  53.8  31.6        16.3  65.5   2.7 352.0
