                                                                    07-JUN-99
      Cellular-linked Weather Station near LONGMONT (West), Colora       1997
      -----------------------------------------------------------------------
               Temperature      Rel   Dew             Wind        Solar Alflf
            ----------------- Humid Point  Prec -----------------   Rad   ETR
       Date   Max   Min   Ave   Ave   Ave Total   Max Total   Ave Total Total
      MoDay     F     F     F     %     F  inch   mph miles   mph Langl  inch
      ----- ----- ----- ----- ----- ----- ----- ----- ----- ----- ----- -----
       8  1  86.6  60.3  73.2  53.8  54.1        16.1  59.4   2.5 631.8  0.25
       8  2  87.7  62.9  73.5  57.5  56.5        15.9  58.5   2.4 537.3  0.23
       8  3  89.3  59.3  74.1  55.9  55.8        11.8  60.2   2.5 591.5  0.25
       8  4  84.8  62.6  70.0  64.7  56.7  0.54  33.0  80.9   3.4 494.4  0.24
       8  5  74.7  58.7  65.2  86.2  60.7  0.37  17.8  72.1   3.0 336.8  0.15
       8  6  71.2  56.1  61.3  76.4  53.1  0.60  18.6  96.3   4.0 253.8  0.15
       8  7  79.3  52.4  66.5  60.5  51.0        11.8  54.8   2.3 621.9  0.22
       8  8  93.9  53.8  74.3  47.7  48.6        19.2  48.9   2.0 655.3  0.25
       8  9  74.6  56.8  63.5  65.3  51.1  0.15  19.7  57.9   2.4 348.6  0.16
       8 10  64.7  56.4  59.6  90.3  56.8  0.25  12.4  59.8   2.5 178.0  0.08
       8 11  70.7  55.8  62.2  81.2  56.0         8.8  41.0   1.7 303.6  0.12
       8 12  74.7  51.5  63.0  77.6  55.4        11.8  46.2   1.9 461.5  0.15
       8 13  85.1  53.0  68.2  55.8  48.3        20.8  79.3   3.3 518.4  0.22
       8 14  83.6  54.3  71.3  35.2  40.9        14.4  58.4   2.4 489.8  0.19
       8 15  93.5  56.3  74.2  39.5  44.9        13.8  58.8   2.5 659.7  0.26
       8 16  77.2  55.1  65.8  68.5  54.9        22.1  87.4   3.6 528.2  0.21
       8 17  76.1  57.9  65.6  74.1  56.5  0.05  15.8  74.3   3.1 460.5  0.18
       8 18  82.1  58.7  69.2  56.7  51.7  0.01  27.6  66.9   2.8 490.8  0.20
       8 19  78.5  56.4  66.8  58.8  51.6  0.02  17.2  73.4   3.1 267.4  0.14
       8 20  82.8  57.2  70.3  57.4  53.8        10.2  50.6   2.1 620.1  0.21
       8 21  91.1  60.1  70.6  60.1  54.3        24.5  58.2   2.4 454.2  0.21
       8 22  86.5  57.0  69.8  55.7  51.4  0.08  14.6  54.2   2.3 497.5  0.20
       8 23  92.4  54.6  72.9  52.2  50.9         9.1  38.8   1.6 586.4  0.22
       8 24  93.4  57.1  74.3  47.6  50.9        13.7  53.9   2.2 579.5  0.23
       8 25  89.7  59.9  75.0  50.7  53.8        25.6  60.3   2.5 458.9  0.20
       8 26  85.4  61.6  72.7  58.1  56.5        17.2  65.1   2.7 456.0  0.20
       8 27  91.0  59.8  74.0  53.9  54.2        11.7  54.7   2.3 545.3  0.22
       8 28  92.2  59.6  74.8  45.7  50.5  0.01  13.7  58.4   2.4 544.6  0.23
       8 29  91.7  60.1  72.2  48.3  49.9        19.7  62.7   2.6 429.1  0.21
       8 30  86.5  57.9  71.3  54.0  52.5        11.2  51.1   2.1 479.3  0.20
       8 31  86.3  57.1  69.8  58.6  53.3        14.3  66.0   2.8 523.4  0.22
       9  1  82.7  55.8  68.6  69.5  57.2  0.02  18.6 102.1   4.3 380.0  0.18
       9  2  65.8  59.6  62.9  90.6  60.1  0.01  11.3  59.1   2.5 138.2  0.06
       9  3  81.3  60.0  69.1  76.2  60.3        12.3  49.2   2.0 418.2  0.15
       9  4  84.6  62.3  70.4  63.4  56.3  0.04  15.7  46.6   1.9 451.6  0.17
       9  5  84.0  56.0  69.9  60.6  53.3        14.8  48.8   2.0 564.4  0.19
       9  6  84.3  57.5  68.9  56.8  51.6        24.3  44.5   1.9 356.5  0.15
       9  7  86.6  52.4  67.5  50.6  46.5  0.02  24.4  66.0   2.8 432.7  0.19
       9  8  88.5  50.7  70.0  46.8  44.9        14.8  63.0   2.6 551.7  0.21
       9  9  77.6  53.3  64.4  55.2  47.6        11.3  49.5   2.1 519.5  0.18
       9 10  87.8  51.2  68.9  52.4  47.8        11.3  50.0   2.1 552.4  0.20
       9 11  85.5  58.9  70.4  48.4  48.8        17.7  51.1   2.1 420.8  0.16
       9 12  88.4  58.4  71.9  42.6  45.3        19.1  58.9   2.5 534.8  0.20
       9 13  86.9  52.5  70.2  42.4  43.7  0.01  19.9  61.6   2.6 530.3  0.20
       9 14  87.3  55.7  70.7  46.5  46.8        12.4  63.4   2.6 537.6  0.21
       9 15  89.3  55.1  71.8  39.5  43.4        21.5  77.7   3.2 467.7  0.20
       9 16  82.1  55.3  68.6  34.5  38.1        25.3  75.1   3.1 290.7  0.16
       9 17  84.0  49.3  66.1  42.2  39.7        17.5  74.2   3.1 496.4  0.20
       9 18  77.3  61.9  69.1  47.6  48.4        22.3  90.6   3.8 213.0  0.13
       9 19  64.5  46.2  53.8  77.2  46.5  0.34  13.4  70.3   2.9  83.3  0.08
       9 20  53.1  44.9  48.8  87.7  45.2  0.13  14.8  83.7   3.5 107.4  0.06
       9 21  54.9  46.3  50.0  83.8  45.2  0.04  10.5  62.3   2.6 132.4  0.06
       9 22  57.2  48.9  51.7  88.3  48.3  0.17   9.4  49.1   2.0  95.1  0.03
       9 23  54.3  47.7  50.1  87.1  46.3  0.21  10.2  38.7   1.6 134.7  0.04
       9 24  70.4  42.4  55.5  71.1  44.9        10.3  43.8   1.8 504.8  0.12
       9 25  80.8  43.3  61.3  60.4  44.4         9.8  37.3   1.6 505.3  0.13
       9 26  79.1  51.2  63.5  62.0  49.5        19.0  44.7   1.9 282.5  0.09
       9 27  83.0  47.5  62.5  58.1  44.4        17.2  54.7   2.3 477.5  0.16
       9 28  75.3  39.1  56.1  57.2  38.2        12.1  46.2   1.9 495.6  0.16
       9 29  81.1  40.4  60.2  48.1  36.3         9.0  36.7   1.5 488.9  0.15
       9 30  82.7  44.5  64.0  43.2  38.1         8.3  36.2   1.5 474.9  0.13
      10  1  85.7  46.2  65.8  46.8  41.7        10.2  33.4   1.4 462.8  0.13
      10  2  86.5  49.6  68.1  43.2  40.9        15.3  71.7   3.0 434.9  0.16
      10  3  78.4  53.1  67.5  34.7  37.8        21.9  90.1   3.8 446.8  0.16
      10  4  86.7  43.5  66.2  33.9  30.6        16.0  58.1   2.4 459.1  0.16
      10  5  85.9  49.6  66.5  31.5  34.0        12.3  56.4   2.4 458.1  0.16
      10  6  69.3  44.4  56.2  44.7  33.6         9.9  39.9   1.7 446.7  0.14
      10  7  82.1  41.0  60.6  47.5  36.9        28.3  84.1   3.5 367.1  0.16
      10  8  62.3  43.7  53.5  49.5  34.3  0.08  25.5  99.8   4.2 311.5  0.13
      10  9  67.1  32.8  48.8  46.3  27.0         9.2  39.3   1.6 442.3  0.12
      10 10  76.6  38.3  56.3  49.9  35.3        14.6  39.2   1.6 350.8  0.10
      10 11  81.0  49.4  66.0  38.0  38.2        38.9 210.8   8.8 398.3  0.21
      10 12  55.3  34.3  43.3  54.0  26.8  0.24  28.6 139.6   5.8 267.1  0.13
      10 13  60.3  26.2  43.5  43.0  20.1        14.8  62.1   2.6 424.7  0.12
      10 14  70.0  32.8  49.3  48.3  28.0         9.6  39.0   1.6 419.9  0.11
      10 15  66.4  34.0  49.9  49.4  29.3        11.7  36.6   1.5 401.4  0.08
      10 16  70.4  33.7  50.4  51.2  29.5         8.3  34.7   1.4 404.2  0.09
      10 17  78.6  36.3  56.1  45.1  30.6         9.9  38.0   1.6 401.0  0.10
      10 18  76.6  38.6  57.3  40.3  29.2        17.8  49.1   2.0 402.8  0.10
      10 19  49.7  42.1  45.4  69.6  36.0        19.4  51.7   2.2 110.0  0.05
      10 20  52.0  42.0  45.4  74.3  37.6  0.07  13.6  69.1   2.9 115.9  0.06
      10 21  50.8  38.0  43.0  81.1  37.5        10.5  49.3   2.1 141.7  0.05
      10 22  66.7  31.1  47.3  64.6  33.8         7.9  34.3   1.4 367.8  0.07
      10 23  64.0  36.1  50.4  47.1  28.9  0.04  18.9  50.3   2.1 241.7  0.06
      10 24  42.7  22.0  31.9  93.6  30.8  0.42  27.8 180.4   7.5  64.9  0.05
      10 25  31.4  18.0  24.5  90.6  22.3  0.18  22.7 154.7   6.4 156.2  0.05
      10 26  50.0   7.5  24.6  79.1  18.7  0.02   7.7  40.4   1.7 377.0  0.07
      10 27  58.8  17.2  34.8  73.2  26.3         9.2  35.6   1.5 363.4  0.05
      10 28  50.5  30.7  39.2  64.1  27.2        13.1  70.3   2.9 342.0  0.05
      10 29  67.1  29.4  45.4  53.7  26.9        11.6  54.1   2.3 324.2  0.06
      10 30  66.6  43.2  55.4  33.0  26.4        16.8  68.2   2.8 270.9  0.05
      10 31  63.2  39.4  52.5  44.5  30.3        27.2 127.2   5.3 249.9  0.09
      11  1  52.8  29.3  42.2  45.1  20.6        21.7  88.1   3.7 352.0      
      11  2  54.4  27.8  42.1  32.8  13.5        29.2  86.7   3.6 348.4      
      11  3  57.8  24.5  42.0  47.6  22.2        10.7  43.4   1.8 298.6      
      11  4  66.9  34.3  52.2  31.1  20.5        29.2 101.1   4.2 297.2      
      11  5  56.8  28.5  42.3  59.3  27.5        12.5  55.6   2.3 320.4      
      11  6  67.9  29.2  46.5  53.3  27.8         9.8  34.5   1.4 321.6      
      11  7  69.6  31.4  49.0  45.8  25.7         8.0  39.8   1.7 320.6      
      11  8  49.1  32.5  39.8  67.6  29.6  0.02  16.4  63.7   2.7 194.3      
      11  9  32.9  22.2  28.8  92.7  27.1  0.16  17.8  90.2   3.8 157.1      
      11 10  27.8  20.5  24.2  84.1  20.0  0.08   8.3  60.2   2.5 129.5      
      11 11  26.4  21.5  23.8  89.2  21.1        14.2  65.7   2.7  87.0      
      11 12  37.7  21.2  26.5  81.5  21.2  0.15   9.4  46.9   2.0 264.5      
      11 13  39.4  14.3  26.8  78.9  21.0        13.0  53.6   2.2 247.3      
      11 14  27.2   7.8  15.8  67.3   6.2  0.05  15.7  54.0   2.3 264.5      
      11 15  29.9   4.8  16.5  62.0   4.6  0.01   8.4  42.9   1.8 300.9      
      11 16  38.2   7.1  21.8  63.6  10.1         5.8  23.4   1.0 296.0      
      11 17  45.4  15.8  30.3  59.4  16.9         7.7  38.2   1.6 280.2      
      11 18  49.7  24.6  37.0  45.9  16.0        17.5  55.1   2.3 287.0      
      11 19  58.4  24.1  40.6  47.3  20.7        15.7  64.6   2.7 204.8      
      11 20  48.8  28.4  39.3  58.5  25.7        11.5  54.3   2.3 153.4      
      11 21  40.6  22.3  31.7  60.1  19.2         9.3  42.6   1.8 109.6      
      11 22  43.6  20.6  30.4  65.2  19.4        11.8  37.4   1.6 243.4      
      11 23  49.1  16.8  28.0  67.2  17.7        12.2  38.6   1.6  61.4      
      11 24  65.2  23.9  41.8  46.0  19.2        14.2  52.9   2.2 269.4      
      11 25  67.9  29.0  48.9  33.8  18.3        20.5  79.6   3.3 266.8      
      11 26  48.3  28.5  36.1  53.3  20.1        17.5  49.2   2.0 145.8      
      11 27  45.9  26.3  36.7  70.1  28.0  0.05  11.6  62.1   2.6  75.6      
      11 28  53.0  29.0  40.7  61.7  28.0        18.3  65.8   2.7 168.1      
      11 29  54.6  23.9  37.7  55.2  21.2        18.7  59.8   2.5 249.2      
      11 30  46.0  20.8  32.1  68.8  22.5         6.2  27.5   1.1 212.2      
      12  1  46.0  27.0  35.1  67.7  24.7        17.5  63.8   2.7 131.0      
      12  2  32.3  24.8  29.0  89.2  26.3  0.01  18.3 101.1   4.2  71.9      
      12  3  35.3  17.4  26.7  73.2  18.6  0.12  10.6  60.6   2.5 234.3      
      12  4  36.2  17.6  28.2  53.9  13.0        12.6  63.5   2.6 245.0      
      12  5  31.7  12.8  21.0  76.1  14.4         8.7  36.1   1.5 231.1      
      12  6  40.2  14.9  23.7  74.9  16.3         5.7  26.4   1.1 146.7      
      12  7  37.4  16.9  26.9  80.7  21.8         7.8  35.4   1.5 127.7      
      12  8  40.7  18.6  30.9  71.0  22.1         8.4  42.5   1.8 160.2      
      12  9  37.8  26.7  31.6  84.4  27.4        21.9  91.1   3.8  97.7      
      12 10  31.5  21.6  27.0  69.6  18.0        29.0 201.8   8.4 112.5      
      12 11  37.3  12.3  25.2  49.2   7.1        23.3 103.9   4.3 245.1      
      12 12  48.1  12.0  28.1  45.3   7.7        10.5  47.2   2.0 239.6      
      12 13  54.7  18.4  34.5  47.7  14.8        10.7  49.4   2.1 237.1      
      12 14  59.7  21.7  37.6  47.4  17.5         6.9  30.0   1.3 236.7      
      12 15  60.8  26.0  39.8  40.9  15.0        19.7  67.7   2.8 219.5      
      12 16  55.0  19.5  35.7  49.1  15.9        12.1  47.2   2.0 231.4      
      12 17  49.3  26.3  34.8  57.4  21.0        10.6  50.2   2.1 118.1      
      12 18  50.2  23.5  35.3  60.3  22.2        10.3  46.3   1.9 173.1      
      12 19  31.5  23.9  28.0  77.8  21.9        11.8  41.8   1.7  32.2      
      12 20  38.3  17.8  27.4  80.4  21.9         7.4  37.8   1.6 175.4      
      12 21  43.0  13.0  24.1  82.6  19.3         6.4  27.3   1.1 173.3      
      12 22  37.0  24.1  30.8  61.8  19.0        11.9  53.2   2.2 194.6      
      12 23  40.5  15.8  26.5  66.7  16.3         8.5  34.2   1.4 223.2      
      12 24  29.0  18.3  24.0  75.9  17.4        15.1  95.3   4.0  97.4      
      12 25  32.2  15.0  22.3  74.8  15.2  0.04   7.6  38.3   1.6 179.0      
      12 26  38.3  19.9  27.7  57.8  14.4         9.4  54.2   2.3 230.5      
      12 27  49.7  14.4  30.9  38.0   6.3        31.4 125.1   5.2 147.3      
      12 28  39.1  21.9  31.7  30.9   4.5        24.3  80.2   3.3 185.6      
      12 29  58.4  25.3  41.4  42.0  18.8        19.6  68.0   2.8 210.9      
      12 30  50.3  22.9  37.5  59.9  23.8        17.2  84.8   3.5 151.9      
      12 31  58.8  19.8  36.3  67.9  25.8         9.0  46.8   1.9 229.1      

      Total                               15.22                         44.63
        Max  98.9  62.9  78.4  98.5  63.6        49.0 296.2  12.3 771.0
        Min  -0.1 -14.7  -6.7  18.2 -10.5         5.7  23.4   1.0  32.2
        Ave  63.2  35.7  49.1  60.1  33.2        19.3  99.2   4.1 391.1
