                                                                    15-JUN-00
      Cellular-linked Weather Station near LONGMONT (West), Colora       1999
      -----------------------------------------------------------------------------
               Temperature      Rel   Dew             Wind        Solar StandrdASCE
            ----------------- Humid Point  Prec -----------------   Rad   ETr   ETo
       Date   Max   Min   Ave   Ave   Ave Total   Max Total   Ave Total Alflf Grass
      MoDay     F     F     F     %     F  inch   mph miles   mph Langl  inch  inch
      ----- ----- ----- ----- ----- ----- ----- ----- ----- ----- ----- ----- -----
       1  1  46.2  19.3  32.9  76.5  26.1        26.5 127.1   5.3 131.1            
       1  2  27.1  11.1  18.8  88.7  16.0  0.04   9.2  70.3   2.9 114.5            
       1  3  21.9   7.7  15.5  72.0   7.9  0.03  10.7  76.6   3.2 167.6            
       1  4  44.9  13.8  24.0  70.2  15.1  0.02  14.2  75.3   3.1 206.0            
       1  5  53.3  30.5  42.1  41.9  19.9        23.8  65.8   2.7 139.8            
       1  6  55.7  23.0  35.1  65.4  22.8        20.7  61.7   2.6 187.6            
       1  7  47.0  23.6  31.3  82.4  26.4        15.7  84.6   3.5 213.5            
       1  8  34.1  20.0  28.5  83.4  24.1        13.8  73.9   3.1  91.2            
       1  9  50.6  19.2  30.2  74.9  21.5        13.1  58.7   2.4 200.6            
       1 10  55.3  28.2  41.7  45.9  20.3        17.5  68.3   2.8 234.1            
       1 11  62.8  44.9  54.4  22.6  16.7        25.5 108.1   4.5 160.8            
       1 12  56.1  24.0  42.5  42.6  19.4        18.6  64.4   2.7 125.3            
       1 13  44.2  22.9  32.0  75.6  24.6        14.0  74.5   3.1 119.8            
       1 14  60.3  17.5  40.1  45.7  11.6        25.8  94.1   3.9 111.4            
       1 15  61.0  34.8  52.2  16.9   7.4        24.0 103.1   4.3 199.2            
       1 16  50.0  23.4  36.3  57.9  21.8        16.7  88.4   3.7 206.8            
       1 17  43.8  24.6  34.8  35.1   9.2        26.6 124.2   5.2 247.8            
       1 18  61.2  23.5  41.8  45.1  22.1        24.5  98.3   4.1 241.0            
       1 19  56.3  31.9  42.5  60.2  28.6        15.9  88.4   3.7 241.9            
       1 20  54.4  27.8  40.5  57.2  24.9        11.1  59.1   2.5 184.3            
       1 21  41.4  25.9  32.7  79.1  26.9        23.1 130.0   5.4  72.1            
       1 22  41.9  20.1  29.7  77.8  23.1  0.05  11.8  60.0   2.5 266.6            
       1 23  57.6  19.8  40.0  47.3  17.5        21.0  77.1   3.2 280.2            
       1 24  51.5  23.0  28.8  83.0  23.1        15.4  58.6   2.4  44.3            
       1 25  33.4  17.7  25.3  87.1  21.9  0.13   6.6  33.3   1.4 150.2            
       1 26  50.8  17.1  33.1  60.2  17.1        25.5  78.3   3.3 220.1            
       1 27  40.9  24.7  33.4  55.3  18.6        10.9  66.5   2.8 203.1            
       1 28  43.6  19.4  28.5  71.3  19.6         8.8  45.8   1.9 283.0            
       1 29  47.2  15.9  30.6  55.5  14.7         9.8  38.3   1.6 286.3            
       1 30  44.6  19.5  32.3  62.4  20.0         7.6  34.7   1.4 121.8            
       1 31  44.4  23.6  33.3  77.4  26.9        10.5  43.3   1.8 250.7            
       2  1  49.7  21.9  34.8  52.7  17.3        16.1  66.8   2.8 120.2            
       2  2  56.8  20.2  40.6  30.1   8.5        27.2  87.5   3.6 252.4            
       2  3  54.7  27.5  45.2  24.1   9.0        25.5 139.3   5.8 307.7            
       2  4  58.8  23.9  38.6  47.5  18.7        10.1  58.4   2.4 307.2            
       2  5  52.9  29.3  40.3  55.0  24.7        15.1  67.0   2.8 301.9            
       2  6  52.3  26.5  39.6  57.6  24.0        16.4  57.4   2.4 287.0            
       2  7  66.2  41.3  54.8  27.8  21.7        35.4 121.4   5.1 242.4            
       2  8  64.8  33.3  51.0  30.4  19.9        19.9  94.2   3.9 302.1            
       2  9  64.8  24.6  41.8  43.6  19.5         9.4  46.5   1.9 326.2            
       2 10  68.4  24.8  40.2  49.0  19.5        29.7 195.5   8.1 297.2            
       2 11  33.4  15.0  24.8  31.3  -2.2        22.1 151.3   6.3 350.6            
       2 12  48.5  13.5  30.0  43.9   9.2        10.3  52.0   2.2 313.1            
       2 13  70.4  20.1  40.8  40.0  11.6        12.7  40.8   1.7 343.8            
       2 14  68.4  22.3  45.0  29.9  10.0        25.5  66.2   2.8 286.8            
       2 15  45.5  29.2  37.1  52.2  19.9        14.3  72.0   3.0 187.4            
       2 16  44.8  16.3  31.5  67.0  19.9        12.4  58.1   2.4 245.3            
       2 17  54.0  21.9  37.4  42.6  15.1        22.7  91.3   3.8 264.2            
       2 18  47.5  26.4  37.1  27.4   5.6        18.3  90.3   3.8 346.3            
       2 19  52.3  21.9  36.7  35.4   9.7        24.7  97.7   4.1 349.8            
       2 20  46.9  20.3  33.0  40.1  10.4        15.6  61.7   2.6 362.3            
       2 21  46.6  17.6  31.4  54.0  15.1        13.1  47.2   2.0 335.0            
       2 22  43.4  27.3  35.0  29.7   5.9        27.7 142.9   6.0 227.8            
       2 23  59.3  24.9  43.4  26.0   9.5        17.2  73.2   3.0 364.6            
       2 24  61.3  32.8  47.6  29.9  16.2        10.7  51.8   2.2 256.3            
       2 25  67.2  27.9  48.5  31.4  14.5        23.3  61.9   2.6 359.9            
       2 26  57.6  33.9  46.6  23.8   9.8        30.3 131.5   5.5 397.6            
       2 27  53.2  20.1  37.4  26.1   3.2        13.7  58.1   2.4 411.2            
       2 28  66.5  27.1  47.0  30.0  14.6        24.7  81.2   3.4 370.3            
       3  1  69.6  39.0  52.9  26.0  17.3        24.0  94.5   3.9 357.8  0.10  0.11
       3  2  46.5  25.0  35.0  53.3  18.9        12.9  64.3   2.7 287.5  0.08  0.07
       3  3  66.4  20.5  43.3  31.3   9.8        18.3  68.7   2.9 372.2  0.10  0.10
       3  4  48.1  30.8  38.9  56.2  23.4  0.02  20.0  69.7   2.9 281.0  0.07  0.07
       3  5  42.4  23.6  32.6  59.5  19.0  0.32  20.8  64.0   2.7 357.0  0.07  0.07
       3  6  39.6  21.3  28.6  67.3  18.6        10.4  71.1   3.0 329.6  0.07  0.06
       3  7  47.5  20.4  34.4  66.2  23.6        16.2  87.1   3.6 391.2  0.07  0.07
       3  8  54.2  29.2  40.9  47.9  20.2        19.4  84.6   3.5 396.0  0.08  0.08
       3  9  56.8  23.9  40.5  46.0  20.2        17.1  70.9   3.0 420.5  0.08  0.08
       3 10  56.3  32.7  45.3  33.9  16.2        20.0  98.0   4.1 376.4  0.09  0.09
       3 11  43.2  23.6  31.1  73.4  23.2        26.2 170.6   7.1 287.3  0.09  0.07
       3 12  30.3  25.2  27.5  96.1  26.5  0.20  16.9  96.1   4.0 248.5  0.05  0.04
       3 13  53.3  16.6  34.7  69.4  23.2        10.0  45.7   1.9 461.9  0.08  0.08
       3 14  69.4  25.8  47.4  46.2  23.3        13.4  54.1   2.3 464.2  0.09  0.08
       3 15  70.5  36.5  50.5  39.7  23.0        12.5  58.5   2.4 236.0  0.07  0.07
       3 16  72.3  34.8  54.8  25.0  13.8        22.6  93.3   3.9 411.4  0.12  0.12
       3 17  50.9  30.3  39.9  42.5  17.8        15.9 109.8   4.6 448.5  0.13  0.12
       3 18  57.6  25.3  40.4  44.7  18.8        20.5  93.5   3.9 465.2  0.13  0.12
       3 19  58.8  28.8  43.0  59.3  28.9        10.5  62.2   2.6 477.4  0.11  0.10
       3 20  67.4  28.2  49.0  45.4  24.1        17.2  50.6   2.1 480.4  0.11  0.10
       3 21  73.5  34.2  49.8  43.3  25.5        24.0 114.4   4.8 472.5  0.16  0.16
       3 22  60.7  31.4  45.3  56.8  28.5        15.5  68.7   2.9 375.9  0.10  0.10
       3 23  64.0  28.5  47.1  50.9  26.0        15.1  56.8   2.4 471.9  0.12  0.11
       3 24  64.8  33.7  49.1  51.1  29.8        17.0  83.5   3.5 457.5  0.13  0.12
       3 25  66.4  32.7  48.9  54.9  31.3        16.7  88.7   3.7 484.1  0.13  0.12
       3 26  73.3  34.2  53.8  45.0  27.6        18.4  88.3   3.7 420.5  0.13  0.13
       3 27  66.4  41.7  52.1  38.5  27.3        27.3 138.1   5.8 410.5  0.15  0.15
       3 28  56.9  32.3  44.7  28.2  12.4        22.2  86.0   3.6 404.1  0.13  0.12
       3 29  69.9  26.0  47.2  38.0  17.0        15.7  74.9   3.1 520.5  0.16  0.15
       3 30  78.1  33.6  56.5  24.0  11.6        27.2  99.8   4.2 505.2  0.17  0.17
       3 31  70.5  36.7  55.2  24.3  17.1        22.7  85.4   3.6 488.0  0.15  0.14
       4  1  46.3  24.3  34.8  83.4  30.1  0.02  18.0 117.5   4.9  65.8  0.06  0.05
       4  2  28.6  22.2  24.9  96.1  24.0  0.27  11.0  78.6   3.3 205.6  0.06  0.05
       4  3  42.5  21.8  30.1  78.6  23.4  0.08  12.6  78.2   3.3 480.8  0.10  0.08
       4  4  52.0  25.4  37.7  62.8  24.6        20.7  73.4   3.1 486.4  0.10  0.08
       4  5  58.3  32.7  44.3  49.5  23.6        22.0 117.2   4.9 551.9  0.13  0.12
       4  6  67.6  29.1  48.5  40.1  22.1        17.0  60.5   2.5 563.7  0.13  0.12
       4  7  73.1  35.8  55.2  30.6  22.2        34.0 140.5   5.9 551.7  0.19  0.18
       4  8  63.5  42.2  52.6  30.5  21.3        33.5 143.3   6.0 533.8  0.18  0.17
       4  9  61.3  32.7  45.4  47.3  24.8        25.9  98.4   4.1 423.4  0.15  0.13
       4 10  56.3  35.6  44.4  20.9   6.4        24.3 104.3   4.3 421.2  0.16  0.14
       4 11  58.5  25.2  43.0  38.3  17.5        12.7  61.0   2.5 523.6  0.14  0.12
       4 12  68.9  34.4  52.8  34.0  22.9        14.6  83.5   3.5 514.6  0.15  0.14
       4 13  69.5  38.0  55.3  46.5  33.3  0.26  27.6  94.8   4.0 524.0  0.15  0.14
       4 14  50.2  29.8  39.9  73.9  32.5  0.23  30.5 241.5  10.1 209.0  0.10  0.08
       4 15  40.0  23.5  30.9  64.2  18.5  0.05  29.1 187.5   7.8 516.5  0.15  0.11
       4 16  39.7  21.6  31.0  52.5  15.1        36.2 132.1   5.5 203.9  0.09  0.07
       4 17  55.5  20.0  38.4  45.3  17.5        15.6 100.1   4.2 615.2  0.15  0.12
       4 18  73.0  36.0  55.8  32.3  22.3        27.8  82.1   3.4 480.8  0.13  0.12
       4 19  75.4  39.7  59.8  31.4  25.8        14.4  64.8   2.7 475.8  0.13  0.11
       4 20  72.1  44.3  58.9  36.7  31.4        14.2  60.8   2.5 343.0  0.13  0.11
       4 21  65.2  41.0  52.0  53.7  33.8  0.08  20.5  88.4   3.7 441.3  0.17  0.14
       4 22  41.5  31.5  36.1  93.6  34.5  1.68  17.8  89.0   3.7 153.9  0.07  0.05
       4 23  38.2  30.8  33.7  87.5  30.3  0.42  12.2  67.4   2.8 176.7  0.06  0.05
       4 24  46.2  32.8  40.0  78.6  33.7        11.8  60.0   2.5 261.2  0.07  0.06
       4 25  50.9  31.8  41.0  83.4  36.1  0.36  13.6  84.2   3.5 304.6  0.07  0.06
       4 26  56.8  34.9  45.3  75.4  37.3        15.6  72.3   3.0 389.5  0.10  0.08
       4 27  70.0  39.4  53.7  61.4  39.0        14.9  76.6   3.2 448.9  0.14  0.11
       4 28  58.0  40.3  50.3  79.1  44.1  0.14  21.0  80.3   3.3 195.7  0.06  0.05
       4 29  51.4  43.6  46.7  91.0  44.1  0.94  19.6  99.9   4.2  55.6  0.03  0.03
       4 30  45.5  40.1  42.7  92.8  40.8  1.30  17.0  73.8   3.1  53.4  0.03  0.03
       5  1  52.0  37.4  42.1  88.5  38.9  0.53  22.9  57.5   2.4 193.1  0.07  0.05
       5  2  64.4  35.5  48.2  70.3  36.9  0.02  21.1  76.8   3.2 484.9  0.14  0.12
       5  3  67.5  38.1  53.0  56.9  34.6        22.9  88.2   3.7 452.0  0.15  0.12
       5  4  60.2  35.3  49.1  36.9  21.6        21.9  89.2   3.7 629.8  0.19  0.15
       5  5  56.0  36.5  44.2  36.5  18.7        26.4 113.4   4.7 419.4  0.17  0.14
       5  6  59.0  28.8  45.5  30.7  15.4        20.2  80.0   3.3 659.9  0.20  0.16
       5  7  74.6  34.0  54.8  35.9  25.5        15.8  67.0   2.8 668.0  0.21  0.17
       5  8  79.6  41.9  63.8  32.0  29.9        21.8  92.8   3.9 604.0  0.21  0.17
       5  9  79.5  44.9  61.8  37.1  32.4        25.5  87.1   3.6 516.0  0.21  0.17
       5 10  55.2  32.3  44.4  53.6  27.4  0.14  22.9 108.2   4.5 523.5  0.19  0.15
       5 11  57.0  30.8  45.3  34.9  18.0        16.8  79.8   3.3 529.2  0.19  0.15
       5 12  68.5  30.7  52.0  41.1  25.7        15.6  74.4   3.1 628.8  0.21  0.16
       5 13  76.6  41.6  56.9  52.0  38.7        27.3 126.8   5.3 521.0  0.21  0.17
       5 14  68.0  48.2  57.6  49.4  37.8  0.02  24.6 107.6   4.5 554.5  0.20  0.16
       5 15  72.1  47.5  59.3  42.8  35.0        19.3  97.2   4.0 549.2  0.21  0.17
       5 16  56.0  38.1  48.0  68.8  37.6  0.28  19.9 100.7   4.2 283.6  0.12  0.10
       5 17  61.9  33.8  48.8  61.8  34.1        15.9  75.9   3.2 650.5  0.20  0.16
       5 18  78.6  38.0  58.8  45.4  33.4        15.2  69.3   2.9 635.9  0.23  0.17
       5 19  83.8  44.7  65.7  38.9  35.9        21.4  74.6   3.1 560.8  0.22  0.16
       5 20  67.8  52.7  58.4  63.3  45.7  0.02  28.0 111.1   4.6 399.0  0.17  0.13
       5 21  81.3  46.8  63.8  59.4  46.5        14.5  63.8   2.7 613.9  0.23  0.18
       5 22  80.4  48.6  62.8  59.9  46.9  0.84  29.0  78.3   3.3 587.0  0.24  0.18
       5 23  70.4  53.0  60.3  73.4  51.3  0.01   9.0  47.2   2.0 369.6  0.14  0.11
       5 24  68.6  51.5  60.3  66.7  49.0        15.1  77.7   3.2 366.5  0.15  0.12
       5 25  62.5  48.9  56.3  72.2  47.1  0.02  23.2  82.1   3.4 347.0  0.14  0.11
       5 26  73.4  42.8  59.1  60.9  43.8        12.9  53.5   2.2 614.9  0.21  0.16
       5 27  66.0  52.7  57.2  71.6  48.0  0.10  12.9  61.6   2.6 367.4  0.15  0.11
       5 28  76.9  43.7  61.5  61.5  45.2        10.9  51.4   2.1 665.5  0.22  0.17
       5 29  80.0  48.8  63.0  56.5  45.4        19.2  58.4   2.4 495.8  0.21  0.15
       5 30  79.0  52.1  65.1  54.8  47.0        19.6  91.2   3.8 601.1  0.24  0.18
       5 31  66.4  49.5  56.7  67.2  45.7  0.01  17.4  92.6   3.9 378.7  0.17  0.13
       6  1  76.9  41.7  60.8  44.9  37.4        20.5  71.4   3.0 647.1  0.25  0.19
       6  2  81.7  47.7  65.0  49.6  43.8        23.7  70.7   2.9 587.4  0.24  0.18
       6  3  82.3  47.7  66.4  38.8  37.9        15.3  67.8   2.8 694.9  0.27  0.20
       6  4  82.1  49.3  66.9  36.6  37.3        19.6  67.8   2.8 608.1  0.26  0.19
       6  5  66.3  49.1  55.9  57.8  41.0  0.05  20.9 104.7   4.4 379.2  0.20  0.15
       6  6  74.0  49.7  63.0  33.1  33.2        23.6  80.7   3.4 509.0  0.24  0.17
       6  7  87.7  47.5  68.8  35.9  35.7        17.7  80.0   3.3 671.1  0.30  0.21
       6  8  90.9  49.2  72.9  25.1  30.4        14.2  68.0   2.8 686.8  0.30  0.20
       6  9  77.6  53.2  64.3  49.8  43.6        16.6  93.3   3.9 494.7  0.25  0.19
       6 10  67.9  52.3  58.7  74.8  50.4  0.27  16.0  74.6   3.1 350.6  0.17  0.13
       6 11  72.7  44.8  57.5  69.0  46.7  0.78  16.3  67.8   2.8 568.9  0.22  0.17
       6 12  71.1  48.5  58.8  69.8  48.2        22.1  69.0   2.9 466.8  0.19  0.14
       6 13  68.7  47.4  57.1  70.2  47.0        15.3  73.0   3.0 433.2  0.17  0.13
       6 14  69.3  51.2  60.8  71.8  51.4  0.10  14.6  71.2   3.0 416.7  0.15  0.11
       6 15  62.8  51.0  55.8  82.7  50.5  0.21  12.7  62.9   2.6 241.0  0.10  0.08
       6 16  57.3  49.8  54.2  80.2  48.1  0.02   7.5  50.2   2.1 157.0  0.07  0.05
       6 17  75.5  47.3  60.3  74.4  51.3  0.05  14.6  75.4   3.1 533.8  0.19  0.14
       6 18  81.7  50.3  66.8  55.8  47.8        11.3  51.4   2.1 589.3  0.22  0.15
       6 19  86.7  55.1  70.5  49.9  48.8        10.8  47.6   2.0 574.6  0.23  0.16
       6 20  88.2  54.3  71.0  49.1  49.0        11.8  52.3   2.2 608.0  0.26  0.18
       6 21  86.2  54.8  70.2  46.8  47.7        18.5  70.3   2.9 513.1  0.26  0.18
       6 22  88.0  53.8  70.9  45.3  45.4        29.7  61.2   2.5 494.0  0.26  0.18
       6 23  87.4  55.6  71.8  49.9  49.8        11.5  57.5   2.4 672.9  0.29  0.21
       6 24  88.5  56.9  74.5  38.0  44.3        12.1  66.4   2.8 680.8  0.30  0.21
       6 25  91.7  60.2  75.8  40.4  47.4        18.2  83.1   3.5 591.4  0.30  0.21
       6 26  83.9  58.8  73.2  43.2  49.0        14.8  67.0   2.8 678.7  0.29  0.21
       6 27  84.7  60.6  70.3  63.4  56.3        18.6  91.3   3.8 562.4  0.27  0.20
       6 28  77.1  50.6  64.4  47.7  43.1        18.6  98.8   4.1 673.9  0.30  0.22
       6 29  89.3  53.0  71.4  41.2  43.0        16.1  72.5   3.0 646.1  0.30  0.21
       6 30  82.6  55.0  69.6  47.8  47.0        18.9  73.1   3.0 395.7  0.22  0.15
       7  1  85.6  52.8  68.0  57.8  51.8        17.6  81.7   3.4 613.3  0.28  0.20
       7  2  94.1  64.3  77.9  36.4  46.7        41.2  71.4   3.0 453.5  0.27  0.18
       7  3  96.0  62.3  81.5  28.4  42.3        14.0  74.4   3.1 634.3  0.31  0.21
       7  4  96.6  63.8  82.0  28.3  42.7        14.3  63.4   2.6 613.1  0.30  0.20
       7  5  83.7  63.2  74.7  44.7  51.6        16.7  70.2   2.9 666.5  0.30  0.23
       7  6  82.6  63.5  72.5  66.9  60.6        12.6  50.8   2.1 429.2  0.21  0.16
       7  7  95.0  59.7  77.7  47.1  53.0        14.8  57.6   2.4 677.7  0.31  0.22
       7  8  84.3  65.6  73.9  54.3  55.9  0.02  14.8  69.1   2.9 310.6  0.20  0.13
       7  9  78.9  59.4  69.4  47.9  48.1        20.7  77.1   3.2 656.6  0.28  0.21
       7 10  81.3  53.7  67.1  53.1  48.6        14.2  94.0   3.9 660.8  0.30  0.22
       7 11  82.1  55.7  67.7  53.9  49.3  0.03  17.1  85.2   3.5 467.1  0.25  0.18
       7 12  86.0  54.0  70.9  48.5  47.8        12.0  53.5   2.2 675.7  0.27  0.20
       7 13  94.5  57.7  78.4  33.0  42.5        18.2  67.9   2.8 601.4  0.28  0.19
       7 14  88.1  67.4  76.3  40.4  49.8        17.9  63.7   2.7 329.1  0.21  0.14
       7 15  84.9  61.8  72.9  49.9  52.2  0.01  11.2  56.1   2.3 350.3  0.21  0.14
       7 16  73.4  61.8  66.1  70.7  56.2  0.41  18.4  93.9   3.9 401.2  0.20  0.16
       7 17  83.9  59.9  69.5  75.3  60.4        12.1  48.4   2.0 472.6  0.21  0.16
       7 18  85.4  59.4  71.8  60.8  55.6        14.3  62.5   2.6 426.4  0.21  0.15
       7 19  83.5  61.9  69.6  67.3  57.2  0.39  21.9  61.5   2.6 456.0  0.21  0.16
       7 20  85.3  58.2  71.9  62.7  55.9        12.6  46.1   1.9 656.5  0.25  0.19
       7 21  90.8  59.2  76.0  46.4  51.5        13.9  58.1   2.4 636.6  0.27  0.20
       7 22  87.8  62.3  73.2  51.2  53.1  0.10  17.7  66.6   2.8 452.4  0.24  0.17
       7 23  92.4  58.9  77.8  39.7  47.4        12.9  48.8   2.0 660.1  0.28  0.20
       7 24  90.6  61.7  73.7  51.0  53.1  0.07  16.1  53.5   2.2 514.5  0.25  0.18
       7 25  90.7  60.4  72.2  65.8  58.3  0.56  22.9  60.6   2.5 468.3  0.24  0.18
       7 26  87.7  57.4  74.9  48.8  51.2        13.7  49.4   2.1 533.4  0.23  0.17
       7 27  90.4  64.3  75.6  52.6  56.0        16.1  61.9   2.6 538.7  0.25  0.19
       7 28  91.2  66.2  76.9  53.5  56.8  0.19  21.5  60.7   2.5 506.9  0.24  0.18
       7 29  88.8  61.7  74.4  56.0  56.3        17.3  63.2   2.6 488.0  0.24  0.18
       7 30  84.3  61.8  69.5  67.8  57.2  0.29  21.8  64.8   2.7 379.0  0.21  0.16
       7 31  75.3  59.9  64.2  84.4  59.1  0.89  24.0  45.6   1.9 242.3  0.13  0.10
       8  1  67.3  58.5  61.6  85.5  57.1        14.6  84.7   3.5 198.0  0.10  0.08
       8  2  75.1  56.9  64.0  77.8  56.2  0.04   9.7  43.8   1.8 406.4  0.16  0.12
       8  3  80.9  55.8  67.3  69.2  55.6         9.3  47.2   2.0 540.4  0.19  0.15
       8  4  74.0  58.8  64.1  84.1  59.0  0.30  20.3  74.9   3.1 287.3  0.12  0.10
       8  5  74.7  57.8  64.1  84.7  59.1  0.33  10.6  55.8   2.3 342.0  0.13  0.11
       8  6  82.7  61.0  70.8  69.5  59.1  0.02  11.3  64.0   2.7 534.0  0.20  0.16
       8  7  82.9  58.6  70.2  59.4  54.3        14.5  58.9   2.5 528.0  0.20  0.16
       8  8  88.3  56.1  72.0  56.8  53.6        12.0  52.4   2.2 534.7  0.22  0.17
       8  9  88.3  59.5  70.5  56.7  53.0  0.20  23.8  59.4   2.5 382.0  0.20  0.15
       8 10  79.0  61.1  68.8  65.6  56.6        13.5  61.9   2.6 373.6  0.17  0.13
       8 11  89.2  57.4  73.2  51.1  49.8        21.3  73.9   3.1 582.9  0.25  0.20
       8 12  85.3  55.8  72.2  37.3  42.6        15.9  58.3   2.4 533.5  0.22  0.17
       8 13  84.2  53.0  67.3  64.8  53.8        10.6  45.8   1.9 582.5  0.22  0.18
       8 14  89.2  55.7  71.5  49.6  49.0  0.01  20.3  66.8   2.8 483.9  0.23  0.17
       8 15  86.0  63.0  73.4  42.3  48.2        12.8  63.4   2.6 355.7  0.19  0.14
       8 16  89.5  55.1  74.2  39.5  44.4        16.8  68.2   2.8 584.1  0.24  0.19
       8 17  87.4  63.3  71.1  54.1  52.4  0.16  14.0  54.5   2.3 363.7  0.19  0.15
       8 18  85.8  54.2  70.4  48.1  47.2        12.3  55.2   2.3 588.0  0.24  0.19
       8 19  86.3  56.0  70.4  49.8  49.6  0.01  13.0  50.0   2.1 479.6  0.20  0.16
       8 20  85.2  58.2  69.8  58.9  53.5  0.03  20.8  55.0   2.3 376.7  0.18  0.14
       8 21  85.3  58.7  70.0  56.4  52.8  0.08  11.4  48.2   2.0 355.0  0.17  0.13
       8 22  85.6  60.3  71.6  55.5  52.1        20.2  71.5   3.0 563.0  0.23  0.19
       8 23  85.4  54.0  69.2  54.4  50.6        15.2  57.2   2.4 574.3  0.22  0.18
       8 24  94.0  56.3  74.5  45.1  48.9        14.1  43.1   1.8 547.0  0.22  0.17
       8 25  86.8  60.1  74.1  45.0  50.2        15.1  56.3   2.3 335.2  0.16  0.13
       8 26  90.1  59.4  75.5  45.4  50.6         9.9  48.6   2.0 492.6  0.20  0.16
       8 27  89.8  62.9  74.7  51.5  54.1  0.16  16.4  57.8   2.4 399.0  0.19  0.16
       8 28  74.6  60.3  66.4  79.9  59.7  0.14  11.8  47.7   2.0 230.3  0.11  0.10
       8 29  84.1  54.5  68.7  63.8  54.4        10.4  54.1   2.3 389.3  0.17  0.14
       8 30  89.4  56.1  74.2  45.6  48.7        14.7  69.4   2.9 545.0  0.22  0.18
       8 31  89.3  59.2  72.1  55.2  53.3  0.54  19.3  67.9   2.8 379.1  0.18  0.15
       9  1  80.1  56.1  66.8  74.7  57.9        13.0  60.8   2.5 441.0  0.17  0.15
       9  2  77.2  56.3  63.9  80.1  57.3  0.88  22.3  51.8   2.2 352.1  0.15  0.12
       9  3  74.8  55.8  63.3  74.1  54.1  0.01  21.5  70.3   2.9 419.6  0.16  0.14
       9  4  69.6  53.6  61.4  65.7  49.6        14.7  69.9   2.9 426.1  0.15  0.13
       9  5  77.8  51.2  63.2  61.8  48.9        10.7  59.0   2.5 528.7  0.18  0.15
       9  6  85.4  48.9  67.8  46.8  43.0        11.0  50.3   2.1 551.1  0.19  0.15
       9  7  79.7  52.1  66.3  48.0  45.5        16.1  68.0   2.8 531.1  0.19  0.16
       9  8  71.9  52.1  61.0  47.0  40.0        10.6  44.3   1.8 522.9  0.17  0.15
       9  9  78.9  44.8  61.9  53.7  42.9         8.7  37.9   1.6 520.6  0.17  0.14
       9 10  84.6  51.8  65.4  50.1  43.9        17.2  53.5   2.2 361.4  0.16  0.13
       9 11  76.4  51.1  62.3  55.5  45.0  0.01  29.7  88.2   3.7 368.5  0.16  0.14
       9 12  60.2  45.6  52.1  62.6  39.5        13.4  65.7   2.7 295.0  0.12  0.10
       9 13  66.3  40.5  52.2  55.8  36.0        11.1  58.0   2.4 498.4  0.16  0.13
       9 14  67.5  44.3  56.0  49.9  36.4        13.6  55.4   2.3 494.6  0.15  0.12
       9 15  71.7  43.7  56.9  51.3  37.1         9.9  56.3   2.3 503.4  0.15  0.12
       9 16  76.1  43.4  58.2  59.2  41.9        12.6  47.8   2.0 497.8  0.15  0.12
       9 17  81.1  46.1  61.8  45.7  36.8        15.2  40.3   1.7 431.7  0.14  0.11
       9 18  82.1  44.5  65.4  37.0  34.3        11.8  43.8   1.8 458.1  0.14  0.12
       9 19  62.4  42.8  48.1  79.6  41.7  0.23  27.1  74.6   3.1  53.6  0.08  0.06
       9 20  55.1  42.1  46.7  87.0  42.8  0.21   7.4  47.2   2.0 162.2  0.07  0.06
       9 21  73.3  40.3  55.9  51.7  34.4        10.8  53.2   2.2 501.5  0.15  0.12
       9 22  78.5  41.8  61.5  44.1  36.1        10.1  41.0   1.7 486.7  0.12  0.10
       9 23  79.7  47.9  64.2  42.3  37.8         9.4  36.5   1.5 447.8  0.12  0.10
       9 24  81.3  52.5  65.3  43.0  40.0        14.8  55.0   2.3 356.2  0.13  0.11
       9 25  88.5  48.7  69.0  39.7  38.7        19.6  75.9   3.2 459.9  0.18  0.16
       9 26  77.4  39.0  49.3  62.3  36.5        24.0  92.8   3.9 309.6  0.19  0.16
       9 27  51.9  36.2  42.3  80.9  36.6  0.13  17.0 102.2   4.3 184.3  0.09  0.08
       9 28  45.5  31.4  36.6  83.7  31.7  0.68  15.6  88.5   3.7 146.6  0.07  0.06
       9 29  68.1  27.1  45.3  65.5  32.3         7.5  32.1   1.3 463.3  0.10  0.09
       9 30  67.8  38.1  52.3  53.3  34.2        12.9  65.2   2.7 448.6  0.11  0.09
      10  1  70.9  37.3  47.0  65.4  35.2        22.4  78.5   3.3 380.4  0.13  0.11
      10  2  49.7  33.2  39.6  78.8  33.4        15.4  59.4   2.5 223.1  0.07  0.06
      10  3  51.4  34.8  40.8  72.5  32.4        24.9  59.3   2.5 244.9  0.07  0.06
      10  4  75.4  29.6  50.2  58.5  33.0        10.2  39.7   1.7 438.2  0.10  0.09
      10  5  77.1  34.9  54.9  44.5  30.8         7.3  35.5   1.5 428.1  0.10  0.08
      10  6  80.3  44.3  60.5  49.5  39.5        15.4  47.7   2.0 238.7  0.08  0.06
      10  7  63.4  44.1  53.5  72.8  44.9  0.06  16.5  55.0   2.3 124.5  0.05  0.05
      10  8  68.1  36.3  52.4  57.0  35.1        14.5  61.0   2.5 407.3  0.12  0.11
      10  9  81.4  38.8  57.9  52.4  36.7         9.6  39.4   1.6 412.6  0.12  0.10
      10 10  72.2  40.3  55.0  58.5  40.2        10.4  36.6   1.5 406.4  0.10  0.09
      10 11  85.7  38.7  61.2  47.0  34.2        14.5  55.4   2.3 408.1  0.13  0.11
      10 12  83.7  44.7  63.6  32.2  29.0        17.0  59.4   2.5 314.7  0.11  0.10
      10 13  71.7  40.6  55.7  52.0  37.1        16.4  50.3   2.1 387.1  0.12  0.10
      10 14  81.6  39.9  59.3  38.5  27.0        14.7  51.5   2.1 309.1  0.12  0.10
      10 15  54.3  37.6  44.9  63.3  32.7  0.10  11.8  58.8   2.5 108.9  0.07  0.06
      10 16  37.9  25.3  31.8  95.3  30.7  0.34  18.9  95.8   4.0  82.5  0.05  0.04
      10 17  52.6  17.7  35.4  61.6  20.9  0.02  14.4  55.8   2.3 388.1  0.09  0.08
      10 18  41.0  34.5  37.8  82.0  32.7  0.17  11.0  61.5   2.6  85.5  0.02  0.02
      10 19  55.3  30.9  41.9  62.7  28.6        11.2  54.9   2.3 360.3  0.06  0.06
      10 20  66.8  30.0  47.1  54.3  28.6         8.2  35.1   1.5 371.2  0.07  0.06
      10 21  72.0  32.2  51.4  45.2  26.8         9.7  41.7   1.7 370.6  0.08  0.07
      10 22  71.1  32.6  50.8  45.6  26.7         9.4  38.1   1.6 362.2  0.08  0.07
      10 23  72.9  32.2  50.5  50.0  29.0         9.4  29.6   1.2 359.6  0.08  0.07
      10 24  77.9  31.2  52.2  45.4  27.4         8.3  28.2   1.2 345.3  0.09  0.07
      10 25  72.4  35.7  52.3  36.5  23.4        10.0  44.2   1.8 349.2  0.09  0.08
      10 26  81.3  34.0  54.5  40.5  25.6        11.0  44.0   1.8 345.3  0.10  0.09
      10 27  75.0  34.0  50.6  44.7  26.1        27.0  58.4   2.4 327.5  0.11  0.10
      10 28  62.2  29.9  43.9  64.4  31.7        11.2  42.8   1.8 282.8  0.08  0.07
      10 29  60.2  31.8  48.5  41.4  25.1        27.0 111.2   4.6 251.3  0.09  0.08
      10 30  63.0  26.9  44.0  47.5  21.8         9.4  42.5   1.8 333.6  0.08  0.07
      10 31  75.6  30.8  49.7  48.1  27.4         8.7  33.8   1.4 331.8  0.07  0.06
      11  1  49.2  27.5  39.6  37.0  15.4        10.3  59.4   2.5 313.7            
      11  2  60.1  17.6  37.5  47.7  17.1         8.5  33.7   1.4 318.1            
      11  3  66.9  30.2  46.5  39.1  18.8        10.7  49.9   2.1 301.4            
      11  4  73.0  29.3  49.6  37.3  20.2        13.5  50.2   2.1 163.5            
      11  5  61.7  31.8  44.7  47.2  24.7        11.5  50.3   2.1 305.2            
      11  6  75.3  27.9  49.7  42.4  21.4        11.8  46.4   1.9 306.5            
      11  7  77.1  30.6  50.4  39.3  21.8         5.7  29.4   1.2 301.9            
      11  8  78.1  36.4  55.2  33.8  23.0        11.3  40.6   1.7 254.5            
      11  9  69.6  41.0  55.5  28.6  22.1        14.8  52.4   2.2 278.9            
      11 10  67.2  32.4  47.4  43.3  24.2         6.6  28.3   1.2 244.4            
      11 11  67.6  34.5  49.7  38.4  23.6         8.6  40.3   1.7 158.4            
      11 12  75.8  30.3  49.3  36.3  18.9         6.6  33.7   1.4 284.9            
      11 13  76.4  29.6  51.1  31.8  16.5         7.7  38.9   1.6 286.4            
      11 14  73.2  31.9  50.5  31.6  16.9         6.5  29.2   1.2 278.3            
      11 15  76.9  30.0  49.4  38.7  20.1         5.5  22.3   0.9 277.9            
      11 16  73.9  29.9  49.8  36.2  19.0         9.4  35.2   1.5 258.3            
      11 17  75.5  31.6  52.0  39.9  25.4        20.8  40.8   1.7 239.2            
      11 18  57.1  29.2  48.2  28.1  16.0        25.3 101.1   4.2 272.5            
      11 19  56.2  22.9  38.3  50.3  19.2         7.9  32.7   1.4 252.4            
      11 20  66.9  31.3  47.7  36.9  20.7        28.7 101.2   4.2 223.0            
      11 21  50.0  31.1  40.8  49.5  21.6  0.02  19.3  76.4   3.2 206.6            
      11 22  32.1  18.0  28.4  95.3  27.3        11.2  18.3   0.8  26.4            
      11 23  35.4  11.4  22.7  78.5  16.9  0.25   7.3  37.8   1.6 153.6            
      11 24  39.2   8.7  20.9  69.6  11.4  0.13   7.3  30.9   1.3 258.5            
      11 25  52.4  13.6  28.6  67.5  19.0  0.07  12.5  61.3   2.6 174.2            
      11 26  67.2  46.9  56.3  29.9  24.4        22.6  92.8   3.9 212.0            
      11 27  55.8  31.5  41.7  68.5  31.4        17.2  65.0   2.7 215.7            
      11 28  57.3  27.5  41.1  71.4  31.9        10.2  53.2   2.2 231.8            
      11 29  49.3  23.7  35.1  87.0  31.5         8.9  40.1   1.7 232.0            
      11 30  63.4  27.9  43.6  62.4  27.5        17.2  57.8   2.4  77.2            
      12  1  62.1  40.7  50.5  28.9  17.9        23.7 106.5   4.4 162.6            
      12  2  51.2  30.8  40.1  56.3  25.1        15.3  78.4   3.3 222.7            
      12  3  37.4  29.7  33.9  77.2  27.4  0.21  30.7 195.8   8.2  79.4            
      12  4  42.4  21.0  30.0  63.8  18.4         8.6  52.3   2.2 225.6            
      12  5  50.0  14.1  29.9  66.2  18.9         8.0  33.6   1.4 240.1            
      12  6  53.2  27.8  42.0  36.1  14.1        21.3  76.5   3.2 213.4            
      12  7  52.1  25.3  41.7  37.3  16.3        19.5  74.8   3.1 203.5            
      12  8  33.4  17.1  27.4  76.0  20.9  0.05   9.5  41.3   1.7  98.2            
      12  9  40.0  10.3  25.2  63.5  13.4         6.5  30.2   1.3 203.0            
      12 10  45.3  18.9  30.5  57.6  15.6        11.7  36.0   1.5 212.1            
      12 11  40.6  21.4  29.2  67.4  19.3        15.5  60.7   2.5 218.4            
      12 12  45.9  18.9  31.2  54.0  14.6        15.3  67.8   2.8 229.2            
      12 13  54.7  22.4  34.3  55.6  18.5        18.0  60.0   2.5 107.8            
      12 14  38.3  22.6  30.3  24.9  -2.2        31.4 142.5   5.9 226.9            
      12 15  46.7  18.5  32.1  36.5   7.3         9.9  47.8   2.0 179.7            
      12 16  57.4  25.9  44.2  33.4  15.5        21.5  95.6   4.0 223.5            
      12 17  50.0  22.4  37.6  53.2  21.2        26.3  92.4   3.9 115.2            
      12 18  54.1  20.5  32.8  62.0  19.8        24.0  76.4   3.2 173.2            
      12 19  38.0  15.4  26.0  54.1  10.9        22.9  64.3   2.7 126.6            
      12 20  37.7  15.9  25.0  60.5  11.8        14.6  62.3   2.6  87.2            
      12 21  36.1  19.4  29.6  58.4  16.3        16.8  82.1   3.4  93.1            
      12 22  45.6  15.4  30.2  52.2  12.7        23.2  55.6   2.3  85.7            
      12 23  58.3  26.8  39.8  43.2  17.6        11.5  50.7   2.1 220.5            
      12 24  60.6  21.8  38.4  47.3  17.5         6.9  34.2   1.4 221.4            
      12 25  59.0  22.1  37.6  48.0  16.7        10.6  36.0   1.5 222.7            
      12 26  53.9  20.4  35.5  48.2  15.6        10.6  45.2   1.9 223.7            
      12 27  52.0  23.4  36.6  48.5  17.6        12.2  60.2   2.5 210.2            
      12 28  65.3  24.2  41.6  43.4  17.1        15.9  56.9   2.4 223.4            
      12 29  61.8  22.4  39.6  41.5  14.8         8.4  36.6   1.5 223.7            
      12 30  58.5  22.7  38.2  41.8  14.3        11.1  51.5   2.1 224.4            
      12 31  53.7  18.9  34.5  51.1  16.7         9.9  51.0   2.1 162.4            

      Total                               18.66                         40.13 31.89
        Max  96.6  67.4  82.0  96.1  60.6        41.2 241.5  10.1 694.9
        Min  21.9   7.7  15.5  16.9  -2.2         5.5  18.3   0.8  26.4
        Ave  66.0  37.7  51.2  53.4  31.7        16.6  70.0   2.9 368.6
