                                                                    10-JAN-01
      Cellular-linked Weather Station near LONGMONT (West), Colora       2000
      -----------------------------------------------------------------------------
               Temperature      Rel   Dew             Wind        Solar StandrdASCE
            ----------------- Humid Point  Prec -----------------   Rad   ETr   ETo
       Date   Max   Min   Ave   Ave   Ave Total   Max Total   Ave Total Alflf Grass
      MoDay     F     F     F     %     F  inch   mph miles   mph Langl  inch  inch
      ----- ----- ----- ----- ----- ----- ----- ----- ----- ----- ----- ----- -----
       1  1  53.3  21.3  37.3  42.6  15.0        12.6  62.5   2.6 193.8            
       1  2  44.8  20.8  32.4  66.8  21.6        26.8  95.3   4.0 173.1            
       1  3  33.2  13.4  25.0  50.0   8.6        22.1 114.8   4.8 148.1            
       1  4  48.2   8.4  27.7  50.5  10.5        17.7  55.2   2.3 217.0            
       1  5  47.5  18.6  35.3  32.0   6.6        16.6  69.8   2.9 241.3            
       1  6  42.1  11.6  25.6  46.5   4.7        11.5  50.1   2.1 239.3            
       1  7  47.0  14.0  29.2  48.9  10.1        11.4  41.2   1.7  64.2            
       1  8  50.8  18.8  34.3  39.1   8.7        12.8  40.9   1.7 210.5            
       1  9  44.9  28.6  37.0  26.6   5.3        20.8  95.0   4.0 213.5            
       1 10  45.3  21.2  35.5  50.7  18.3        17.9 111.0   4.6 153.2            
       1 11  62.4  16.4  42.3  42.2  11.9        25.1  97.2   4.0 166.0            
       1 12  58.0  33.7  47.5  34.3  19.8        26.4 139.0   5.8 200.4            
       1 13  44.0  23.7  31.5  57.3  17.6        12.9  62.9   2.6 202.4            
       1 14  64.4  23.9  38.4  46.3  16.4        11.7  54.3   2.3 217.4            
       1 15  59.6  29.3  41.2  31.7  11.7        12.6  61.0   2.5 183.2            
       1 16  41.2  25.3  33.2  55.7  18.8        18.8  71.3   3.0 166.4            
       1 17  59.8  27.8  44.5  47.3  24.6        14.4  67.6   2.8 177.7            
       1 18  49.5  27.6  39.2  65.5  28.3        13.7  60.4   2.5 110.7            
       1 19  56.3  23.7  39.7  57.8  24.0        28.1  93.0   3.9 218.1            
       1 20  49.3  18.9  31.3  64.3  19.5         7.6  39.1   1.6 176.0            
       1 21  49.3  24.3  35.0  63.3  23.2        15.9  54.3   2.3  77.0            
       1 22  50.2  27.0  37.9  44.3  16.4        19.8  77.4   3.2 268.8            
       1 23  44.7  20.5  31.8  41.6   9.5        13.7  69.2   2.9 273.7            
       1 24  52.4  20.5  37.8  40.3  14.8        16.6  78.6   3.3 149.3            
       1 25  33.0  22.2  27.4  64.4  17.0         6.3  36.9   1.5  91.9            
       1 26  42.0  23.3  30.8  75.3  23.9  0.05  10.7  58.5   2.4 116.0            
       1 27  38.0  22.4  29.2  85.6  25.3  0.19  12.1  46.4   1.9 114.0            
       1 28  34.1  14.6  24.2  74.0  16.8        11.2  56.4   2.4 263.9            
       1 29  34.3  14.5  23.5  71.9  15.0  0.01  13.5  53.7   2.2 282.2            
       1 30  39.4   9.6  23.0  65.3  12.1         8.3  33.7   1.4 304.0            
       1 31  44.8  11.1  26.7  54.0   9.9         9.2  33.7   1.4 308.4            
       2  1  49.3  16.1  31.6  43.9  10.3        11.7  45.3   1.9 303.1            
       2  2  68.1  23.0  45.8  31.2  10.2        16.1  62.2   2.6 199.4            
       2  3  54.9  27.3  36.3  52.3  19.5        18.7  91.5   3.8 231.8            
       2  4  40.5  15.9  29.7  50.1  12.7        12.3  70.4   2.9 298.0            
       2  5  52.2  19.6  36.7  42.2  13.9        12.2  44.6   1.9 185.4            
       2  6  58.6  22.4  40.3  40.2  15.0        10.1  51.0   2.1 243.1            
       2  7  56.4  22.3  37.8  49.2  17.7        11.8  44.4   1.9 318.8            
       2  8  61.3  25.3  40.5  39.5  15.2        14.1  57.6   2.4 203.8            
       2  9  57.3  29.2  44.5  32.8  16.8        12.9  59.9   2.5  79.8            
       2 10  46.7  28.6  37.9  60.9  25.3        11.5  62.9   2.6 178.1            
       2 11  29.5  20.7  25.0  88.5  22.2  0.05  12.1  71.7   3.0 136.1            
       2 12  42.4  18.1  27.5  84.3  23.2        14.8  60.5   2.5 131.4            
       2 13  51.4  23.5  35.6  57.8  18.2        19.7  92.2   3.8 304.2            
       2 14  65.2  29.0  48.5  36.5  22.0        23.2  94.4   3.9 301.3            
       2 15  55.6  33.9  47.6  32.6  17.9        26.9 120.9   5.0 350.8            
       2 16  49.3  25.2  37.8  47.2  18.5        13.1  77.1   3.2 266.9            
       2 17  37.8  20.7  29.4  87.1  26.0  0.01  17.7 110.8   4.6  66.6            
       2 18  35.8  18.0  25.4  78.0  19.2  0.05   9.8  56.8   2.4 348.3            
       2 19  48.7  15.7  30.8  66.8  19.5         9.8  42.3   1.8 364.6            
       2 20  50.8  16.5  32.3  65.8  21.3         7.8  37.3   1.6 178.3            
       2 21  67.4  28.5  48.5  39.6  21.0        15.6  73.5   3.1 338.5            
       2 22  61.5  28.4  44.0  55.5  27.9  0.10  24.6  90.3   3.8 208.2            
       2 23  61.3  35.1  49.5  40.3  25.1        19.2  72.0   3.0 376.7            
       2 24  57.4  30.7  44.0  49.9  25.2        13.1  59.5   2.5 258.8            
       2 25  45.0  34.6  39.8  21.8   3.7        24.1 121.9   5.1 261.8            
       2 26  54.0  25.9  40.5  24.7   5.3        13.3  64.9   2.7 356.9            
       2 27  63.2  23.6  41.7  39.3  16.3         9.4  48.3   2.0 340.4            
       2 28  67.9  28.4  47.3  40.1  19.8        28.6 113.1   4.7 333.4            
       2 29  59.2  32.6  45.9  36.0  18.5        22.1  99.3   4.1 390.6            
       3  1  57.2  27.7  43.3  38.9  18.3        15.6  52.5   2.2 325.6  0.10  0.08
       3  2  43.4  35.0  38.7  69.6  29.3  0.01  15.7  63.1   2.6 149.5  0.06  0.04
       3  3  58.4  26.7  43.1  59.4  27.2        12.6  50.4   2.1 415.5  0.10  0.08
       3  4  67.2  26.6  46.2  44.0  21.3        10.6  43.2   1.8 425.2  0.12  0.09
       3  5  67.1  29.5  48.2  39.4  22.2        35.2 108.1   4.5 321.4  0.18  0.12
       3  6  62.4  39.2  51.1  24.5  15.1        23.9  92.2   3.8 370.8  0.17  0.12
       3  7  58.8  34.8  46.2  43.4  24.8        23.4 103.2   4.3 262.2  0.14  0.10
       3  8  57.6  29.8  46.5  28.5  12.7        25.9 101.9   4.2 382.2  0.15  0.11
       3  9  35.1  26.8  31.0  81.8  26.2  0.02  12.4  77.6   3.2 142.6  0.04  0.03
       3 10  45.5  28.2  35.9  67.8  25.4        26.0  77.7   3.2 285.1  0.08  0.06
       3 11  58.7  19.1  40.2  48.9  18.3        17.9  68.8   2.9 440.0  0.12  0.10
       3 12  49.3  28.6  38.6  49.6  20.7        14.5  80.1   3.3 324.6  0.10  0.08
       3 13  58.3  23.3  40.7  48.1  19.7        13.4  55.5   2.3 471.0  0.12  0.09
       3 14  62.9  26.1  45.4  44.2  21.3        19.6  91.0   3.8 295.2  0.15  0.10
       3 15  53.7  22.0  34.4  79.7  27.2  0.10  15.3  99.8   4.2  64.3  0.08  0.05
       3 16  41.7  21.8  30.4  77.2  23.5  0.42  10.7  65.3   2.7 438.6  0.08  0.07
       3 17  45.1  21.1  34.0  72.4  25.7         9.1  47.7   2.0 402.2  0.07  0.07
       3 18  44.3  26.6  35.8  53.3  20.0        22.9 127.5   5.3 376.2  0.11  0.08
       3 19  63.8  21.7  43.4  46.7  20.9        13.4  55.2   2.3 350.7  0.12  0.09
       3 20  46.5  26.1  31.3  77.8  24.9        28.7 233.1   9.7 135.3  0.11  0.07
       3 21  38.4  25.8  31.0  82.4  26.0  0.11  12.7  62.2   2.6 224.4  0.05  0.04
       3 22  47.0  25.0  36.6  77.0  29.7        13.4  51.9   2.2 234.9  0.06  0.05
       3 23  67.7  28.8  48.4  51.4  26.8        15.6  55.3   2.3 502.0  0.15  0.12
       3 24  66.2  36.7  51.8  33.9  22.8        21.2  90.5   3.8 472.8  0.18  0.14
       3 25  64.1  30.6  47.7  43.8  23.9        14.1  68.1   2.8 310.4  0.14  0.10
       3 26  66.6  39.8  53.6  36.9  26.3        22.0  94.9   4.0 463.5  0.19  0.14
       3 27  73.4  31.2  52.0  44.0  26.1        12.2  53.4   2.2 534.1  0.17  0.14
       3 28  59.3  34.4  46.3  49.4  27.4  0.03  14.4  89.7   3.7 308.0  0.13  0.10
       3 29  61.2  36.8  47.4  51.5  27.7        18.6  75.6   3.1 485.4  0.15  0.12
       3 30  39.8  31.6  34.4  86.8  30.8  0.08  22.1 122.8   5.1  78.2  0.04  0.03
       3 31  35.6  29.4  31.2  93.2  29.5  0.31  14.0  71.0   3.0 129.5  0.03  0.03
       4  1  48.8  27.5  37.3  57.1  21.9  0.09  13.3  68.5   2.9 551.7  0.12  0.10
       4  2  47.1  26.7  34.2  80.8  28.3  0.10  26.1  96.5   4.0 147.2  0.07  0.05
       4  3  44.0  20.4  32.2  59.0  19.0  0.06  16.6 111.4   4.6 535.7  0.11  0.09
       4  4  77.5  26.7  54.0  39.6  20.8        24.2  79.1   3.3 572.9  0.23  0.17
       4  5  75.5  50.9  67.5  15.8  18.6        24.5 131.7   5.5 457.1  0.28  0.19
       4  6  74.3  36.9  56.7  29.9  20.9        23.5  94.1   3.9 528.8  0.23  0.17
       4  7  61.0  33.2  44.8  37.5  18.5        28.1 169.5   7.1 551.7  0.24  0.17
       4  8  69.7  25.8  46.3  37.1  17.9        11.6  49.1   2.0 577.6  0.17  0.14
       4  9  76.6  33.5  55.9  33.5  23.0        21.0  64.1   2.7 439.7  0.19  0.15
       4 10  64.1  39.2  53.0  37.7  26.1        26.2 151.5   6.3 441.2  0.22  0.16
       4 11  64.4  37.3  50.1  47.9  30.1        14.3  83.2   3.5 560.2  0.18  0.15
       4 12  76.4  33.9  55.1  40.1  25.2        21.8  62.4   2.6 465.8  0.19  0.15
       4 13  77.4  51.6  65.7  17.9  19.3        19.3  87.5   3.6 411.1  0.24  0.17
       4 14  74.8  36.4  55.0  37.2  26.3        20.7  86.3   3.6 343.0  0.20  0.15
       4 15  36.8  27.1  30.8  86.5  27.1  0.10   9.6  58.1   2.4  77.6  0.03  0.03
       4 16  63.8  27.3  43.8  64.8  30.8  0.07  11.5  74.3   3.1 520.1  0.16  0.13
       4 17  77.5  37.2  57.9  41.5  29.4        15.2  78.2   3.3 594.7  0.23  0.18
       4 18  80.7  39.7  57.7  31.5  23.6        30.0 133.6   5.6 486.8  0.32  0.22
       4 19  53.8  39.3  48.7  31.0  19.3        23.6 100.2   4.2 116.9  0.13  0.09
       4 20  69.3  34.2  51.5  44.6  28.1        13.6  88.2   3.7 610.9  0.21  0.17
       4 21  76.9  39.2  58.0  36.1  27.7        18.4  75.4   3.1 529.8  0.23  0.17
       4 22  70.5  43.5  55.5  48.6  35.0  0.25  25.3  93.6   3.9 257.2  0.17  0.12
       4 23  65.9  45.3  54.2  66.4  42.4  0.10  15.5  70.3   2.9 372.0  0.14  0.12
       4 24  62.9  40.4  50.2  56.3  32.9        23.2  81.9   3.4 432.4  0.16  0.13
       4 25  67.8  34.0  52.1  36.8  24.2        16.7  71.7   3.0 583.5  0.20  0.16
       4 26  76.0  38.1  58.2  38.7  29.2        15.4  67.1   2.8 420.8  0.19  0.15
       4 27  65.6  42.5  54.6  45.2  32.5        12.5  63.8   2.7 606.4  0.19  0.16
       4 28  70.5  38.4  53.1  48.5  33.6        12.6  87.1   3.6 510.4  0.20  0.16
       4 29  72.7  41.1  54.8  62.2  41.3  0.17  32.2 140.4   5.8 375.7  0.21  0.15
       4 30  52.8  36.3  45.9  61.0  32.5  0.04  26.5 128.6   5.4 258.2  0.12  0.09
       5  1  69.9  35.5  53.0  45.4  29.3        15.1  47.8   2.0 635.4  0.19  0.16
       5  2  77.8  39.1  59.8  42.8  33.9        13.3  56.3   2.3 628.9  0.22  0.18
       5  3  80.4  43.1  63.9  42.3  37.4        13.5  59.7   2.5 625.5  0.23  0.19
       5  4  91.0  46.7  70.8  35.2  34.9        19.1  76.7   3.2 629.8  0.29  0.23
       5  5  92.0  47.1  72.4  28.9  30.6        16.1  56.7   2.4 641.8  0.27  0.22
       5  6  80.6  53.4  68.5  36.9  38.9        14.8  83.3   3.5 548.2  0.25  0.20
       5  7  85.4  54.2  66.7  45.7  43.0        23.2  82.9   3.5 475.1  0.25  0.20
       5  8  57.5  41.5  44.5  84.4  40.0  0.32  13.5  63.3   2.6  94.0  0.07  0.05
       5  9  72.8  36.1  56.3  50.9  33.7        16.0  84.5   3.5 619.2  0.22  0.18
       5 10  77.2  48.2  61.9  49.1  41.5        19.3 104.4   4.3 634.4  0.26  0.21
       5 11  67.4  41.2  52.9  59.4  38.1  0.01  22.2 130.4   5.4 434.7  0.20  0.15
       5 12  56.6  38.5  47.2  26.9  13.2        21.4  85.2   3.5 627.7  0.20  0.16
       5 13  65.7  29.3  48.9  33.7  17.3        13.6  59.2   2.5 585.0  0.19  0.15
       5 14  70.4  39.1  56.8  30.3  24.8        14.3  54.0   2.3 542.0  0.19  0.16
       5 15  85.3  44.8  65.5  28.1  25.6        19.1  70.2   2.9 624.5  0.28  0.22
       5 16  82.9  45.9  64.2  35.3  35.1        13.9  67.1   2.8 633.4  0.26  0.21
       5 17  61.9  45.2  52.1  71.5  43.6  0.81  29.3 144.4   6.0  66.1  0.10  0.07
       5 18  54.1  41.8  47.5  67.8  37.0  0.05  17.0  69.8   2.9 337.9  0.11  0.09
       5 19  68.7  39.7  55.4  55.4  37.8        13.8  55.1   2.3 592.9  0.18  0.16
       5 20  68.6  49.3  58.8  53.4  41.2  0.02  15.2  61.7   2.6 533.8  0.18  0.16
       5 21  79.6  44.7  63.2  46.9  39.4        12.0  52.5   2.2 620.8  0.22  0.19
       5 22  86.8  49.7  70.3  34.8  38.0        18.6  62.1   2.6 531.4  0.24  0.20
       5 23  90.2  53.4  74.3  34.8  41.3        16.2  59.2   2.5 572.3  0.25  0.21
       5 24  74.3  52.7  64.5  53.6  46.6  0.15  14.5  70.4   2.9 379.4  0.17  0.14
       5 25  74.5  51.3  60.3  74.6  51.5  0.32  17.3  62.1   2.6 526.8  0.18  0.16
       5 26  74.5  49.8  62.3  58.0  46.0        17.7  58.3   2.4 394.3  0.16  0.14
       5 27  81.5  45.5  64.4  48.8  40.6        21.1  68.5   2.9 681.1  0.26  0.21
       5 28  93.1  49.8  72.7  36.5  40.7        16.7  80.3   3.3 491.0  0.28  0.22
       5 29  97.7  61.3  79.5  25.3  38.6        18.7  89.0   3.7 614.3  0.35  0.27
       5 30  73.4  55.3  64.1  62.5  50.6        12.6  63.6   2.6 344.6  0.15  0.13
       5 31  77.4  53.3  63.5  74.3  54.4        10.6  59.2   2.5 523.3  0.19  0.16
       6  1  68.7  47.0  59.4  40.7  35.1        16.2  75.3   3.1 655.0  0.22  0.19
       6  2  78.6  47.3  63.0  47.5  41.6        15.0  85.1   3.5 646.8  0.26  0.21
       6  3  91.3  52.0  73.6  32.3  36.1        16.1  69.7   2.9 665.2  0.30  0.24
       6  4  74.5  58.3  66.1  48.5  45.6        18.4  92.9   3.9 416.5  0.21  0.17
       6  5  75.5  46.7  61.9  58.0  46.0        12.1  80.3   3.3 580.6  0.21  0.18
       6  6  96.9  52.2  73.5  37.9  40.9        17.0  57.9   2.4 657.5  0.30  0.24
       6  7  95.1  57.0  78.8  21.6  32.7        15.2  75.3   3.1 687.9  0.33  0.26
       6  8  96.1  58.0  75.2  31.4  40.1        23.0  56.2   2.3 540.3  0.27  0.22
       6  9  87.1  61.5  75.2  28.4  38.7        16.3  61.0   2.5 494.5  0.24  0.20
       6 10  80.9  52.1  68.0  34.3  37.6        16.9  94.4   3.9 593.3  0.28  0.22
       6 11  86.2  52.6  70.3  37.2  40.2        19.2  78.5   3.3 550.9  0.27  0.21
       6 12  90.0  50.2  72.8  32.3  35.6        13.0  51.1   2.1 577.3  0.25  0.20
       6 13  82.9  56.3  69.4  30.5  35.0        29.9  86.6   3.6 650.4  0.30  0.24
       6 14  81.7  46.7  65.9  42.3  39.2        14.8  73.9   3.1 637.3  0.26  0.21
       6 15  89.5  52.9  67.4  38.7  38.2        32.1 107.5   4.5 465.7  0.32  0.23
       6 16  54.8  47.6  50.5  63.1  38.4        14.1  79.3   3.3 127.9  0.09  0.07
       6 17  63.3  41.1  51.9  68.6  40.9  0.26  17.0  79.0   3.3 532.0  0.16  0.14
       6 18  85.8  45.1  63.9  52.7  43.2        24.8  66.8   2.8 528.6  0.24  0.19
       6 19  79.6  56.8  68.5  40.3  42.2        22.2  85.2   3.5 372.9  0.22  0.17
       6 20  82.8  53.1  66.4  37.6  36.1        21.0  70.5   2.9 692.8  0.28  0.23
       6 21  81.7  45.9  65.1  41.9  38.1        13.1  49.1   2.0 686.6  0.24  0.21
       6 22  92.3  52.4  73.2  34.6  40.1        14.5  47.2   2.0 573.0  0.25  0.21
       6 23  89.3  61.6  75.0  29.4  38.9        15.3  78.5   3.3 536.8  0.29  0.22
       6 24  90.1  57.6  75.2  31.7  41.0        22.6  88.8   3.7 554.7  0.30  0.23
       6 25  82.6  55.8  66.2  59.5  50.4  0.21  17.2  61.1   2.5 381.5  0.19  0.15
       6 26  58.7  51.5  55.5  86.2  51.4  0.13   9.7  59.8   2.5  99.1  0.05  0.05
       6 27  69.9  53.7  59.8  78.5  52.9  0.11  20.5  97.5   4.1 340.8  0.14  0.12
       6 28  70.0  50.0  60.5  67.4  49.2        12.2  46.0   1.9 413.3  0.14  0.13
       6 29  91.3  50.6  70.7  49.3  45.4        21.9  61.8   2.6 560.9  0.26  0.21
       6 30  90.5  54.6  72.0  51.1  49.9        17.8  57.2   2.4 650.7  0.27  0.23
       7  1  89.3  58.0  74.4  40.3  46.4  0.01  26.5  74.3   3.1 476.4  0.25  0.20
       7  2  89.9  58.9  75.7  36.1  44.8        24.4  84.3   3.5 512.2  0.28  0.22
       7  3  89.6  62.3  75.5  43.4  49.6        16.2  82.1   3.4 474.6  0.26  0.21
       7  4  92.5  58.3  78.3  28.2  37.6        15.9  73.2   3.0 687.0  0.31  0.25
       7  5  91.3  61.4  77.1  38.1  48.5        19.7  64.7   2.7 598.2  0.27  0.22
       7  6  98.1  63.6  80.7  42.1  50.7        16.1  80.3   3.3 664.7  0.33  0.27
       7  7  93.1  65.6  79.6  29.8  42.5        19.7  60.9   2.5 480.6  0.26  0.20
       7  8  93.3  66.1  78.6  36.6  47.8        15.7  56.7   2.4 496.6  0.25  0.20
       7  9  90.0  66.2  78.3  38.1  49.2  0.01  31.5  65.9   2.7 542.5  0.26  0.21
       7 10  91.9  61.9  76.2  47.9  52.5        17.6  67.2   2.8 593.6  0.27  0.23
       7 11  93.1  62.2  77.4  45.8  51.2        14.8  80.6   3.4 587.9  0.29  0.24
       7 12  88.1  62.0  73.9  46.5  51.5        30.3  99.3   4.1 464.8  0.27  0.21
       7 13  92.5  57.9  74.9  52.0  52.9        15.9  54.0   2.3 577.6  0.25  0.21
       7 14  95.1  61.5  78.9  40.9  50.5        16.4  41.3   1.7 587.6  0.24  0.21
       7 15  94.2  63.7  79.8  35.5  48.0        20.4  71.9   3.0 457.4  0.26  0.21
       7 16  82.2  62.2  72.9  57.3  55.9  0.60  14.2  77.6   3.2 338.5  0.18  0.15
       7 17  74.1  58.8  65.5  78.2  58.2  0.33  16.7  68.8   2.9 351.6  0.14  0.12
       7 18  89.5  56.8  73.5  50.5  51.8        15.1  63.9   2.7 629.6  0.26  0.22
       7 19  88.1  59.2  72.2  52.1  51.7        13.7  72.9   3.0 587.0  0.26  0.22
       7 20  84.2  60.0  71.3  48.3  50.3        18.8  67.6   2.8 561.3  0.24  0.20
       7 21  88.4  58.8  72.6  53.0  52.4        14.3  60.0   2.5 585.9  0.25  0.21
       7 22  85.7  59.7  71.6  53.6  52.3  0.01  12.4  49.9   2.1 537.6  0.22  0.19
       7 23  96.0  57.4  76.8  38.9  45.1        17.8  66.9   2.8 616.6  0.29  0.24
       7 24  96.3  62.0  79.5  27.2  41.0        22.1  83.3   3.5 420.1  0.29  0.21
       7 25  92.5  61.1  77.0  34.2  44.7        12.4  54.5   2.3 542.3  0.25  0.20
       7 26  93.5  61.9  77.0  36.1  45.9  0.04  19.8  74.1   3.1 487.9  0.27  0.21
       7 27  89.4  62.9  76.3  38.4  48.0        14.5  61.1   2.5 426.2  0.22  0.18
       7 28  87.9  64.0  74.8  47.6  52.5        14.3  55.5   2.3 482.5  0.22  0.18
       7 29  88.9  59.3  74.2  46.8  50.0        13.5  45.8   1.9 568.3  0.23  0.19
       7 30  87.5  59.2  74.2  42.1  47.8        11.5  40.8   1.7 574.4  0.22  0.19
       7 31  89.4  59.1  74.7  39.5  46.0        11.3  39.1   1.6 557.5  0.22  0.19
       8  1  95.6  58.2  77.2  35.1  44.1        37.9  56.5   2.4 535.9  0.26  0.21
       8  2  89.4  65.5  78.6  34.7  47.2        21.9  76.9   3.2 364.2  0.23  0.18
       8  3  89.8  64.1  75.9  47.8  53.4        12.2  64.1   2.7 353.1  0.20  0.16
       8  4  92.0  61.9  74.6  50.1  53.4  0.02  21.0  69.8   2.9 458.9  0.24  0.19
       8  5  91.0  63.5  76.7  41.7  49.0        33.6  88.9   3.7 462.7  0.27  0.21
       8  6  89.5  55.8  73.7  40.3  45.5        20.4  65.3   2.7 589.0  0.26  0.21
       8  7  92.5  56.1  74.8  39.7  44.7        16.4  50.5   2.1 430.9  0.21  0.17
       8  8  95.0  61.1  80.4  23.7  37.1        15.3  52.4   2.2 590.2  0.26  0.21
       8  9  95.1  59.3  78.1  32.5  45.0        15.1  61.7   2.6 577.7  0.27  0.22
       8 10  87.8  58.3  73.2  53.0  53.6         9.9  57.2   2.4 550.5  0.22  0.19
       8 11  95.6  63.4  78.0  42.9  51.1        18.4  55.4   2.3 479.4  0.24  0.19
       8 12  78.5  65.8  73.3  44.2  50.0        10.4  55.2   2.3 226.8  0.14  0.11
       8 13  89.6  59.7  74.7  44.7  49.6        13.2  56.0   2.3 492.3  0.22  0.18
       8 14  95.1  61.0  79.1  33.6  44.1        10.2  60.5   2.5 504.1  0.25  0.20
       8 15  91.4  64.4  77.0  39.3  49.8  0.01  22.4  88.1   3.7 474.1  0.27  0.21
       8 16  87.7  62.5  71.7  60.3  56.4  0.13  17.8  77.6   3.2 299.8  0.19  0.15
       8 17  75.5  61.3  65.3  68.0  54.1  0.15  15.8  62.0   2.6 271.9  0.14  0.11
       8 18  75.8  56.3  65.7  73.3  56.5  0.02  12.9  76.3   3.2 365.2  0.15  0.13
       8 19  88.7  57.9  73.8  49.5  50.5        13.5  66.3   2.8 552.1  0.24  0.20
       8 20  85.8  58.8  71.7  46.0  48.8  0.13  28.5  65.1   2.7 347.3  0.19  0.15
       8 21  77.0  54.4  66.1  59.1  51.3  0.02  15.4  71.2   3.0 453.2  0.18  0.15
       8 22  87.5  55.6  69.0  54.2  49.5        20.8  62.9   2.6 424.3  0.21  0.16
       8 23  86.9  54.2  71.0  46.7  46.7        11.7  53.8   2.2 505.1  0.21  0.17
       8 24  89.2  56.3  72.8  45.3  47.9        13.8  49.3   2.1 525.3  0.21  0.18
       8 25  89.6  59.7  72.4  48.3  50.3        18.3  74.7   3.1 378.7  0.22  0.17
       8 26  85.6  58.3  71.8  48.3  49.7        26.2  59.5   2.5 420.1  0.19  0.16
       8 27  88.0  57.8  70.8  59.2  54.0  0.06  23.1  83.8   3.5 464.2  0.23  0.18
       8 28  88.1  59.2  70.4  59.0  53.8  0.10  19.4  69.2   2.9 339.1  0.19  0.15
       8 29  84.0  57.4  69.3  65.2  56.0  0.02  16.1  78.5   3.3 418.8  0.19  0.16
       8 30  84.5  57.6  69.2  56.2  51.5        21.0  68.0   2.8 352.2  0.18  0.14
       8 31  69.4  51.8  61.0  67.4  50.1        13.1  70.0   2.9 346.3  0.13  0.11
       9  1  81.2  53.0  65.1  66.3  52.1        15.3  47.2   2.0 365.5  0.15  0.12
       9  2  84.1  55.4  69.2  46.8  45.5        13.8  71.3   3.0 544.1  0.23  0.18
       9  3  85.1  53.0  69.4  35.6  38.9        16.4  73.2   3.0 467.5  0.23  0.17
       9  4  87.8  53.2  71.1  41.7  44.6        14.8  61.7   2.6 461.3  0.21  0.17
       9  5  94.1  57.5  71.6  49.9  49.7        15.6  72.0   3.0 451.4  0.25  0.19
       9  6  90.2  56.3  71.7  45.0  45.3        22.1  72.5   3.0 381.2  0.22  0.17
       9  7  79.3  49.8  63.6  46.3  41.2        14.8  66.9   2.8 499.9  0.20  0.16
       9  8  84.0  57.0  70.3  38.7  43.3        22.4  78.8   3.3 350.7  0.21  0.15
       9  9  86.7  57.6  74.0  23.3  32.7        30.5 115.0   4.8 486.6  0.30  0.21
       9 10  89.3  53.0  71.0  28.2  33.2        15.7  78.7   3.3 469.5  0.25  0.18
       9 11  78.7  55.0  65.7  35.2  36.4        14.1  53.6   2.2 362.5  0.17  0.13
       9 12  85.5  47.2  66.0  40.8  38.5        10.9  48.9   2.0 506.2  0.19  0.15
       9 13  89.6  49.5  70.9  33.2  37.0        12.0  46.6   1.9 488.7  0.19  0.15
       9 14  82.6  51.8  67.4  37.1  39.2        10.7  68.8   2.9 486.4  0.21  0.16
       9 15  91.3  50.9  70.1  39.9  41.7        10.7  47.7   2.0 477.1  0.20  0.16
       9 16  94.7  52.8  74.7  29.4  36.2        17.8  40.0   1.7 464.5  0.19  0.15
       9 17  92.3  55.8  73.9  27.9  36.0        11.9  57.3   2.4 339.8  0.20  0.15
       9 18  81.7  58.6  68.6  41.1  42.8        10.2  40.3   1.7 312.1  0.14  0.11
       9 19  75.8  46.5  63.5  50.4  43.3  0.23  26.5  73.7   3.1 412.0  0.16  0.13
       9 20  55.8  42.5  48.6  71.1  39.2  0.28  19.9  94.8   4.0 233.2  0.09  0.07
       9 21  75.8  41.2  54.0  70.2  43.4  0.07  16.7  71.5   3.0 270.2  0.14  0.11
       9 22  49.1  31.8  40.0  90.2  37.6  0.09  15.4 101.4   4.2  83.4  0.04  0.03
       9 23  39.2  31.8  34.3  92.7  32.4  0.24  10.5  43.6   1.8 114.6  0.03  0.03
       9 24  45.3  29.7  35.6  82.5  30.4  0.36   9.1  55.3   2.3 292.8  0.06  0.06
       9 25  65.0  28.5  45.7  61.9  30.3        15.4  44.0   1.8 477.3  0.12  0.10
       9 26  72.2  35.0  52.7  54.7  33.8        12.5  46.0   1.9 463.1  0.14  0.11
       9 27  76.1  40.3  57.7  45.6  33.7        11.5  47.9   2.0 455.3  0.15  0.12
       9 28  79.8  40.5  59.8  48.2  36.6        10.1  36.1   1.5 428.7  0.14  0.11
       9 29  80.6  49.3  63.7  48.0  41.4        16.8  53.6   2.2 267.8  0.14  0.11
       9 30  81.5  51.6  66.8  40.4  40.0        11.3  50.9   2.1 359.2  0.15  0.12
      10  1  87.4  57.7  73.6  21.3  30.4        19.4  93.1   3.9 363.0  0.24  0.16
      10  2  70.1  43.3  58.1  60.7  44.0        15.2  44.6   1.9 307.2  0.10  0.08
      10  3  74.7  47.3  57.7  59.0  42.8        20.6  78.0   3.3 260.2  0.14  0.10
      10  4  61.1  45.1  52.0  79.0  45.6        16.3  62.2   2.6 217.9  0.08  0.06
      10  5  51.5  32.5  40.4  89.9  38.0  0.16  17.9  87.6   3.6  80.6  0.05  0.04
      10  6  37.2  30.3  33.4  88.4  30.3  0.05   8.0  50.7   2.1  94.7  0.03  0.03
      10  7  41.7  34.8  38.2  79.0  32.1         6.8  35.3   1.5  77.9  0.03  0.03
      10  8  53.4  29.1  40.9  72.2  31.9         9.8  39.8   1.7 378.6  0.07  0.06
      10  9  64.8  27.8  43.4  71.8  33.5         7.2  24.3   1.0 396.9  0.08  0.07
      10 10  69.7  32.6  50.2  62.3  35.6         9.6  34.6   1.4 368.4  0.10  0.08
      10 11  71.0  36.8  54.7  57.0  38.2        11.5  48.1   2.0 389.5  0.11  0.09
      10 12  67.5  43.8  55.8  55.0  38.7  0.03  15.9  47.6   2.0 363.5  0.10  0.08
      10 13  65.5  41.3  53.6  46.9  31.0  0.10  22.8  71.6   3.0 367.7  0.13  0.09
      10 14  58.5  35.2  46.7  58.0  31.4        15.9  60.2   2.5 269.5  0.09  0.07
      10 15  61.8  31.3  45.6  59.6  30.6        10.2  46.7   1.9 380.0  0.09  0.07
      10 16  67.4  32.8  49.1  52.1  30.0        13.5  60.1   2.5 371.3  0.12  0.09
      10 17  69.9  35.5  52.0  45.5  29.7         9.1  40.9   1.7 370.6  0.10  0.08
      10 18  75.7  35.6  53.4  51.3  32.6         7.3  30.8   1.3 367.5  0.10  0.08
      10 19  75.8  37.5  55.0  44.5  29.9         8.1  29.7   1.2 310.7  0.09  0.07
      10 20  65.0  36.4  51.0  51.9  32.5         9.9  36.6   1.5 350.8  0.08  0.07
      10 21  71.4  33.7  51.9  52.1  32.5        10.2  36.8   1.5 331.5  0.09  0.07
      10 22  50.7  40.3  44.3  83.5  39.4  0.37  22.8 110.1   4.6  33.9  0.05  0.04
      10 23  48.9  40.4  44.4  85.4  40.2        10.1  45.3   1.9  90.8  0.04  0.03
      10 24  60.3  42.4  49.6  80.6  43.6         9.8  53.3   2.2 198.5  0.06  0.05
      10 25  65.2  34.4  48.2  61.5  32.9         9.1  39.7   1.7 293.2  0.08  0.06
      10 26  63.6  31.9  47.8  55.7  30.6         8.8  35.9   1.5 338.0  0.08  0.06
      10 27  58.8  34.5  46.3  72.0  37.6        10.3  34.1   1.4 273.7  0.06  0.05
      10 28  57.1  40.5  48.3  82.7  43.2        11.7  56.0   2.3 129.2  0.05  0.04
      10 29  67.7  38.8  52.5  59.8  36.9        13.4  59.1   2.5 298.6  0.10  0.07
      10 30  61.0  35.1  46.6  63.3  34.5        11.9  48.0   2.0 279.0  0.07  0.06
      10 31  45.7  33.5  40.5  85.4  36.6  0.25  16.7  53.0   2.2  43.0  0.03  0.02
      11  1  55.6  34.8  43.8  52.3  26.1        22.4  76.8   3.2 284.4            
      11  2  47.2  31.1  37.4  64.3  25.7        15.9  60.8   2.5 212.8            
      11  3  46.2  28.2  36.3  71.9  27.8  0.05   7.9  39.1   1.6 224.5            
      11  4  56.4  23.4  38.2  66.8  26.6         7.4  31.1   1.3 311.2            
      11  5  42.2  29.7  35.2  82.5  30.2  0.18  22.8  67.9   2.8  45.8            
      11  6  32.5  22.4  27.6  80.2  22.2        11.6  63.5   2.6 116.5            
      11  7  38.7  18.2  29.4  61.4  16.8        12.6  59.4   2.5 216.3            
      11  8  44.1  22.9  33.0  54.0  17.0        14.6  74.8   3.1 298.4            
      11  9  44.4  23.9  32.9  58.8  19.5        23.2 101.4   4.2 287.6            
      11 10  27.0  20.4  23.8  78.4  18.0        17.6 110.3   4.6  79.9            
      11 11  21.6  12.2  17.1  90.7  14.9        14.3 100.5   4.2 156.8            
      11 12  24.1   6.8  14.6  85.8  11.6  0.09   9.2  43.9   1.8 248.0            
      11 13  29.8   4.7  17.1  70.0   8.5         8.6  35.5   1.5 286.0            
      11 14  35.1   7.2  20.6  67.5  10.5         7.2  25.7   1.1 264.2            
      11 15  41.1  12.7  26.3  56.7  11.3        16.3  50.2   2.1 218.2            
      11 16  32.7  12.7  22.3  64.7  11.8        11.2  57.8   2.4 272.4            
      11 17  33.1   8.4  20.1  72.1  11.7        19.7  73.8   3.1 209.9            
      11 18  45.3   4.9  23.4  66.4  13.3  0.01   8.3  45.1   1.9 250.2            
      11 19  40.2  17.3  29.1  60.5  16.5        15.0  68.3   2.8 277.7            
      11 20  44.6  15.8  28.4  65.6  17.5        10.8  45.6   1.9 269.0            
      11 21  54.9  19.5  35.0  48.2  14.8         9.9  46.2   1.9 247.4            
      11 22  55.0  26.0  37.7  47.6  17.7         8.2  32.7   1.4 213.1            
      11 23  48.7  21.8  32.8  54.3  16.5         6.7  32.8   1.4 227.0            
      11 24  55.0  18.3  34.2  50.0  14.4         7.8  33.4   1.4 259.1            
      11 25  45.5  21.7  33.2  56.1  18.3        14.0  59.0   2.5 244.2            
      11 26  55.2  19.4  33.3  59.0  18.6        14.1  46.1   1.9  95.7            
      11 27  47.6  24.8  35.3  61.6  22.9         8.4  56.2   2.3 204.6            
      11 28  41.1  20.8  33.0  58.0  19.7        18.8 103.7   4.3 230.2            
      11 29  39.5  17.6  27.1  59.9  14.4        10.2  43.8   1.8 241.5            
      11 30  53.2  20.5  38.3  38.5  11.6        21.3  88.7   3.7 254.1            
      12  1  42.9  17.9  30.5  47.4  11.3        12.7  46.5   1.9 236.8            
      12  2  44.6  14.3  28.5  57.4  13.9         8.6  32.6   1.4 233.7            
      12  3  58.7  17.7  34.5  50.9  15.2        12.6  63.8   2.7 162.8            
      12  4  42.0  20.2  30.8  56.3  16.0        10.2  44.8   1.9 229.3            
      12  5  49.5  18.8  30.4  66.3  19.7        26.5  84.6   3.5  91.3            
      12  6  53.7  14.7  32.5  61.6  18.5        12.0  51.9   2.2 215.3            
      12  7  55.4  29.0  42.6  43.2  20.6        16.9  53.9   2.2  72.7            
      12  8  39.5  23.1  32.4  75.2  25.3         9.5  44.3   1.8 148.2            
      12  9  56.9  27.6  39.6  54.1  21.5        20.0  57.1   2.4 171.6            
      12 10  38.5   6.9  18.7  85.6  15.1        21.4  63.1   2.6  24.7            
      12 11  12.8   0.6   5.5  80.7   0.9        10.3  58.1   2.4 124.6            
      12 12  21.4   1.5  10.9  76.0   4.9  0.01   7.2  35.9   1.5 205.1            
      12 13  26.1   4.2  15.8  78.1  10.3        11.5  35.1   1.5 246.3            
      12 14  48.3   8.3  32.2  52.6  14.0        24.0  92.5   3.9 206.3            
      12 15  48.3  27.7  37.1  36.4  12.4        22.4  94.1   3.9 135.6            
      12 16  32.4  13.1  20.8  58.8   8.3        19.6  88.1   3.7 215.7            
      12 17  57.2  13.1  31.0  46.0  10.1        24.0 119.1   5.0 184.2            
      12 18  41.5  15.7  29.3  29.8  -0.3        22.3  78.8   3.3 213.4            
      12 19  55.7  12.3  34.8  36.7   6.7        24.5  75.9   3.2 156.2            
      12 20  45.7   6.9  24.4  66.5  13.5        33.3 111.8   4.7 131.2            
      12 21  30.6   2.7  15.6  70.9   7.9         7.8  35.0   1.5 212.5            
      12 22  53.7  13.4  33.6  51.9  15.7  0.01  23.2  79.5   3.3 219.3            
      12 23  45.3  19.8  30.7  66.6  19.9         9.4  44.9   1.9 213.0            
      12 24  39.0  15.6  25.5  70.7  17.0        11.3  51.2   2.1 142.3            
      12 25  26.7  16.8  22.5  84.9  18.8         7.8  45.2   1.9  67.8            
      12 26  41.1   9.7  24.0  73.6  16.3  0.03   9.8  34.7   1.4 219.1            
      12 27  57.4  17.6  37.1  53.3  19.8        11.8  45.9   1.9 215.7            
      12 28  49.2  25.4  36.0  51.5  19.2        14.5  90.3   3.8 172.6            
      12 29  38.8  15.8  27.6  60.0  14.4        13.4  65.8   2.7 214.1            
      12 30  34.8  14.3  25.7  67.9  16.3         6.6  34.0   1.4  93.8            
      12 31  33.5  12.8  24.8  88.0  22.0  0.03  10.4  43.6   1.8 180.3            

      Total                                9.21                         44.92 35.75
        Max  98.1  66.2  80.7  93.2  58.2        37.9 233.1   9.7 692.8
        Min  12.8   0.6   5.5  15.8  -0.3         6.3  24.3   1.0  24.7
        Ave  65.4  37.3  51.0  52.2  30.8        16.3  68.5   2.9 358.7
