                                                                    07-JUN-00
      Cellular-linked Weather Station near LONGMONT (West), Colora       1998
      -----------------------------------------------------------------------------
               Temperature      Rel   Dew             Wind        Solar StandrdASCE
            ----------------- Humid Point  Prec -----------------   Rad   ETr   ETo
       Date   Max   Min   Ave   Ave   Ave Total   Max Total   Ave Total Alflf Grass
      MoDay     F     F     F     %     F  inch   mph miles   mph Langl  inch  inch
      ----- ----- ----- ----- ----- ----- ----- ----- ----- ----- ----- ----- -----
       1  1  67.0  32.2  50.9  29.4  18.2        13.1  61.4   2.6 233.5            
       1  2  64.9  37.7  54.8  25.6  19.3        25.6 100.3   4.2 177.4            
       1  3  55.7  22.7  30.4  73.7  21.9        11.5  45.3   1.9  42.1            
       1  4  46.8  22.2  29.5  81.1  23.6         7.3  38.3   1.6 201.8            
       1  5  48.8  19.5  33.2  70.0  23.4  0.03  25.5  82.6   3.4 207.8            
       1  6  37.9  13.9  27.5  82.7  22.7  0.04  22.1  68.9   2.9 248.5            
       1  7  41.6  10.0  22.9  67.0  12.2         6.9  33.1   1.4 247.7            
       1  8  48.1  13.5  31.2  49.6  12.0        16.1  58.8   2.5 244.5            
       1  9  40.6   8.5  16.6  76.2   9.4        18.6  62.4   2.6  88.4            
       1 10  20.4   5.6  14.8  78.6   9.5         8.1  34.0   1.4  86.0            
       1 11  52.0  16.2  32.0  57.6  16.0        22.7  75.2   3.1 143.4            
       1 12  20.4  12.3  16.9  91.2  14.8        20.2  61.5   2.6  60.1            
       1 13  39.8  17.1  25.5  81.6  20.0        19.1  53.5   2.2 108.5            
       1 14  48.7  18.2  33.6  38.3   9.0        15.6  58.3   2.4 257.3            
       1 15  54.0  16.2  34.8  44.8  14.9        15.1  68.2   2.8 164.8            
       1 16  45.7  26.0  35.8  38.1  11.8        21.0  86.2   3.6 233.4            
       1 17  53.2  29.6  40.2  42.8  19.2        28.1  91.9   3.8 139.7            
       1 18  50.6  24.3  38.8  38.9  14.4        18.0  76.7   3.2 270.2            
       1 19  47.2  19.8  33.5  56.2  18.4        15.9  57.8   2.4 201.2            
       1 20  48.1  25.4  35.4  37.6  10.1        15.7  61.7   2.6 254.7            
       1 21  37.2  16.3  25.7  61.1  13.6        15.5  41.1   1.7 205.0            
       1 22  37.1  12.9  24.1  46.9   6.3         9.9  51.6   2.1 176.8            
       1 23  44.1  19.5  30.8  42.6   9.5        14.3  79.8   3.3 280.1            
       1 24  57.2  18.7  37.0  43.3  14.3        19.1  66.7   2.8  92.7            
       1 25  51.2  24.5  39.7  34.3  12.3        20.8  82.1   3.4 211.7            
       1 26  54.5  17.7  34.4  45.9  13.6         8.3  40.1   1.7 255.1            
       1 27  58.5  24.7  41.7  34.5  12.6        19.4  62.2   2.6 250.5            
       1 28  58.3  24.0  42.6  36.7  15.2        18.7  77.5   3.2 216.1            
       1 29  58.5  18.0  35.3  53.6  16.8        10.0  44.3   1.8 297.4            
       1 30  56.6  22.1  39.3  39.7  13.6        13.7  63.2   2.6 274.7            
       1 31  41.0  26.7  33.7  71.4  25.5        12.4  67.8   2.8 152.7            
       2  1  46.8  18.7  31.7  61.8  18.4         9.3  46.9   2.0 239.1            
       2  2  47.5  20.1  33.0  51.8  16.3         9.8  49.2   2.0 189.8            
       2  3  43.6  20.5  31.7  66.2  21.3         7.8  36.4   1.5 258.1            
       2  4  32.8  19.5  27.1  89.0  24.4        12.1  67.1   2.8  86.6            
       2  5  38.7  29.1  32.9  86.2  29.1         7.9  47.7   2.0  95.5            
       2  6  49.3  26.1  36.4  73.3  28.1        12.5  43.8   1.8 265.3            
       2  7  45.0  21.0  32.7  70.4  23.6         7.6  29.8   1.2 145.1            
       2  8  53.5  21.9  37.5  55.4  21.0        11.0  44.4   1.9 230.8            
       2  9  46.3  30.4  39.2  59.3  25.9         9.8  50.7   2.1 157.4            
       2 10  48.2  24.1  35.1  47.2  15.1         9.1  56.5   2.4 275.4            
       2 11  48.2  16.9  32.2  42.8   8.3        12.9  50.2   2.1 333.4            
       2 12  47.8  18.2  32.2  42.9  10.3        11.2  50.6   2.1 337.7            
       2 13  54.6  19.3  36.2  42.6  13.6        12.2  61.3   2.6 311.9            
       2 14  53.6  25.7  39.4  46.5  19.3        14.0  59.3   2.5 323.6            
       2 15  45.0  26.2  33.9  72.2  25.7        10.8  42.2   1.8 212.5            
       2 16  34.9  32.0  33.1  96.0  32.1  0.21  11.8  62.6   2.6 121.9            
       2 17  47.8  27.4  37.5  71.0  28.2  0.01   9.4  41.8   1.7 267.0            
       2 18  47.8  27.9  37.5  59.4  24.0        16.7  52.1   2.2 314.7            
       2 19  47.5  21.3  34.5  52.2  16.9        11.0  48.1   2.0 376.3            
       2 20  46.3  19.0  32.4  49.1  13.3        11.8  32.4   1.4 328.3            
       2 21  55.8  19.4  36.8  46.3  15.7        13.6  46.9   2.0 345.3            
       2 22  59.1  27.5  43.2  43.9  20.4        18.2  73.6   3.1 371.4            
       2 23  56.0  26.4  41.2  61.9  27.3        22.2  73.2   3.0 360.4            
       2 24  62.5  27.9  44.2  46.6  23.6        20.8  81.8   3.4 348.7            
       2 25  47.7  32.3  40.9  26.9   9.8        28.3 102.4   4.3  92.6            
       2 26  41.0  21.6  30.7  26.7  -0.6        18.6  81.0   3.4 398.2            
       2 27  36.2  14.8  26.5  28.1  -4.0        22.3  93.4   3.9 305.8            
       2 28  41.0  14.2  27.7  26.1  -4.5        18.6  65.1   2.7 425.0            
       3  1  45.0  14.1  28.8  31.5  -0.6        17.2  64.3   2.7 410.2  0.07  0.07
       3  2  45.4  15.3  30.8  46.4  11.2        11.6  59.8   2.5 420.1  0.07  0.06
       3  3  56.3  21.7  38.2  42.8  15.4        14.7  63.2   2.6 398.4  0.07  0.07
       3  4  42.7  25.5  32.8  67.0  22.5        17.1 112.8   4.7 348.3  0.07  0.06
       3  5  46.4  20.0  32.2  61.3  18.6  0.02  15.9  88.9   3.7 415.9  0.08  0.07
       3  6  37.9  19.1  27.6  74.8  20.7        17.2 131.3   5.5 298.9  0.07  0.05
       3  7  24.6  11.0  18.8  76.9  12.9  0.01  20.3 169.9   7.1 307.9  0.06  0.04
       3  8  32.2   5.9  20.4  60.4   8.2  0.02  12.9  78.8   3.3 458.3  0.07  0.06
       3  9  30.1  12.9  21.0  68.4  11.9        12.3  52.8   2.2 385.0  0.05  0.04
       3 10  49.9  12.7  30.0  57.4  14.0        21.6  70.4   2.9 359.3  0.06  0.06
       3 11  30.8   7.5  18.0  68.1   9.4        11.0  66.6   2.8 352.9  0.05  0.04
       3 12  56.5  16.3  36.6  53.1  18.1        13.4  50.0   2.1 480.8  0.07  0.07
       3 13  63.2  22.0  43.5  42.6  18.6        10.8  44.8   1.9 486.3  0.08  0.07
       3 14  58.0  25.7  39.7  61.4  25.9        10.7  68.5   2.9 416.4  0.08  0.08
       3 15  60.4  26.4  45.3  47.0  24.0        12.5  61.1   2.5 476.4  0.10  0.09
       3 16  49.5  28.9  39.4  74.0  31.6        12.0  62.5   2.6 291.0  0.07  0.06
       3 17  56.4  33.6  41.9  77.6  34.5  0.11  16.2  86.7   3.6 312.5  0.08  0.07
       3 18  36.8  26.7  32.1  95.5  31.1  0.29  20.9 115.0   4.8  35.8  0.02  0.02
       3 19  35.1  11.9  27.4  84.4  23.4  0.39  10.4  57.4   2.4 353.9  0.06  0.05
       3 20  46.2  16.5  31.6  72.6  22.7         8.3  52.9   2.2 524.8  0.09  0.08
       3 21  55.1  24.9  40.7  49.4  21.3        10.8  56.3   2.3 534.0  0.10  0.09
       3 22  69.3  37.6  55.0  35.8  27.3        17.8  81.2   3.4 418.8  0.09  0.09
       3 23  69.7  44.7  56.5  42.6  32.9        15.1  62.6   2.6 281.0  0.07  0.07
       3 24  78.4  42.9  59.9  36.7  29.4        16.1  85.0   3.5 536.0  0.16  0.15
       3 25  77.9  41.7  60.2  31.1  25.5        28.6  68.8   2.9 542.0  0.16  0.16
       3 26  70.5  47.6  56.7  37.9  30.6        25.5 107.4   4.5 387.5  0.15  0.15
       3 27  68.6  44.8  54.3  48.2  33.3        18.3  76.0   3.2 470.4  0.15  0.14
       3 28  61.7  37.8  49.2  62.5  35.5  0.01  20.1 100.2   4.2 412.7  0.14  0.12
       3 29  50.0  29.9  39.6  80.2  33.8  0.03  21.4 171.6   7.2 241.7  0.09  0.08
       3 30  39.1  26.5  30.3  81.2  25.0  0.16  17.2  85.9   3.6 304.2  0.09  0.07
       3 31  50.8  22.2  35.8  62.8  22.7  0.20  12.6  71.2   3.0 550.9  0.12  0.10
       4  1  63.5  25.8  46.1  39.5  18.6        16.7  80.7   3.4 539.8  0.13  0.12
       4  2  44.4  32.5  36.1  80.1  30.1  0.61  20.2 168.5   7.0  68.2  0.05  0.04
       4  3  52.5  31.6  43.1  69.3  32.8        13.0  68.5   2.9 519.3  0.11  0.09
       4  4  62.7  32.6  47.2  57.8  31.6        11.5  54.3   2.3 561.9  0.13  0.11
       4  5  64.0  35.9  49.6  39.7  23.0        18.3  79.7   3.3 545.2  0.14  0.13
       4  6  50.0  36.5  43.6  59.9  29.9        14.1  54.2   2.3 203.3  0.07  0.06
       4  7  50.6  30.0  38.8  80.3  32.5  0.23  22.0  64.2   2.7 346.9  0.09  0.08
       4  8  52.9  33.0  41.1  68.6  30.4  0.01  22.1  58.4   2.4 421.8  0.11  0.09
       4  9  57.3  30.3  44.6  52.5  25.9        19.1  67.4   2.8 553.4  0.13  0.11
       4 10  63.5  31.8  49.0  40.5  22.8        16.2  83.5   3.5 572.6  0.15  0.13
       4 11  81.4  31.0  56.6  35.7  24.0        26.9  95.2   4.0 583.5  0.19  0.18
       4 12  68.4  47.4  57.2  25.1  20.7        26.5 115.9   4.8 519.9  0.18  0.17
       4 13  58.1  37.2  46.1  56.2  30.0  0.10  19.8  95.3   4.0 417.8  0.15  0.13
       4 14  46.2  34.0  38.4  88.2  35.1  0.26  11.7  53.9   2.2 166.8  0.07  0.06
       4 15  43.8  33.7  36.6  84.9  32.5  0.23  15.4  53.0   2.2 153.4  0.06  0.05
       4 16  40.8  30.3  33.8  74.7  26.5  0.02  11.3  59.0   2.5 202.9  0.06  0.05
       4 17  52.2  25.9  38.2  67.8  27.4  0.05  20.2  67.6   2.8 510.6  0.11  0.10
       4 18  48.4  31.7  38.8  69.7  28.5  0.26  16.0  81.6   3.4 517.7  0.11  0.09
       4 19  59.1  28.0  43.7  54.6  26.1  0.02  17.6  76.7   3.2 555.9  0.14  0.12
       4 20  51.4  34.0  41.7  75.9  34.1  0.08  12.9  69.6   2.9 372.0  0.09  0.08
       4 21  61.5  33.5  47.2  57.2  30.2  0.01  11.5  46.9   2.0 602.7  0.15  0.12
       4 22  69.1  32.1  51.5  45.2  27.5        11.2  53.7   2.2 637.9  0.17  0.14
       4 23  77.4  37.8  59.0  37.8  29.1        15.3  67.8   2.8 631.2  0.19  0.16
       4 24  77.2  42.3  61.2  33.9  28.2        23.4  90.4   3.8 542.2  0.19  0.17
       4 25  64.3  42.0  54.2  48.4  33.9  0.12  19.7 116.9   4.9 478.4  0.18  0.15
       4 26  58.4  38.8  46.7  58.0  31.5  0.19  22.1 102.6   4.3 457.3  0.17  0.14
       4 27  60.4  34.6  47.5  52.4  29.5        17.4  77.9   3.2 628.7  0.19  0.16
       4 28  62.0  39.0  49.7  50.0  29.3        14.0  57.6   2.4 646.0  0.18  0.15
       4 29  70.0  32.9  53.3  36.0  24.2        12.6  56.7   2.4 651.6  0.19  0.15
       4 30  73.2  39.5  58.1  35.3  28.2        24.5 111.4   4.6 456.8  0.19  0.16
       5  1  69.3  41.2  56.9  41.7  33.2        22.8  78.3   3.3 434.1  0.16  0.13
       5  2  68.2  38.8  54.4  50.8  35.2        12.6  62.8   2.6 602.8  0.19  0.16
       5  3  79.7  41.8  57.9  45.1  34.9        25.0 103.3   4.3 550.9  0.23  0.19
       5  4  76.2  44.5  59.1  47.9  36.6  0.22  25.3 104.4   4.3 571.1  0.22  0.18
       5  5  68.2  45.2  55.0  67.8  43.3  0.14  18.8  84.4   3.5 555.0  0.19  0.15
       5  6  64.5  41.6  51.1  68.8  40.5  0.07  26.5 100.3   4.2 303.3  0.14  0.11
       5  7  66.7  45.7  52.6  64.0  40.1  0.01  21.3 104.6   4.4 521.7  0.19  0.15
       5  8  58.5  42.2  48.1  80.2  41.7  0.27  24.3  72.2   3.0 213.6  0.09  0.07
       5  9  64.0  34.7  49.2  74.1  40.0        14.0  62.4   2.6 478.6  0.15  0.12
       5 10  76.3  43.5  58.4  61.7  43.3        15.3  68.1   2.8 604.3  0.20  0.16
       5 11  70.3  47.8  57.5  60.0  41.6        18.4  84.8   3.5 475.3  0.17  0.14
       5 12  69.8  40.0  55.5  60.0  40.3        26.2  55.0   2.3 549.5  0.18  0.14
       5 13  86.1  43.5  64.0  41.5  34.9        20.7  73.9   3.1 651.3  0.26  0.20
       5 14  70.4  46.0  56.9  50.0  37.8        23.7 107.1   4.5 460.6  0.20  0.16
       5 15  71.7  40.8  58.7  31.3  25.9        18.5  86.3   3.6 686.7  0.25  0.20
       5 16  76.9  40.7  60.5  38.0  32.1        16.1  74.2   3.1 653.7  0.25  0.19
       5 17  85.9  44.7  66.7  26.4  25.8        17.8  64.7   2.7 681.4  0.26  0.20
       5 18  84.4  47.3  68.3  30.4  32.5        12.5  56.0   2.3 500.7  0.22  0.16
       5 19  85.9  48.8  67.3  35.3  35.7         9.9  50.7   2.1 593.8  0.25  0.18
       5 20  83.7  49.8  65.3  52.4  45.8        14.3  67.2   2.8 550.8  0.24  0.19
       5 21  79.8  54.7  66.5  50.1  45.5  0.07  15.7  71.7   3.0 456.1  0.22  0.16
       5 22  65.0  49.4  56.1  74.0  47.7  0.05  20.6  88.3   3.7 380.9  0.16  0.13
       5 23  72.6  44.1  57.7  53.2  37.9        13.6  61.0   2.5 593.0  0.23  0.17
       5 24  71.1  44.5  56.7  58.8  41.3        20.3  59.0   2.5 522.7  0.20  0.15
       5 25  73.8  43.3  59.7  56.9  42.2        15.6  81.4   3.4 588.8  0.21  0.16
       5 26  76.3  47.8  61.6  59.8  46.5        23.6  72.6   3.0 516.1  0.20  0.15
       5 27  86.0  49.2  68.4  42.2  39.5        13.6  67.5   2.8 685.8  0.27  0.20
       5 28  85.7  49.2  69.0  36.7  39.0        15.6  57.1   2.4 677.9  0.27  0.20
       5 29  87.3  52.3  68.7  44.0  44.9        13.7  50.3   2.1 512.7  0.24  0.17
       5 30  87.9  53.7  71.0  29.3  31.8        19.9  78.1   3.3 580.3  0.29  0.21
       5 31  76.0  50.6  64.5  45.1  42.5        14.2  62.0   2.6 601.0  0.25  0.19
       6  1  88.9  52.1  72.6  28.4  31.6        24.8  81.5   3.4 697.0  0.31  0.23
       6  2  83.7  48.5  68.2  34.5  37.0        20.3  92.8   3.9 669.4  0.30  0.23
       6  3  55.0  42.1  46.8  73.4  38.6  0.01  17.6  71.4   3.0 169.3  0.12  0.09
       6  4  47.3  38.3  43.3  93.0  41.4  0.19  19.4  84.9   3.5 149.9  0.08  0.06
       6  5  50.3  36.7  42.1  80.3  36.2  0.11  11.3  63.3   2.6 284.6  0.11  0.08
       6  6  69.8  33.5  53.1  61.5  38.0        16.1  60.1   2.5 612.5  0.19  0.14
       6  7  72.9  43.8  59.3  60.3  44.6        17.7  89.5   3.7 527.7  0.18  0.13
       6  8  67.7  46.8  55.0  74.1  46.3  0.04  23.7 107.7   4.5 466.5  0.18  0.13
       6  9  69.1  46.8  56.4  71.0  46.5        19.6  70.2   2.9 427.1  0.17  0.12
       6 10  70.2  46.0  57.9  68.3  46.7  0.01  15.8  69.7   2.9 381.4  0.16  0.11
       6 11  80.0  46.7  64.9  41.3  37.5        18.2  68.2   2.8 706.0  0.26  0.19
       6 12  82.4  50.6  67.6  40.6  39.6        12.1  61.1   2.5 653.2  0.26  0.18
       6 13  79.2  53.8  65.1  39.4  38.4        22.3  82.8   3.5 547.9  0.26  0.18
       6 14  75.6  49.8  61.2  47.5  39.7  0.06  20.2  87.2   3.6 339.9  0.22  0.15
       6 15  72.2  44.2  59.3  53.6  39.7  0.01  13.0  61.8   2.6 592.9  0.24  0.17
       6 16  72.8  48.7  59.9  54.9  42.8        22.2  95.7   4.0 456.9  0.22  0.16
       6 17  67.1  49.2  56.3  56.0  40.2  0.01  19.7  85.9   3.6 411.9  0.20  0.14
       6 18  75.2  51.5  64.1  30.7  32.1        18.7  84.8   3.5 658.7  0.27  0.19
       6 19  90.1  47.3  70.2  33.7  35.8        16.2  69.4   2.9 701.0  0.30  0.21
       6 20  82.2  52.1  67.2  41.3  41.5        17.3  92.4   3.9 621.0  0.28  0.20
       6 21  76.4  52.1  63.1  56.0  46.1  0.01  17.4  76.9   3.2 383.1  0.21  0.15
       6 22  86.5  51.6  68.6  49.5  47.1        16.8  65.4   2.7 667.7  0.29  0.20
       6 23  86.4  59.1  71.7  42.6  43.4        18.6  73.5   3.1 707.0  0.31  0.22
       6 24  85.8  52.4  71.0  26.6  29.7        21.9  84.9   3.5 712.0  0.32  0.23
       6 25  92.4  50.5  72.6  30.2  35.9        11.8  53.8   2.2 699.7  0.32  0.21
       6 26  92.8  56.0  77.4  21.5  31.8        20.6  78.0   3.3 714.0  0.33  0.23
       6 27  89.0  56.5  73.8  32.9  40.9        13.7  62.6   2.6 685.8  0.31  0.22
       6 28  91.3  53.2  74.7  34.8  43.8        13.6  56.1   2.3 688.0  0.31  0.22
       6 29  92.1  60.2  77.2  36.0  45.9        13.1  54.3   2.3 683.8  0.31  0.22
       6 30  84.8  61.4  71.9  52.1  53.0        11.8  73.9   3.1 564.8  0.27  0.20
       7  1  85.1  60.1  71.6  59.9  56.1        18.3 116.4   4.8 664.0  0.31  0.23
       7  2  89.7  62.4  74.3  56.3  56.3        17.1  78.7   3.3 623.1  0.29  0.21
       7  3  82.3  62.4  71.5  52.6  52.6        22.3  85.8   3.6 506.4  0.26  0.19
       7  4  80.3  57.5  69.0  60.4  54.1        13.2  57.0   2.4 417.7  0.20  0.15
       7  5  93.9  55.5  75.8  50.2  51.3        15.9  54.9   2.3 593.9  0.28  0.19
       7  6  78.6  63.8  70.0  60.4  55.5  0.03  15.1  61.9   2.6 223.7  0.15  0.10
       7  7  85.8  55.9  71.6  54.0  52.5        21.3  64.9   2.7 490.7  0.24  0.17
       7  8  81.0  60.8  69.4  67.2  57.5        14.1  63.2   2.6 418.5  0.20  0.15
       7  9  81.2  61.8  69.2  69.8  58.5        13.1  59.5   2.5 455.7  0.21  0.15
       7 10  82.8  59.8  71.2  62.3  56.5        12.2  55.0   2.3 540.5  0.22  0.17
       7 11  93.2  58.6  75.3  46.4  50.7        17.3  54.6   2.3 598.0  0.27  0.19
       7 12  95.0  60.2  78.9  34.3  45.3        13.2  50.7   2.1 595.6  0.28  0.18
       7 13  96.0  58.8  79.9  28.7  42.1        13.7  55.9   2.3 600.1  0.29  0.20
       7 14  94.3  62.2  78.5  30.3  43.1        36.6  82.3   3.4 561.2  0.31  0.22
       7 15  87.2  61.5  74.0  41.8  48.8        19.1  85.9   3.6 535.1  0.29  0.21
       7 16  87.5  55.9  72.5  54.0  53.6        11.8  62.7   2.6 652.1  0.29  0.22
       7 17  92.2  59.4  78.0  40.3  49.2        14.0  49.6   2.1 663.0  0.28  0.20
       7 18  98.5  59.3  81.6  33.1  46.1        33.7  59.1   2.5 660.4  0.30  0.21
       7 19  98.4  65.3  82.1  32.1  47.2        12.9  55.6   2.3 658.8  0.31  0.22
       7 20 100.5  64.9  83.2  28.0  43.5        13.0  53.0   2.2 668.2  0.32  0.22
       7 21  90.1  64.2  74.7  43.4  50.7        26.6  94.6   3.9 385.4  0.28  0.20
       7 22  74.9  62.5  67.1  77.7  59.8  0.07  18.3  66.8   2.8 296.3  0.16  0.13
       7 23  76.1  60.3  67.4  79.9  60.6  0.02  12.1  59.8   2.5 305.6  0.15  0.12
       7 24  77.3  62.9  68.4  80.6  61.9  0.11  15.7  64.3   2.7 350.5  0.15  0.12
       7 25  82.2  61.1  67.8  83.8  61.9  0.24  17.2  54.1   2.3 347.0  0.16  0.12
       7 26  80.6  61.9  70.9  72.9  60.8  0.01  13.7  42.7   1.8 532.7  0.19  0.15
       7 27  84.0  59.8  73.2  57.4  55.8        10.9  48.9   2.0 625.4  0.23  0.18
       7 28  84.2  62.4  72.3  55.2  54.5        12.1  62.6   2.6 468.2  0.22  0.16
       7 29  83.3  63.1  70.6  66.7  58.3  0.08  21.2  74.4   3.1 545.0  0.24  0.18
       7 30  69.3  59.4  63.3  90.5  60.4  0.26  21.3  59.8   2.5 164.9  0.09  0.07
       7 31  75.4  59.6  65.8  78.0  58.3        15.2  63.9   2.7 336.6  0.15  0.12
       8  1  78.4  61.0  66.9  71.2  57.0  0.14  16.3  61.6   2.6 308.0  0.15  0.11
       8  2  82.2  55.3  69.7  49.6  48.5        13.7  53.1   2.2 514.7  0.20  0.15
       8  3  76.0  57.8  64.3  72.9  54.9  0.11  15.3  46.5   1.9 288.3  0.14  0.10
       8  4  71.3  58.1  62.0  84.8  57.2  0.16  22.7  65.2   2.7 256.3  0.12  0.09
       8  5  77.6  56.6  66.5  71.0  55.8  0.05   9.6  42.1   1.8 559.4  0.19  0.16
       8  6  82.3  52.7  68.4  66.7  55.1        11.3  41.5   1.7 625.1  0.21  0.17
       8  7  86.4  52.7  70.3  62.2  54.3         9.5  38.2   1.6 622.7  0.22  0.17
       8  8  90.1  54.3  73.1  54.1  52.4        21.0  69.5   2.9 483.6  0.22  0.17
       8  9  82.5  59.7  70.0  65.0  56.8  0.03  14.2  49.0   2.0 351.2  0.16  0.12
       8 10  79.2  54.7  66.6  72.1  56.6        14.8  44.0   1.8 328.2  0.15  0.12
       8 11  84.2  57.9  69.4  61.5  54.1        12.4  64.3   2.7 409.7  0.19  0.15
       8 12  86.4  53.6  70.6  52.3  48.5        23.6  70.2   2.9 576.8  0.24  0.19
       8 13  86.9  52.7  71.2  49.9  48.4        13.7  45.3   1.9 605.0  0.23  0.18
       8 14  84.3  53.9  69.4  54.8  51.0        12.2  54.2   2.3 353.6  0.17  0.13
       8 15  83.5  53.5  68.2  64.5  54.8  0.04  14.7  69.3   2.9 427.4  0.19  0.15
       8 16  87.1  55.7  70.7  54.6  51.7        20.6  78.5   3.3 503.6  0.22  0.18
       8 17  90.3  53.4  73.2  52.6  51.6        20.5  65.3   2.7 550.8  0.23  0.18
       8 18  88.1  57.5  72.9  52.4  53.1        16.8  62.1   2.6 432.3  0.20  0.16
       8 19  85.4  56.6  70.4  61.0  54.7        17.1  65.3   2.7 456.1  0.20  0.16
       8 20  83.9  59.7  70.5  63.7  56.7        11.6  56.8   2.4 471.1  0.19  0.16
       8 21  85.5  56.9  70.0  65.2  56.3  0.10  13.9  56.9   2.4 472.8  0.19  0.16
       8 22  88.1  53.7  71.5  60.7  54.3        16.5  59.6   2.5 507.7  0.21  0.17
       8 23  92.4  55.4  75.3  47.4  50.7        15.3  81.7   3.4 556.8  0.24  0.20
       8 24  90.4  61.5  73.4  51.9  52.5  0.02  27.1  76.9   3.2 511.7  0.24  0.19
       8 25  81.1  55.6  67.8  66.9  55.5        16.5  61.4   2.6 272.2  0.14  0.12
       8 26  87.6  58.3  72.2  59.7  55.6        10.0  54.3   2.3 569.8  0.22  0.18
       8 27  84.5  58.7  71.7  48.4  50.0  0.01  12.4  52.9   2.2 426.1  0.18  0.15
       8 28  84.7  50.3  68.1  45.1  42.7        10.6  44.1   1.8 586.4  0.22  0.18
       8 29  88.7  47.6  69.5  46.7  44.9        11.4  46.8   1.9 566.4  0.22  0.18
       8 30  92.6  54.5  73.7  42.1  45.8        11.5  46.8   1.9 539.9  0.21  0.17
       8 31  81.4  62.4  69.5  53.1  51.3        15.6  59.1   2.5 352.3  0.16  0.13
       9  1  78.1  57.4  66.3  64.4  52.5  0.01  12.7  65.1   2.7 422.4  0.17  0.15
       9  2  86.5  50.0  68.6  54.7  48.5        11.3  53.5   2.2 550.3  0.21  0.17
       9  3  91.2  54.5  73.4  41.4  45.1        12.1  52.8   2.2 554.9  0.21  0.17
       9  4  93.0  51.6  72.2  45.9  46.0        12.7  49.5   2.1 531.9  0.21  0.17
       9  5  93.0  52.9  72.4  47.5  48.3         9.2  43.3   1.8 539.7  0.21  0.17
       9  6  91.6  53.4  74.0  44.9  47.4        13.7  45.8   1.9 539.3  0.20  0.17
       9  7  80.8  54.9  67.7  72.4  57.9        10.5  42.8   1.8 515.2  0.18  0.16
       9  8  86.7  55.6  69.5  67.8  56.6        20.2  50.9   2.1 508.8  0.19  0.16
       9  9  89.5  55.3  71.8  52.1  50.5        11.1  59.9   2.5 452.7  0.19  0.16
       9 10  88.9  53.4  72.3  45.7  47.1        17.8  58.3   2.4 463.2  0.18  0.15
       9 11  87.8  56.9  72.9  44.5  48.0        17.2  59.9   2.5 499.4  0.19  0.16
       9 12  80.9  58.8  66.5  64.1  53.6  0.02  16.9  62.5   2.6 229.1  0.13  0.11
       9 13  76.2  49.7  61.2  74.1  51.9        13.6  52.7   2.2 233.8  0.12  0.10
       9 14  76.6  48.8  61.9  67.8  49.5        13.1  49.1   2.0 458.6  0.16  0.14
       9 15  78.1  47.5  63.4  64.4  49.1        11.8  48.8   2.0 493.9  0.16  0.14
       9 16  81.8  47.4  64.4  58.4  47.5         9.1  50.0   2.1 470.2  0.16  0.13
       9 17  86.5  47.1  67.4  47.8  43.5        10.5  36.2   1.5 477.7  0.15  0.13
       9 18  88.5  48.5  69.7  42.5  41.4        12.1  45.6   1.9 473.6  0.16  0.14
       9 19  82.2  54.6  68.0  36.8  38.3  0.10  20.5  88.2   3.7 457.0  0.19  0.17
       9 20  74.8  48.4  60.4  64.0  47.6  0.04  21.5 102.4   4.3 322.8  0.16  0.13
       9 21  53.0  45.4  47.8  96.4  46.8  0.04  16.1  84.3   3.5  67.8  0.06  0.05
       9 22  63.0  45.4  52.2  85.7  47.6  0.02   8.8  43.8   1.8 286.8  0.09  0.08
       9 23  71.6  48.8  58.3  78.5  50.6  0.02  10.5  47.5   2.0 307.2  0.09  0.08
       9 24  80.1  46.4  62.5  67.0  49.0        10.7  45.3   1.9 451.2  0.12  0.10
       9 25  85.3  47.0  66.3  49.0  43.3        13.5  59.4   2.5 457.8  0.15  0.13
       9 26  78.3  50.1  64.7  38.0  37.0        15.4  69.4   2.9 462.4  0.16  0.14
       9 27  77.2  45.8  60.4  54.6  42.4        10.2  45.9   1.9 461.0  0.15  0.13
       9 28  83.9  41.8  63.4  49.5  40.1        19.0  46.8   1.9 435.1  0.15  0.13
       9 29  79.9  51.2  63.5  50.4  43.5        12.4  40.6   1.7 227.5  0.10  0.08
       9 30  64.8  49.8  57.2  63.3  44.4        23.0  76.7   3.2 364.0  0.12  0.11
      10  1  54.5  43.1  49.3  79.8  43.1  0.05  13.1  75.3   3.1  86.7  0.06  0.05
      10  2  56.8  42.8  47.5  93.7  45.7  0.09  11.0  57.2   2.4 203.9  0.07  0.06
      10  3  51.1  43.7  46.2  95.2  44.9        17.9  90.0   3.8 101.3  0.04  0.03
      10  4  57.0  42.9  47.5  74.8  39.3  0.18  15.9  74.4   3.1 258.1  0.08  0.07
      10  5  52.9  37.4  45.3  51.2  27.6        16.8  59.8   2.5 224.4  0.07  0.06
      10  6  63.5  29.2  47.1  54.6  29.1        11.2  52.6   2.2 428.6  0.10  0.09
      10  7  70.1  33.9  50.8  58.0  34.0         7.8  35.3   1.5 422.2  0.10  0.08
      10  8  75.1  38.5  56.4  55.8  37.7         7.8  36.5   1.5 386.1  0.09  0.08
      10  9  75.7  42.3  59.0  41.5  32.5        14.1  54.0   2.3 407.6  0.11  0.09
      10 10  71.4  37.5  55.2  49.1  34.7        12.3  42.8   1.8 389.0  0.11  0.09
      10 11  65.6  42.3  53.7  34.7  25.6        17.7 109.1   4.5 406.7  0.15  0.13
      10 12  63.8  33.2  45.5  60.3  31.2         8.6  34.9   1.5 299.2  0.09  0.08
      10 13  73.3  31.5  51.5  53.3  32.8         9.2  35.2   1.5 286.3  0.09  0.07
      10 14  73.8  42.6  58.1  48.9  37.2        13.4  62.9   2.6 387.8  0.10  0.09
      10 15  67.6  46.7  54.6  65.5  42.7         8.2  35.7   1.5 347.0  0.08  0.07
      10 16  52.2  41.6  47.4  88.0  44.3  0.81  20.8  80.5   3.4  80.9  0.04  0.03
      10 17  51.8  31.5  43.0  63.7  31.1        20.5  78.3   3.3 162.1  0.07  0.06
      10 18  61.3  26.5  42.8  65.4  29.4         9.4  42.1   1.8 387.9  0.09  0.08
      10 19  57.8  30.7  43.7  67.8  33.0        11.3  33.7   1.4 370.2  0.07  0.06
      10 20  49.1  34.2  42.6  71.6  33.6        11.4  33.8   1.4  73.8  0.03  0.02
      10 21  58.9  27.6  42.4  72.2  33.3         9.2  39.0   1.6 350.5  0.07  0.06
      10 22  66.2  32.5  48.1  66.9  36.3         9.5  29.6   1.2 322.7  0.06  0.05
      10 23  68.4  37.6  52.5  64.1  39.0        24.4  40.6   1.7 293.8  0.06  0.05
      10 24  67.0  34.2  49.3  64.2  35.3        13.4  51.9   2.2 354.6  0.08  0.07
      10 25  63.8  38.5  48.9  62.8  36.1         9.6  28.7   1.2 188.3  0.05  0.05
      10 26  63.4  44.7  52.4  70.1  42.6        10.6  39.0   1.6 219.9  0.05  0.05
      10 27  54.8  42.8  49.8  92.4  47.8  0.40  13.8  37.6   1.6  70.1  0.02  0.02
      10 28  58.7  44.6  51.4  64.4  39.0  0.33  16.2  68.5   2.9  70.5  0.04  0.04
      10 29  61.4  40.0  51.7  50.2  32.8        13.7  60.8   2.5 281.0  0.07  0.06
      10 30  43.7  38.4  40.7  91.4  38.3  0.05  13.9 111.4   4.6  58.6  0.04  0.03
      10 31  38.8  35.6  36.9  92.9  35.1  0.03   9.8  45.3   1.9  41.6  0.03  0.02
      11  1  47.8  35.8  39.9  87.9  36.6  0.01   7.9  45.4   1.9 138.1            
      11  2  40.2  32.8  36.0  94.3  34.5  0.29   8.7  40.8   1.7  64.0            
      11  3  38.6  31.2  34.9  89.5  32.1  0.01   6.6  35.6   1.5  72.9            
      11  4  44.8  30.7  37.7  78.0  31.1         9.9  56.0   2.3 210.9            
      11  5  40.0  30.8  34.7  87.3  31.3         8.2  56.5   2.4 193.5            
      11  6  53.4  35.1  41.0  73.5  31.9  0.04  18.6  72.9   3.0 279.6            
      11  7  40.6  27.1  33.6  89.5  30.8  0.43  13.1  64.9   2.7 182.7            
      11  8  39.0  26.9  32.4  88.7  29.4        14.6  61.3   2.6 139.9            
      11  9  35.0  21.5  30.0  83.1  25.7  0.01  22.2 104.5   4.4  92.2            
      11 10  42.2  19.7  33.8  34.7   7.2  0.02  20.0 103.8   4.3 292.7            
      11 11  47.4  19.8  33.7  49.8  15.7         8.7  40.9   1.7 301.0            
      11 12  53.4  23.4  36.0  61.7  22.8        15.3  56.0   2.3 287.2            
      11 13  66.7  26.3  45.4  50.0  24.9        14.9  48.1   2.0 271.4            
      11 14  67.2  35.3  49.5  48.4  29.3        11.4  54.7   2.3 266.4            
      11 15  72.8  33.1  54.6  40.2  24.5        22.6  86.3   3.6 236.5            
      11 16  56.7  34.6  47.2  46.1  27.1        18.9  74.0   3.1 158.4            
      11 17  55.8  33.2  43.0  53.8  26.8        18.8  49.6   2.1 176.8            
      11 18  54.5  31.7  46.4  33.9  17.7        31.6 141.5   5.9 278.0            
      11 19  49.0  28.5  36.1  69.0  26.0  0.03   9.2  55.5   2.3 227.5            
      11 20  52.4  19.2  34.4  56.6  18.6        16.7  46.4   1.9 254.6            
      11 21  68.4  28.4  55.9  21.9  16.5        29.3 141.9   5.9 192.0            
      11 22  72.2  52.1  63.7  17.0  17.5        30.0 151.5   6.3 264.6            
      11 23  58.8  32.0  46.5  37.9  20.7        13.6  53.1   2.2 228.9            
      11 24  69.3  29.6  51.5  32.7  17.0        23.5  95.6   4.0 260.4            
      11 25  56.2  33.3  46.3  38.8  21.0        26.8 105.2   4.4 116.9            
      11 26  69.8  29.9  47.0  51.6  27.6         7.2  37.5   1.6 244.2            
      11 27  71.8  33.7  48.8  49.9  28.5         6.4  32.7   1.4 237.5            
      11 28  59.4  34.8  45.0  49.7  26.2         8.2  39.4   1.6 128.6            
      11 29  63.2  37.4  51.9  38.6  26.3        18.3  78.3   3.3 160.4            
      11 30  67.6  34.0  48.7  40.8  23.6        14.5  60.6   2.5 241.8            
      12  1  69.2  30.8  46.8  44.9  23.9         7.6  40.7   1.7 238.1            
      12  2  70.6  32.2  47.1  45.0  24.7        15.9  66.6   2.8 235.1            
      12  3  66.1  29.4  45.3  44.0  21.8        12.4  55.3   2.3 231.6            
      12  4  63.5  29.8  44.8  43.1  21.8        11.8  49.9   2.1 202.3            
      12  5  46.6  25.3  31.2  66.7  20.5        16.0  78.3   3.3 167.2            
      12  6  33.8  19.2  26.7  80.8  21.4  0.04  10.2  49.4   2.1 148.7            
      12  7  37.7  14.4  25.5  58.1  11.4         7.6  42.1   1.8 212.2            
      12  8  36.1  12.6  25.4  55.7  11.4         9.9  42.4   1.8  93.0            
      12  9  32.3  20.2  26.6  83.6  22.1        23.3 117.7   4.9  71.9            
      12 10  32.3   8.4  18.4  86.6  15.1  0.08   6.9  33.5   1.4 234.0            
      12 11  45.2   9.6  25.7  70.9  16.8         6.6  32.0   1.3 222.4            
      12 12  45.9  15.8  28.8  70.4  19.8         7.0  31.7   1.3 144.0            
      12 13  47.7  15.5  30.4  66.2  19.0         8.3  30.8   1.3 231.6            
      12 14  66.5  20.1  38.3  51.7  18.5         7.0  29.7   1.2 231.8            
      12 15  44.9  22.5  33.4  63.4  22.0        12.5  48.9   2.0 227.0            
      12 16  46.4  24.1  33.1  69.6  23.3        13.2  48.5   2.0 206.8            
      12 17  66.5  21.4  43.4  48.9  20.5        18.6  64.0   2.7 217.4            
      12 18  58.1   6.7  30.2  63.9  17.7        25.4 106.4   4.4 110.2            
      12 19   7.4  -1.4   2.8  81.7  -1.3        11.4  93.1   3.9 158.6            
      12 20   2.7  -3.2  -1.0  83.0  -4.8        10.7  75.4   3.1  80.5            
      12 21  11.0 -12.4  -2.5  82.9  -5.7  0.05  10.4  44.1   1.8 110.3            
      12 22  12.0 -13.6  -2.4  83.1  -4.6         8.9  31.2   1.3 174.3            
      12 23  12.8  -9.5  -0.3  83.9  -2.8         7.2  31.0   1.3 210.3            
      12 24  18.5  -7.7   5.3  79.1   1.1        17.2  54.4   2.3 138.8            
      12 25  49.4   5.4  27.9  51.6  11.5  0.20  18.9  63.8   2.7 167.7            
      12 26  53.4  30.4  45.1  35.8  18.9        27.7  92.0   3.8 175.2            
      12 27  46.3  31.9  40.3  35.6  14.8        21.3  78.3   3.3 212.4            
      12 28  53.9  37.2  46.2  33.6  19.1        27.3 105.3   4.4 168.4            
      12 29  48.8  27.2  37.5  65.5  26.3        15.5  71.8   3.0 204.9            
      12 30  60.3  31.0  47.9  46.8  25.9        31.9 154.1   6.4 134.6            
      12 31  40.1  25.5  32.7  78.0  26.5         8.1  39.2   1.6 121.8            

      Total                                9.88                         40.93 32.24
        Max 100.5  65.3  83.2  96.4  61.9        36.6 171.6   7.2 714.0
        Min   2.7 -13.6  -2.5  17.0  -5.7         6.4  28.7   1.2  35.8
        Ave  64.2  37.5  50.4  56.9  32.9        15.7  66.0   2.8 371.2
