      2002                                                                03-JAN-03
      Weather Station near FT COLLINS CENTRAL, CO  turf grass site at Rolland Moore
      -----------------------------------------------------------------------------
               Temperature      Rel   Dew             Wind        Solar StandrdASCE
            ----------------- Humid Point  Prec -----------------   Rad   ETr   ETo
       Date   Max   Min   Ave   Ave   Ave Total   Max Total   Ave Total Alflf Grass
      MoDay     F     F     F     %     F  inch   mph miles   mph Langl  inch  inch
      ----- ----- ----- ----- ----- ----- ----- ----- ----- ----- ----- ----- -----
       4 17  72.1  32.0  64.3  14.6  13.1        32.6  55.0   2.3   4.9  0.12  0.08
       4 18  65.6  32.2  47.2  48.6  26.8        38.0 214.1   8.9 444.4  0.26  0.18
       4 19  39.6  26.9  33.6  66.8  23.4        15.3 137.5   5.7 278.6  0.08  0.07
       4 20  39.2  31.3  34.2  85.1  30.2        21.9 143.1   6.0  48.3  0.04  0.03
       4 21  55.6  26.7  42.6  52.5  22.8        38.0 164.8   6.9 641.0  0.20  0.15
       4 22  68.6  27.4  51.1  31.2  16.7        33.2 167.1   7.0 652.9  0.30  0.21
       4 23  77.3  33.7  59.0  28.4  20.2        29.0 161.6   6.7 646.5  0.35  0.25
       4 24  64.3  31.6  46.7  39.9  21.3        26.6 234.8   9.8 639.1  0.30  0.21
       4 25  56.2  32.1  43.7  35.4  18.3        21.3 143.1   6.0 464.9  0.20  0.15
       4 26  66.3  36.3  48.1  55.6  32.2        21.3 115.8   4.8 378.2  0.19  0.14
       4 27  65.2  42.0  50.9  63.1  36.7        26.6 173.0   7.2 399.7  0.21  0.15
       4 28  67.7  34.7  53.1  49.7  31.5        32.0 174.5   7.3 613.9  0.26  0.19
       4 29  73.0  37.0  58.0  35.9  29.0        19.5 140.1   5.8 610.7  0.28  0.21
       4 30  71.5  36.7  56.4  50.2  36.7        20.7 129.9   5.4 621.5  0.24  0.19
       5  1  53.6  32.7  41.8  77.1  35.6        24.3 188.4   7.8 116.8  0.10  0.07
       5  2  58.8  32.5  43.8  65.8  31.5        18.3 101.0   4.2 541.1  0.17  0.13
       5  3  71.2  31.7  54.7  39.0  24.5         1.0  24.0   1.0 611.0  0.17  0.15
       5  4  69.6  38.8  53.8  47.7  32.8         1.0  24.0   1.0 594.1  0.16  0.15
       5  5  73.9  40.2  60.0  37.4  29.6         1.0  24.0   1.0 499.5  0.16  0.14
       5  6  78.5  42.4  63.3  31.4  28.2        23.1  87.3   3.6 512.3  0.25  0.19
       5  7  62.9  42.6  51.7  65.5  40.2        17.7 124.8   5.2 518.8  0.18  0.15
       5  8  67.0  38.4  51.0  50.0  29.5        35.6 180.3   7.5 545.2  0.27  0.20
       5  9  58.9  29.4  44.8  36.9  18.8        24.3 143.4   6.0 630.4  0.23  0.17
       5 10  62.6  36.4  51.8  42.4  28.7        19.5 102.4   4.3 424.5  0.18  0.14
       5 11  61.8  43.0  49.8  72.9  41.0  0.15  22.5 129.9   5.4 324.0  0.15  0.11
       5 12  58.7  40.1  48.4  61.6  34.6  0.06  21.3 150.7   6.3 428.8  0.18  0.13
       5 13  69.4  32.1  53.4  48.0  31.2        15.3  97.6   4.1 695.5  0.24  0.19
       5 14  77.9  39.5  57.0  43.4  32.7        27.2 118.7   4.9 351.8  0.26  0.18
       5 15  73.7  41.4  59.1  49.0  37.4        32.6 115.5   4.8 296.4  0.21  0.15
       5 16  51.4  42.8  46.4  83.0  41.5  0.21  18.3 101.7   4.2 120.0  0.06  0.05
       5 17  58.8  44.1  50.6  77.9  43.3  0.07  14.7 107.7   4.5 263.3  0.11  0.09
       5 18  71.1  43.6  56.5  66.9  44.3        17.1 105.0   4.4 532.7  0.20  0.16
       5 19  70.1  44.1  56.6  62.3  43.1        20.1 118.3   4.9 646.3  0.23  0.19
       5 20  61.2  45.9  52.0  75.3  44.1        13.5 103.9   4.3 233.3  0.11  0.09
       5 21  85.3  46.3  61.2  50.4  38.1        40.4 180.6   7.5 530.5  0.40  0.28
       5 22  65.3  46.1  57.8  16.1  11.8        40.4 296.4  12.3 747.0  0.42  0.29
       5 23  61.8  34.6  49.2  52.4  31.3  0.96  20.1 158.5   6.6 502.1  0.21  0.16
       5 24  54.1  32.0  41.8  81.9  36.3  0.42  18.3 104.8   4.4 444.4  0.12  0.10
       5 25  70.8  35.3  53.7  60.3  38.1        15.9  93.1   3.9 655.1  0.22  0.18
       5 26  77.8  39.1  61.6  45.4  35.3        18.3 102.4   4.3 667.5  0.28  0.22
       5 27  80.7  44.6  64.5  39.3  36.9        39.8 117.5   4.9 568.4  0.30  0.22
       5 28  82.6  43.4  65.8  41.1  37.5        26.1  92.9   3.9 577.5  0.28  0.22
       5 29  82.8  45.9  67.9  42.9  40.7        21.3  95.4   4.0 505.5  0.26  0.20
       5 30  90.2  46.4  70.8  49.1  46.3        17.7 105.7   4.4 718.8  0.34  0.27
       5 31  90.0  50.3  72.5  44.4  45.7        21.9 106.1   4.4 513.5  0.30  0.23
       6  1  88.8  51.9  69.0  48.5  46.9        37.4  81.6   3.4 406.2  0.25  0.19
       6  2  92.3  53.5  75.0  29.2  36.4        29.0 146.1   6.1 674.4  0.43  0.31
       6  3  75.6  50.3  62.9  59.0  46.9  0.36  24.3 179.0   7.5 463.6  0.26  0.19
       6  4  65.8  48.5  55.8  73.5  46.7  0.05  16.5  90.5   3.8 424.0  0.16  0.13
       6  5  76.3  42.7  61.5  58.3  43.7        18.9 116.0   4.8 717.2  0.27  0.22
       6  6  84.4  47.5  68.5  43.6  41.4        20.7  98.7   4.1 601.9  0.29  0.23
       6  7  90.9  47.8  70.5  44.6  42.7        27.2 115.7   4.8 560.5  0.34  0.25
       6  8  91.7  51.9  70.1  49.1  48.6        15.9  95.5   4.0 690.2  0.34  0.27
       6  9  93.5  54.9  75.2  33.9  41.1        28.4 101.1   4.2 698.1  0.37  0.28
       6 10  85.2  53.0  66.2  32.1  34.0        24.9 207.6   8.7 705.9  0.48  0.34
       6 11  78.0  50.5  66.1  33.3  35.5        17.1 108.5   4.5 717.7  0.31  0.25
       6 12  82.8  49.4  67.5  33.2  35.1        19.5 114.5   4.8 733.2  0.35  0.27
       6 13  75.0  46.0  62.5  43.1  39.1        17.7 101.6   4.2 667.0  0.27  0.21
       6 14  78.1  42.0  62.9  48.2  40.2        20.1  94.7   3.9 605.5  0.26  0.21
       6 15  82.0  51.9  66.6  46.8  43.7  0.03  29.0 131.5   5.5 519.5  0.30  0.23
       6 16  84.4  51.1  68.0  48.7  45.0        30.8 110.7   4.6 562.8  0.30  0.23
       6 17  94.8  48.1  74.7  33.9  36.4        20.1 108.6   4.5 696.6  0.39  0.29
       6 18  94.0  52.0  77.1  25.8  35.3        19.5 103.3   4.3 650.3  0.37  0.28
       6 19  85.5  59.9  71.1  47.6  48.1  0.26  31.4 119.8   5.0 462.5  0.30  0.22
       6 20  79.9  57.6  68.8  62.5  54.3  0.01  26.1 157.4   6.6 481.1  0.26  0.20
       6 21  88.8  55.4  72.7  50.4  50.4  0.01  19.5  96.8   4.0 501.1  0.28  0.22
       6 22  91.3  57.5  73.3  49.8  50.1        17.7 102.7   4.3 568.9  0.32  0.25
       6 23  91.5  57.3  77.0  28.5  40.2        20.7 109.7   4.6 676.9  0.37  0.28
       6 24  94.6  52.9  77.7  32.0  40.0        19.5  89.6   3.7 716.3  0.35  0.28
       6 25  91.8  57.0  74.4  39.9  46.4        22.5  91.1   3.8 506.0  0.30  0.23
       6 26  91.5  54.5  74.2  43.4  46.7        18.3  93.9   3.9 681.7  0.34  0.26
       6 27  93.2  55.3  75.1  41.2  46.7        22.5  84.4   3.5 615.7  0.32  0.25
       6 28  92.8  52.8  75.5  38.8  44.1        35.0 119.1   5.0 593.7  0.36  0.27
       6 29  95.7  52.2  75.7  41.5  46.1        15.3  79.7   3.3 553.5  0.31  0.24
       6 30  91.8  54.4  75.4  33.9  42.2        17.1 104.8   4.4 622.3  0.35  0.26
       7  1 100.0  52.8  80.6  32.4  42.6        12.9  79.2   3.3 604.8  0.33  0.26
       7  2  94.6  66.0  79.7  25.4  39.8        18.9 114.3   4.8 538.0  0.38  0.28
       7  3  89.8  57.3  72.3  49.2  51.6        24.9  98.9   4.1 396.3  0.27  0.20
       7  4  86.9  55.3  73.7  50.9  52.6        17.7 101.7   4.2 636.1  0.29  0.24
       7  5  86.3  58.6  72.5  56.3  54.2        23.1  97.6   4.1 569.8  0.27  0.22
       7  6  83.9  63.6  72.9  55.4  55.3        27.8 119.1   5.0 470.0  0.27  0.21
       7  7  89.6  57.5  74.8  58.9  57.6        14.7  77.2   3.2 577.4  0.26  0.22
       7  8  86.6  59.5  76.4  49.7  54.5        20.1  96.7   4.0 496.5  0.26  0.20
       7  9  91.2  58.9  76.2  40.4  48.7        17.7  91.5   3.8 604.4  0.31  0.25
       7 10  82.6  58.4  72.8  60.3  58.2        17.7  88.9   3.7 446.3  0.21  0.17
       7 11  85.1  53.7  71.9  49.5  50.5        17.1  90.1   3.8 678.5  0.29  0.24
       7 12  93.4  52.3  74.0  46.4  47.6        14.7  76.9   3.2 698.6  0.32  0.26
       7 13  93.6  51.4  75.0  36.7  43.5        14.1  85.3   3.6 633.4  0.32  0.25
       7 14  92.5  54.1  75.5  38.0  45.0        14.7  93.1   3.9 681.8  0.34  0.27
       7 15  93.1  56.0  75.2  42.0  48.2        15.3  93.1   3.9 672.6  0.34  0.27
       7 16  93.8  56.0  76.1  39.1  45.9        17.1  92.4   3.9 673.0  0.34  0.27
       7 17  93.2  53.7  74.8  39.9  45.7        21.9  85.3   3.6 661.1  0.33  0.26
       7 18  93.2  54.1  75.4  40.2  46.3        17.7  83.1   3.5 625.2  0.31  0.25
       7 19  93.1  54.2  76.9  40.2  48.3        17.7  92.5   3.9 616.4  0.32  0.25
       7 20  92.8  63.9  79.2  35.8  48.9        26.1 117.2   4.9 522.3  0.34  0.26
       7 21  84.7  62.2  72.2  54.8  54.3  0.19  15.3  93.7   3.9 524.1  0.26  0.21
       7 22  78.2  56.0  68.1  64.1  54.3        16.5 108.5   4.5 429.3  0.20  0.16
       7 23  84.7  59.9  71.9  50.1  51.5        24.9 105.2   4.4 379.1  0.25  0.19
       7 24  96.2  53.3  77.8  40.8  46.7        23.1  91.9   3.8 635.2  0.34  0.26
       7 25  89.6  59.8  71.6  50.1  50.0        30.8 105.5   4.4 338.0  0.28  0.20
       7 26  89.7  55.9  72.4  48.4  48.2        39.8 125.2   5.2 546.5  0.33  0.25
       7 27  90.7  57.3  75.6  31.2  40.6        24.9 105.5   4.4 540.5  0.33  0.25
       7 28  83.9  57.8  72.7  38.7  45.2        26.6  98.3   4.1 489.4  0.27  0.21
       7 29  91.9  51.4  73.0  34.2  39.3        19.5 103.1   4.3 660.7  0.35  0.27
       7 30  96.1  55.4  77.4  32.7  41.0        18.9  96.1   4.0 651.1  0.36  0.27
       7 31  96.9  51.3  77.7  35.3  41.3        15.9  92.7   3.9 496.6  0.32  0.24
       8  1  71.8  58.0  65.1  39.0  39.0        31.4 162.9   6.8 445.8  0.29  0.21
       8  2  84.1  52.0  68.3  41.0  43.0        17.7  90.4   3.8 447.1  0.25  0.19
       8  3  85.1  59.6  70.5  57.5  53.5        25.4  98.7   4.1 342.8  0.23  0.17
       8  4  86.6  55.2  72.0  56.8  53.9        29.0 102.3   4.3 554.2  0.27  0.21
       8  5  84.7  59.5  71.4  62.0  56.7  0.07  29.6 103.5   4.3 457.4  0.24  0.19
       8  6  88.0  55.8  70.2  60.7  54.4  0.14  33.8  98.9   4.1 508.2  0.26  0.21
       8  7  88.1  55.2  70.8  59.4  53.6  0.03  21.3 100.3   4.2 550.5  0.28  0.22
       8  8  88.1  53.0  70.2  54.0  49.8  0.01  32.6  95.7   4.0 548.2  0.28  0.22
       8  9  81.7  52.3  68.4  48.6  47.1        23.7 124.7   5.2 613.2  0.29  0.22
       8 10  87.2  53.2  70.1  37.3  43.5        15.3  93.4   3.9 615.5  0.30  0.23
       8 11  93.7  47.0  75.1  28.6  32.4        15.3 103.7   4.3 649.9  0.36  0.26
       8 12  73.6  51.3  61.1  52.8  43.5        37.4 157.1   6.5 229.4  0.22  0.15
       8 13  75.2  42.7  60.7  55.9  41.9  0.01  15.9  98.3   4.1 585.3  0.23  0.18
       8 14  91.4  45.5  69.9  38.7  37.0        20.7 102.0   4.3 620.1  0.34  0.25
       8 15  78.4  51.2  66.1  51.3  46.7        25.4 147.3   6.1 575.3  0.28  0.21
       8 16  97.5  49.3  75.0  37.5  39.3        26.6 142.7   5.9 604.1  0.43  0.30
       8 17  75.9  49.3  62.8  32.7  32.4        26.1 163.9   6.8 554.0  0.33  0.23
       8 18  84.5  44.0  63.4  48.0  39.6        18.3  72.8   3.0 321.8  0.21  0.16
       8 19  84.4  46.0  65.3  51.9  46.2        17.1  95.4   4.0 479.2  0.25  0.19
       8 20  84.2  59.2  70.7  55.0  52.0  0.01  23.7 101.7   4.2 364.3  0.23  0.17
       8 21  83.3  53.6  67.3  52.7  48.1  0.05  29.6 120.2   5.0 315.6  0.24  0.17
       8 22  82.9  47.6  66.0  56.2  47.4        24.9 115.7   4.8 510.2  0.26  0.20
       8 23  85.7  50.2  68.9  47.1  45.0        18.3  91.9   3.8 419.4  0.24  0.18
       8 24  78.0  57.6  66.5  61.9  52.8        19.5 114.8   4.8 442.0  0.22  0.17
       8 25  85.7  57.2  69.7  54.3  50.5        15.3  98.4   4.1 533.3  0.27  0.21
       8 26  90.8  48.0  70.5  44.8  43.1  0.03  25.4  96.8   4.0 572.2  0.30  0.23
       8 27  79.7  58.3  67.3  63.2  53.5        27.2 186.8   7.8 475.4  0.27  0.20
       8 28  75.6  59.5  65.8  67.0  54.4        19.5 111.1   4.6 334.8  0.18  0.14
       8 29  72.5  52.0  62.2  74.3  53.1  0.04  19.5  84.4   3.5 264.6  0.13  0.10
       8 30  84.9  47.8  65.3  60.9  47.8  0.01  13.5  83.5   3.5 451.0  0.23  0.17
       8 31  87.2  53.7  70.1  41.1  42.4        12.3  72.6   3.0 412.4  0.23  0.17
       9  1  86.8  51.1  69.5  42.4  40.7        16.5  94.0   3.9 386.1  0.25  0.18
       9  2  80.9  56.8  70.0  32.7  39.4        17.7 123.1   5.1 545.8  0.29  0.21
       9  3  84.8  47.2  67.7  48.4  45.1        14.7  72.4   3.0 460.6  0.21  0.17
       9  4  88.2  50.9  70.6  42.5  43.3        19.5  93.0   3.9 399.5  0.25  0.18
       9  5  90.2  48.5  70.3  41.5  41.2        14.7  75.4   3.1 465.3  0.25  0.19
       9  6  90.2  47.5  70.8  43.2  43.6        16.5  76.7   3.2 420.3  0.24  0.18
       9  7  89.4  53.2  70.9  48.4  48.6        21.3  80.9   3.4 435.9  0.24  0.18
       9  8  82.9  54.2  68.4  59.3  52.4  0.33  15.9  90.9   3.8 296.8  0.18  0.14
       9  9  71.4  56.7  63.1  73.8  54.1  0.15  15.3 109.4   4.6 195.7  0.13  0.09
       9 10  67.6  56.2  60.5  79.8  53.8  0.09  17.1 134.6   5.6 285.3  0.13  0.10
       9 11  72.9  49.6  59.0  78.6  51.9  0.55  15.3  97.2   4.0 416.1  0.16  0.13
       9 12  71.1  53.2  60.5  84.2  55.3  0.25  15.3  79.8   3.3 301.7  0.11  0.10
       9 13  68.6  54.1  60.1  77.3  52.3  0.04  16.5  86.4   3.6 284.0  0.12  0.10
       9 14  75.9  50.2  64.1  46.2  41.3        18.3 108.3   4.5 498.7  0.23  0.17
       9 15  83.0  42.2  61.6  56.9  41.5        15.9  76.8   3.2 504.1  0.22  0.17
       9 16  84.0  42.4  62.3  53.6  41.4        15.3  63.2   2.6 471.8  0.20  0.15
       9 17  75.6  46.5  61.2  47.8  39.1        32.6 118.0   4.9 240.8  0.20  0.14
       9 18  67.3  51.2  58.1  47.8  37.9        33.2 164.8   6.9 318.9  0.22  0.15
       9 19  69.0  40.1  55.6  51.5  36.0        18.9 113.9   4.7 442.4  0.19  0.14
       9 20  79.1  38.3  59.2  52.6  37.1        18.9 101.6   4.2 471.2  0.23  0.16
       9 21  60.9  40.9  49.7  61.3  36.3        30.8 116.3   4.8 397.4  0.15  0.11
       9 22  68.2  44.8  52.9  56.1  36.7        13.5 101.5   4.2 455.3  0.19  0.14
       9 23  66.9  35.8  53.4  47.8  32.2        20.1 110.8   4.6 450.3  0.18  0.13
       9 24  80.4  35.4  57.2  50.1  34.5        20.1  80.6   3.4 412.1  0.21  0.15
       9 25  58.5  42.1  50.9  64.1  38.8  0.05  14.1  99.4   4.1 325.4  0.12  0.09
       9 26  59.6  44.4  49.6  82.2  44.1        17.1  95.0   4.0 309.3  0.10  0.08
       9 27  71.4  35.4  53.6  65.6  40.1  0.01  23.1  91.6   3.8 269.2  0.14  0.10
       9 28  66.0  44.0  53.4  70.5  43.4        18.3 118.4   4.9 314.1  0.14  0.10
       9 29  73.2  40.0  56.9  58.2  39.3        23.1  97.1   4.0 334.6  0.17  0.12
       9 30  75.8  40.4  58.1  40.1  31.4        16.5  91.6   3.8 428.6  0.20  0.15
      10  1  56.7  41.9  52.0  57.0  36.9  0.12  20.7 130.9   5.5 165.0  0.11  0.08
      10  2  42.0  36.0  38.3  92.1  36.3  0.16  13.5 105.7   4.4  63.9  0.03  0.03
      10  3  49.2  37.3  40.9  91.9  38.6  0.25  14.7  96.3   4.0 138.9  0.05  0.04
      10  4  60.4  33.4  46.5  72.1  36.7  0.01  18.3 105.6   4.4 324.8  0.11  0.09
      10  5  66.3  36.2  51.8  57.1  34.2        22.5 114.1   4.8 322.8  0.16  0.11
      10  6  59.2  37.3  47.6  65.7  36.2        20.7 135.1   5.6 358.3  0.13  0.10
      10  7  73.2  32.9  51.1  64.9  36.5        11.7  73.2   3.0 395.5  0.15  0.11
      10  8  68.1  38.4  53.2  56.7  36.3        20.7 126.2   5.3 370.6  0.17  0.12
      10  9  69.7  41.0  52.1  67.4  40.6        12.3  79.4   3.3 373.8  0.14  0.10
      10 10  78.7  33.2  55.3  48.0  30.6        16.5  91.0   3.8 356.2  0.20  0.14
      10 11  79.6  40.5  60.4  33.3  27.7        35.6 178.2   7.4 389.7  0.32  0.20
      10 12  50.7  30.8  40.0  67.5  29.3        23.7 152.9   6.4 342.1  0.11  0.08
      10 13  65.6  25.0  42.9  64.3  28.4        12.9  71.6   3.0 377.9  0.13  0.09
      10 14  61.9  30.7  44.8  46.8  21.9        21.3 100.7   4.2 364.4  0.16  0.11
      10 15  59.9  24.4  40.6  55.0  22.7        11.7  68.6   2.9 367.8  0.12  0.08
      10 16  60.7  31.7  46.0  41.8  22.7        23.1 116.9   4.9 362.3  0.16  0.11
      10 17  65.7  24.3  42.5  55.1  24.7        15.3  78.7   3.3 359.8  0.14  0.10
      10 18  70.1  28.5  49.0  40.8  20.1        17.7 104.3   4.3 359.7  0.19  0.13
      10 19  64.3  26.5  43.3  56.3  26.0        12.9  73.6   3.1 352.8  0.13  0.09
      10 20  70.3  28.6  46.9  45.4  21.0        14.7  83.8   3.5 298.7  0.17  0.11
      10 21  58.6  27.2  44.0  50.5  26.2        18.3  86.8   3.6 332.5  0.11  0.08
      10 22  42.3  25.7  32.0  80.5  26.5        22.5 127.1   5.3 133.9  0.06  0.04
      10 23  28.8  24.4  26.5  93.8  25.0        13.5 109.7   4.6  77.8  0.02  0.02
      10 24  32.1  23.9  28.1  92.3  26.2  0.04   9.3  71.9   3.0  76.8  0.02  0.02
      10 25  53.9  28.2  38.6  74.9  29.9  0.07  12.9  87.3   3.6 250.2  0.08  0.06
      10 26  59.1  26.6  41.9  64.8  29.5        11.7  75.4   3.1 291.7  0.10  0.07
      10 27  52.4  30.5  42.9  82.1  37.6  0.01  12.9  97.3   4.1 183.8  0.05  0.04
      10 28  58.8  24.7  41.2  68.1  28.9  0.03  19.5  96.1   4.0 239.1  0.10  0.07
      10 29  34.2  19.6  26.8  89.7  24.8  0.03  21.3 170.8   7.1 115.0  0.03  0.02
      10 30  19.9  15.1  17.6  80.0  12.5        11.1 116.4   4.8 118.7  0.03  0.02
      10 31  24.1  14.3  17.1  87.6  14.0         9.3  80.2   3.3 125.5  0.03  0.02
      11  1  27.4  15.1  19.0  83.7  14.8  0.01  10.5  80.9   3.4  62.0            
      11  2  33.0  17.7  24.8  83.1  20.5  0.01   9.9  70.6   2.9 142.1            
      11  3  40.6  12.9  26.0  72.4  16.8  0.12  14.7  94.3   3.9 293.0            
      11  4  37.7  15.2  26.8  71.4  18.3        14.1  69.2   2.9 133.4            
      11  5  51.2  20.4  36.0  54.5  19.5        13.5  97.4   4.1 296.2            
      11  6  57.4  25.0  37.7  61.9  23.4        14.1  89.1   3.7 287.6            
      11  7  57.6  22.1  39.4  56.0  22.5        16.5  76.9   3.2 119.2            
      11  8  63.5  39.2  52.2  36.2  25.9        29.6 136.4   5.7 230.0            
      11  9  55.1  32.6  44.8  48.2  25.7        31.4 226.5   9.4 181.2            
      11 10  53.0  31.2  42.0  33.3  14.3        26.1 145.0   6.0 244.0            
      11 11  44.6  21.0  32.0  59.1  18.5        24.9 112.7   4.7 129.2            
      11 12  52.8  15.9  32.7  59.1  17.6        14.7  74.2   3.1 271.4            
      11 13  59.7  28.6  43.3  54.7  26.7  0.03  19.5 114.0   4.8 165.9            
      11 14  49.5  29.4  39.3  65.8  28.0        15.3 108.9   4.5 196.0            
      11 15  46.2  22.3  36.4  57.7  22.1        24.3 142.3   5.9 195.6            
      11 16  58.1  17.6  35.5  55.2  17.5        11.7  83.6   3.5 241.4            
      11 17  61.0  27.5  45.2  31.0  13.2        25.4 142.1   5.9 229.4            
      11 18  54.6  28.9  42.8  34.9  16.3        20.7 144.5   6.0 232.9            
      11 19  60.9  32.4  44.7  31.1  14.6        15.3 108.7   4.5 243.9            
      11 20  63.1  26.9  42.5  49.9  23.0        14.7  84.8   3.5 248.2            
      11 21  65.1  29.0  44.0  59.3  28.7        16.5  94.2   3.9 243.1            
      11 22  72.4  25.6  47.8  48.1  23.1        23.7 109.1   4.5 215.6            
      11 23  45.9  30.4  38.7  61.5  26.8        15.3 117.8   4.9 192.7            
      11 24  30.4  20.6  23.4  91.4  21.1  0.02  18.9 108.2   4.5  35.2            
      11 25  34.8  13.8  21.8  84.3  17.7  0.19  11.7  81.6   3.4 219.0            
      11 26  33.6   4.2  17.1  77.8  11.1        20.1  88.3   3.7 236.7            
      11 27  47.9  11.7  29.5  63.9  17.3        23.7  96.3   4.0 174.0            
      11 28  58.1  18.3  34.2  69.3  23.4         9.3  60.2   2.5 229.9            
      11 29  56.1  25.9  38.9  63.6  26.2        16.5 106.8   4.5 228.1            
      11 30  44.6  21.1  31.9  68.9  21.2        16.5  97.1   4.0 194.8            
      12  1  54.7  25.9  41.8  57.5  26.0        17.7  79.2   3.3 182.2            
      12  2  58.3  26.1  40.5  58.2  25.4        14.7  72.8   3.0 225.2            
      12  3  34.5  25.8  30.5  84.9  26.5         8.8  78.1   3.3  49.7            
      12  4  31.9  27.6  29.8  91.9  27.7         9.3  95.4   4.0  32.0            
      12  5  48.7  22.0  33.1  78.2  26.3        15.3  83.7   3.5 213.6            
      12  6  50.9  15.6  30.5  64.3  17.4        17.7  84.4   3.5 219.4            
      12  7  48.5  18.7  31.0  64.2  19.0         8.2  60.0   2.5 162.4            
      12  8  44.9  21.5  31.6  58.2  17.8        13.5  84.9   3.5 200.3            
      12  9  56.3  15.5  30.4  61.1  15.4        12.9  75.1   3.1 215.3            
      12 10  57.4  15.0  31.5  50.1  11.2        11.7  66.4   2.8 215.2            
      12 11  49.0  20.6  34.6  42.8  12.4        21.9 106.7   4.4 179.1            
      12 12  41.9  16.0  31.6  44.6  11.6        20.1 136.6   5.7 198.9            
      12 13  58.8  18.5  36.7  48.7  16.6        21.3  86.3   3.6 206.8            
      12 14  59.8  20.6  36.5  51.8  18.0        11.1  73.7   3.1 207.1            
      12 15  62.8  24.6  39.5  51.4  19.6        35.6 147.7   6.2 109.1            
      12 16  47.7  20.6  34.2  53.4  17.2        16.5  95.4   4.0 187.1            
      12 17  48.8  29.0  38.5  51.6  21.9        23.7  84.3   3.5  99.4            
      12 18  41.0  22.3  30.8  68.1  21.1        21.3 125.6   5.2 116.0            
      12 19  35.9  16.1  27.0  43.2   6.1        34.4 156.5   6.5 193.8            
      12 20  41.6   9.9  25.0  46.3   5.8        12.9  84.9   3.5 189.4            
      12 21  41.9  16.9  30.7  48.6  12.1        23.1 107.6   4.5 183.1            
      12 22  42.0  14.2  26.7  57.4  12.4        12.9  74.1   3.1 200.7            
      12 23  30.1  16.6  23.9  65.8  13.9        18.3 100.7   4.2 108.5            
      12 24  36.5  11.7  20.8  75.0  13.6         9.9  64.7   2.7 185.5            
      12 25  36.9   8.3  19.1  67.6   9.0        10.5  66.5   2.8 195.1            
      12 26  40.1   4.1  20.2  54.6   4.0        14.1  89.5   3.7 205.8            
      12 27  58.5  19.0  34.6  38.9  10.9        15.3  98.2   4.1 187.3            
      12 28  48.1  26.0  35.0  55.5  20.4         9.3  71.8   3.0  66.2            
      12 29  62.3  26.0  44.8  30.4   9.8        43.9 205.2   8.6 181.7            
      12 30  48.3  19.7  35.3  32.7   7.5        27.2 137.2   5.7 205.1            
      12 31  51.0  17.8  32.0  49.4  13.7        15.3  79.9   3.3 151.1            

      Total                                5.75                         46.07 34.88
        Max 100.0  66.0  80.6  93.8  58.2        43.9 296.4  12.3 747.0
        Min  19.9   4.1  17.1  14.6   4.0         1.0  24.0   1.0   4.9
        Ave  69.5  39.5  54.5  53.5  34.6        20.2 107.5   4.5 399.4
