      2002                                                                03-JAN-03
      Weather Station near BOULDER SOUTH WEST, CO  turf grass site at Fairview High
      -----------------------------------------------------------------------------
               Temperature      Rel   Dew             Wind        Solar StandrdASCE
            ----------------- Humid Point  Prec -----------------   Rad   ETr   ETo
       Date   Max   Min   Ave   Ave   Ave Total   Max Total   Ave Total Alflf Grass
      MoDay     F     F     F     %     F  inch   mph miles   mph Langl  inch  inch
      ----- ----- ----- ----- ----- ----- ----- ----- ----- ----- ----- ----- -----
       7  1  99.2  79.0  89.7  15.0  35.0        10.5   9.7   0.4 158.7  0.10  0.09
       7  2  97.6  71.6  82.7  19.9  36.6        17.1  70.6   2.9 533.2  0.29  0.23
       7  3  85.6  63.3  74.9  43.0  50.9  0.01  24.9 117.9   4.9 436.0  0.26  0.20
       7  4  87.6  59.5  74.8  40.7  47.9        26.1 115.8   4.8 646.8  0.31  0.25
       7  5  86.8  60.7  74.1  49.1  52.6        15.3 116.9   4.9 665.5  0.30  0.25
       7  6  81.3  61.8  71.7  55.0  53.9        20.1 119.0   5.0 445.1  0.23  0.18
       7  7  89.9  58.5  76.8  41.5  50.0        16.5  96.0   4.0 594.7  0.28  0.23
       7  8  90.1  64.0  77.7  41.4  51.1        18.3 105.8   4.4 622.1  0.31  0.25
       7  9  88.9  69.6  80.1  31.5  47.0        15.3 117.1   4.9 625.1  0.33  0.26
       7 10  84.8  65.9  74.2  53.4  56.1  0.13  24.3 119.5   5.0 326.8  0.22  0.17
       7 11  83.0  57.9  71.3  50.7  51.0        15.9 127.9   5.3 705.0  0.30  0.25
       7 12  90.7  58.5  75.4  36.9  43.6        14.1  88.8   3.7 735.4  0.32  0.26
       7 13  90.4  62.3  78.1  25.0  38.4        32.0 119.1   5.0 603.8  0.34  0.26
       7 14  92.7  61.5  78.8  27.5  40.7        18.3 113.2   4.7 708.1  0.35  0.28
       7 15  94.5  63.9  79.1  25.2  39.5        14.7 104.2   4.3 712.6  0.36  0.28
       7 16  94.4  62.8  79.7  24.7  38.7        15.3 106.1   4.4 711.9  0.36  0.28
       7 17  94.4  63.6  79.9  22.5  37.2        16.5 100.6   4.2 684.7  0.35  0.27
       7 18  94.8  64.2  80.4  23.5  38.4        18.3 109.4   4.6 695.7  0.36  0.28
       7 19  93.9  62.5  80.9  25.2  40.8        17.7  97.5   4.1 694.2  0.33  0.26
       7 20  92.5  66.0  79.7  31.3  45.9        50.5 207.8   8.7 601.1  0.43  0.31
       7 21  84.9  65.3  74.2  46.2  51.5  0.02  21.3 132.4   5.5 619.2  0.31  0.24
       7 22  78.4  58.6  68.6  63.7  55.1        13.5  85.7   3.6 328.8  0.16  0.13
       7 23  85.7  61.2  73.3  45.2  49.5        31.4 120.0   5.0 358.9  0.25  0.18
       7 24  94.3  61.8  80.8  27.8  41.7        21.3 108.9   4.5 609.6  0.33  0.25
       7 25  87.3  64.7  77.0  33.3  44.8        22.5 128.9   5.4 333.0  0.27  0.20
       7 26  90.0  57.8  74.9  38.2  44.4        39.8 231.4   9.6 613.5  0.43  0.30
       7 27  89.7  66.8  79.1  23.2  37.5        33.2 171.0   7.1 522.8  0.39  0.28
       7 28  84.7  61.4  75.1  31.0  42.1        38.0 182.1   7.6 508.3  0.34  0.25
       7 29  93.7  62.2  79.5  18.4  32.0        18.9 121.9   5.1 684.9  0.37  0.28
       7 30  95.6  70.8  83.9  17.6  34.6        22.5 136.4   5.7 650.0  0.40  0.29
       7 31  96.7  68.3  85.6  15.5  32.5        17.1 110.7   4.6 456.9  0.32  0.23
       8  1  80.7  61.1  67.6  33.2  36.8        21.3 134.8   5.6 391.5  0.29  0.21
       8  2  86.2  54.4  70.2  35.3  41.2        18.9 108.2   4.5 454.1  0.27  0.20
       8  3  84.5  65.6  72.9  50.9  52.7  0.02  33.2  98.5   4.1 358.1  0.22  0.17
       8  4  84.1  60.6  70.7  59.2  55.0  0.04  23.1 103.4   4.3 402.4  0.21  0.17
       8  5  85.1  59.5  70.9  60.4  55.6  0.48  52.3 170.9   7.1 448.2  0.27  0.20
       8  6  86.2  58.8  71.7  49.0  50.3  0.02  28.4 152.9   6.4 455.4  0.29  0.21
       8  7  85.4  61.8  72.2  47.4  50.3        31.4 143.3   6.0 470.1  0.28  0.21
       8  8  85.0  55.1  70.9  56.9  53.3        18.3 102.8   4.3 506.6  0.23  0.19
       8  9  79.8  53.9  68.3  50.1  48.2        20.7 104.2   4.3 598.6  0.24  0.20
       8 10  90.0  55.0  73.5  34.5  41.4        14.7 103.5   4.3 638.3  0.30  0.24
       8 11  94.1  52.3  78.2  27.4  37.9        24.3 141.3   5.9 665.2  0.36  0.27
       8 12  77.5  53.3  62.2  53.3  44.5        35.0 154.3   6.4 280.8  0.23  0.16
       8 13  72.7  47.5  61.2  46.9  39.0        13.5  88.4   3.7 587.2  0.21  0.18
       8 14  92.7  54.4  76.8  23.4  31.8        29.0 185.5   7.7 645.6  0.42  0.30
       8 15  82.7  50.9  68.4  53.4  48.7        21.3 112.2   4.7 618.2  0.25  0.21
       8 16  98.6  58.3  78.9  26.6  36.3        28.4 152.9   6.4 601.2  0.41  0.29
       8 17  77.9  51.7  65.7  29.5  32.0        17.1  99.2   4.1 547.8  0.25  0.19
       8 18  96.1  47.9  71.1  39.0  41.5        29.6 129.0   5.4 441.4  0.33  0.24
       8 19  87.7  54.2  69.6  31.5  38.1        21.9  88.7   3.7 446.8  0.25  0.19
       8 20  84.4  59.6  72.7  45.3  48.8  0.02  31.4 132.7   5.5 398.3  0.25  0.19
       8 21  83.2  58.7  70.4  44.6  46.7  0.15  41.5 168.4   7.0 356.3  0.28  0.20
       8 22  76.7  50.8  65.3  55.1  48.1        26.6 104.4   4.3 339.7  0.17  0.14
       8 23  85.7  54.6  70.6  36.1  40.3        21.9 108.7   4.5 390.0  0.25  0.18
       8 24  78.6  56.8  67.1  55.3  50.3        15.9 132.2   5.5 533.6  0.24  0.19
       8 25  86.6  55.4  70.3  53.3  49.4        17.7  90.8   3.8 526.9  0.24  0.19
       8 26  89.7  59.9  75.3  27.2  37.3        26.1 112.9   4.7 508.6  0.30  0.22
       8 27  77.4  56.6  65.3  66.5  53.2  0.03  20.7 121.1   5.0 349.8  0.18  0.14
       8 28  73.4  57.8  64.9  66.8  53.4        17.7 100.0   4.2 286.4  0.14  0.11
       8 29  72.6  53.9  62.9  73.4  53.8  0.05  30.8 110.4   4.6 304.8  0.14  0.11
       8 30  85.6  52.6  70.8  36.5  39.5        15.9 112.9   4.7 496.6  0.26  0.20
       8 31  90.7  59.4  75.4  25.7  34.8        32.0 117.4   4.9 525.9  0.31  0.22
       9  1  88.1  57.1  78.8  17.9  29.9        27.8 183.0   7.6 426.6  0.34  0.24
       9  2  83.3  63.3  74.0  26.7  37.2        23.1 144.5   6.0 562.6  0.31  0.23
       9  3  85.7  56.1  71.4  35.7  41.3        27.8 105.7   4.4 391.3  0.24  0.18
       9  4  89.8  71.2  78.8  21.3  35.6        32.0 218.9   9.1 423.3  0.44  0.29
       9  5  90.5  66.8  79.2  19.4  33.2        20.7 115.2   4.8 442.7  0.30  0.21
       9  6  91.8  62.6  77.1  24.0  36.9        41.5 166.0   6.9 400.1  0.36  0.24
       9  7  86.9  63.8  75.6  34.1  44.9  0.02  23.7 110.9   4.6 377.6  0.25  0.18
       9  8  82.6  57.1  71.0  47.5  49.5  0.02  27.8 127.0   5.3 378.1  0.22  0.16
       9  9  70.2  56.8  62.5  75.2  54.1  0.21  14.7 100.8   4.2 231.4  0.11  0.09
       9 10  66.5  53.7  58.9  80.6  52.5  0.63  12.9  93.1   3.9 212.4  0.10  0.08
       9 11  69.2  51.0  59.2  79.9  52.6  0.09  14.1  82.5   3.4 341.3  0.12  0.10
       9 12  71.7  51.9  59.8  82.2  53.9  0.27  35.0 102.9   4.3 291.5  0.12  0.10
       9 13  68.0  51.8  58.5  74.8  50.0  0.12  15.3  77.8   3.2 247.0  0.10  0.09
       9 14  72.8  55.1  65.4  37.1  38.2        17.1 133.5   5.6 503.2  0.23  0.17
       9 15  81.9  48.5  65.6  38.9  36.5        15.3  79.5   3.3 516.8  0.21  0.16
       9 16  83.6  52.4  68.1  29.6  33.9        15.3  88.5   3.7 498.5  0.23  0.17
       9 17  78.2  58.4  68.7  26.5  32.4        49.9 276.6  11.5 393.5  0.38  0.25
       9 18  67.3  48.4  58.8  47.0  37.7  0.02  30.2 170.8   7.1 223.9  0.18  0.13
       9 19  66.3  41.1  54.6  53.9  36.3        18.9 110.2   4.6 476.8  0.17  0.13
       9 20  80.0  58.6  68.8  25.3  30.9        46.9 252.6  10.5 496.9  0.39  0.26
       9 21  63.3  43.8  51.3  60.5  37.5        29.0 132.2   5.5 450.8  0.16  0.12
       9 22  66.3  41.0  51.9  59.9  37.7        15.3  87.8   3.7 467.7  0.15  0.12
       9 23  67.9  44.2  56.5  37.4  30.3        23.7 116.4   4.8 475.4  0.19  0.14
       9 24  82.4  43.0  63.1  35.9  31.6        23.7  91.3   3.8 418.8  0.21  0.15
       9 25  63.0  44.3  52.5  56.3  36.6  0.10  12.9 100.3   4.2 285.5  0.13  0.10
       9 26  60.8  44.1  48.8  93.5  47.2  0.03  10.5  79.1   3.3 205.0  0.07  0.06
       9 27  70.3  42.7  55.1  71.9  45.6  0.03  51.7  91.4   3.8 259.6  0.12  0.09
       9 28  68.2  47.7  55.5  58.1  40.5        20.1  95.1   4.0 242.9  0.13  0.10
       9 29  74.7  42.3  58.6  50.3  37.2        48.1 207.5   8.6 359.7  0.25  0.17
       9 30  75.9  53.9  63.7  27.1  28.7        38.0 194.8   8.1 433.9  0.30  0.20
      10  1  58.9  42.3  51.9  59.7  37.8  0.58  15.9 118.3   4.9 283.1  0.11  0.09
      10  2  42.9  36.1  38.6  97.5  38.0  0.35   9.9 107.4   4.5  81.4  0.03  0.03
      10  3  51.6  37.3  42.3  85.4  37.8  0.02  20.7 102.0   4.3 196.3  0.07  0.05
      10  4  60.0  34.5  49.4  56.4  32.3        30.8 213.4   8.9 409.2  0.16  0.12
      10  5  66.4  43.8  55.7  42.1  31.8        40.4 164.5   6.9 394.2  0.20  0.14
      10  6  60.0  40.4  51.4  57.6  36.3        18.3 108.0   4.5 407.5  0.12  0.10
      10  7  73.3  38.9  54.1  55.0  36.4        14.1  90.1   3.8 393.2  0.16  0.12
      10  8  68.6  48.0  57.8  44.3  35.2        22.5 121.1   5.0 396.3  0.17  0.12
      10  9  67.9  42.5  53.6  65.1  41.3        10.5  72.3   3.0 377.7  0.12  0.09
      10 10  76.8  47.2  63.6  25.7  25.5        20.7 128.4   5.3 353.7  0.22  0.15
      10 11  75.9  47.2  62.5  26.9  26.2        40.4 161.5   6.7 325.7  0.25  0.16
      10 12  50.6  32.3  40.8  68.3  30.8        15.9  94.5   3.9 223.6  0.08  0.06
      10 13  65.2  32.3  47.4  48.8  27.4        11.1  74.1   3.1 395.7  0.13  0.09
      10 14  60.3  40.5  51.2  27.6  18.2        30.2 108.2   4.5 386.4  0.15  0.11
      10 15  58.9  32.7  44.6  40.3  20.7        10.5  80.9   3.4 385.3  0.12  0.09
      10 16  55.5  35.4  46.0  40.2  22.7        24.3  98.8   4.1 370.7  0.12  0.09
      10 17  63.8  30.8  45.9  54.4  29.4        11.7  73.4   3.1 375.5  0.11  0.08
      10 18  68.9  42.5  55.7  24.3  18.8        16.5 100.5   4.2 377.1  0.17  0.11
      10 19  62.1  34.9  47.8  39.0  23.1         9.9  72.2   3.0 371.6  0.12  0.08
      10 20  69.8  37.6  53.2  26.2  17.7        17.7  93.8   3.9 304.9  0.16  0.11
      10 21  58.3  35.9  46.9  43.2  25.6        14.1  81.6   3.4 354.9  0.11  0.08
      10 22  42.4  25.4  33.6  82.3  28.5        15.9 113.2   4.7  69.9  0.04  0.03
      10 23  28.9  25.2  26.8  97.8  26.3         7.6  76.8   3.2  46.4  0.02  0.02
      10 24  32.9  24.0  28.3  97.7  27.9  0.12   5.8  53.3   2.2  38.7  0.02  0.02
      10 25  53.6  27.8  39.4  75.9  31.5  0.11  14.7  86.4   3.6 238.5  0.07  0.05
      10 26  55.2  32.3  44.8  54.7  28.8        12.3  83.1   3.5 309.9  0.09  0.06
      10 27  46.6  37.3  41.8  83.8  37.2  0.01  12.9  87.1   3.6  97.5  0.04  0.03
      10 28  57.2  32.9  45.2  56.1  29.1  0.03  17.7 100.4   4.2 269.5  0.10  0.07
      10 29  33.3  17.0  26.0  98.7  26.2  0.01  18.3 124.7   5.2  47.2  0.01  0.01
      10 30  18.1  13.5  16.1  95.2  15.0         7.6  63.2   2.6  61.2  0.01  0.01
      10 31  18.8  13.9  16.6  95.4  15.5         8.2  74.8   3.1  29.8  0.01  0.01
      11  1  23.7  14.4  18.0  95.3  16.9         8.8  56.1   2.3  44.2            
      11  2  32.9  18.4  24.3  94.2  23.1  0.10   9.3  69.8   2.9 146.0            
      11  3  39.4  20.8  29.6  65.5  18.5  0.28  21.9  88.7   3.7 316.7            
      11  4  45.8  21.1  31.0  64.7  19.7  0.09  39.8 108.8   4.5 156.0            
      11  5  53.7  26.8  43.1  31.6  13.7  0.18  33.8 179.8   7.5 305.4            
      11  6  55.6  34.3  46.0  38.8  21.8        34.4 116.7   4.9 296.6            
      11  7  68.8  42.3  57.2  15.9  10.0        33.2 213.6   8.9 216.9            
      11  8  61.6  48.2  55.1  30.9  24.9        55.9 321.9  13.4 284.3            
      11  9  57.3  39.6  48.2  44.1  27.4  0.02  52.9 402.6  16.8 234.2            
      11 10  49.3  32.4  41.6  32.4  13.9        49.3 239.7  10.0 253.9            
      11 11  42.5  31.2  36.8  42.8  16.2        23.1 138.8   5.8 155.6            
      11 12  52.6  31.2  42.5  27.5  10.3        29.6 207.8   8.7 289.4            
      11 13  58.2  37.0  46.9  43.7  24.8  0.04  35.0 135.8   5.7 164.8            
      11 14  45.4  32.5  38.2  69.9  29.0        13.5 100.9   4.2 170.2            
      11 15  43.2  31.5  36.5  63.0  24.8        23.7 108.5   4.5 190.0            
      11 16  55.8  27.6  45.6  27.3  10.2        32.6 201.9   8.4 231.4            
      11 17  58.6  44.0  52.6  18.4  10.1        41.5 242.6  10.1 255.7            
      11 18  52.3  32.8  45.4  26.2  11.8        35.0 234.0   9.8 264.7            
      11 19  56.9  43.4  49.0  24.4  14.1        33.8 235.3   9.8 259.8            
      11 20  60.6  40.5  50.7  35.1  23.7        30.8 151.3   6.3 257.2            
      11 21  59.6  39.2  49.1  46.2  29.0        17.1  99.0   4.1 251.5            
      11 22  69.2  36.6  57.2  25.9  19.4        35.0 156.4   6.5 171.3            
      11 23  48.1  29.9  39.4  64.8  28.7        23.7 129.0   5.4 199.2            
      11 24  30.4  20.2  22.9  93.1  21.0  0.05  23.7 106.8   4.5  94.0            
      11 25  33.8  16.6  23.3  92.4  21.6  0.19   9.9  80.3   3.3 211.1            
      11 26  30.3  11.9  20.6  77.6  14.7  0.01  11.7  72.1   3.0 250.4            
      11 27  48.7  21.1  34.1  47.1  15.1  0.01  25.4 103.3   4.3 241.5            
      11 28  58.4  27.4  44.9  43.1  23.4        23.1 108.0   4.5 239.4            
      11 29  61.2  32.4  48.6  41.7  24.8        23.1 124.6   5.2 232.8            
      11 30  47.6  28.4  36.9  55.3  21.6        14.7 102.0   4.3 239.1            
      12  1  58.1  32.4  45.0  43.5  23.4        33.2 194.5   8.1 235.0            
      12  2  58.0  36.7  48.7  37.5  23.2        40.4 244.4  10.2 230.7            
      12  3  37.4  27.0  30.4  88.4  27.3        11.1  80.9   3.4  56.3            
      12  4  32.1  25.2  29.4  95.4  28.2         9.3  67.9   2.8  20.3            
      12  5  45.8  25.4  35.1  69.1  25.0        14.1 105.9   4.4 217.8            
      12  6  47.5  27.6  36.2  46.6  17.1        13.5  89.8   3.7 225.5            
      12  7  44.4  27.9  35.6  43.6  15.4         8.8  75.7   3.2 183.1            
      12  8  41.6  28.5  34.2  54.0  19.2         9.3  71.2   3.0 146.2            
      12  9  52.6  25.9  40.1  34.5  12.3        17.7  82.4   3.4 219.9            
      12 10  56.9  33.5  43.8  19.6   4.3        15.9  93.1   3.9 221.5            
      12 11  48.7  33.0  41.0  28.2  10.4        30.2 219.4   9.1 187.4            
      12 12  39.0  23.8  32.4  42.2  11.6        18.3  99.4   4.1 198.1            
      12 13  55.9  29.1  45.1  31.4  15.7        35.0 259.7  10.8 217.6            
      12 14  61.0  39.7  48.9  28.5  17.3        36.2 187.1   7.8 172.0            
      12 15  61.2  38.1  53.6  22.0  15.1        51.1 263.0  11.0 105.5            
      12 16  50.5  32.0  43.5  29.0  13.2        39.2 168.2   7.0 218.7            
      12 17  49.3  31.3  42.4  45.2  21.5        36.8 184.1   7.7 109.6            
      12 18  42.1  26.0  32.6  59.7  19.3        17.1 111.6   4.7 138.6            
      12 19  34.8  19.0  29.0  35.2   4.3        39.2 208.7   8.7 220.1            
      12 20  37.9  17.6  26.9  45.3   8.2        16.5 102.2   4.3 223.9            
      12 21  40.9  24.5  31.9  36.0   7.5        22.5 120.6   5.0 166.7            
      12 22  40.7  20.9  28.4  56.2  14.3        14.1  94.9   4.0 198.4            
      12 23  26.6  16.6  22.7  82.3  18.2         7.0  64.3   2.7  74.3            
      12 24  30.4  11.0  20.6  77.7  14.4         8.8  71.0   3.0 183.5            
      12 25  34.9  16.6  23.6  60.4  11.4        24.9  94.9   4.0 174.2            
      12 26  38.6  13.1  27.2  42.4   5.6        43.3 188.1   7.8 221.7            
      12 27  51.8  35.5  44.6  27.6  13.3  0.01  61.2 349.3  14.6 129.2            
      12 28  64.8  40.3  52.7  24.7  17.3        32.0 201.4   8.4 156.0            
      12 29  58.7  38.0  48.6  21.6  10.4        42.1 307.4  12.8 199.1            
      12 30  45.2  29.2  39.9  23.0   4.4        27.8 262.7  10.9 224.1            
      12 31  57.6  27.6  39.9  34.0  13.9        38.0 184.0   7.7 185.7            

      Total                                4.72                         27.57 20.68
        Max  99.2  79.0  89.7  98.7  56.1        61.2 402.6  16.8 735.4
        Min  18.1  11.0  16.1  15.0   4.3         5.8   9.7   0.4  20.3
        Ave  67.0  44.1  55.7  46.7  31.9        24.1 130.6   5.4 348.1
