                                                                    07-JUN-00
      Telephone-linked Weather Station nr  WINDSOR, Colorado             1998
      -----------------------------------------------------------------------------
               Temperature      Rel   Dew             Wind        Solar StandrdASCE
            ----------------- Humid Point  Prec -----------------   Rad   ETr   ETo
       Date   Max   Min   Ave   Ave   Ave Total   Max Total   Ave Total Alflf Grass
      MoDay     F     F     F     %     F  inch   mph miles   mph Langl  inch  inch
      ----- ----- ----- ----- ----- ----- ----- ----- ----- ----- ----- ----- -----
       1  1  64.1  29.2  34.2  54.3  27.8        18.5 117.3   4.9 236.2            
       1  2  65.9  29.5  46.5  39.3  25.4        45.0 307.2  12.8 228.1            
       1  3  42.4  18.3  23.0  85.5  23.7        23.5 131.9   5.5 106.4            
       1  4  47.6  20.9  26.1  88.7  25.8        10.3  69.9   2.9 205.7            
       1  5  48.6  20.2  28.5  81.8  27.0        27.8 167.6   7.0 200.7            
       1  6  38.1  12.0  15.0  83.5  22.1        25.3 171.6   7.2 255.8            
       1  7  37.0   4.9  15.9  81.3  14.8         9.6  73.7   3.1 262.1            
       1  8  40.4   8.6  21.6  77.4  18.1        12.8  89.8   3.7 250.4            
       1  9  25.0   5.8  10.3  88.1  11.1        21.1 141.0   5.9 171.2            
       1 10  20.9   3.9  14.9  90.9  11.9        10.3  72.2   3.0 100.4            
       1 11  39.8  13.8  17.3  85.7  20.8        15.0  99.4   4.1 175.8            
       1 12  17.9   8.0  16.1  99.8  14.5        21.1 113.5   4.7  91.1            
       1 13  41.4  15.1  36.5  86.9  20.9        30.0 117.7   4.9  93.6            
       1 14  46.7  15.5  18.1  47.5  15.0        18.9 132.2   5.5 266.8            
       1 15  50.2  11.0  39.2  67.4  19.5        27.1 105.8   4.4 180.5            
       1 16  42.3  21.2  24.6  49.9  16.5        34.3 228.4   9.5 237.9            
       1 17  49.3  20.5  41.2  62.3  22.9        52.2 202.8   8.4  97.7            
       1 18  53.9  23.6  24.8  45.3  18.9        32.9 274.3  11.4 269.9            
       1 19  46.3  17.1  25.7  75.7  22.4        13.5 101.2   4.2 212.3            
       1 20  46.3  19.5  23.2  48.8  15.1        23.5 177.4   7.4 181.2            
       1 21  38.5  14.5  20.7  74.5  17.2        13.5  90.5   3.8 209.5            
       1 22  38.4  10.7  27.4  60.1  11.2        10.7  83.7   3.5 172.2            
       1 23  42.6  18.2  20.8  52.0  14.0        27.5 159.6   6.7 290.5            
       1 24  55.0  16.3  35.3  63.0  21.0        18.2 100.7   4.2 114.3            
       1 25  49.4  21.8  26.7  47.0  19.2        27.1 188.5   7.9 155.5            
       1 26  53.8  14.5  29.2  58.2  17.7        12.5 102.3   4.3 285.2            
       1 27  54.1  21.1  35.3  53.5  19.0        25.7  97.4   4.1 230.8            
       1 28  57.0  20.5  26.7  60.6  21.2        26.1 140.3   5.8 260.1            
       1 29  54.2  17.8  28.3  66.2  21.9        14.2 116.5   4.9 307.3            
       1 30  57.0  21.8  30.0  52.6  19.2        15.0 116.8   4.9 250.6            
       1 31  44.0  23.9  26.9  81.0  28.4        20.0 113.7   4.7 213.0            
       2  1  46.5  16.6  25.3  75.8  22.1        12.5  89.0   3.7 281.0            
       2  2  46.9  21.7  25.5  64.8  20.8        13.5 108.1   4.5 210.8            
       2  3  42.2  21.5  24.2  85.1  25.0        10.3  79.0   3.3 218.5            
       2  4  33.5  21.8  30.0  97.8  27.3        13.9 151.6   6.3  88.0            
       2  5  38.4  27.0  28.0  94.8  30.5         8.9  82.3   3.4 114.0            
       2  6  46.5  23.1  25.6  89.5  28.7        13.9  93.8   3.9 244.4            
       2  7  46.0  16.3  29.1  82.3  26.3        14.2  95.4   4.0 171.9            
       2  8  53.1  16.5  41.2  67.3  24.2        15.3  83.7   3.5 297.7            
       2  9  48.4  32.4  38.1  60.5  26.9        26.1 222.2   9.3 146.3            
       2 10  47.7  21.4  24.2  41.6  13.5        23.9 175.1   7.3 332.7            
       2 11  48.1  13.5  23.4  57.8  14.4        15.7 101.8   4.2 342.3            
       2 12  47.1  14.3  22.7  56.3  14.8        18.2 121.4   5.1 353.5            
       2 13  53.4  13.4  34.2  54.9  18.2        18.2 119.8   5.0 331.9            
       2 14  53.5  24.5  32.5  59.3  23.9        19.2 123.4   5.1 345.2            
       2 15  38.6  19.2  32.0  91.7  28.6        11.0  85.8   3.6 177.9            
       2 16  35.9  31.2  32.1 100.0  33.0  0.35  15.0  97.0   4.0 120.9            
       2 17  47.2  25.3  35.4  85.7  30.8  0.02  14.2  61.4   2.6 307.0            
       2 18  46.5  26.2  31.3  74.2  27.4        17.8 107.3   4.5 300.8            
       2 19  48.1  22.4  25.2  61.3  20.7        20.0 123.2   5.1 380.9            
       2 20  47.5  19.1  26.3  60.5  18.2        15.0 119.7   5.0 395.7            
       2 21  53.9  17.7  28.9  59.5  20.7        13.5 100.9   4.2 371.8            
       2 22  59.3  26.0  38.0  57.4  25.6        25.7 131.0   5.5 315.5            
       2 23  53.4  24.1  35.1  74.3  30.9        20.7 115.0   4.8 285.5            
       2 24  55.6  27.3  39.9  65.6  29.8        15.3 104.6   4.4 346.5            
       2 25  45.9  32.0  33.0  41.8  18.1        52.2 470.1  19.6 119.2            
       2 26  38.7  24.4  25.5  31.6   4.4        35.7 369.4  15.4 369.4            
       2 27  34.3  20.4  25.8  35.6   3.6        37.9 349.3  14.6 286.5            
       2 28  36.4  23.4  24.9  28.8   0.3        40.7 364.1  15.2 450.6            
       3  1  41.7  20.3  22.2  34.2   4.5        35.0 325.2  13.6 318.8  0.15  0.12
       3  2  44.5  15.8  24.8  58.4  15.6        15.7 146.7   6.1 446.4  0.09  0.08
       3  3  56.0  17.8  31.9  57.5  19.9        18.5 124.4   5.2 384.5  0.09  0.09
       3  4  44.1  24.9  26.4  75.8  24.9        21.8 176.0   7.3 385.9  0.08  0.07
       3  5  43.3  21.7  28.1  73.0  22.6  0.01  17.8 142.7   5.9 431.4  0.08  0.07
       3  6  32.3  21.0  24.4  92.6  24.7  0.02  17.5 170.4   7.1 150.6  0.03  0.02
       3  7  24.4   3.6   5.8  85.3  13.4  0.01  33.6 309.9  12.9 429.5  0.05  0.03
       3  8  28.5   0.5  16.9  82.6  12.0  0.01  13.5 123.8   5.2 466.5  0.06  0.04
       3  9  29.2  10.7  18.4  82.4  14.7  0.01  13.5 122.4   5.1 431.8  0.05  0.04
       3 10  46.6   8.1  11.8  76.3  18.4        30.4 175.9   7.3 354.1  0.08  0.07
       3 11  26.7   4.1  18.7  82.1  11.0        18.9 148.1   6.2 357.2  0.04  0.03
       3 12  56.1  15.1  31.6  63.4  22.6        15.3 122.9   5.1 501.5  0.10  0.09
       3 13  62.8  20.8  34.0  56.6  24.3        15.0 117.0   4.9 501.3  0.12  0.12
       3 14  56.9  27.2  33.7  78.2  31.0        14.6 110.0   4.6 398.8  0.09  0.08
       3 15  61.9  28.3  34.0  59.7  29.1        20.0 132.7   5.5 494.9  0.14  0.13
       3 16  47.7  26.7  33.9  90.3  34.8        14.2  86.2   3.6 215.8  0.04  0.04
       3 17  53.8  31.6  36.9  86.2  36.2  0.04  21.4 127.0   5.3 301.2  0.07  0.06
       3 18  37.2  27.4  29.3  99.8  32.4  0.56  25.3 250.8  10.4 153.4  0.03  0.02
       3 19  35.2  15.1  26.4  94.5  26.1  0.08  15.0 116.8   4.9 529.8  0.08  0.05
       3 20  46.0  20.1  29.0  86.2  28.3  0.08  15.7  94.7   3.9 535.5  0.09  0.07
       3 21  57.3  22.1  36.1  65.1  28.1        18.9 112.8   4.7 535.3  0.11  0.10
       3 22  68.6  28.7  49.4  52.7  33.7        25.0 141.8   5.9 374.8  0.10  0.11
       3 23  70.3  40.2  49.7  54.9  37.9        20.3 134.9   5.6 308.9  0.12  0.12
       3 24  78.1  37.9  51.9  50.4  35.9        27.1 198.2   8.3 536.2  0.23  0.23
       3 25  77.5  39.8  47.8  40.9  31.9        31.1 195.1   8.1 543.3  0.27  0.25
       3 26  69.8  42.3  47.2  46.9  34.9        31.4 210.5   8.8 375.6  0.20  0.19
       3 27  66.9  41.0  43.4  54.1  35.3        28.2 220.2   9.2 413.1  0.21  0.18
       3 28  64.5  38.0  43.8  72.5  39.0  0.01  19.2 134.0   5.6 412.2  0.14  0.12
       3 29  50.3  29.3  30.3  90.1  36.0  0.01  30.4 268.0  11.2 263.7  0.10  0.07
       3 30  43.1  23.8  27.8  82.4  26.3  0.04  28.2 175.2   7.3 363.6  0.10  0.07
       3 31  53.8  19.2  32.9  67.6  24.2  0.03  27.1 166.9   7.0 563.2  0.15  0.12
       4  1  63.7  23.7  43.7  53.6  24.9  0.01  23.9 165.2   6.9 552.4  0.16  0.14
       4  2  44.9  31.7  36.5  85.4  32.5  0.39  21.1 198.5   8.3  65.5  0.04  0.04
       4  3  55.5  31.2  37.4  83.1  37.8  0.01  13.9 125.0   5.2 445.4  0.11  0.08
       4  4  65.9  31.5  43.3  70.7  36.0        16.0 124.0   5.2 570.6  0.16  0.14
       4  5  64.0  30.3  40.2  50.6  27.6        27.5 200.1   8.3 595.6  0.21  0.18
       4  6  50.7  32.2  34.7  76.7  34.8  0.01  16.0 140.7   5.9 209.5  0.08  0.06
       4  7  51.3  28.8  38.4  88.1  35.6  0.19  25.3 125.0   5.2 390.5  0.09  0.07
       4  8  56.1  30.7  36.0  79.6  33.6  0.07  30.4 177.6   7.4 460.0  0.14  0.11
       4  9  56.0  29.3  39.8  70.8  32.6        27.5  92.8   3.9 484.0  0.11  0.10
       4 10  63.4  29.7  42.7  54.4  28.7        21.4 138.8   5.8 592.2  0.18  0.15
       4 11  81.2  29.6  61.2  47.5  29.9        30.7 177.1   7.4 594.0  0.22  0.21
       4 12  65.9  41.7  46.2  33.8  27.4        40.7 272.3  11.3 430.8  0.26  0.22
       4 13  58.4  34.6  37.3  64.9  32.8  0.14  27.8 161.2   6.7 394.8  0.16  0.13
       4 14  45.4  32.4  36.8  96.4  37.0  0.23  13.9 126.7   5.3 190.3  0.06  0.05
       4 15  42.5  33.1  34.2  92.5  35.2  0.05  25.7 210.2   8.8 190.7  0.06  0.04
       4 16  41.1  29.1  30.0  84.9  29.5        15.7 146.4   6.1 236.6  0.07  0.05
       4 17  52.3  27.0  35.0  78.9  30.6        26.4 160.3   6.7 422.2  0.12  0.09
       4 18  53.5  30.9  34.2  67.0  28.2  0.04  31.8 230.0   9.6 590.2  0.18  0.13
       4 19  58.5  29.7  36.5  58.0  28.7  0.11  24.6 160.2   6.7 516.5  0.16  0.13
       4 20  54.4  31.9  41.5  81.7  36.1  0.02  23.9 164.6   6.9 493.4  0.12  0.09
       4 21  62.1  31.3  42.6  58.9  30.6        25.7 157.1   6.5 631.7  0.19  0.15
       4 22  70.5  30.2  46.0  54.4  31.2        16.4 105.0   4.4 651.0  0.20  0.17
       4 23  79.9  35.7  56.7  46.1  33.5        16.7 129.2   5.4 633.3  0.23  0.21
       4 24  77.9  37.6  54.0  45.8  33.7        37.5 229.1   9.5 572.7  0.30  0.25
       4 25  64.9  43.4  44.7  49.7  34.8  0.13  45.0 202.2   8.4 517.5  0.24  0.19
       4 26  59.7  39.0  42.3  57.6  32.5        29.6 257.1  10.7 522.2  0.24  0.17
       4 27  61.7  30.7  42.8  61.5  32.4        25.0 173.4   7.2 644.3  0.21  0.16
       4 28  63.8  35.2  41.8  53.7  30.7        19.6 127.5   5.3 672.4  0.22  0.17
       4 29  71.5  30.3  47.2  44.2  27.9        17.5 117.3   4.9 673.5  0.23  0.19
       4 30  76.9  36.0  62.7  40.6  31.4        34.6 214.4   8.9 595.0  0.25  0.22
       5  1  69.4  37.4  48.7  53.3  38.3        31.1 151.9   6.3 454.7  0.20  0.16
       5  2  68.5  36.2  48.7  57.7  38.0        15.7 117.8   4.9 637.6  0.22  0.18
       5  3  78.9  38.1  50.4  53.1  38.5        25.3 158.2   6.6 515.8  0.27  0.22
       5  4  75.8  37.7  49.5  64.0  42.2  0.14  28.6 179.7   7.5 519.7  0.24  0.20
       5  5  66.9  44.2  48.8  80.9  47.4  0.01  23.5 156.8   6.5 464.1  0.17  0.13
       5  6  64.4  37.5  46.3  81.6  44.5  0.07  31.4 208.3   8.7 444.6  0.17  0.12
       5  7  67.4  38.2  46.7  84.0  44.8  0.19  27.1 151.7   6.3 425.2  0.16  0.13
       5  8  58.5  41.5  43.2  91.3  44.4  0.32  32.1 166.7   6.9 312.4  0.12  0.09
       5  9  63.1  32.3  49.4  80.7  42.3        18.5 116.9   4.9 540.4  0.15  0.12
       5 10  75.4  41.0  55.3  76.2  48.0  0.04  22.1 144.8   6.0 579.6  0.21  0.16
       5 11  70.4  44.4  47.1  73.0  46.3        31.4 187.0   7.8 522.4  0.22  0.17
       5 12  70.9  36.7  55.7  69.1  43.8        20.0 122.9   5.1 601.9  0.20  0.16
       5 13  83.5  44.5  59.8  56.6  43.4        31.8 200.3   8.3 671.2  0.33  0.27
       5 14  72.2  41.2  48.8  66.7  42.8  0.01  31.1 241.7  10.1 460.9  0.27  0.20
       5 15  70.6  39.3  50.2  45.5  34.2        31.4 227.1   9.5 708.9  0.33  0.24
       5 16  77.5  38.9  53.0  49.0  37.5        22.8 186.3   7.8 705.9  0.33  0.25
       5 17  83.9  42.9  63.3  40.2  35.2        23.9 134.7   5.6 718.3  0.30  0.25
       5 18  85.5  42.0  61.3  39.0  38.5        24.3 118.8   5.0 535.0  0.28  0.22
       5 19  86.7  45.2  59.8  46.8  42.9        17.5 136.8   5.7 637.8  0.33  0.26
       5 20  82.1  53.5  61.0  67.7  52.0  0.02  25.3 131.5   5.5 482.1  0.25  0.20
       5 21  79.4  51.7  54.7  70.8  53.4  0.11  25.3 174.0   7.3 472.6  0.26  0.20
       5 22  63.5  46.1  47.6  91.0  51.9  0.35  22.1 145.4   6.1 285.3  0.12  0.08
       5 23  71.0  42.8  54.4  65.1  42.9        15.0 117.2   4.9 665.0  0.24  0.18
       5 24  71.8  44.7  52.0  72.7  46.8  0.08  20.0 105.4   4.4 547.3  0.21  0.16
       5 25  71.7  40.3  55.4  76.1  48.7  0.01  22.1 139.6   5.8 561.7  0.19  0.15
       5 26  78.4  46.2  56.5  75.3  51.4  0.01  33.9 105.0   4.4 522.8  0.21  0.16
       5 27  86.2  47.6  62.2  58.2  48.1        20.7 163.6   6.8 711.2  0.34  0.26
       5 28  84.8  46.3  60.9  45.1  44.7        22.5 112.1   4.7 627.9  0.30  0.23
       5 29  87.7  49.6  64.1  57.2  50.3        20.7 122.3   5.1 598.8  0.30  0.23
       5 30  87.3  50.5  60.6  42.7  41.7        22.8 126.6   5.3 555.7  0.34  0.26
       5 31  75.8  48.0  60.5  54.4  46.3        23.9 130.1   5.4 651.3  0.27  0.21
       6  1  88.6  47.2  68.8  41.8  40.3        35.0 201.3   8.4 699.4  0.39  0.31
       6  2  82.8  50.8  53.5  35.6  40.4        25.0 219.3   9.1 710.7  0.47  0.33
       6  3  52.2  40.5  42.5  84.9  40.8        18.9 189.6   7.9 173.6  0.12  0.08
       6  4  48.5  38.7  39.5  99.2  42.3  0.32  22.8 165.6   6.9 164.5  0.07  0.05
       6  5  50.9  35.2  39.8  89.7  39.5  0.05  13.2 108.4   4.5 364.1  0.11  0.08
       6  6  70.2  34.2  53.9  69.8  41.7  0.01  28.9 106.1   4.4 626.9  0.20  0.14
       6  7  75.2  45.6  55.3  72.6  49.6        22.8 152.6   6.4 544.8  0.22  0.16
       6  8  65.5  46.2  48.4  89.8  50.6  0.27  26.4 162.4   6.8 440.0  0.16  0.11
       6  9  68.7  44.0  53.2  84.6  50.6  0.01  28.9 136.2   5.7 501.1  0.18  0.13
       6 10  69.9  46.0  55.8  81.7  51.7  0.07  21.4 128.7   5.4 487.5  0.17  0.13
       6 11  77.4  46.6  55.7  57.3  44.9        23.5 134.4   5.6 646.2  0.29  0.21
       6 12  81.8  49.2  62.1  54.9  46.5        16.4 100.0   4.2 686.5  0.29  0.21
       6 13  75.6  50.8  62.4  60.1  47.8  0.16  26.4 140.7   5.9 448.0  0.23  0.17
       6 14  74.2  48.5  50.1  64.0  46.5  0.06  33.9 265.0  11.0 381.4  0.32  0.21
       6 15  71.6  40.3  59.5  63.5  43.6  0.01  17.8  86.9   3.6 631.0  0.23  0.17
       6 16  74.9  47.4  50.6  69.2  47.9        25.0 175.7   7.3 398.6  0.26  0.18
       6 17  65.4  48.6  51.9  69.2  45.2  0.02  26.4 194.4   8.1 361.1  0.20  0.14
       6 18  75.8  42.3  57.0  49.5  39.4        31.4 128.8   5.4 613.2  0.28  0.20
       6 19  88.0  43.8  64.1  42.5  41.8        24.6 150.7   6.3 744.4  0.37  0.27
       6 20  82.3  54.1  58.9  48.8  46.0        25.0 149.2   6.2 570.0  0.34  0.24
       6 21  78.1  51.6  57.6  70.0  52.1  0.07  26.4 127.0   5.3 432.3  0.24  0.17
       6 22  87.1  47.6  64.7  63.5  52.0        31.4 170.4   7.1 711.0  0.35  0.26
       6 23  88.3  57.3  63.5  53.5  49.3        18.9 109.8   4.6 699.3  0.36  0.26
       6 24  87.6  50.0  57.3  36.9  37.9        31.1 173.3   7.2 718.4  0.48  0.34
       6 25  93.5  49.2  67.1  40.3  43.0        21.8 146.4   6.1 732.7  0.43  0.31
       6 26  92.4  51.4  68.7  31.3  39.6        30.0 204.9   8.5 740.6  0.48  0.35
       6 27  88.8  52.4  66.4  35.8  42.8        18.9 131.0   5.5 726.0  0.39  0.28
       6 28  91.6  53.2  70.5  38.6  46.5        15.7 114.6   4.8 718.7  0.37  0.27
       6 29  93.6  56.4  70.1  39.8  48.2        16.7 138.2   5.8 661.4  0.40  0.29
       6 30  86.2  58.3  69.0  62.4  58.1        16.4 117.3   4.9 604.5  0.29  0.22
       7  1  84.3  58.4  66.3  73.1  60.8        21.1 141.6   5.9 572.4  0.28  0.21
       7  2  93.8  56.9  68.5  66.1  59.7        26.1 126.2   5.3 683.1  0.36  0.27
       7  3  81.5  59.1  68.4  65.0  57.9        27.1 139.7   5.8 490.6  0.25  0.19
       7  4  84.2  53.7  61.6  74.1  60.1        26.4 119.1   5.0 490.4  0.25  0.18
       7  5  96.5  54.0  73.6  57.7  55.1        23.9 127.7   5.3 632.0  0.35  0.26
       7  6  78.7  60.3  63.0  70.4  59.8  0.06  19.6 132.3   5.5 267.1  0.18  0.13
       7  7  87.3  52.3  66.3  66.5  57.9        25.3 128.1   5.3 570.0  0.28  0.21
       7  8  81.6  62.5  64.2  79.1  62.4        19.6 102.9   4.3 381.1  0.20  0.15
       7  9  82.7  57.9  62.9  81.0  61.9        25.0 109.5   4.6 477.5  0.22  0.17
       7 10  85.9  54.6  67.4  71.9  59.9        18.2 124.7   5.2 587.2  0.26  0.20
       7 11  93.7  55.9  70.4  55.8  56.2        27.5 122.5   5.1 621.1  0.34  0.25
       7 12  97.1  57.7  73.5  43.5  52.1        19.6 129.7   5.4 702.7  0.40  0.29
       7 13  98.7  54.8  74.8  37.9  48.2        23.5 104.9   4.4 683.4  0.38  0.28
       7 14  96.4  54.9  69.6  40.1  49.1        56.8 126.4   5.3 518.3  0.39  0.28
       7 15  89.8  58.4  59.6  55.4  54.3  0.07  30.4 157.9   6.6 545.1  0.41  0.29
       7 16  88.2  52.7  69.3  68.6  58.5        13.5 109.2   4.5 664.4  0.29  0.22
       7 17  95.8  57.3  71.1  52.0  54.5        18.2 118.2   4.9 698.5  0.38  0.28
       7 18 101.5  56.4  72.6  44.6  52.7        19.2 110.4   4.6 682.2  0.40  0.30
       7 19 101.0  56.1  74.4  42.9  54.5        19.2 108.2   4.5 654.9  0.38  0.28
       7 20 103.2  63.1  75.6  33.8  48.0        20.0 138.4   5.8 711.1  0.48  0.36
       7 21  92.5  64.3  66.9  57.3  57.6        32.9 205.7   8.6 369.0  0.40  0.29
       7 22  75.1  60.3  63.5  89.1  63.1  0.01  16.0 109.4   4.6 272.9  0.14  0.11
       7 23  80.1  59.6  66.7  85.0  62.9        20.3 109.1   4.5 368.1  0.17  0.13
       7 24  78.9  62.5  63.6  90.7  65.0  0.02  16.4 107.1   4.5 388.6  0.17  0.13
       7 25  83.5  61.3  64.4  90.6  64.7  0.14  22.8  99.1   4.1 337.3  0.17  0.13
       7 26  85.9  59.4  65.8  75.8  62.0        16.4 102.7   4.3 636.2  0.27  0.21
       7 27  86.8  57.9  68.1  65.1  58.4        17.8 104.5   4.4 629.7  0.28  0.21
       7 28  88.6  58.1  65.4  60.4  56.6        18.2 119.6   5.0 573.9  0.31  0.23
       7 29  86.8  61.9  64.9  79.0  62.3  0.29  23.9 125.5   5.2 442.5  0.25  0.19
       7 30  71.0  58.7  60.0  98.4  62.4  0.39  21.1 133.0   5.5 210.3  0.10  0.07
       7 31  78.9  58.0  63.2  87.0  62.2        15.3 141.3   5.9 481.8  0.20  0.15
       8  1  82.4  60.2  64.9  81.8  61.1        33.6 127.5   5.3 346.0  0.19  0.14
       8  2  85.6  54.0  65.5  60.3  52.9  0.01  23.2 135.2   5.6 534.2  0.28  0.21
       8  3  76.6  57.4  59.3  79.9  58.7        25.0 119.0   5.0 357.9  0.18  0.14
       8  4  70.2  58.2  60.2  91.4  59.8  0.14  22.8 109.4   4.6 221.7  0.10  0.08
       8  5  79.0  55.1  61.7  81.3  58.9  0.01  16.0  75.7   3.2 533.5  0.20  0.15
       8  6  84.3  54.1  64.1  73.0  58.2        14.2  96.6   4.0 630.6  0.25  0.19
       8  7  87.2  53.9  66.6  68.6  57.8        16.7  91.0   3.8 632.1  0.26  0.20
       8  8  96.2  54.8  69.4  59.4  55.9        42.9 128.7   5.4 448.2  0.31  0.24
       8  9  85.8  59.3  61.7  71.0  59.2  0.01  22.8  98.1   4.1 425.2  0.24  0.18
       8 10  81.0  55.7  64.6  79.1  59.3  0.01  16.0 111.3   4.6 330.6  0.17  0.13
       8 11  85.7  57.1  64.1  67.0  57.1        21.1 116.7   4.9 516.1  0.26  0.20
       8 12  89.3  53.3  65.6  55.1  51.0        22.1 148.9   6.2 611.1  0.34  0.26
       8 13  91.1  53.1  65.0  53.5  51.5        17.1  96.1   4.0 589.9  0.30  0.23
       8 14  89.0  54.9  65.5  59.7  53.7        25.0 127.9   5.3 420.4  0.27  0.21
       8 15  85.2  52.8  67.6  69.7  57.5        20.0 117.4   4.9 467.2  0.22  0.17
       8 16  89.7  54.7  62.3  60.9  55.0        25.3 114.4   4.8 478.0  0.28  0.22
       8 17  92.9  53.7  68.6  58.1  55.1        26.4 130.3   5.4 576.3  0.31  0.24
       8 18  93.1  58.2  67.9  58.1  56.1        23.9 122.5   5.1 473.8  0.29  0.23
       8 19  89.9  56.0  66.8  65.8  57.6        19.6 116.5   4.9 493.5  0.26  0.21
       8 20  84.9  60.7  67.6  65.4  58.7        21.8 112.4   4.7 499.7  0.24  0.19
       8 21  89.3  56.3  63.8  70.7  58.9        31.4 131.8   5.5 503.7  0.28  0.22
       8 22  90.8  52.9  67.8  62.0  56.1        17.5 103.8   4.3 522.2  0.26  0.21
       8 23  94.8  57.0  67.3  53.1  54.7        22.8 132.3   5.5 561.6  0.34  0.27
       8 24  94.2  61.0  64.5  58.5  56.4        33.2 108.9   4.5 432.8  0.30  0.23
       8 25  82.1  54.7  64.7  72.6  58.2        20.0 129.6   5.4 362.9  0.19  0.15
       8 26  90.8  57.9  71.4  62.6  58.1        16.0  92.6   3.9 540.1  0.24  0.20
       8 27  87.1  55.2  57.4  53.2  52.5        23.2 133.9   5.6 439.9  0.30  0.23
       8 28  87.4  49.8  62.5  45.7  44.5        17.8  94.2   3.9 593.5  0.28  0.23
       8 29  92.0  48.7  65.1  47.0  46.5        15.0  91.9   3.8 557.2  0.28  0.22
       8 30  97.3  53.7  70.6  43.2  47.3        14.2 101.5   4.2 550.5  0.29  0.24
       8 31  85.7  60.4  62.9  56.9  54.4  0.07  26.1 151.9   6.3 386.8  0.28  0.22
       9  1  80.9  56.1  57.8  69.3  54.6  0.13  21.4 126.5   5.3 419.7  0.23  0.18
       9  2  90.2  48.9  65.0  58.8  51.1        12.8  98.7   4.1 570.5  0.26  0.22
       9  3  93.6  53.7  64.6  42.7  46.7        13.5  75.0   3.1 563.9  0.27  0.22
       9  4  95.3  50.1  67.0  47.9  48.6        22.1 120.2   5.0 572.5  0.31  0.26
       9  5  96.9  54.1  66.6  51.5  51.9        13.2  98.3   4.1 548.4  0.30  0.25
       9  6  96.0  55.1  70.2  46.7  50.3        17.1 108.6   4.5 545.8  0.29  0.24
       9  7  83.1  57.0  63.6  77.8  60.5        16.4  91.0   3.8 456.2  0.19  0.16
       9  8  88.6  55.8  69.0  75.7  60.3        12.8  93.1   3.9 470.8  0.20  0.17
       9  9  92.4  54.8  65.4  55.3  53.4        19.2 101.2   4.2 514.8  0.27  0.23
       9 10  92.6  54.7  70.3  48.3  50.5        20.7 146.7   6.1 511.2  0.30  0.25
       9 11  91.0  56.6  68.9  45.1  50.6        20.3 153.5   6.4 505.8  0.31  0.26
       9 12  83.9  57.7  60.5  66.6  55.7        23.9 122.7   5.1 327.1  0.22  0.18
       9 13  78.4  50.0  54.9  78.7  54.1        23.2  97.2   4.0 317.5  0.17  0.14
       9 14  79.5  50.6  57.8  70.0  51.5        16.4 105.1   4.4 341.6  0.18  0.15
       9 15  80.1  46.0  55.3  69.6  51.0        22.8 100.5   4.2 506.4  0.20  0.17
       9 16  83.2  48.1  59.5  64.7  50.6        16.4 119.1   5.0 470.2  0.21  0.17
       9 17  88.5  47.4  60.9  52.7  47.1        16.4  79.1   3.3 497.8  0.21  0.18
       9 18  90.1  47.3  63.8  45.9  45.4        20.3  96.2   4.0 500.2  0.23  0.20
       9 19  84.5  53.9  59.5  39.2  40.7        27.8 187.8   7.8 483.0  0.34  0.28
       9 20  75.1  50.2  53.6  71.7  50.3  0.27  31.4 189.1   7.9 324.0  0.21  0.16
       9 21  52.4  44.7  45.2  99.5  47.5  0.10  17.1 168.1   7.0 125.5  0.06  0.04
       9 22  62.1  44.1  49.5  93.0  49.2        11.0 107.0   4.5 247.5  0.08  0.07
       9 23  72.4  47.6  57.1  84.7  52.5         9.9  65.4   2.7 236.6  0.07  0.06
       9 24  81.1  46.1  58.4  72.3  51.7        16.0 104.9   4.4 456.1  0.17  0.14
       9 25  87.5  44.0  72.8  55.2  47.2        29.3 141.2   5.9 470.0  0.19  0.17
       9 26  79.0  49.2  56.0  43.9  41.3        27.8 144.6   6.0 474.1  0.26  0.21
       9 27  78.0  46.3  53.7  59.5  45.8        15.3 115.4   4.8 463.1  0.21  0.18
       9 28  86.4  43.8  60.9  53.0  43.7        17.5 110.9   4.6 481.3  0.23  0.20
       9 29  84.0  50.9  55.9  53.1  45.5        22.8 144.1   6.0 389.6  0.25  0.21
       9 30  66.5  48.9  54.1  69.1  47.1        25.0 200.3   8.3 394.0  0.17  0.13
      10  1  54.3  41.5  42.4  85.8  44.1  0.01  17.8 172.3   7.2  85.2  0.07  0.05
      10  2  54.1  40.9  44.7  99.3  45.8  0.19  13.5  95.5   4.0 153.3  0.05  0.04
      10  3  50.9  42.2  44.0  98.7  45.2  0.05  17.8 122.0   5.1  85.3  0.03  0.02
      10  4  56.8  41.5  43.7  80.7  40.6  0.27  41.8 225.7   9.4 213.2  0.11  0.08
      10  5  52.0  37.0  38.9  54.6  29.1        31.4 228.0   9.5 190.4  0.14  0.10
      10  6  65.1  30.2  41.2  60.4  32.2        16.4 104.2   4.3 442.3  0.14  0.12
      10  7  70.5  33.7  47.5  65.1  37.5        16.0  88.3   3.7 424.5  0.13  0.11
      10  8  76.5  38.1  49.6  61.9  41.6        15.3  95.7   4.0 350.3  0.13  0.12
      10  9  77.3  43.8  53.5  43.4  35.9        19.2 118.9   5.0 410.9  0.18  0.16
      10 10  71.7  37.9  56.5  57.5  39.1        18.2 113.1   4.7 388.3  0.13  0.11
      10 11  66.3  39.9  43.6  37.4  27.4        26.8 203.6   8.5 407.7  0.25  0.19
      10 12  64.0  34.4  40.7  66.1  34.2        10.7  92.3   3.8 223.1  0.12  0.10
      10 13  71.1  31.9  58.6  59.5  37.0        15.3 100.6   4.2 301.0  0.09  0.08
      10 14  74.9  43.0  50.5  54.0  40.7        19.2 155.1   6.5 386.0  0.19  0.16
      10 15  68.1  46.2  50.0  75.4  46.8        14.2  86.1   3.6 333.9  0.10  0.09
      10 16  54.3  40.1  41.8  94.7  45.8  0.59  24.6 177.4   7.4 122.9  0.06  0.04
      10 17  52.2  33.5  35.2  65.7  32.0        33.9 269.5  11.2 222.4  0.15  0.10
      10 18  61.1  27.2  38.2  69.4  32.3        13.2  86.4   3.6 383.1  0.11  0.09
      10 19  58.1  32.3  44.5  74.1  36.6        13.9 105.2   4.4 364.7  0.08  0.07
      10 20  50.5  32.0  33.8  78.6  36.3        14.2 125.6   5.2 105.2  0.05  0.04
      10 21  58.5  26.7  39.2  80.8  36.2        15.3  92.0   3.8 348.9  0.08  0.07
      10 22  65.9  32.6  45.1  74.7  39.0        11.7 100.0   4.2 332.6  0.09  0.08
      10 23  69.3  40.8  45.4  69.3  41.7        19.6 100.5   4.2 320.5  0.10  0.09
      10 24  67.9  32.5  42.6  70.1  37.8  0.01  12.8  89.2   3.7 347.3  0.11  0.09
      10 25  64.3  38.2  49.3  69.4  39.1        12.5 100.4   4.2 189.6  0.07  0.07
      10 26  64.0  43.8  45.6  77.9  46.1        12.8  98.4   4.1 212.8  0.07  0.06
      10 27  55.1  41.8  50.7  98.2  49.3  0.46  21.8 102.6   4.3  64.1            
      10 28  54.2  46.1  49.7  82.7  44.7  0.19  22.1 115.4   4.8  59.3  0.03  0.03
      10 29  61.2  37.3  42.0  67.2  39.1        15.0 130.9   5.5 294.1  0.11  0.09
      10 30  42.6  36.6  37.7  99.9  39.9  0.11  16.7 138.1   5.8  31.0  0.02  0.01
      10 31  38.4  34.3  36.8  99.8  36.6  0.02  15.0 114.1   4.8  55.7  0.02  0.01
      11  1  43.0  34.3  39.6  99.0  38.5        13.5  86.0   3.6  82.8            
      11  2  39.9  32.4  33.1 100.0  35.8  0.16  14.6 115.3   4.8  55.5            
      11  3  38.7  30.4  31.7  95.9  33.5         8.9  64.1   2.7  96.4            
      11  4  44.0  27.0  32.1  93.2  33.8  0.01  15.0  89.6   3.7 182.4            
      11  5  36.9  30.7  34.0  98.7  33.3         8.5  60.5   2.5  83.7            
      11  6  48.0  33.1  36.9  92.5  36.8        17.1 124.8   5.2 216.2            
      11  7  41.4  26.0  27.3  96.8  32.9  0.59  13.2  73.5   3.1 201.3            
      11  8  35.5  24.0  33.0  98.2  30.2        17.5  80.9   3.4 178.1            
      11  9  34.9  19.9  21.9  85.4  26.4        29.3 267.9  11.2 120.1            
      11 10  39.2  18.8  24.7  50.6  13.9        38.2 289.4  12.1 254.6            
      11 11  46.3  17.3  31.3  69.5  21.4        11.0  96.5   4.0 280.9            
      11 12  52.4  21.7  29.6  77.2  28.0        19.6 102.3   4.3 285.6            
      11 13  62.8  23.2  41.6  67.3  31.3        11.7  93.5   3.9 269.6            
      11 14  64.7  33.4  37.0  64.9  34.6        15.0 110.2   4.6 271.4            
      11 15  73.4  29.9  52.5  57.9  32.0        31.8 143.3   6.0 212.8            
      11 16  61.3  32.4  38.1  61.7  32.7        21.8 117.4   4.9 240.0            
      11 17  56.1  33.2  47.8  68.7  32.1        29.6 143.0   6.0 211.2            
      11 18  55.5  31.0  32.4  44.7  23.5        35.7 253.4  10.6 279.1            
      11 19  47.2  26.8  29.8  81.3  29.5  0.05  16.0  99.5   4.1 208.9            
      11 20  48.8  18.2  25.1  77.0  24.3        10.3  79.1   3.3 223.7            
      11 21  64.2  21.8  37.7  69.1  28.5        28.6  99.2   4.1 160.0            
      11 22  73.0  33.8  54.7  45.0  29.1        33.2 163.6   6.8 214.6            
      11 23  58.6  30.7  32.9  53.0  26.2        28.9 167.0   7.0 204.6            
      11 24  69.4  24.9  44.4  52.0  25.1        38.2 276.6  11.5 219.6            
      11 25  49.5  28.9  35.4  60.3  26.8        14.6 110.3   4.6 101.8            
      11 26  68.9  24.9  39.7  63.6  31.6        13.5  96.4   4.0 212.7            
      11 27  70.6  28.9  41.8  60.9  33.5        12.5  91.1   3.8 209.0            
      11 28  59.8  34.2  39.8  68.0  33.1        18.9  88.2   3.7  83.6            
      11 29  64.1  31.8  36.0  65.6  32.2        29.6 128.9   5.4 141.3            
      11 30  66.2  23.9  35.1  64.0  29.2        19.2 123.8   5.2 210.3            
      12  1  67.6  28.6  40.7  57.8  29.2        13.5  90.1   3.8 203.7            
      12  2  65.3  29.1  37.7  60.5  30.1        19.2 120.5   5.0 202.6            
      12  3  64.0  30.6  34.5  58.1  28.4        17.8 110.4   4.6 201.5            
      12  4  59.7  23.9  38.7  66.3  28.8        12.1 104.1   4.3 178.4            
      12  5  41.2  20.9  26.4  79.5  23.9        19.2 171.1   7.1 140.8            
      12  6  34.6  18.9  20.4  87.1  22.9  0.02  11.4  84.8   3.5 157.3            
      12  7  36.2  14.1  16.9  63.7  13.0        13.2 101.5   4.2 203.0            
      12  8  30.9  10.1  29.1  79.4  17.8        12.5  71.9   3.0  62.6            
      12  9  31.4  16.8  19.5  93.2  25.1        21.4 171.5   7.1  78.3            
      12 10  24.5   7.2  10.7  97.0  14.1  0.11   9.2  76.3   3.2 212.5            
      12 11  41.2   4.4  22.7  86.5  18.1  0.01   8.2  63.9   2.7 201.7            
      12 12  42.6  15.6  27.1  80.0  22.9        11.4  77.7   3.2 156.1            
      12 13  49.5  13.8  27.4  74.0  22.2         9.6  69.9   2.9 213.3            
      12 14  58.8  24.5  34.0  65.4  25.6        15.0  93.5   3.9 214.5            
      12 15  43.0  23.7  29.3  73.8  26.0        10.3  78.1   3.3 204.2            
      12 16  44.0  22.7  24.9  82.0  27.0        17.1 138.8   5.8 192.2            
      12 17  58.7  19.9  52.0  67.0  27.3        24.6 122.2   5.1 205.2            
      12 18  53.6   5.2   6.0  78.5  21.3        31.1 220.6   9.2 103.7            
      12 19   6.2  -2.0  -1.2  87.6  -0.8        15.3 169.2   7.0 146.7            
      12 20   0.4  -3.5  -3.1  91.7  -3.5        12.1 131.1   5.5 103.8            
      12 21   4.6 -15.8 -14.0  92.8  -6.1         9.2  92.3   3.8 235.5            
      12 22   9.4 -19.0  -3.1  92.2  -5.7        11.0  92.9   3.9 225.1            
      12 23   9.2 -10.9  -6.5  93.4  -3.0        13.9  93.8   3.9 227.7            
      12 24  18.0 -16.1   7.0  92.3   1.8  0.08  13.5  86.4   3.6 191.7            
      12 25  38.9   0.5  18.0  78.0  13.4  0.11  15.7 106.6   4.4 213.7            
      12 26  48.6  12.8  37.2  66.8  20.9        27.8 137.9   5.7 124.6            
      12 27  43.6  17.0  19.4  57.3  19.6        28.2 148.6   6.2 195.8            
      12 28  49.3  16.9  42.2  56.0  26.1        43.9 279.5  11.6 175.2            
      12 29  46.1  24.7  27.3  76.6  30.1        23.2 159.1   6.6 182.8            
      12 30  57.9  25.8  32.8  71.6  32.0        43.6 275.0  11.5 221.5            
      12 31  36.2  26.2  31.3  94.5  30.5         9.6  74.4   3.1 108.2            

      Total                                9.86                         51.04 39.93
        Max 103.2  64.3  75.6 100.0  65.0        56.8 470.1  19.6 744.4
        Min   0.4 -19.0 -14.0  28.8  -6.1         8.2  60.5   2.5  31.0
        Ave  64.1  35.6  44.9  67.5  36.8        21.5 138.0   5.7 380.1
