                                                                    07-JUN-99
      Telephone-linked Weather Station nr  WINDSOR, Colorado             1996
      -----------------------------------------------------------------------
               Temperature      Rel   Dew             Wind        Solar Alflf
            ----------------- Humid Point  Prec -----------------   Rad   ETR
       Date   Max   Min   Ave   Ave   Ave Total   Max Total   Ave Total Total
      MoDay     F     F     F     %     F  inch   mph miles   mph Langl  inch
      ----- ----- ----- ----- ----- ----- ----- ----- ----- ----- ----- -----
       1  1   0.0  33.5  17.6  19.4   3.5 18.80   0.0  29.3   1.2 207.9      
       1  2   0.0  25.3  12.0  19.9   2.5 10.90   0.0  21.4   0.9 178.2      
       1  3   0.0  55.6  13.9  40.2   3.8 20.20   0.0  48.6   2.0 227.9      
       1  4   0.0  44.2   7.8   8.5   3.3 17.40   0.0  22.5   0.9 185.4      
       1  5   0.0  14.1  -5.4  -3.8   1.9  4.50   0.1   8.5   0.4  64.1      
       1  6   0.0  22.6 -13.4  11.8   1.7  1.90   0.0   9.6   0.4  51.8      
       1  7   0.0  36.0   7.4  21.3   2.9 14.30   0.0  13.2   0.6  70.1      
       1  8   0.0  60.3  15.0  35.8   4.0 21.80   0.0  22.1   0.9 119.9      
       1  9   0.0  48.6  24.1  29.1   4.7 25.60   0.0  13.9   0.6  84.2      
       1 10   0.0  53.5  22.6  26.0   4.7 25.30   0.0  48.2   2.0 211.5      
       1 11   0.0  49.1  17.3  29.0   4.3 23.50   0.0  12.5   0.5  90.8      
       1 12   0.0  65.3  19.7  33.2   4.1 22.10   0.0  14.2   0.6  99.2      
       1 13   0.0  72.8  23.4  37.1   3.9 21.40   0.0  14.2   0.6 114.9      
       1 14   0.0  60.3  19.3  29.6   3.6 19.00   0.0  15.7   0.7 101.4      
       1 15   0.0  64.8  20.2  54.4   3.4 17.90   0.0  41.1   1.7 171.1      
       1 16   0.0  60.2  30.3  32.8   3.9 21.00   0.0  36.4   1.5 250.6      
       1 17   0.0  42.2   9.5  11.5   2.5 11.30   0.0  46.8   1.9 462.7      
       1 18   0.0  21.1  -1.0  10.2   1.4         0.0  32.9   1.4 205.2      
       1 19   0.0  47.8   3.1  24.2   2.0  6.50   0.0  25.7   1.1 147.9      
       1 20   0.0  44.2  18.8  25.6   2.0  6.50   0.0  39.6   1.6 219.8      
       1 21   0.0  54.0  16.5  37.0   2.4 10.40   0.0  32.1   1.3 202.2      
       1 22   0.0  40.6   5.5   7.7   2.8 13.60   0.0  17.1   0.7 131.4      
       1 23   0.0  33.0  -3.7  19.3   1.9  4.60   0.1  33.9   1.4 176.3      
       1 24   0.0  45.3   6.3  29.6   2.6 11.80   0.0  33.6   1.4 211.6      
       1 25   0.0  33.3  -7.0  -3.1   2.4  9.60   0.0  17.8   0.7 171.5      
       1 26   0.0  25.4 -14.8   9.7   1.4         0.1  22.1   0.9 102.8      
       1 27   0.0  27.9  -4.8  12.1   1.8  3.80   0.0  16.4   0.7 103.8      
       1 28   0.0  44.0   7.4  15.0   2.7 12.80   0.0  47.5   2.0 214.4      
       1 29   0.0  31.5   5.6   6.6   2.2  8.00   0.0  17.5   0.7 135.1      
       1 30   0.0   6.6  -1.8   2.8   1.4         0.0  12.1   0.5 106.1      
       1 31   0.0  14.1  -3.2   0.1   1.7  2.70   0.1   9.6   0.4  55.1      
       2  1   0.0  13.5 -14.1  -7.9   1.0         0.1  18.9   0.8 102.2      
       2  2   0.0   3.5 -18.5 -16.9   0.8         0.0   9.6   0.4  69.1      
       2  3   0.0  14.3 -22.9  -9.1   0.9         0.0  11.4   0.5  84.5      
       2  4   0.0  42.7 -11.4  35.9   2.0  6.30   0.0  22.1   0.9 101.2      
       2  5   0.0  45.0  22.2  32.2   4.5 24.70   0.0  12.5   0.5  96.3      
       2  6   0.0  54.4  23.0  37.0   4.9 26.70   0.0  18.5   0.8 120.3      
       2  7   0.0  57.7  29.8  41.4   5.7 30.20   0.0  13.5   0.6 111.7      
       2  8   0.0  60.2  30.8  36.8   6.3 32.70   0.0  17.1   0.7 104.4      
       2  9   0.0  68.6  28.1  44.6   5.3 28.60   0.0  14.2   0.6 103.7      
       2 10   0.0  56.0  20.5  22.9   4.2 22.80   0.0  23.5   1.0 164.0      
       2 11   0.0  52.2  14.5  25.0   3.4 18.00   0.0  11.7   0.5 106.2      
       2 12   0.0  58.8  20.1  28.9   3.0 15.10   0.0  13.9   0.6 115.9      
       2 13   0.0  62.5  19.3  37.9   3.2 16.30   0.0  14.2   0.6 101.6      
       2 14   0.0  56.2  27.7  31.9   4.6 24.90   0.0  24.3   1.0 146.7      
       2 15   0.0  48.0  17.0  17.9   4.0 21.50   0.0  30.4   1.3 171.7      
       2 16   0.0  59.5  15.1  41.2   3.3 16.90   0.0  16.0   0.7  96.5      
       2 17   0.0  61.6  27.0  44.4   4.0 21.90   0.0  17.5   0.7 133.6      
       2 18   0.0  59.0  33.8  36.6   4.7 25.70   0.0  32.9   1.4 224.4      
       2 19   0.0  60.7  31.6  45.0   4.3 23.50   0.0  42.9   1.8 297.5      
       2 20   0.0  55.4  31.7  40.8   5.8 30.80   0.1  32.5   1.4 169.3      
       2 21   0.0  62.2  35.7  39.8   7.6 37.60   0.0  20.3   0.8 120.6      
       2 22   0.0  65.3  31.5  32.9   5.2 27.80   0.0  41.4   1.7 277.5      
       2 23   0.0  53.6  27.1  46.1   1.7  2.60   0.0  32.9   1.4 289.1      
       2 24   0.0  65.0  22.3  32.2   2.2  8.00   0.0  27.1   1.1 156.5      
       2 25   0.0  55.4  18.0  19.0   3.0 15.00   0.0  22.1   0.9 193.7      
       2 26   0.0  22.5  15.0  17.4   3.2 16.30   0.0  16.7   0.7 163.1      
       2 27   0.0  18.1   6.5   7.1   2.2  7.90   0.0  17.1   0.7 156.7      
       2 28   0.0  16.9  -0.1  10.6   1.8  3.30   0.0  11.0   0.5  98.3      
       2 29   0.0  40.4   3.4  21.8   2.1  6.90   0.0  27.1   1.1 122.2      
       3  1   0.0  46.4  21.3  37.3   2.3  9.00   0.0  51.1   2.1 297.5      
       3  2   0.0  52.2  24.6  26.2   2.7 12.50   0.0  27.8   1.2 197.8      
       3  3   0.0  59.3  13.9  34.7   2.8 13.90   0.0  15.7   0.7 113.1      
       3  4   0.0  61.9  26.2  29.6   3.6 19.50   0.0  26.8   1.1 115.8      
       3  5   0.0  47.6  14.5  15.6   3.7 19.90   0.0  26.1   1.1 164.9      
       3  6   0.0  23.7   7.1  11.9   2.0  5.60   0.0  16.7   0.7 147.6      
       3  7   0.0  30.6   6.9  14.2   2.2  8.40   0.0  20.0   0.8 164.5      
       3  8   0.0  38.7   8.5  25.5   3.1 16.00   0.0  14.6   0.6 111.7      
       3  9   0.0  63.6  17.5  35.5   3.9 21.00   0.0  13.5   0.6 101.7      
       3 10   0.0  71.4  24.7  43.3   4.1 22.10   0.0  13.2   0.6 111.9      
       3 11   0.0  70.1  28.7  45.2   4.1 22.30   0.0  24.3   1.0 127.4      
       3 12   0.0  61.2  32.1  34.5   5.5 29.50   0.0  26.1   1.1 144.6      
       3 13   0.0  60.7  28.0  32.4   6.4 33.10   0.6  35.7   1.5 193.6      
       3 14   0.0  41.8  27.3  30.2   6.6 34.00   0.8  15.0   0.6 116.7      
       3 15   0.0  53.2  26.6  39.1   6.3 32.70   0.0  16.4   0.7 139.7      
       3 16   0.0  51.2  33.2  34.2   5.5 29.30   0.0  32.9   1.4 226.4      
       3 17   0.0  44.9  28.7  30.5   5.1 27.70   0.0  35.0   1.5 232.7      
       3 18   0.0  41.5 -99.9  30.9   3.7 19.70   0.4  41.8   1.7 323.5      
       3 19   0.0  46.6  22.4  25.2   3.1 16.10   0.0  32.1   1.3 280.2      
       3 20   0.0  57.6  17.6  36.2   3.8 20.70   0.0  16.7   0.7 106.3      
       3 21   0.0  56.5  28.2  33.4   5.3 28.40   0.0  25.7   1.1 170.2      
       3 22   0.0  58.8  26.7  38.5   5.1 27.80   0.0  11.4   0.5 113.7      
       3 23   0.0  57.1  19.1  20.0   5.4 28.90   0.0  40.4   1.7 314.7      
       3 24   0.0  20.8   4.3   5.7   2.2  8.10   0.0  41.4   1.7 489.0      
       3 25   0.0  22.6  -3.5  12.8   1.9  4.30   0.0  15.0   0.6 142.2      
       3 26   0.0  46.7   6.5  27.1   3.0 14.80   0.0   9.6   0.4  91.6      
       3 27   0.0  58.1  22.6  35.1   4.2 22.60   0.0  16.7   0.7 106.3      
       3 28   0.0  64.9  29.0  38.3   5.3 28.70   0.0  22.1   0.9 164.4      
       3 29   0.0  53.3  30.9  36.5   6.8 34.50   0.0  24.6   1.0 143.0      
       3 30   0.0  55.3  28.3  38.5   5.4 28.90   0.0  16.4   0.7 134.1      
       3 31   0.0  65.1  26.5  42.1   4.7 25.70   0.0  16.4   0.7 134.1      
       4  1   0.0  74.2  26.9  41.8   4.8 26.10   0.0  25.0   1.0 143.4      
       4  2   0.0  76.2  31.7  49.8   4.6 25.10   0.0  28.6   1.2 211.6      
       4  3   0.0  55.6  34.5  35.6   5.5 29.50   0.0  36.4   1.5 347.7      
       4  4   0.0  43.6  29.6  30.4   6.2 32.50   0.1  15.7   0.7 164.7      
       4  5   0.0  51.6  26.5  34.5   6.0 31.70   0.2  15.3   0.6 133.3      
       4  6   0.0  67.5  26.7  53.6   5.4 29.20   0.0  21.1   0.9 121.5      
       4  7   0.0  66.1  44.5  47.3   7.8 38.10   0.0  35.3   1.5 178.7      
       4  8   0.0  75.7  38.9  47.3   7.8 38.10   0.0  26.1   1.1 129.1      
       4  9   0.0  78.3  37.6  53.1   6.8 34.80   0.0  14.2   0.6 103.6      
       4 10   0.0  82.6  39.2  50.8   6.9 34.90   0.0  22.8   0.9 120.4      
       4 11   0.0  58.1  35.6  37.0   8.2 39.40   0.3  37.9   1.6 229.5      
       4 12   0.0  62.3  31.5  45.0   7.0 35.30   0.0  23.9   1.0 180.2      
       4 13   0.0  44.9  30.7  36.4   6.3 32.70   0.2  39.6   1.6 294.6      
       4 14   0.0  49.7  30.2  33.7   4.5 24.50   0.0  43.2   1.8 410.3      
       4 15   0.0  62.8  25.6  41.2   4.4 24.20   0.0  23.9   1.0 134.6      
       4 16   0.0  75.4  30.7  52.7   5.2 28.20   0.0  25.3   1.1 140.8      
       4 17   0.0  68.2  37.1  44.2   4.6 25.00   0.0  39.3   1.6 342.4      
       4 18   0.0  65.5  30.8  41.0   4.5 24.40   0.0  36.4   1.5 232.8      
       4 19   0.0  52.2  27.4  34.9   3.2 16.40   0.0  46.1   1.9 348.7      
       4 20   0.0  56.7  25.3  35.5   3.9 21.00   0.0  25.3   1.1 150.1      
       4 21   0.0  52.6  32.8  35.5   4.4 24.00   0.0  30.0   1.3 209.1      
       4 22   0.0  57.6  24.2  40.1   5.1 27.60   0.0  20.7   0.9  96.7      
       4 23   0.0  73.6  32.1  58.5   5.7 30.40   0.0  16.4   0.7 105.8      
       4 24   0.0  85.1  43.1  57.5   6.4 33.10   0.0  44.3   1.8 258.0      
       4 25   0.0  64.4  44.4  47.9   3.9 21.00   0.0  49.0   2.0 477.9      
       4 26   0.0  72.3  36.6  52.3   4.3 23.60   0.0  42.5   1.8 236.4      
       4 27   0.0  67.3  35.0  39.0   5.9 31.20   0.0  43.6   1.8 271.8      
       4 28   0.0  48.1  30.9  33.3   4.3 23.40   0.0  40.7   1.7 411.7      
       4 29   0.0  59.8  20.6  46.6   3.6 19.40   0.0  21.4   0.9 163.6      
       4 30   0.0  56.2  34.2  41.9   7.0 35.40   0.0  31.8   1.3 170.3      
       5  1   0.0  66.6  37.3  48.6   7.4 36.90   0.0  22.5   0.9 131.5      
       5  2   0.0  74.0  41.7  49.5   6.8 34.50   0.0  34.3   1.4 222.3      
       5  3   0.0  73.1  40.1  50.5   6.9 35.20   0.0  21.4   0.9 181.7      
       5  4   0.0  75.8  38.8  46.9   7.4 36.80   0.0  28.6   1.2 165.9      
       5  5   0.0  69.9  37.5  51.5   7.3 36.30   0.0  27.8   1.2 197.5      
       5  6   0.0  73.1  42.6  49.7   0.2 45.10   0.0  16.7   0.7 175.8      
       5  7   0.0  64.5  46.1  53.2   2.1 49.60   0.0  13.5   0.6 122.2      
       5  8   0.0  79.8  38.5  52.9   9.6 43.50   0.0  31.4   1.3 176.4      
       5  9   0.0  61.8  41.8  42.9   1.5 48.30   0.2  27.5   1.1 179.8      
       5 10   0.0  61.7  36.4  49.2   9.9 44.20   0.0  19.2   0.8 140.9      
       5 11   0.0  77.9  45.3  57.0   0.2 45.20   0.0  20.0   0.8 142.1      
       5 12   0.0  74.6  43.1  50.8   0.8 46.60   0.0  23.5   1.0 193.5      
       5 13   0.0  81.1  42.3  59.3   0.8 46.70   0.0  17.1   0.7 112.0      
       5 14   0.0  86.6  45.1  63.9   9.0 41.80   0.0  32.9   1.4 130.8      
       5 15   0.0  89.2  51.8  65.5   9.5 43.30   0.0  21.4   0.9 151.0      
       5 16   0.0  92.8  54.9  73.7   1.1 47.40   0.0  27.1   1.1 165.3      
       5 17   0.0  83.3  59.4  61.5   7.0 35.40   0.0  36.4   1.5 191.8      
       5 18   0.0  91.4  48.8  55.0   7.7 37.80   0.0  43.9   1.8 222.2      
       5 19   0.0  76.4  41.4  48.9   8.4 40.10   0.0  30.4   1.3 240.6      
       5 20   0.0  68.7  43.3  48.9   8.3 39.70   0.0  26.4   1.1 163.3      
       5 21   0.0  75.6  41.3  62.5  10.0 44.50   0.0  16.7   0.7 113.0      
       5 22   0.0  83.5  49.7  58.5   0.6 46.10   0.0  25.7   1.1 154.3      
       5 23   0.0  64.0  47.8  50.9   2.9 51.30   0.3  24.6   1.0 193.6      
       5 24   0.0  54.4  46.9  48.2   2.6 50.60   0.3  16.0   0.7 196.1      
       5 25   0.0  50.0  44.6  47.6   1.4 48.00   0.7  14.2   0.6 128.1      
       5 26   0.0  50.1  42.7  43.9   0.1 44.90   1.0  20.7   0.9 194.6      
       5 27   0.0  56.0  42.3  44.0   9.3 42.60   0.0  33.6   1.4 241.0      
       5 28   0.0  47.8  38.3  44.7   8.8 41.20   0.0  14.2   0.6 130.1      
       5 29   0.0  70.6  41.7  54.2   2.0 49.40   0.0  37.9   1.6 129.6      
       5 30   0.0  74.4  48.3  57.0   3.8 53.10   0.0  24.6   1.0 159.0      
       5 31   0.0  75.1  41.9  53.7   0.3 45.30   0.0  23.2   1.0 118.8      
       6  1   0.0  75.2  44.4  59.1   9.2 42.50   0.1  23.2   1.0 115.5      
       6  2   0.0  76.8  44.0  58.4   8.1 39.20   0.0  18.9   0.8 124.6      
       6  3   0.0  79.5  47.0  58.0   0.3 45.30   0.0  16.7   0.7  93.6      
       6  4   0.0  83.5  48.8  67.2   1.1 47.30   0.0  26.4   1.1 158.1      
       6  5   0.0  87.3  51.3  61.6   1.3 47.80   0.0  24.6   1.0 171.1      
       6  6   0.0  75.6  50.7  53.9   9.0 41.90   0.0  43.2   1.8 249.4      
       6  7   0.0  77.7  43.1  56.3   9.8 43.90   0.0  16.0   0.7 102.1      
       6  8   0.0  88.6  44.9  68.1  10.0 44.50   0.0  23.9   1.0 121.5      
       6  9   0.0  87.4  52.7  69.1   1.1 47.30   0.0  47.9   2.0 161.4      
       6 10   0.0  89.0  51.5  61.7   1.8 49.00   0.0  44.7   1.9 127.7      
       6 11   0.0  88.9  52.7  58.7   1.4 48.00   0.0  45.0   1.9 127.0      
       6 12   0.0  82.1  52.7  59.4   2.7 50.90   0.0  19.6   0.8 172.6      
       6 13   0.0  84.9  51.9  61.4   3.9 53.30   0.0  15.3   0.6 107.8      
       6 14   0.0  85.5  50.8  62.1   4.0 53.60   0.0  28.9   1.2 129.7      
       6 15   0.0  67.9  56.6  58.1   6.0 57.30   0.3  21.1   0.9 171.0      
       6 16   0.0  81.8  50.5  61.2   4.4 54.40   0.0  28.2   1.2  99.7      
       6 17   0.0  87.8  51.3  63.5   4.0 53.50   0.0  39.6   1.6 126.6      
       6 18   0.0  92.6  56.7  68.8   1.8 49.00   0.0  20.0   0.8 139.1      
       6 19   0.0  89.7  53.9  61.8   0.5 45.80   0.0  21.8   0.9 181.6      
       6 20   0.0  81.3  52.3  66.5   6.5 58.10   0.0  24.6   1.0 128.1      
       6 21   0.0  78.8  54.7  56.1   5.9 57.00   0.5  28.2   1.2 166.4      
       6 22   0.0  78.7  55.3  63.9   6.4 58.00   0.0  28.9   1.2 161.0      
       6 23   0.0  81.7  49.6  64.4   3.1 51.70   0.0  22.5   0.9 141.9      
       6 24   0.0  87.1  52.5  68.1   6.9 58.80   0.0  39.6   1.6 172.7      
       6 25   0.0  88.9  53.8  61.9   3.4 52.40   0.0  23.9   1.0 160.4      
       6 26   0.0  91.7  53.0  62.9   4.7 54.90   0.0  41.4   1.7 154.6      
       6 27   0.0  84.3  56.9  66.9   7.3 59.40   0.0  15.7   0.7 118.4      
       6 28   0.0  85.0  57.4  59.2   6.9 58.80   0.5  27.5   1.1 106.4      
       6 29   0.0  82.2  52.0  65.5   4.4 54.30   0.0  21.1   0.9 113.3      
       6 30   0.0  87.1  53.5  64.2   4.6 54.60   0.0  18.5   0.8 127.4      
       7  1   0.0  93.9  53.9  70.1   4.0 53.50   0.0  14.2   0.6  95.9      
       7  2   0.0  96.9  57.8  75.5   3.1 51.80   0.0  14.2   0.6 121.3      
       7  3   0.0  97.2  57.3  69.8   3.2 52.00   0.0  28.2   1.2 108.1      
       7  4   0.0  95.2  58.7  71.8   4.9 55.40   0.0  27.8   1.2 133.8      
       7  5   0.0  93.7  61.8  65.4   5.9 57.00   0.0  41.1   1.7 162.5      
       7  6   0.0  86.4  56.1  60.3   7.5 59.70   0.2  38.6   1.6 160.2      
       7  7   0.0  88.5  55.2  71.7   8.1 60.70   0.0  14.2   0.6 111.2      
       7  8   0.0  72.5  60.7  61.8   3.9 53.30   0.0  20.3   0.8 172.0      
       7  9   0.0  68.9  55.3  56.8   8.7 61.60   0.4  21.4   0.9 155.5      
       7 10   0.0  81.8  55.0  65.1   7.7 60.10   0.0  27.5   1.1 139.1      
       7 11   0.0  88.3  56.1  65.2   6.4 57.90   0.0  22.8   0.9 169.6      
       7 12   0.0  78.6  59.5  61.0   8.7 61.70   0.0  18.9   0.8 119.6      
       7 13   0.0  81.8  56.1  58.5   8.8 61.70   0.2  38.9   1.6 133.1      
       7 14   0.0  80.0  50.4  62.5   4.0 53.50   0.0  23.9   1.0 117.7      
       7 15   0.0  89.3  53.3  68.6   5.4 56.20   0.0  22.8   0.9 128.5      
       7 16   0.0  88.8  60.1  66.8   6.6 58.20   0.0  29.3   1.2 151.5      
       7 17   0.0  93.0  59.5  70.6   6.4 57.90   0.0  28.2   1.2 173.7      
       7 18   0.0  81.0  57.1  64.7   7.2 59.20   0.0  14.6   0.6  91.8      
       7 19   0.0  91.1  56.0  68.0   7.5 59.70   0.0  28.2   1.2 126.1      
       7 20   0.0  94.2  58.1  73.4   3.9 53.40   0.0  41.1   1.7 133.9      
       7 21   0.0  93.9  57.2  70.2   0.4 45.70   0.0  20.3   0.8 159.5      
       7 22   0.0  83.4  51.1  65.1   4.3 54.10   0.0  24.3   1.0 185.3      
       7 23   0.0  85.6  55.8  60.3   6.6 58.30   0.9  38.9   1.6 159.8      
       7 24   0.0  78.3  54.1  63.8   5.4 56.20   0.0  17.5   0.7 159.0      
       7 25   0.0  80.3  55.8  58.5   7.5 59.70   0.0  24.3   1.0 132.5      
       7 26   0.0  82.2  52.3  62.0   5.1 55.60   0.0  26.8   1.1 136.2      
       7 27   0.0  86.9  52.6  64.7   4.8 55.10   0.0  39.3   1.6 121.6      
       7 28   0.0  86.0  58.7  62.9   7.5 59.70   0.5  32.5   1.4 165.3      
       7 29   0.0  73.1  59.7  62.2   8.6 61.40   0.3  18.9   0.8 129.6      
       7 30   0.0  81.7  58.5  63.8   8.8 61.80   0.1  19.6   0.8  93.4      
       7 31   0.0  82.8  57.1  64.0   8.9 61.90   0.0  26.4   1.1 142.9      
       8  1   0.0  86.7  55.0  65.9   7.9 60.40   0.0  16.7   0.7 102.0      
       8  2   0.0  89.3  60.2  67.6   7.6 59.90   0.0  40.4   1.7 163.0      
       8  3   0.0  85.8  55.9  64.1   5.9 57.00   0.0  32.9   1.4 152.4      
       8  4   0.0  89.2  53.3  62.3   3.8 53.30   0.0  21.8   0.9 171.3      
       8  5   0.0  89.5  51.8  62.9   1.9 49.10   0.0  20.7   0.9 135.8      
       8  6   0.0  89.6  51.1  62.2   2.0 49.30   0.1  23.9   1.0 187.4      
       8  7   0.0  80.8  47.1  59.5   1.4 48.00   0.0  16.0   0.7 122.6      
       8  8   0.0  86.8  52.2  66.4   5.0 55.50   0.0  24.6   1.0 149.5      
       8  9   0.0  87.7  55.4  61.6   5.1 55.70   0.0  45.4   1.9 135.2      
       8 10   0.0  88.6  53.7  63.3   3.2 52.00   0.0  42.5   1.8 128.6      
       8 11   0.0  90.7  52.7  66.2   2.4 50.20   0.0  15.3   0.6 113.6      
       8 12   0.0  98.6  52.6  68.5   1.5 48.20   0.0  14.6   0.6 113.9      
       8 13   0.0  94.0  55.2  64.9   1.7 48.70   0.0  20.7   0.9 121.0      
       8 14   0.0  80.2  59.2  61.7   6.9 58.70   0.0  30.0   1.3 131.2      
       8 15   0.0  85.7  50.8  62.1   7.2 59.20   0.2  28.9   1.2 126.7      
       8 16   0.0  85.7  53.4  63.5   3.6 52.80   0.0  18.9   0.8 145.9      
       8 17   0.0  87.6  50.3  64.3   4.0 53.60   0.0  15.0   0.6 121.9      
       8 18   0.0  88.7  54.8  59.8   6.0 57.20   0.0  28.9   1.2 143.8      
       8 19   0.0  74.0  56.7  58.5   4.8 55.00   0.0  18.9   0.8 121.7      
       8 20   0.0  88.0  50.0  65.1   4.2 54.00   0.0  21.8   0.9 115.4      
       8 21   0.0  89.3  55.4  63.0   5.7 56.70   0.0  23.9   1.0 131.9      
       8 22   0.0  78.5 -99.9  61.2   5.2 55.80   0.0  19.6   0.8 162.0      
       8 23   0.0  83.9  55.5  61.0   6.3 57.80   0.0  26.4   1.1 136.9      
       8 24   0.0  85.9  50.1  64.3   4.9 55.20   0.0  14.6   0.6  98.1      
       8 25   0.0  86.9  54.1  62.7   4.3 54.20   0.0  38.2   1.6 140.2      
       8 26   0.0  84.0  54.0  64.9   3.7 53.00   0.0  23.9   1.0 139.2      
       8 27   0.0  76.4  53.3  59.0   6.0 57.30   0.0  22.5   0.9 117.6      
       8 28   0.0  80.3  53.4  60.4   6.9 58.70   0.0  24.3   1.0 132.1      
       8 29   0.0  81.6  49.8  55.6   6.5 58.10   0.1  31.8   1.3 139.6      
       8 30   0.0  73.8  50.0  58.1   4.9 55.20   0.0  14.2   0.6 109.2      
       8 31   0.0  85.6  47.0  59.0   4.1 53.70   0.0  17.8   0.7 112.7      
       9  1   0.0  92.6  49.8  65.2   1.2 47.60   0.0  25.7   1.1 145.4      
       9  2   0.0  86.8  47.9  61.2   2.0 49.50   0.0  22.5   0.9 149.4      
       9  3   0.0  93.6  49.3  64.8   9.7 43.90   0.0  17.5   0.7 127.7      
       9  4   0.0  94.3  49.4  64.8   1.7 48.80   0.0  25.7   1.1 130.0      
       9  5   0.0  90.7  51.3  61.8   3.1 51.70   0.0  31.1   1.3 153.0      
       9  6   0.0  64.1  51.0  52.7   4.6 54.70   0.1  17.8   0.7 126.5      
       9  7   0.0  77.5  49.5  60.5   2.2 49.80   0.0  15.0   0.6 111.2      
       9  8   0.0  85.8  43.5  62.1   9.5 43.30   0.0  27.5   1.1 109.6      
       9  9   0.0  88.8  46.6  60.5   9.6 43.40   0.0  16.4   0.7 112.9      
       9 10   0.0  90.9  48.8  63.6   9.1 42.20   0.0  23.9   1.0 120.8      
       9 11   0.0  72.4  53.9  55.9   4.8 55.00   0.2  23.2   1.0 148.4      
       9 12   0.0  68.4  54.4  57.1   5.4 56.20   0.0  18.2   0.8 139.2      
       9 13   0.0  74.2  49.9  56.9   4.7 54.90   0.0  17.1   0.7 125.4      
       9 14   0.0  68.3  50.7  56.0   4.9 55.40   0.0  22.8   0.9 112.5      
       9 15   0.0  72.2  50.1  54.1   4.3 54.10   0.0  13.9   0.6 100.4      
       9 16   0.0  77.2  50.5  56.6   4.4 54.30   0.0  24.6   1.0 154.4      
       9 17   0.0  66.8  45.7  47.4   0.6 46.20   0.1  23.2   1.0 152.1      
       9 18   0.0  62.0  40.6  43.5   9.7 43.70   0.7  33.2   1.4 178.9      
       9 19   0.0  63.4  38.4  49.3   7.2 35.90   0.0  40.7   1.7 185.6      
       9 20   0.0  64.9  42.4  46.6   8.2 39.40   0.0  17.5   0.7 113.4      
       9 21   0.0  77.9  36.2  56.0   8.7 40.90   0.0  23.2   1.0 107.0      
       9 22   0.0  79.1  42.6  60.0   0.1 44.70   0.0  30.0   1.3 137.2      
       9 23   0.0  62.7  43.0  48.5   9.6 43.50   0.0  16.0   0.7 129.3      
       9 24   0.0  68.3  43.9  51.0   2.2 49.80   0.0  35.3   1.5 117.4      
       9 25   0.0  61.8  35.6  37.5   9.8 44.10   0.1  32.5   1.4 233.1      
       9 26   0.0  49.5  31.0  31.8   6.2 32.30   0.0  21.8   0.9 162.4      
       9 27   0.0  57.9  26.6  55.4   5.9 31.00   0.1  17.8   0.7 131.8      
       9 28   0.0  75.1  40.2  54.2   8.4 40.00   0.0  22.1   0.9 134.6      
       9 29   0.0  80.3  40.7  51.5   9.3 42.50   0.0  17.1   0.7 103.5      
       9 30   0.0  83.6  42.0  55.6   8.6 40.70   0.0  14.6   0.6  98.9      
      10  1   0.0  86.0  42.6  58.0   7.9 38.40   0.0  32.1   1.3 146.3      
      10  2   0.0  59.9  43.3  46.2   8.7 41.00   0.0  25.7   1.1 172.0      
      10  3   0.0  68.3  42.3  55.0   0.4 45.50   0.0  20.0   0.8 135.6      
      10  4   0.0  76.8  44.2  52.7   1.6 48.40   0.0  13.9   0.6  95.9      
      10  5   0.0  81.3  44.5  57.0   0.1 44.80   0.0  19.2   0.8 108.0      
      10  6   0.0  72.1  46.3  50.8   9.4 42.90   0.0  14.6   0.6 118.1      
      10  7   0.0  70.0  42.7  48.6   0.4 45.50   0.0  15.7   0.7  92.4      
      10  8   0.0  78.0  38.5  49.3   8.2 39.30   0.0  24.6   1.0  95.0      
      10  9   0.0  72.7  38.5  50.5   7.8 38.00   0.0  11.7   0.5  86.0      
      10 10   0.0  77.8  38.2  49.9   9.0 41.90   0.0  12.1   0.5  84.3      
      10 11   0.0  88.0  44.3  58.2   7.6 37.60   0.0  15.0   0.6 108.0      
      10 12   0.0  84.5  41.6  53.3   7.2 36.30   0.0  18.9   0.8 110.5      
      10 13   0.0  83.8  44.4  52.2   7.2 36.00   0.0  16.7   0.7 109.4      
      10 14   0.0  77.5  42.4  48.6   6.9 35.00   0.0  18.5   0.8 129.9      
      10 15   0.0  74.2  38.0  47.8   6.2 32.40   0.0  12.1   0.5  96.6      
      10 16   0.0  63.4  34.4  36.4   6.4 33.00   0.0  29.6   1.2 183.1      
      10 17   0.0  48.6  25.4  27.8   2.9 14.50   0.0  40.4   1.7 295.0      
      10 18   0.0  70.7  20.3  45.1   4.7 25.60   0.0  21.1   0.9 121.6      
      10 19   0.0  75.4  35.0  45.5   5.8 30.80   0.0  34.6   1.4 205.5      
      10 20   0.0  48.3  27.5  30.6   4.1 22.50   0.1  40.0   1.7 271.7      
      10 21   0.0  45.0  20.6  25.0   2.9 14.60   0.0  29.6   1.2 216.4      
      10 22   0.0  62.7  18.1  41.0   3.7 19.70   0.0  16.7   0.7 101.2      
      10 23   0.0  55.4  32.7  45.4   4.4 24.10   0.0  17.5   0.7 115.1      
      10 24   0.0  56.6  26.8  48.4   5.1 27.70   0.0  12.1   0.5 107.1      
      10 25   0.0  57.9  31.7  41.5   5.9 31.20   0.0  31.1   1.3 205.6      
      10 26   0.0  47.4  31.7  32.6   5.9 31.20   0.3  49.7   2.1 384.4      
      10 27   0.0  47.4  29.6  33.6   5.5 29.60   0.0  18.5   0.8 116.1      
      10 28   0.0  60.7  23.1  44.7   6.3 32.80   0.0  15.0   0.6  97.3      
      10 29   0.0  60.6  34.9  38.5   5.7 30.10   0.0  53.6   2.2 310.0      
      10 30   0.0  38.3  26.5  32.9   5.7 30.30   0.0  14.6   0.6 117.6      
      10 31   0.0  33.4  26.7  30.3   5.3 28.70   0.0  13.5   0.6 112.7      
      11  1   0.0  53.1  25.4  35.9   6.0 31.40   0.0  15.0   0.6 125.3      
      11  2   0.0  61.5  24.9  36.8   5.4 28.90   0.0  15.3   0.6 100.5      
      11  3   0.0  59.4  28.1  50.7   5.6 29.90   0.0  28.6   1.2 119.3      
      11  4   0.0  63.8  36.9  40.1   5.4 29.20   0.0  30.7   1.3 180.2      
      11  5   0.0  59.3  24.4  36.7   5.1 27.70   0.0  34.6   1.4 214.9      
      11  6   0.0  46.0  27.6  33.5   3.0 15.00   0.0  28.6   1.2 228.0      
      11  7   0.0  49.3  20.2  23.5   3.1 15.70   0.0  38.9   1.6 299.5      
      11  8   0.0  51.6  16.4  33.7   3.7 20.20   0.0  13.2   0.6 124.5      
      11  9   0.0  62.9  25.5  34.5   4.9 26.50   0.0  17.1   0.7 133.8      
      11 10   0.0  71.4  23.0  40.5   4.4 24.20   0.0  15.3   0.6  92.0      
      11 11   0.0  52.3  22.2  23.6   4.3 23.40   0.0  13.2   0.6 101.4      
      11 12   0.0  63.6  15.4  39.8   4.7 25.80   0.0  12.5   0.5  91.0      
      11 13   0.0  45.6  25.5  27.0   5.3 28.70   0.0  12.5   0.5 109.5      
      11 14   0.0  32.8  24.8  32.0   5.3 28.40   0.0  13.2   0.6 103.9      
      11 15   0.0  34.4  26.8  28.0   5.9 31.10   0.2  16.0   0.7  99.0      
      11 16   0.0  27.9   3.4   4.9   3.1 16.00   0.0  16.4   0.7 170.2      
      11 17   0.0  28.0  -0.8  19.7   2.9 14.30   0.1  11.4   0.5  66.5      
      11 18   0.0  39.7  15.8  31.9   5.2 27.90   0.0  16.4   0.7  88.7      
      11 19   0.0  71.2  28.9  43.7   7.0 35.40   0.0  22.1   0.9 149.3      
      11 20   0.0  67.1  27.5  28.9   6.0 31.60   0.0  32.1   1.3 202.0      
      11 21   0.0  40.4  26.4  29.9   5.7 30.20   0.0   7.8   0.3  67.1      
      11 22   0.0  49.8  28.1  31.8   6.4 33.30   0.0  13.2   0.6  91.6      
      11 23   0.0  33.1  20.3  21.9   4.7 25.80   0.0  17.8   0.7 118.3      
      11 24   0.0  41.5  18.2  27.9   4.6 25.00   0.0  12.8   0.5  96.7      
      11 25   0.0  53.7  26.2  32.2   5.0 27.30   0.0  15.7   0.7 126.0      
      11 26   0.0  36.2  25.8  26.7   5.0 27.00   0.0  18.2   0.8 123.8      
      11 27   0.0  40.1  19.0  23.6   4.5 24.30   0.0  11.7   0.5  76.0      
      11 28   0.0  53.2  18.1  25.8   4.4 24.10   0.0  12.1   0.5  89.2      
      11 29   0.0  42.7  23.3  26.4   4.6 25.10   0.0  26.8   1.1 217.7      
      11 30   0.0  35.2  16.9  19.3   4.0 21.90   0.0  16.4   0.7 146.7      
      12  1   0.0  51.7  15.3  38.6   3.7 20.20   0.0  28.9   1.2 143.3      
      12  2   0.0  38.2  14.6  16.5   2.3  9.00   0.0  50.0   2.1 275.4      
      12  3   0.0  42.1  10.4  24.6   2.3  9.30   0.0  18.5   0.8 119.9      
      12  4   0.0  35.6  13.5  15.6   1.9  4.40   0.0  34.6   1.4 250.9      
      12  5   0.0  53.0  15.1  39.4   3.8 20.20   0.0  31.8   1.3 189.3      
      12  6   0.0  42.8  24.7  27.1   3.3 17.40   0.0  22.5   0.9 126.8      
      12  7   0.0  46.9  20.9  27.3   2.6 11.70   0.0  35.0   1.5 300.1      
      12  8   0.0  58.5  19.3  45.0   4.0 21.80   0.0  17.1   0.7  94.6      
      12  9   0.0  62.2  29.1  37.8   4.8 26.40   0.0  12.8   0.5 105.7      
      12 10   0.0  61.3  31.6  39.3   4.9 26.80   0.0  37.1   1.5 198.0      
      12 11   0.0  53.8  25.0  28.0   4.7 25.40   0.0  46.8   1.9 228.4      
      12 12   0.0  60.1  19.5  35.3   4.8 26.10   0.0  21.8   0.9 138.8      
      12 13   0.0  51.9  23.1  27.0   5.6 29.70   0.0  16.0   0.7 137.0      
      12 14   0.0  40.1  23.5  26.0   2.8 13.70   0.0  46.1   1.9 438.8      
      12 15   0.0  41.2  11.3  28.4   2.1  6.60   0.0  20.0   0.8 142.5      
      12 16   0.0  34.1   9.4  12.3   2.5 11.00   0.0  38.9   1.6 270.4      
      12 17   0.0  17.4   2.1   4.5   0.9         0.0  42.9   1.8 398.7      
      12 18   0.0  22.5  -3.3  -0.1   1.0         0.0  47.5   2.0 347.5      
      12 19   0.0  31.8   1.7  11.7   2.0  6.30   0.0  14.6   0.6 100.2      
      12 20   0.0  50.7   7.9  41.1   2.8 13.70   0.0  49.7   2.1 266.3      
      12 21   0.0  47.2  24.8  26.0   3.4 18.10   0.0  26.8   1.1 139.0      
      12 22   0.0  46.4  17.2  17.9   4.1 22.20   0.0  22.1   0.9 138.5      
      12 23   0.0  25.5   8.4  16.2   2.7 12.30   0.0  12.8   0.5 113.2      
      12 24   0.0  48.4   8.0  18.8   2.7 12.30   0.0  25.0   1.0 146.6      
      12 25   0.0  53.8   5.4   6.6   2.9 14.40   0.0  26.8   1.1 170.4      
      12 26   0.0  28.2   3.2  20.4   2.0  6.10   0.0  16.7   0.7 127.5      
      12 27   0.0  59.2  19.8  43.5   4.1 22.10   0.0  47.9   2.0 264.2      
      12 28   0.0  55.1  27.0  40.3   3.5 18.80   0.0  29.3   1.2 187.7      
      12 29   0.0  58.6  22.0  34.2   4.0 21.70   0.0  17.8   0.7 118.6      
      12 30   0.0  50.7  27.2  32.8   5.0 27.10   0.0  12.5   0.5 120.8      
      12 31   0.0  55.8  24.5  34.3   5.1 27.60   0.0  14.6   0.6 109.1      

      Total                              ******                          0.00
        Max   0.0  98.6  61.8  75.5  10.0         1.0  53.6   2.2 489.0
        Min   0.0   3.5 -99.9 -16.9   0.1         0.0   7.8   0.3  51.8
        Ave   0.0  63.8  32.8  43.4   4.7         0.0  24.7   1.0 156.8
