                                                                    15-JUN-00
      Telephone-linked Weather Station nr  WINDSOR, Colorado             1999
      -----------------------------------------------------------------------------
               Temperature      Rel   Dew             Wind        Solar StandrdASCE
            ----------------- Humid Point  Prec -----------------   Rad   ETr   ETo
       Date   Max   Min   Ave   Ave   Ave Total   Max Total   Ave Total Alflf Grass
      MoDay     F     F     F     %     F  inch   mph miles   mph Langl  inch  inch
      ----- ----- ----- ----- ----- ----- ----- ----- ----- ----- ----- ----- -----
       1  1  45.8  20.6  21.4  84.8  29.0        34.3 260.8  10.9 148.6            
       1  2  30.5  11.9  13.7  84.7  16.1        33.9 194.7   8.1 126.3            
       1  3  21.6   4.3  16.6  81.7  10.9        16.7 172.6   7.2 177.6            
       1  4  29.8  14.2  24.2  82.1  17.1        12.1  88.1   3.7  95.3            
       1  5  52.6  23.3  34.4  63.2  23.9        28.6 161.7   6.7 143.0            
       1  6  56.6  21.1  23.4  76.9  26.5        25.7 148.6   6.2 200.1            
       1  7  38.4  21.7  32.8  93.8  27.1        19.6 119.1   5.0 100.6            
       1  8  34.1  15.9  17.8  92.4  25.0  0.06  19.6 126.3   5.3 104.8            
       1  9  38.2  16.7  31.8  93.5  24.9        11.4  73.8   3.1 190.0            
       1 10  50.6  26.3  32.2  68.6  27.1        12.8 104.9   4.4 229.7            
       1 11  61.7  28.4  49.8  51.0  28.2        24.3 141.5   5.9 181.8            
       1 12  53.4  24.2  25.9  55.6  25.4        31.8 190.1   7.9 128.5            
       1 13  43.5  21.0  27.6  89.5  28.0        16.7 104.4   4.3 102.0            
       1 14  59.1  18.6  36.3  70.1  21.7  0.04  38.6 122.5   5.1  76.1            
       1 15  57.3  27.9  30.6  45.8  22.7        31.8 173.7   7.2 143.0            
       1 16  44.5  20.1  37.3  82.3  26.5        37.1 155.6   6.5 140.8            
       1 17  42.8  22.7  24.5  41.8  13.1        40.0 327.5  13.6 268.8            
       1 18  60.5  19.9  42.9  60.6  26.0        37.5 216.8   9.0 214.7            
       1 19  53.9  31.0  32.5  75.5  33.1        17.8 157.8   6.6 222.3            
       1 20  52.0  26.3  34.3  70.2  29.1        14.6 102.1   4.3 169.8            
       1 21  42.3  22.7  29.7  87.1  28.9        26.1 199.6   8.3  73.7            
       1 22  41.8  18.8  20.3  83.3  24.5  0.07  23.9 127.8   5.3 261.4            
       1 23  52.4  12.6  43.9  70.9  22.7  0.01  26.4 151.6   6.3 226.7            
       1 24  48.6  21.0  21.4  94.1  24.7        17.5 128.0   5.3 103.5            
       1 25  29.8  13.8  21.0  98.0  21.3  0.13   8.2  67.0   2.8 170.4            
       1 26  49.2  11.8  31.3  74.3  21.4        27.8 141.8   5.9 262.0            
       1 27  39.9  21.2  26.0  77.4  24.2        14.2 116.1   4.8 269.3            
       1 28  38.9  20.8  22.5  84.7  24.3        11.7  89.8   3.7 272.2            
       1 29  43.1  15.3  27.0  72.2  20.2        12.1  99.0   4.1 267.0            
       1 30  41.5  23.1  33.7  73.4  24.6         9.6  81.5   3.4 123.6            
       1 31  42.7  28.5  30.0  92.1  32.2        12.1  92.7   3.9 163.6            
       2  1  44.5  25.5  29.1  69.0  24.9        31.8 187.1   7.8 113.3            
       2  2  54.6  18.0  46.7  58.9  20.1        30.7 155.0   6.5 266.3            
       2  3  53.8  25.8  29.3  40.2  18.4        53.6 306.9  12.8 286.7            
       2  4  54.6  22.7  36.1  66.6  25.2        12.1 106.6   4.4 293.1            
       2  5  51.4  25.9  32.8  71.5  30.6        18.9 111.8   4.7 264.4            
       2  6  53.0  25.4  30.8  76.4  29.1        14.2 101.6   4.2 293.7            
       2  7  65.1  26.9  51.9  61.1  29.8        18.9 142.5   5.9 216.5            
       2  8  65.2  26.7  30.8  43.2  26.4        46.5 262.7  10.9 332.0            
       2  9  60.6  23.6  35.0  58.7  24.3        14.2  90.7   3.8 314.0            
       2 10  69.0  23.5  24.5  62.8  24.5        48.2 344.7  14.4 287.0            
       2 11  32.3  14.3  15.5  39.7   1.7        36.4 344.4  14.3 336.6            
       2 12  48.6   8.8  27.0  51.2  11.0        15.0 106.0   4.4 335.7            
       2 13  65.9  20.2  32.4  47.8  18.8        13.2  96.7   4.0 306.0            
       2 14  66.1  23.5  47.0  34.9  15.5        28.9 155.2   6.5 248.4            
       2 15  47.1  24.4  26.0  63.7  23.7        22.8 147.3   6.1 154.8            
       2 16  44.4  18.6  29.1  85.0  23.6        13.9  82.2   3.4 177.5            
       2 17  51.2  20.2  37.1  58.9  20.5        43.2 205.0   8.5 201.7            
       2 18  46.5  29.3  31.5  39.6  13.8        31.4 222.0   9.3 348.0            
       2 19  50.7  19.9  36.6  47.1  16.2        38.2 254.8  10.6 361.4            
       2 20  45.8  18.3  20.0  48.4  14.8        23.9 186.6   7.8 354.0            
       2 21  45.9  14.3  30.5  68.6  19.3        18.2 115.3   4.8 309.8            
       2 22  41.8  23.0  25.9  35.9  10.3        48.2 399.8  16.7 247.4            
       2 23  57.4  20.4  35.0  39.7  14.4        15.7 125.6   5.2 341.1            
       2 24  61.1  27.2  36.4  45.7  22.3        17.8 104.9   4.4 245.1            
       2 25  67.2  28.6  52.7  38.6  20.6        34.6 155.4   6.5 367.9            
       2 26  59.1  30.2  34.4  33.9  16.5        40.7 353.6  14.7 374.6            
       2 27  51.7  17.6  31.1  31.2   6.8        20.0 117.1   4.9 404.0            
       2 28  66.8  21.2  43.9  36.7  18.6        23.5 120.5   5.0 337.0            
       3  1  69.7  30.8  40.7  40.4  24.6        38.6 256.9  10.7 367.2  0.22  0.21
       3  2  47.7  21.8  23.6  56.2  19.0        28.2 186.9   7.8 306.5  0.12  0.10
       3  3  63.2  13.5  38.7  44.0  16.8        18.2 117.8   4.9 362.1  0.11  0.12
       3  4  51.7  22.5  31.7  68.7  27.7  0.03  24.6 139.7   5.8 359.3  0.09  0.08
       3  5  42.1  21.5  22.9  61.2  19.8  0.15  37.1 243.6  10.2 398.4  0.11  0.08
       3  6  41.3  17.4  25.8  74.1  20.5        19.2 147.8   6.2 354.5  0.08  0.06
       3  7  49.3  19.6  35.1  76.8  26.4        22.5 175.6   7.3 384.2  0.08  0.07
       3  8  50.0  25.7  27.6  55.1  23.0        48.6 353.8  14.7 432.3  0.16  0.12
       3  9  57.8  20.3  39.7  56.9  23.9        20.0 130.1   5.4 426.9  0.10  0.10
       3 10  57.6  25.3  30.6  43.1  19.9        35.7 246.2  10.3 428.0  0.18  0.15
       3 11  47.8  23.3  29.6  83.5  26.0        28.2 186.2   7.8 262.5  0.08  0.07
       3 12  30.3  24.6  26.2  99.2  27.2  0.16  17.8 137.4   5.7 232.4  0.04  0.03
       3 13  51.9  11.2  32.0  80.0  26.4        13.5  96.0   4.0 455.4  0.08  0.07
       3 14  68.4  24.9  39.8  62.3  30.9        15.0 100.9   4.2 457.8  0.12  0.12
       3 15  61.6  33.2  37.6  64.6  32.8        15.3 107.4   4.5 175.9  0.08  0.08
       3 16  70.6  29.9  49.1  39.0  23.6        24.6 133.3   5.6 352.5  0.13  0.14
       3 17  49.9  24.8  29.0  53.4  21.3        25.0 194.4   8.1 468.5  0.15  0.12
       3 18  58.2  23.9  34.6  52.3  21.8        25.7 159.4   6.6 449.5  0.15  0.13
       3 19  59.7  25.5  35.1  68.5  30.9        13.9 102.9   4.3 476.1  0.12  0.11
       3 20  67.5  29.3  39.6  53.4  28.1        17.8 118.6   4.9 478.3  0.14  0.14
       3 21  68.8  30.4  36.4  60.6  31.6        33.2 194.4   8.1 437.7  0.19  0.18
       3 22  60.5  28.5  35.8  69.9  33.2        31.4 178.4   7.4 331.3  0.13  0.11
       3 23  63.8  24.2  44.0  62.9  30.3        17.1  97.6   4.1 474.5  0.12  0.11
       3 24  65.2  31.4  40.3  66.3  34.9        21.8 148.4   6.2 464.3  0.15  0.13
       3 25  67.4  30.2  39.7  66.7  34.5        28.9 177.2   7.4 487.4  0.18  0.16
       3 26  73.0  30.9  53.2  58.3  33.9        21.1 154.1   6.4 424.9  0.15  0.15
       3 27  66.2  38.1  39.7  49.8  32.5        41.4 320.2  13.3 327.5  0.25  0.20
       3 28  57.7  22.7  30.6  39.2  17.3        24.6 215.6   9.0 427.8  0.20  0.16
       3 29  68.9  24.1  39.9  48.3  22.5        20.7 144.1   6.0 523.0  0.19  0.18
       3 30  77.6  28.7  45.8  35.7  20.4        28.6 184.6   7.7 524.2  0.25  0.24
       3 31  70.4  34.6  44.9  36.4  24.8        32.5 161.4   6.7 479.2  0.20  0.19
       4  1  45.1  24.6  25.7  85.5  30.8        29.3 238.6   9.9  73.7  0.07  0.05
       4  2  31.0  22.0  22.6  94.5  24.5  0.13  14.2 147.2   6.1 265.7  0.06  0.04
       4  3  42.9  21.6  28.1  85.4  26.2  0.07  17.1 126.3   5.3 405.7  0.08  0.06
       4  4  52.1  22.6  35.0  71.0  26.9        24.6 132.2   5.5 488.8  0.10  0.09
       4  5  57.9  33.0  35.8  59.0  27.7        27.8 255.2  10.6 518.5  0.19  0.15
       4  6  66.3  28.3  48.9  48.5  26.7        27.5 151.5   6.3 570.8  0.16  0.15
       4  7  71.5  31.8  51.6  40.9  28.6        38.6 270.4  11.3 549.0  0.25  0.22
       4  8  63.4  34.3  38.2  40.5  28.0        54.7 347.4  14.5 547.1  0.29  0.21
       4  9  64.7  30.0  41.4  58.2  29.0        34.3 215.7   9.0 423.4  0.20  0.17
       4 10  52.5  35.0  37.6  29.9  13.7        38.2 341.4  14.2 391.5  0.25  0.19
       4 11  58.6  22.0  44.9  46.8  21.8        21.1 165.8   6.9 534.5  0.16  0.14
       4 12  69.3  29.4  50.5  45.9  28.6        26.1 127.9   5.3 535.2  0.17  0.16
       4 13  71.5  35.4  51.4  54.4  36.5  0.01  27.5 181.8   7.6 543.4  0.20  0.18
       4 14  51.3  31.5  32.5  81.5  34.5  0.44  50.4 404.6  16.9 252.2  0.15  0.09
       4 15  40.7  26.8  29.1  53.6  16.7        42.5 429.4  17.9 611.0  0.23  0.13
       4 16  43.9  18.4  27.1  57.1  17.8        50.8 325.1  13.5 378.0  0.16  0.10
       4 17  59.8  15.4  42.4  51.1  20.5        19.6 157.1   6.5 631.2  0.17  0.14
       4 18  72.4  29.6  50.5  39.7  28.1        30.4 198.0   8.3 492.9  0.20  0.19
       4 19  74.9  36.1  52.8  44.3  33.1        19.6 115.4   4.8 451.5  0.17  0.15
       4 20  72.3  42.5  56.2  48.0  37.6        25.0 133.0   5.5 398.8  0.17  0.15
       4 21  65.0  38.3  41.7  59.1  36.5  0.39  27.1 150.2   6.3 450.2  0.19  0.16
       4 22  41.7  31.3  36.8 100.0  37.2  1.61  27.5 213.7   8.9 157.8  0.05  0.03
       4 23  36.7  31.1  34.7  99.2  33.6  0.39  13.5  80.9   3.4 131.3  0.04  0.03
       4 24  48.1  32.2  39.9  92.1  37.8  0.04  20.7 138.2   5.8 323.4  0.07  0.05
       4 25  50.3  31.2  39.9  96.7  38.7  0.84  16.7  97.8   4.1 342.7  0.07  0.06
       4 26  56.9  34.2  44.3  86.7  41.1        15.0  91.3   3.8 386.8  0.09  0.07
       4 27  70.1  37.6  49.3  78.5  45.2        27.8 130.6   5.4 507.6  0.16  0.13
       4 28  59.5  40.8  46.4  93.9  48.0  0.27  36.1 176.5   7.4 186.5  0.06  0.05
       4 29  48.1  43.2  43.9 100.0  45.8  1.73  26.4 268.0  11.2  59.4  0.02  0.01
       4 30  45.9  39.8  41.0 100.0  43.2  1.82  21.1 160.4   6.7  49.4  0.02  0.01
       5  1  52.8  37.9  38.7  98.6  42.4  0.45  27.1  97.3   4.1 202.0  0.06  0.05
       5  2  59.1  37.9  43.7  90.4  43.8  0.10  20.0 123.8   5.2 400.6  0.11  0.09
       5  3  67.6  37.5  48.9  72.2  41.0        23.2 137.8   5.7 447.6  0.16  0.13
       5  4  58.4  41.4  43.1  43.9  27.5        38.6 313.9  13.1 617.2  0.29  0.20
       5  5  51.2  36.4  37.5  51.4  26.6        42.9 417.2  17.4 533.6  0.27  0.16
       5  6  59.6  35.5  40.4  36.7  21.0        41.8 368.0  15.3 700.5  0.35  0.23
       5  7  74.0  33.2  57.1  47.1  32.1        16.0 129.4   5.4 694.4  0.23  0.19
       5  8  79.8  39.8  54.5  47.4  38.6        25.3 184.2   7.7 660.8  0.30  0.24
       5  9  81.5  42.8  50.6  54.0  41.0        31.8 200.3   8.3 575.4  0.33  0.27
       5 10  53.6  30.8  35.3  66.0  31.7  0.69  37.9 274.2  11.4 435.3  0.20  0.13
       5 11  54.0  28.2  40.5  49.1  24.7        19.6 133.2   5.5 557.5  0.18  0.14
       5 12  68.0  29.0  47.8  58.7  33.2        18.5 119.9   5.0 656.1  0.21  0.17
       5 13  72.1  39.8  52.1  66.6  43.7        26.4 170.2   7.1 475.0  0.19  0.15
       5 14  66.3  43.4  48.0  68.2  43.4  0.07  34.3 157.7   6.6 556.6  0.20  0.15
       5 15  71.6  42.4  51.8  60.8  41.6        22.8 149.4   6.2 582.0  0.23  0.18
       5 16  59.8  37.8  39.1  73.3  38.4  0.31  23.2 206.8   8.6 253.7  0.16  0.11
       5 17  62.5  33.3  47.2  73.2  38.5        16.0 104.3   4.3 688.5  0.20  0.15
       5 18  78.4  37.9  57.2  59.7  40.6        17.5 114.1   4.8 682.9  0.25  0.20
       5 19  83.2  44.0  58.9  54.1  44.3        22.1 134.0   5.6 589.4  0.27  0.21
       5 20  67.9  48.9  51.5  77.9  50.3  0.15  32.5 186.1   7.8 450.9  0.19  0.14
       5 21  77.9  45.7  58.7  77.0  52.8  0.01  16.0  92.9   3.9 608.4  0.22  0.17
       5 22  79.3  46.6  56.7  70.0  52.2        30.7 149.0   6.2 576.6  0.25  0.19
       5 23  72.4  52.2  61.5  76.8  53.6        10.7  84.8   3.5 456.4  0.16  0.13
       5 24  69.3  50.8  54.0  84.0  54.0  0.11  18.9 148.5   6.2 324.2  0.15  0.11
       5 25  62.3  47.6  49.2  89.6  52.0        25.7 132.4   5.5 441.3  0.14  0.11
       5 26  75.0  42.3  57.4  72.3  48.4        16.7  92.8   3.9 612.5  0.22  0.17
       5 27  66.5  49.7  51.4  85.1  52.6  0.11  17.1  98.8   4.1 282.4  0.11  0.09
       5 28  77.1  42.6  57.4  75.7  50.7        13.5  97.8   4.1 689.3  0.23  0.18
       5 29  81.7  48.3  55.4  74.3  52.2  0.21  22.1 111.6   4.7 538.8  0.25  0.19
       5 30  75.1  50.3  54.5  76.7  53.7  0.03  17.8 127.8   5.3 547.3  0.22  0.16
       5 31  66.3  50.0  52.7  80.3  49.9  0.01  26.1 156.6   6.5 380.3  0.17  0.12
       6  1  76.1  40.1  55.8  55.2  42.1        17.5 124.9   5.2 684.7  0.28  0.21
       6  2  81.2  47.1  61.4  64.8  50.1        37.9 154.5   6.4 566.4  0.26  0.20
       6  3  84.0  46.3  56.2  52.3  44.7        14.6  99.1   4.1 648.7  0.31  0.23
       6  4  84.8  43.0  58.4  50.7  44.7        30.7 111.2   4.6 642.0  0.31  0.23
       6  5  67.4  44.8  49.6  68.7  44.5  0.02  34.3 195.1   8.1 466.6  0.24  0.16
       6  6  75.4  40.8  56.3  52.2  41.5        26.1 143.3   6.0 519.6  0.26  0.19
       6  7  86.3  46.3  62.8  48.5  43.6        22.5 153.3   6.4 721.3  0.36  0.27
       6  8  90.4  47.4  63.3  40.1  41.2        17.1 108.4   4.5 723.5  0.36  0.26
       6  9  76.0  51.5  52.7  61.5  49.0  0.35  23.2 166.8   7.0 595.0  0.30  0.22
       6 10  69.8  50.0  52.3  88.9  54.7  0.11  23.5 123.3   5.1 380.6  0.16  0.12
       6 11  74.8  42.0  54.0  78.7  50.3        21.8 123.3   5.1 671.8  0.25  0.18
       6 12  72.8  48.6  50.4  85.1  53.2  0.07  31.8 115.8   4.8 435.4  0.19  0.13
       6 13  67.5  47.4  54.1  86.1  52.1        13.9 108.6   4.5 431.9  0.15  0.11
       6 14  71.2  50.9  55.3  86.5  55.6  0.03  28.6 124.0   5.2 408.5  0.15  0.11
       6 15  65.2  46.2  52.7  93.4  53.3  0.17  12.8  84.9   3.5 240.7  0.08  0.06
       6 16  59.9  49.0  54.4  92.2  51.5  0.01  14.6 116.9   4.9 247.2  0.08  0.06
       6 17  77.1  48.2  55.4  89.6  55.7  0.28  27.1  89.8   3.7 492.0  0.19  0.14
       6 18  81.4  48.8  63.2  70.7  54.0  0.01  17.5  72.4   3.0 563.2  0.21  0.15
       6 19  86.8  54.0  64.7  66.2  56.0        22.8 103.7   4.3 565.4  0.26  0.19
       6 20  86.2  53.6  66.6  65.3  56.9        17.1  95.3   4.0 579.9  0.26  0.19
       6 21  87.2  50.8  60.5  66.2  55.1  0.02  27.5 135.1   5.6 525.4  0.31  0.22
       6 22  88.9  49.9  65.3  62.9  53.3  0.01  33.2 133.3   5.6 551.3  0.31  0.23
       6 23  86.5  54.7  64.7  62.2  55.4        14.6 105.9   4.4 710.0  0.32  0.24
       6 24  90.6  51.2  65.6  48.6  49.6        14.2 104.4   4.3 713.8  0.36  0.26
       6 25  93.9  57.2  68.2  56.4  56.0        22.5  90.7   3.8 663.8  0.34  0.24
       6 26  84.5  57.8  65.8  56.4  55.7        17.5 115.6   4.8 690.0  0.31  0.23
       6 27  82.5  59.3  68.8  75.0  60.4        16.0 129.8   5.4 456.6  0.22  0.17
       6 28  75.2  46.9  58.3  58.7  47.5        31.4 174.7   7.3 702.9  0.32  0.23
       6 29  88.2  50.4  64.6  54.8  49.1        27.8 161.8   6.7 713.8  0.39  0.28
       6 30  86.2  52.5  60.1  62.8  53.1        33.6 145.5   6.1 496.9  0.32  0.23
       7  1  86.7  46.4  66.1  72.9  56.5        22.1 121.0   5.0 602.2  0.27  0.20
       7  2  95.5  58.4  69.0  57.6  57.2        20.0 115.4   4.8 483.6  0.32  0.23
       7  3  96.8  57.5  68.2  49.7  54.3        19.6 105.2   4.4 638.2  0.38  0.27
       7  4  97.0  56.9  74.8  45.8  52.9        13.2  96.0   4.0 632.3  0.34  0.24
       7  5  84.4  57.6  64.4  57.7  56.9        21.1 138.6   5.8 690.6  0.34  0.25
       7  6  85.2  61.3  68.9  81.0  65.0        15.3 123.7   5.2 444.9  0.22  0.17
       7  7  95.2  59.4  72.5  65.7  61.1        19.2 116.5   4.9 677.3  0.35  0.26
       7  8  83.6  61.9  68.9  67.7  60.9        21.4 123.3   5.1 334.5  0.21  0.15
       7  9  79.3  57.3  65.8  58.1  52.8        23.2 127.5   5.3 671.9  0.31  0.23
       7 10  82.4  50.6  62.9  65.5  54.0        16.7 116.4   4.8 687.3  0.31  0.23
       7 11  84.0  52.3  63.1  63.1  53.1        25.3 108.1   4.5 551.9  0.28  0.20
       7 12  87.3  52.7  65.6  59.5  53.1        17.8 100.0   4.2 695.4  0.32  0.23
       7 13  96.0  53.9  71.4  52.5  53.3        18.2  92.6   3.9 655.2  0.33  0.24
       7 14  91.0  60.0  69.9  57.2  57.8        36.8 112.5   4.7 386.6  0.26  0.19
       7 15  87.5  56.1  68.9  62.7  57.1        19.6  97.1   4.0 382.2  0.23  0.17
       7 16  73.5  59.5  62.9  83.2  60.1  0.01  17.8 152.7   6.4 317.9  0.17  0.12
       7 17  85.2  61.3  63.0  85.1  64.5  0.37  22.1  97.5   4.1 479.2  0.23  0.17
       7 18  86.3  57.1  65.6  74.8  60.3        18.2  78.7   3.3 369.4  0.20  0.14
       7 19  85.7  60.0  61.1  79.2  61.8  0.12  15.7  93.9   3.9 467.7  0.24  0.18
       7 20  86.6  54.0  68.0  72.7  59.9        16.7  80.5   3.4 667.1  0.26  0.20
       7 21  91.6  57.8  67.5  60.2  57.7        19.2 118.1   4.9 655.4  0.33  0.25
       7 22  91.3  60.2  67.6  62.1  58.5        22.8 124.2   5.2 487.1  0.30  0.22
       7 23  94.9  56.4  67.9  50.0  52.5        16.7  94.3   3.9 677.2  0.36  0.26
       7 24  92.5  57.9  65.6  64.1  58.8  0.02  21.8 120.7   5.0 532.9  0.32  0.24
       7 25  89.9  58.0  66.0  73.5  62.1        25.0 128.1   5.3 518.9  0.28  0.21
       7 26  90.7  56.4  70.7  60.3  56.7        18.5 112.6   4.7 596.8  0.30  0.22
       7 27  92.9  60.2  71.5  64.4  61.3        16.4  98.2   4.1 514.9  0.27  0.20
       7 28  95.2  64.5  66.7  64.9  62.4  0.01  22.8 109.8   4.6 593.6  0.35  0.26
       7 29  89.6  57.8  71.6  68.3  61.5        19.6 106.5   4.4 431.1  0.23  0.18
       7 30  88.0  59.6  62.4  75.5  60.8  0.20  21.8 126.6   5.3 354.3  0.26  0.19
       7 31  75.0  58.1  59.8  95.2  62.2  0.21  26.1  84.9   3.5 199.6  0.11  0.08
       8  1  66.6  57.3  58.4  95.3  59.5  0.02  15.0 124.9   5.2 209.6  0.09  0.07
       8  2  74.8  55.7  59.1  90.0  59.1        11.4  88.9   3.7 370.7  0.15  0.11
       8  3  80.5  55.1  65.3  82.7  60.1        13.5  73.8   3.1 517.8  0.18  0.14
       8  4  73.3  58.8  59.9  96.7  62.3  0.18  23.9 102.2   4.3 214.3  0.09  0.07
       8  5  72.4  55.4  62.5  95.3  62.0  0.12  16.0 115.6   4.8 311.1  0.11  0.08
       8  6  82.8  56.4  64.5  80.7  63.0        15.3  78.7   3.3 519.5  0.19  0.15
       8  7  84.7  57.8  61.5  68.7  57.9        18.2  98.3   4.1 499.9  0.24  0.18
       8  8  88.6  53.6  67.5  71.1  59.1        18.2  96.0   4.0 586.6  0.25  0.20
       8  9  92.5  56.8  68.1  64.9  56.7        25.3 158.5   6.6 424.9  0.31  0.23
       8 10  83.6  59.1  62.2  79.9  61.9        25.0 106.8   4.5 422.4  0.21  0.16
       8 11  88.2  53.9  65.6  65.2  56.2        25.3 111.7   4.7 526.5  0.27  0.21
       8 12  87.8  52.6  61.7  49.1  48.4        18.9 126.6   5.3 569.2  0.33  0.25
       8 13  83.8  51.1  62.9  75.6  56.6        14.6 100.8   4.2 583.2  0.24  0.19
       8 14  88.5  53.9  66.5  65.7  56.3        30.4 132.0   5.5 489.7  0.26  0.20
       8 15  85.5  58.9  68.9  56.6  54.8        17.5  91.1   3.8 435.9  0.21  0.17
       8 16  90.8  53.2  66.1  49.5  50.8        21.4 127.0   5.3 598.3  0.33  0.26
       8 17  87.4  57.0  60.0  67.2  56.2  0.15  25.0 109.9   4.6 333.4  0.24  0.19
       8 18  85.6  49.8  63.5  64.5  53.7        13.9  92.9   3.9 616.7  0.26  0.21
       8 19  88.3  54.0  66.7  67.9  56.7        20.0 102.7   4.3 498.2  0.24  0.19
       8 20  85.9  55.8  64.4  75.8  59.0        26.1  98.2   4.1 347.0  0.19  0.15
       8 21  88.1  55.7  63.9  72.9  58.6        21.8  77.9   3.2 408.7  0.21  0.16
       8 22  89.0  56.2  63.6  61.3  55.0        20.3 120.6   5.0 591.9  0.30  0.24
       8 23  84.7  51.4  65.5  61.8  54.3        16.4  94.3   3.9 589.9  0.24  0.19
       8 24  93.9  54.4  70.9  56.1  54.2        13.5  95.5   4.0 580.8  0.27  0.22
       8 25  91.2  60.6  65.4  62.5  57.5        16.7  98.4   4.1 341.1  0.23  0.19
       8 26  92.4  55.8  69.4  58.0  56.3        15.7  84.8   3.5 545.2  0.25  0.21
       8 27  93.3  59.1  63.5  67.0  60.5  0.06  37.5 127.3   5.3 476.3  0.30  0.24
       8 28  75.8  58.0  60.8  90.2  63.3  0.06  17.1  89.3   3.7 295.1  0.12  0.10
       8 29  84.3  56.8  62.7  74.8  60.0        16.7 104.8   4.4 536.5  0.23  0.18
       8 30  91.4  51.5  69.2  61.8  55.4        18.9 113.7   4.7 564.5  0.26  0.21
       8 31  89.5  53.4  62.2  72.6  59.8  0.31  25.0 124.8   5.2 403.9  0.24  0.19
       9  1  80.9  53.7  61.6  88.2  62.0  0.01  17.1  89.4   3.7 411.4  0.16  0.13
       9  2  78.2  57.8  58.8  89.5  61.5  0.13  16.7  87.2   3.6 390.6  0.16  0.13
       9  3  76.8  51.4  55.6  86.0  57.4  0.09  25.0 109.6   4.6 428.5  0.17  0.14
       9  4  70.6  49.6  58.4  82.2  53.5        16.4 103.4   4.3 432.2  0.15  0.12
       9  5  76.5  48.7  57.2  74.1  52.8  0.01  15.7  77.4   3.2 551.6  0.18  0.15
       9  6  85.9  46.6  60.3  61.1  49.3        16.4  95.1   4.0 565.3  0.24  0.19
       9  7  77.0  49.3  56.0  62.2  49.7        18.9 120.5   5.0 559.8  0.23  0.18
       9  8  73.5  48.0  53.3  56.4  43.6        16.4  85.1   3.5 549.7  0.21  0.17
       9  9  78.8  41.9  61.2  62.0  45.7        14.2 100.2   4.2 541.9  0.20  0.16
       9 10  85.0  43.1  56.2  59.2  47.3        23.2  99.0   4.1 400.3  0.21  0.17
       9 11  76.0  48.3  51.0  72.4  50.5        25.7 136.7   5.7 323.3  0.19  0.15
       9 12  61.7  44.5  46.7  72.7  43.0        14.6 105.6   4.4 332.7  0.14  0.11
       9 13  66.2  39.5  48.2  62.2  39.4        16.4  80.9   3.4 522.5  0.16  0.13
       9 14  67.4  42.6  49.3  58.9  39.8        16.0 106.8   4.5 510.8  0.17  0.14
       9 15  73.5  39.7  50.0  66.0  42.6        13.9  85.0   3.5 472.5  0.16  0.13
       9 16  75.9  43.7  52.1  69.3  46.2        15.0  94.8   4.0 496.8  0.18  0.15
       9 17  81.5  44.0  55.5  59.0  42.7        16.7  88.0   3.7 504.1  0.20  0.17
       9 18  84.1  42.9  62.6  47.4  40.0        20.0  92.1   3.8 491.3  0.19  0.16
       9 19  61.6  41.4  42.7  90.9  44.4  0.35  28.9 132.4   5.5  49.4  0.09  0.07
       9 20  54.8  41.5  43.8  96.6  45.3  0.13  10.3  77.4   3.2 154.4  0.06  0.05
       9 21  73.2  32.8  48.6  68.5  40.9  0.01  13.9  93.1   3.9 513.7  0.17  0.14
       9 22  79.1  40.7  57.0  59.7  43.0        13.9  91.3   3.8 500.7  0.16  0.14
       9 23  81.4  47.2  56.1  49.3  41.7        13.2  82.6   3.4 452.9  0.18  0.15
       9 24  79.8  48.5  55.2  56.3  45.9        18.5 102.8   4.3 326.0  0.17  0.15
       9 25  86.9  44.0  63.7  56.8  46.1        27.8 135.2   5.6 478.9  0.23  0.20
       9 26  62.1  37.4  38.3  74.8  40.0  0.05  18.2 133.5   5.6 399.4  0.17  0.12
       9 27  55.4  35.9  37.8  92.5  39.7  0.49  19.2 132.0   5.5 243.1  0.10  0.08
       9 28  47.4  31.3  35.4  87.3  33.5  0.56  17.5 146.0   6.1 245.6  0.09  0.06
       9 29  66.4  26.8  45.6  75.8  36.7        12.5  74.1   3.1 478.0  0.11  0.10
       9 30  65.0  38.9  44.9  62.4  38.8        17.1 129.6   5.4 464.7  0.15  0.12
      10  1  61.8  32.6  35.5  83.0  37.9        22.8 137.2   5.7 352.4  0.13  0.10
      10  2  50.1  31.7  39.5  89.1  35.8        17.1 129.6   5.4 247.3  0.07  0.06
      10  3  49.8  31.5  36.1  84.6  35.5        22.1  82.8   3.5 247.6  0.06  0.05
      10  4  73.8  27.6  47.2  69.2  36.9        11.7  79.6   3.3 452.3  0.13  0.11
      10  5  75.2  34.2  47.3  56.4  36.4        15.0 100.1   4.2 442.2  0.16  0.14
      10  6  82.8  42.3  55.9  61.8  44.7        17.8 100.7   4.2 335.9  0.14  0.13
      10  7  63.2  43.1  44.3  77.0  47.2        17.8 106.4   4.4 202.3  0.08  0.07
      10  8  68.2  34.9  46.8  66.0  39.1        17.1 114.2   4.8 418.6  0.14  0.12
      10  9  81.1  35.0  49.0  59.2  39.9        16.0  93.6   3.9 424.7  0.18  0.16
      10 10  69.2  41.4  49.7  68.7  44.6        16.7  98.1   4.1 414.4  0.12  0.10
      10 11  84.3  37.6  54.0  58.8  40.1        15.3 101.0   4.2 411.4  0.18  0.16
      10 12  85.3  42.2  53.7  40.7  34.2        14.2  98.8   4.1 350.3  0.19  0.18
      10 13  73.5  38.2  48.5  60.6  41.8        15.3  82.6   3.4 394.5  0.14  0.12
      10 14  80.2  37.5  48.3  50.7  34.5        21.1  83.4   3.5 336.5  0.17  0.15
      10 15  51.4  35.2  36.5  75.2  36.5  0.26  16.4 116.3   4.8 123.9  0.07  0.06
      10 16  35.9  22.7  24.2  96.7  30.7  0.53  18.2 141.0   5.9 116.6  0.04  0.02
      10 17  51.9  17.8  37.5  77.8  26.8        14.2  95.5   4.0 402.6  0.08  0.07
      10 18  42.8  35.0  38.0  89.8  36.3  0.03  17.8 123.6   5.2 107.9  0.02  0.02
      10 19  54.4  29.5  36.3  77.0  33.5        14.6  95.5   4.0 365.4  0.08  0.06
      10 20  67.2  27.8  40.6  69.0  34.0        13.9  86.2   3.6 380.2  0.11  0.09
      10 21  74.5  31.5  44.4  57.8  33.6        12.1  88.6   3.7 371.3  0.13  0.12
      10 22  70.5  33.6  42.3  53.6  31.8        11.7  88.9   3.7 371.8  0.13  0.11
      10 23  69.9  33.6  42.2  59.5  33.9        11.7  96.3   4.0 369.7  0.13  0.12
      10 24  75.5  31.0  48.7  52.3  32.1        11.4  76.4   3.2 339.3  0.11  0.10
      10 25  69.9  34.5  41.8  41.0  27.5        14.2 100.8   4.2 356.3  0.14  0.13
      10 26  75.1  32.0  46.3  53.3  32.7        15.0  95.5   4.0 348.6  0.14  0.13
      10 27  77.7  32.4  37.5  57.6  32.4        30.4 131.3   5.5 342.3  0.21  0.19
      10 28  56.7  26.6  48.2  77.8  34.7         9.9  79.1   3.3 294.9  0.05  0.05
      10 29  56.7  36.1  40.7  46.2  28.3        38.9 264.6  11.0 278.2  0.17  0.13
      10 30  65.3  27.1  36.7  56.8  27.5        13.5 107.6   4.5 336.6  0.13  0.11
      10 31  71.4  29.0  43.7  61.6  33.4         9.9  78.6   3.3 335.2  0.10  0.10
      11  1  54.2  20.5  22.9  44.9  18.8        25.0 155.2   6.5 319.7            
      11  2  58.6  14.6  33.6  63.4  21.2        14.6  80.3   3.3 331.5            
      11  3  65.4  26.1  32.1  48.4  24.1        17.1 109.4   4.6 289.0            
      11  4  69.5  25.5  41.8  56.8  29.5        12.8  78.2   3.3 164.5            
      11  5  57.4  27.9  36.3  61.4  29.5        15.0 102.5   4.3 311.3            
      11  6  73.7  27.6  40.5  54.1  28.4        15.3  98.8   4.1 309.1            
      11  7  72.2  32.1  44.2  42.9  25.9        11.4  73.7   3.1 305.1            
      11  8  77.0  35.0  46.6  42.7  28.8        16.7 114.5   4.8 269.1            
      11  9  68.6  35.2  41.3  41.4  28.1        21.8 133.6   5.6 290.0            
      11 10  67.1  31.0  42.1  48.8  27.3        12.5  92.9   3.9 272.5            
      11 11  65.0  32.7  35.1  52.0  29.7        10.3  82.3   3.4 137.7            
      11 12  74.8  31.7  42.0  40.7  23.9        12.5  80.7   3.4 294.5            
      11 13  77.1  31.8  42.5  34.9  22.7        10.7  95.8   4.0 295.1            
      11 14  73.4  31.8  39.8  37.2  22.8        10.7  81.2   3.4 288.7            
      11 15  75.6  28.7  39.8  40.7  23.9         9.9  80.8   3.4 290.2            
      11 16  73.0  31.1  42.1  36.4  21.9        15.3 100.1   4.2 269.4            
      11 17  74.4  32.5  50.4  44.8  29.3        32.9 123.7   5.2 266.9            
      11 18  60.4  34.3  37.7  36.6  23.0        33.6 274.0  11.4 295.4            
      11 19  55.4  21.2  34.3  54.6  21.3        12.1  90.7   3.8 278.3            
      11 20  65.6  28.5  42.2  54.9  27.5        35.7 152.6   6.4 199.7            
      11 21  51.1  26.5  31.6  62.5  25.4        20.7 138.6   5.8 214.4            
      11 22  32.1  14.7  17.1 100.0  27.7  0.17  15.3 123.9   5.2 127.7            
      11 23  30.7   8.7  13.9 100.0  19.2  0.04  10.7  81.0   3.4 254.5            
      11 24  31.4   2.0  13.3  90.4  13.7         8.9  73.7   3.1 254.1            
      11 25  36.6   7.1  28.8  88.8  20.8        21.1  75.0   3.1 169.4            
      11 26  61.4  26.1  53.4  59.2  30.9        35.0 200.4   8.3 181.1            
      11 27  58.7  30.2  32.8  82.0  35.5        22.5 113.6   4.7 217.2            
      11 28  56.2  27.6  32.4  83.6  35.3        12.1  87.8   3.7 222.8            
      11 29  37.6  24.3  27.8 100.0  30.8         9.2  61.9   2.6 101.4            
      11 30  45.5  24.2  37.6  93.7  34.0        11.7  61.9   2.6  64.5            
      12  1  52.9  29.5  47.0  67.5  30.7        31.1 138.8   5.8 146.5            
      12  2  51.4  28.5  31.5  65.7  29.9        29.3 178.8   7.5 210.9            
      12  3  37.5  30.7  31.7  82.2  29.1  0.10  39.6 336.2  14.0  93.8            
      12  4  40.2  18.1  20.3  64.0  18.2        29.6 167.0   7.0 202.7            
      12  5  49.8  12.6  28.7  75.1  21.3         9.2  67.2   2.8 228.5            
      12  6  53.7  24.1  26.3  58.5  21.5        16.4 116.0   4.8 218.8            
      12  7  52.8  22.3  26.1  65.8  22.2        20.7 116.9   4.9 169.1            
      12  8  35.4  14.3  17.2  87.9  24.0        13.2 103.7   4.3 122.9            
      12  9  40.8   9.3  22.8  74.9  17.3        13.9  83.1   3.5 212.7            
      12 10  46.7  15.5  27.3  69.6  19.4        17.1  83.3   3.5 198.6            
      12 11  40.2  20.8  23.1  77.3  22.9        17.8 111.5   4.6 207.1            
      12 12  47.0  16.7  25.3  62.7  18.3        17.1 111.6   4.7 221.1            
      12 13  39.5  19.3  34.1  74.5  21.8        48.6 113.5   4.7  70.9            
      12 14  36.7  23.9  27.2  35.9   4.9        39.6 342.6  14.3 222.8            
      12 15  46.4  17.2  26.8  41.7  10.0        19.6  90.8   3.8 154.9            
      12 16  60.0  20.5  36.7  49.4  20.0        25.3 137.3   5.7 211.4            
      12 17  47.5  21.6  24.1  62.2  24.1        31.1 168.8   7.0 164.7            
      12 18  52.1  13.7  39.5  70.3  21.3        28.9 157.3   6.6 178.8            
      12 19  39.6   9.6  16.2  65.8  14.8        30.7 169.5   7.1 141.0            
      12 20  37.1  13.8  29.2  70.0  14.9        23.5 137.0   5.7 104.2            
      12 21  36.9  12.7  15.4  76.1  20.0        29.3 157.4   6.6 101.4            
      12 22  43.6  15.8  33.8  63.0  17.5        33.9 176.5   7.4  77.0            
      12 23  56.9  22.9  27.5  47.4  22.0        22.8 139.8   5.8 215.2            
      12 24  60.1  24.2  33.7  52.8  23.3        18.9 107.9   4.5 212.4            
      12 25  60.4  24.4  29.6  50.2  20.6        11.0  78.7   3.3 216.6            
      12 26  54.0  19.9  25.4  54.4  18.5        14.6  92.0   3.8 223.3            
      12 27  56.8  23.4  32.7  50.0  21.4        22.8 152.1   6.3 209.9            
      12 28  64.5  22.2  31.5  53.1  22.3        18.2 114.8   4.8 224.2            
      12 29  61.4  22.7  30.8  44.6  18.6        13.5 101.8   4.2 227.7            
      12 30  56.4  19.6  25.7  51.7  18.4        16.0 111.5   4.6 228.8            
      12 31  50.5  15.7  31.1  60.4  19.9        14.6  93.2   3.9 186.4            

      Total                               16.52                         47.34 37.16
        Max  97.0  64.5  74.8 100.0  65.0        54.7 429.4  17.9 723.5
        Min  21.6   2.0  13.3  29.9   1.7         8.2  61.9   2.6  49.4
        Ave  65.5  35.4  45.0  65.5  36.6        22.1 137.2   5.7 376.6
