                                                                    10-JAN-01
      Telephone-linked Weather Station nr  WINDSOR, Colorado             2000
      -----------------------------------------------------------------------------
               Temperature      Rel   Dew             Wind        Solar StandrdASCE
            ----------------- Humid Point  Prec -----------------   Rad   ETr   ETo
       Date   Max   Min   Ave   Ave   Ave Total   Max Total   Ave Total Alflf Grass
      MoDay     F     F     F     %     F  inch   mph miles   mph Langl  inch  inch
      ----- ----- ----- ----- ----- ----- ----- ----- ----- ----- ----- ----- -----
       1  1  55.3  21.1  35.2  49.3  19.1        28.6 140.1   5.8 196.1            
       1  2  42.9  18.2  27.7  74.5  23.2        31.4 156.5   6.5 177.5            
       1  3  32.7  10.5  13.0  56.6  11.3        30.4 266.5  11.1 208.8            
       1  4  47.4   5.9  29.5  61.4  12.4        13.9  84.8   3.5 239.3            
       1  5  45.1  24.8  26.2  35.9  10.7        33.9 270.2  11.3 236.3            
       1  6  41.1   9.8  18.9  44.1   6.5        14.6 124.1   5.2 253.9            
       1  7  37.7  12.3  25.6  60.3  13.7        12.1  76.4   3.2  73.4            
       1  8  48.0  17.8  34.1  52.6  15.1        15.0  88.3   3.7 239.1            
       1  9  44.4  30.7  37.7  33.8  11.1        35.0 236.4   9.8 223.0            
       1 10  45.8  18.3  19.6  60.2  19.5        36.4 183.5   7.6 148.9            
       1 11  60.9  10.7  53.4  54.2  18.4        37.9 228.0   9.5 204.4            
       1 12  56.5  23.7  27.0  53.0  25.4        35.3 253.3  10.6 216.5            
       1 13  44.5  18.9  23.8  67.6  20.0        11.7 100.7   4.2 217.8            
       1 14  58.3  17.6  31.9  60.1  19.9        12.1  93.6   3.9 199.7            
       1 15  56.9  24.7  37.8  42.5  17.5        14.6  98.0   4.1 180.2            
       1 16  38.1  21.0  27.4  69.8  21.3        20.0  87.4   3.6 164.9            
       1 17  58.0  23.3  34.6  60.1  25.4        13.9  89.4   3.7 152.9            
       1 18  46.4  21.5  22.6  71.2  26.5        14.0  85.9   3.6  77.1            
       1 19  57.3  20.2  23.0  66.2  26.7        30.4 198.0   8.3 226.4            
       1 20  50.1  16.2  29.3  73.8  21.9        10.7  84.3   3.5 245.9            
       1 21  49.0  22.0  33.5  77.5  28.6        21.4  93.1   3.9 110.4            
       1 22  47.2  19.9  27.3  62.9  20.9        23.9 144.5   6.0 236.8            
       1 23  45.1  13.2  20.5  49.2  12.7        26.4 136.3   5.7 289.3            
       1 24  53.2  13.9  27.3  59.6  18.5        25.7 139.8   5.8 141.8            
       1 25  32.4  18.4  27.1  75.7  19.7         7.1  55.0   2.3 102.0            
       1 26  46.7  20.0  29.7  79.8  25.2        11.4  75.3   3.1 234.4            
       1 27  34.0  17.6  20.2  94.1  26.4  0.05  13.2  92.3   3.8 123.7            
       1 28  35.0  11.2  17.8  73.9  16.3        18.9 108.6   4.5 233.1            
       1 29  35.4  14.3  17.7  84.9  18.4        14.6 113.1   4.7 278.7            
       1 30  39.3   8.7  16.8  75.5  15.1        14.2  78.8   3.3 310.9            
       1 31  45.5  10.5  22.4  58.0  11.6        16.7  99.6   4.2 320.6            
       2  1  49.3  14.5  25.8  54.6  14.1        17.5  98.7   4.1 311.1            
       2  2  70.6  18.6  60.1  39.2  15.3        33.9 157.9   6.6 206.8            
       2  3  60.3  24.4  26.0  66.6  24.2        27.1 205.4   8.6 216.2            
       2  4  39.6  10.0  24.3  61.4  13.6        16.0 106.8   4.5 328.8            
       2  5  55.5  14.8  30.8  51.5  16.8        11.0  73.3   3.1 225.6            
       2  6  61.1  20.8  33.6  52.0  20.6        24.6 136.7   5.7 299.3            
       2  7  56.5  22.4  30.7  53.8  21.0        13.9  97.3   4.1 333.9            
       2  8  61.5  17.0  37.2  49.9  19.5        11.0  81.0   3.4 217.8            
       2  9  52.2  28.8  39.7  41.8  18.7        14.6  76.5   3.2  77.9            
       2 10  45.2  26.5  28.0  72.9  28.6        17.8 147.1   6.1 260.6            
       2 11  28.3  16.7  19.3  97.0  22.1  0.15  14.2 111.5   4.6 246.6            
       2 12  39.6  12.7  26.1  96.1  25.7  0.02  15.0 100.8   4.2 154.2            
       2 13  48.6  23.1  32.5  77.1  24.5        27.5 158.3   6.6 328.3            
       2 14  61.6  22.5  53.2  62.1  29.1        29.3 145.9   6.1 331.7            
       2 15  54.7  30.2  34.2  43.4  23.4        40.7 298.7  12.4 390.7            
       2 16  50.0  22.4  37.6  65.4  25.6        18.9 143.8   6.0 321.1            
       2 17  37.4  21.4  22.3  94.4  28.4        20.7 183.9   7.7 115.0            
       2 18  38.2  17.1  22.1  85.3  22.1  0.01  17.8 118.8   5.0 350.4            
       2 19  47.9  15.9  24.5  79.5  23.6  0.01  13.9  78.9   3.3 394.1            
       2 20  42.5  16.5  33.7  81.0  24.2        13.5  79.0   3.3 150.8            
       2 21  68.1  25.3  41.5  52.4  27.3        18.5 125.0   5.2 364.2            
       2 22  61.1  31.6  43.3  61.5  31.9        32.5 245.7  10.2 265.7            
       2 23  62.5  30.4  38.6  51.8  29.4        17.8 127.8   5.3 396.0            
       2 24  59.6  29.7  38.4  66.4  30.9        20.0 117.2   4.9 300.5            
       2 25  47.4  31.7  36.5  40.3  15.5        31.1 235.1   9.8 298.5            
       2 26  52.1  25.0  31.0  31.0   9.9        21.4 124.8   5.2 394.9            
       2 27  61.4  20.5  34.0  51.5  21.5        16.4  89.8   3.7 355.1            
       2 28  68.3  24.5  42.0  54.0  26.5        30.4 165.8   6.9 398.9            
       2 29  58.6  31.8  34.3  48.5  25.8        21.8 187.6   7.8 435.6            
       3  1  58.2  27.1  39.5  55.2  26.2        16.0 138.2   5.8 300.4  0.15  0.10
       3  2  44.6  34.3  35.3  83.8  33.0  0.01  20.3 150.7   6.3 177.5  0.07  0.05
       3  3  59.4  25.1  36.1  73.1  30.3  0.01  12.5  95.7   4.0 413.0  0.12  0.09
       3  4  66.7  25.6  38.3  52.0  26.4        14.6 107.0   4.5 449.7  0.19  0.13
       3  5  66.5  26.7  45.8  52.2  29.7        33.2 169.9   7.1 353.4  0.20  0.13
       3  6  63.0  33.5  38.0  34.5  22.0        29.3 197.5   8.2 404.1  0.26  0.17
       3  7  61.0  30.2  46.1  66.1  33.5  0.01  39.3 188.9   7.9 274.4  0.15  0.10
       3  8  58.1  26.0  28.5  37.2  17.7        42.5 364.1  15.2 381.3  0.29  0.18
       3  9  34.7  25.8  31.3  94.6  29.1        15.0 134.5   5.6 126.3  0.03  0.02
       3 10  46.8  24.0  25.7  76.8  27.9        30.7 172.9   7.2 372.4  0.09  0.07
       3 11  55.7  14.1  40.0  61.3  23.1        31.8 123.4   5.1 459.3  0.13  0.10
       3 12  48.7  27.6  30.8  56.4  24.5        22.1 155.9   6.5 356.3  0.12  0.09
       3 13  57.2  19.8  35.1  62.3  24.8        17.1 105.9   4.4 464.0  0.14  0.10
       3 14  58.3  22.4  45.7  57.4  26.6        19.2 135.6   5.7 339.8  0.14  0.10
       3 15  46.6  23.4  24.7  88.2  30.0  0.44  20.3 118.5   4.9 156.6  0.06  0.04
       3 16  39.6  20.0  25.4  92.5  27.0  0.30   9.9  69.7   2.9 528.0  0.07  0.06
       3 17  45.0  16.1  34.8  85.4  28.1        18.5  88.5   3.7 475.1  0.07  0.07
       3 18  44.1  25.7  28.5  61.3  23.2        34.3 316.6  13.2 432.9  0.13  0.09
       3 19  58.4  21.0  44.4  69.0  30.2        15.3  84.1   3.5 367.7  0.11  0.09
       3 20  44.9  25.7  26.7  87.3  27.6        33.9 337.8  14.1 156.3  0.10  0.06
       3 21  39.0  25.6  29.2  91.6  28.8  0.07  15.7 125.1   5.2 316.9  0.05  0.05
       3 22  48.9  24.8  36.9  87.8  33.5        17.1  88.9   3.7 325.4  0.07  0.06
       3 23  66.3  30.9  48.1  68.4  33.7        15.0  86.2   3.6 471.1  0.16  0.12
       3 24  61.0  33.3  37.5  51.4  29.6        27.1 156.3   6.5 467.9  0.20  0.14
       3 25  64.4  28.4  49.8  55.3  30.3        16.7 141.7   5.9 380.5  0.18  0.13
       3 26  65.2  36.5  39.6  52.7  33.1        34.6 204.2   8.5 466.0  0.24  0.16
       3 27  70.4  27.6  45.9  54.8  31.1        16.7 119.1   5.0 573.4  0.22  0.16
       3 28  63.1  33.8  40.8  56.9  31.6        26.8 159.5   6.6 390.0  0.20  0.14
       3 29  59.6  32.7  37.3  64.0  31.7        21.4 133.5   5.6 488.7  0.17  0.12
       3 30  40.5  30.9  33.7  96.2  33.5  0.26  25.0 184.8   7.7  99.8  0.03  0.03
       3 31  35.0  29.5  31.0  98.4  31.6  0.18  20.7  87.8   3.7 184.3  0.03  0.03
       4  1  50.0  26.6  30.0  70.8  27.2  0.02  18.9 123.6   5.2 568.6  0.13  0.10
       4  2  47.1  28.2  29.5  82.0  30.0  0.05  27.5 192.2   8.0 163.9  0.09  0.06
       4  3  45.4  24.2  31.3  65.7  23.2        28.2 208.5   8.7 588.2  0.13  0.10
       4  4  79.5  23.3  66.2  48.9  27.0        29.3 176.8   7.4 612.6  0.31  0.22
       4  5  76.0  47.3  48.2  25.7  28.6        42.2 348.5  14.5 514.0  0.51  0.33
       4  6  73.9  31.6  59.7  42.7  28.9        36.1 221.5   9.2 513.6  0.31  0.21
       4  7  60.6  27.2  29.1  48.4  22.3        47.2 474.9  19.8 591.7  0.33  0.21
       4  8  68.4  22.3  43.2  46.9  22.2        15.7 122.7   5.1 625.7  0.24  0.18
       4  9  77.1  29.1  56.2  42.9  28.7        27.8 156.0   6.5 514.5  0.30  0.21
       4 10  65.5  35.5  46.4  46.1  31.1        27.1 227.4   9.5 502.5  0.26  0.18
       4 11  65.4  36.2  42.6  60.7  34.4        18.2 156.9   6.5 630.9  0.23  0.17
       4 12  75.9  31.2  53.4  53.7  31.4        25.3 127.5   5.3 425.3  0.25  0.18
       4 13  78.1  37.8  54.0  33.3  29.4        23.5 158.9   6.6 523.6  0.33  0.23
       4 14  76.1  33.3  34.4  54.3  34.2        31.8 188.2   7.8 440.0  0.35  0.22
       4 15  35.0  25.9  26.6  94.5  28.7        16.0 148.9   6.2 153.8  0.03  0.03
       4 16  63.1  25.6  45.6  78.7  35.3  0.05  19.2 128.5   5.4 597.2  0.17  0.14
       4 17  77.3  32.1  51.1  53.6  34.9        20.0 145.6   6.1 654.5  0.30  0.22
       4 18  80.5  35.6  42.9  41.2  30.2        41.4 228.8   9.5 492.0  0.45  0.29
       4 19  52.6  39.6  48.6  36.1  23.0        37.1 297.1  12.4 167.5  0.21  0.14
       4 20  71.0  28.9  46.9  49.3  32.3        21.1 151.1   6.3 680.1  0.27  0.20
       4 21  75.1  34.9  58.4  43.9  32.5        19.2 128.1   5.3 583.2  0.26  0.20
       4 22  74.2  39.8  48.6  60.4  40.1  0.64  32.1 184.7   7.7 301.0  0.26  0.17
       4 23  64.6  44.9  46.7  78.1  46.6  0.05  24.3 192.8   8.0 332.5  0.15  0.11
       4 24  62.7  38.1  45.3  70.7  38.5  0.06  30.4 158.9   6.6 413.3  0.17  0.13
       4 25  67.0  30.0  48.0  49.4  30.6        18.5 141.1   5.9 657.5  0.24  0.18
       4 26  77.9  36.0  52.5  50.9  36.0        32.5 156.6   6.5 612.2  0.32  0.23
       4 27  66.9  41.3  46.9  54.2  36.2        14.6  85.0   3.5 660.3  0.21  0.17
       4 28  71.2  35.5  52.5  59.8  38.9        17.1 111.9   4.7 597.9  0.22  0.17
       4 29  75.5  42.2  43.1  77.5  45.5  0.15  43.6 251.3  10.5 422.8  0.30  0.20
       4 30  55.6  37.7  39.9  65.5  35.4  0.01  31.4 265.6  11.1 308.7  0.16  0.11
       5  1  70.0  31.0  49.1  56.8  33.9        15.7  95.9   4.0 682.0  0.23  0.18
       5  2  76.0  38.2  52.4  57.0  40.5        19.6 117.6   4.9 686.1  0.27  0.21
       5  3  81.9  39.3  56.5  53.8  42.8        19.2 133.3   5.6 679.9  0.31  0.24
       5  4  90.3  45.3  62.3  49.2  43.4        24.3 161.7   6.7 695.5  0.43  0.30
       5  5  90.6  46.5  66.6  47.2  44.5        19.6 121.5   5.1 699.5  0.37  0.28
       5  6  81.0  44.6  61.4  57.9  47.9        18.5 137.3   5.7 589.5  0.28  0.21
       5  7  80.7  51.5  57.2  66.3  50.5        29.3 178.9   7.5 384.6  0.28  0.20
       5  8  56.5  39.4  41.5  93.4  42.3  0.12  17.1 142.1   5.9 158.8  0.08  0.06
       5  9  70.1  36.1  51.2  69.4  40.1        19.6 135.6   5.7 598.7  0.22  0.17
       5 10  76.4  45.4  55.6  63.4  47.0        26.4 185.6   7.7 681.0  0.29  0.22
       5 11  64.7  38.9  42.3  72.9  42.5  0.03  32.1 213.3   8.9 407.4  0.18  0.13
       5 12  57.7  30.6  33.3  34.6  18.7        36.8 306.5  12.8 699.2  0.30  0.20
       5 13  66.4  26.5  50.9  47.8  24.9        17.8 101.1   4.2 609.7  0.22  0.17
       5 14  71.0  39.0  56.6  39.4  31.4        17.8 109.3   4.6 594.6  0.25  0.19
       5 15  84.2  38.2  60.7  38.0  33.5        21.8 131.2   5.5 571.5  0.34  0.25
       5 16  85.6  44.6  58.6  47.0  44.2        18.5 138.7   5.8 665.7  0.36  0.26
       5 17  64.7  41.1  44.6  89.8  49.4  1.39  38.6 282.3  11.8 104.5  0.10  0.07
       5 18  56.1  40.8  45.0  71.6  38.9  0.01  28.6 171.4   7.1 461.2  0.15  0.12
       5 19  69.4  36.7  52.0  69.9  43.1        15.3  91.3   3.8 683.8  0.20  0.17
       5 20  68.8  45.9  49.7  69.0  46.6  0.01  31.1 135.8   5.7 518.0  0.20  0.15
       5 21  79.3  43.1  64.9  60.0  45.7        15.3  95.6   4.0 640.8  0.25  0.21
       5 22  85.0  51.1  67.5  44.5  46.4        18.2 109.7   4.6 567.4  0.29  0.23
       5 23  90.8  53.1  66.3  44.3  49.0        23.2 106.2   4.4 696.6  0.35  0.27
       5 24  73.9  51.5  52.8  63.9  50.7  0.10  22.5 108.8   4.5 453.7  0.20  0.16
       5 25  78.4  50.1  57.5  83.8  54.8  0.11  28.6  98.5   4.1 542.1  0.21  0.17
       5 26  75.5  51.0  56.4  70.1  51.4        22.5 133.0   5.5 441.6  0.21  0.16
       5 27  79.5  43.9  60.0  60.0  45.9        16.4 117.3   4.9 735.5  0.29  0.23
       5 28  91.3  46.2  70.0  51.0  48.7        35.3 151.5   6.3 575.3  0.36  0.27
       5 29  96.7  57.9  68.7  39.6  48.7        24.3 158.0   6.6 644.7  0.48  0.34
       5 30  75.6  52.4  55.2  76.6  55.7        21.1 153.8   6.4 497.6  0.21  0.16
       5 31  78.8  51.9  62.8  84.8  57.3  0.01  15.3 118.3   4.9 508.6  0.20  0.17
       6  1  70.0  45.4  57.3  46.8  38.3        23.9 167.0   7.0 733.2  0.29  0.23
       6  2  80.5  44.7  60.9  61.0  48.7        17.8 112.1   4.7 656.6  0.27  0.22
       6  3  93.0  45.8  68.6  47.7  45.4        17.5  92.5   3.9 659.5  0.34  0.26
       6  4  75.1  55.4  58.2  57.3  49.2        21.1 141.4   5.9 477.5  0.25  0.19
       6  5  81.9  44.6  65.5  66.6  50.4        15.3 100.3   4.2 679.0  0.26  0.22
       6  6  95.2  49.3  73.7  49.4  46.9        42.2 131.8   5.5 581.0  0.38  0.28
       6  7  98.1  55.0  68.7  27.3  38.0        17.5 102.5   4.3 751.7  0.45  0.33
       6  8  97.6  55.6  68.7  37.1  45.3        24.6 111.6   4.7 651.5  0.43  0.31
       6  9  89.0  54.4  67.6  41.3  46.3        39.6 120.2   5.0 588.2  0.35  0.26
       6 10  84.6  50.4  64.8  41.8  42.6        25.7 172.7   7.2 757.9  0.41  0.30
       6 11  89.2  53.5  61.3  48.1  47.1        18.5 128.4   5.3 677.2  0.39  0.29
       6 12  92.3  47.4  72.1  45.6  44.0        23.5 113.7   4.7 650.7  0.36  0.27
       6 13  80.7  55.2  56.7  41.1  41.8        39.6 251.5  10.5 452.1  0.44  0.29
       6 14  81.1  42.8  67.7  48.9  43.4        17.5 124.6   5.2 715.1  0.30  0.24
       6 15  88.6  53.1  54.8  51.8  44.7        34.3 184.1   7.7 495.7  0.46  0.31
       6 16  55.7  46.5  47.4  79.1  43.7  0.02  14.2 101.2   4.2 158.1  0.08  0.07
       6 17  63.6  41.6  50.9  83.8  46.3  0.71  17.5 120.3   5.0 644.6  0.17  0.15
       6 18  85.3  42.4  65.0  68.3  50.2        31.1 112.8   4.7 646.8  0.29  0.23
       6 19  80.9  52.6  54.4  63.2  51.6  0.01  28.2 137.4   5.7 380.2  0.26  0.18
       6 20  80.5  48.0  52.6  51.2  43.2        27.1 141.7   5.9 758.2  0.36  0.26
       6 21  82.0  42.7  64.8  51.9  43.7        15.0 110.5   4.6 754.6  0.31  0.25
       6 22  92.6  51.7  69.7  44.3  46.7        22.8  99.6   4.2 656.0  0.35  0.27
       6 23  91.3  57.5  66.4  42.0  47.3        37.9 112.5   4.7 590.6  0.37  0.27
       6 24  91.4  54.8  70.8  45.4  48.8        23.2 104.2   4.3 560.6  0.33  0.25
       6 25  82.8  53.5  56.4  73.2  55.4  0.06  17.1  98.9   4.1 287.2  0.20  0.15
       6 26  59.9  51.5  53.7  95.9  53.9  0.18  14.6  90.9   3.8 127.7  0.05  0.05
       6 27  71.9  51.8  55.4  91.0  56.7  0.02  23.2  89.3   3.7 400.0  0.14  0.12
       6 28  71.3  46.8  58.6  80.5  53.5        15.7 107.2   4.5 612.2  0.18  0.16
       6 29  94.1  50.7  62.6  61.2  52.0        17.8  91.0   3.8 604.6  0.34  0.25
       6 30  92.3  52.0  65.7  62.1  54.5        22.1 119.9   5.0 714.9  0.36  0.28
       7  1  91.0  56.0  69.0  53.4  53.3        22.8 112.1   4.7 552.6  0.32  0.24
       7  2  93.5  58.2  71.0  46.1  51.2        23.5 146.6   6.1 658.9  0.42  0.31
       7  3  91.2  61.7  69.0  57.4  56.8        15.7  98.3   4.1 515.1  0.30  0.23
       7  4  94.0  53.8  75.3  43.1  48.7        21.1 121.2   5.0 750.7  0.39  0.30
       7  5  92.2  60.3  73.2  48.4  55.5        23.9 143.2   6.0 697.1  0.39  0.29
       7  6  99.0  61.1  75.7  53.1  57.9        25.3 126.7   5.3 681.4  0.41  0.31
       7  7  96.8  61.2  73.8  37.9  49.3        26.1 133.8   5.6 542.9  0.42  0.30
       7  8  95.1  63.0  73.7  48.0  54.6        25.3 106.2   4.4 543.1  0.34  0.26
       7  9  93.5  63.8  65.2  47.5  55.2  0.11  19.2  96.9   4.0 648.1  0.36  0.28
       7 10  91.9  57.8  64.8  68.7  60.7  0.01  26.4 128.0   5.3 655.2  0.34  0.26
       7 11  94.6  56.9  73.8  55.4  56.2        17.8 123.4   5.1 664.1  0.36  0.28
       7 12  89.7  60.3  62.5  61.8  59.1        30.4 162.0   6.8 631.7  0.37  0.27
       7 13  95.1  53.5  72.1  64.3  59.0        20.7 103.8   4.3 669.0  0.33  0.26
       7 14  96.2  59.0  73.2  52.5  57.2        16.4  95.9   4.0 662.6  0.34  0.27
       7 15  97.1  61.0  73.8  48.3  56.3        26.4 117.9   4.9 521.1  0.36  0.26
       7 16  83.9  59.6  60.7  72.1  61.9  0.19  23.9 143.6   6.0 466.7  0.24  0.18
       7 17  74.2  58.2  61.3  95.5  62.9  0.21  17.8  87.8   3.7 262.5  0.10  0.09
       7 18  92.9  53.1  69.3  65.3  57.6  0.02  26.1 105.2   4.4 605.5  0.31  0.24
       7 19  89.5  53.6  70.6  61.3  55.4        22.1 106.7   4.4 612.5  0.30  0.24
       7 20  85.4  59.1  63.2  60.4  56.8        23.9 124.6   5.2 558.7  0.29  0.22
       7 21  86.4  55.1  63.1  71.3  59.1        22.5  98.5   4.1 547.9  0.25  0.20
       7 22  88.3  54.1  65.2  64.0  56.1        17.8  99.4   4.1 637.5  0.29  0.23
       7 23  95.6  54.4  67.8  56.1  54.2        30.0 103.2   4.3 619.8  0.35  0.27
       7 24  97.8  57.3  69.9  44.2  50.0        41.4 141.3   5.9 430.2  0.42  0.28
       7 25  92.5  58.7  71.9  46.0  51.9        33.2 121.3   5.1 523.2  0.34  0.25
       7 26  96.5  57.1  71.6  48.8  52.7        16.0  94.6   3.9 512.9  0.33  0.24
       7 27  91.0  58.4  67.3  52.9  55.4        17.1  99.4   4.1 464.1  0.29  0.21
       7 28  88.5  57.4  68.6  60.1  58.1        16.0 104.6   4.4 578.3  0.28  0.22
       7 29  92.3  56.6  66.6  57.6  55.2        14.6  84.1   3.5 629.4  0.31  0.24
       7 30  90.7  56.9  66.0  55.9  54.8        16.4  87.8   3.7 619.4  0.30  0.24
       7 31  89.9  55.3  68.5  53.2  53.0        15.3  92.5   3.9 614.6  0.30  0.24
       8  1  97.5  55.5  75.0  48.2  52.1        31.8 115.6   4.8 569.0  0.36  0.27
       8  2  90.4  62.2  76.0  48.4  55.2        26.8 141.0   5.9 437.0  0.31  0.23
       8  3  89.9  60.6  70.1  64.8  61.5        18.5  91.7   3.8 438.9  0.24  0.19
       8  4  96.0  59.7  65.8  72.4  61.0  0.30  21.8 110.2   4.6 437.4  0.31  0.23
       8  5  91.6  59.6  64.0  60.5  57.7        28.6 126.3   5.3 498.1  0.33  0.24
       8  6  89.4  53.1  66.1  56.0  52.5        16.4 131.4   5.5 644.4  0.34  0.26
       8  7  94.7  49.2  69.1  52.9  52.1        19.6  97.9   4.1 480.9  0.30  0.22
       8  8  97.3  58.6  74.5  35.3  46.8        14.6 104.1   4.3 624.3  0.38  0.28
       8  9  95.1  60.0  72.8  50.0  56.2        20.7 147.7   6.2 614.3  0.39  0.29
       8 10  88.3  55.8  69.5  68.8  60.4        15.3  96.9   4.0 575.0  0.25  0.21
       8 11  96.0  58.5  80.0  58.8  58.5        23.9  91.0   3.8 513.2  0.28  0.22
       8 12  81.9  63.7  66.8  55.5  56.2        20.3  96.7   4.0 282.8  0.20  0.15
       8 13  90.8  56.7  68.8  59.7  57.0        15.7  96.6   4.0 537.6  0.28  0.22
       8 14  96.5  58.2  77.0  44.6  52.1        17.8 104.7   4.4 550.5  0.33  0.25
       8 15  92.3  64.0  66.7  55.0  58.1  0.02  18.9 129.8   5.4 549.5  0.35  0.26
       8 16  90.6  61.0  65.6  75.1  62.3  0.10  27.1 126.6   5.3 355.2  0.26  0.19
       8 17  76.5  59.3  60.2  75.4  57.7  0.01  16.7  97.5   4.1 351.6  0.17  0.13
       8 18  77.7  54.4  61.7  84.1  59.9        14.6  80.9   3.4 361.5  0.14  0.12
       8 19  89.6  54.8  69.7  61.8  56.0        18.2 109.0   4.5 582.6  0.29  0.22
       8 20  90.8  53.6  64.9  64.2  55.5  0.02  25.3 113.7   4.7 386.0  0.27  0.20
       8 21  78.1  54.5  62.8  66.9  55.2        19.6 117.0   4.9 518.7  0.21  0.17
       8 22  90.9  52.8  63.3  65.7  54.2        34.3 123.9   5.2 449.1  0.31  0.22
       8 23  88.9  51.2  65.7  56.3  51.1        15.7  90.9   3.8 537.1  0.27  0.21
       8 24  92.4  54.3  67.4  57.8  54.5        19.2  90.6   3.8 472.4  0.27  0.20
       8 25  89.9  55.8  66.1  66.3  57.6  0.04  19.2 113.0   4.7 435.5  0.26  0.20
       8 26  87.1  57.0  63.4  67.1  58.1        28.2 115.4   4.8 512.2  0.26  0.20
       8 27  89.4  54.5  65.4  76.7  59.7  0.02  19.6  97.7   4.1 484.3  0.24  0.19
       8 28  88.2  55.8  62.8  77.2  59.8  0.01  22.1  96.4   4.0 355.3  0.21  0.16
       8 29  86.1  56.1  69.1  73.4  60.6        26.8 140.7   5.9 503.0  0.24  0.19
       8 30  88.0  53.3  62.7  70.0  57.3        25.3 112.9   4.7 405.4  0.24  0.18
       8 31  72.4  47.6  59.3  79.5  54.5        17.8 119.8   5.0 412.0  0.14  0.12
       9  1  82.4  50.7  58.4  81.4  57.8  0.16  24.3  94.5   3.9 423.5  0.19  0.15
       9  2  83.4  53.0  62.7  64.4  53.0        19.6 132.2   5.5 563.3  0.27  0.20
       9  3  85.9  48.3  63.5  50.9  46.9        19.2 120.9   5.0 531.4  0.29  0.21
       9  4  91.7  50.3  65.0  55.4  51.4        17.8 117.2   4.9 548.2  0.32  0.23
       9  5  94.3  55.0  60.8  72.2  57.9  0.05  29.3 126.4   5.3 470.2  0.33  0.23
       9  6  91.9  52.6  58.0  61.2  52.1        32.9 136.3   5.7 456.0  0.36  0.24
       9  7  78.8  43.7  57.0  60.2  45.9        19.6 123.0   5.1 534.7  0.24  0.18
       9  8  86.4  48.6  60.6  62.5  51.4  0.01  36.4 131.7   5.5 398.3  0.27  0.19
       9  9  87.6  53.2  66.9  38.7  43.9        35.0 167.9   7.0 444.3  0.36  0.24
       9 10  87.8  47.4  65.6  41.1  41.3        24.3 122.3   5.1 501.1  0.31  0.22
       9 11  79.5  50.6  56.9  41.8  40.4        20.3 141.4   5.9 489.8  0.30  0.21
       9 12  85.6  44.5  61.1  55.3  45.6        17.1  92.5   3.9 528.1  0.25  0.19
       9 13  91.1  48.9  60.9  43.5  43.7        23.5  78.3   3.3 508.1  0.28  0.20
       9 14  85.3  51.6  61.8  48.0  45.6        21.1 136.7   5.7 509.8  0.31  0.22
       9 15  92.6  48.3  64.7  51.4  47.4        20.3  89.7   3.7 496.2  0.28  0.20
       9 16  97.8  54.4  63.6  34.3  40.9        14.2  85.7   3.6 506.2  0.35  0.24
       9 17  94.2  56.7  72.6  37.0  43.3        20.0 105.8   4.4 366.9  0.31  0.21
       9 18  86.6  60.4  64.4  39.6  45.5        16.0  91.3   3.8 376.8  0.26  0.18
       9 19  76.9  45.1  46.3  56.3  47.2  0.49  20.3 146.1   6.1 414.6  0.24  0.16
       9 20  58.5  42.6  44.9  80.1  43.0  0.11  24.6 125.8   5.2 420.8  0.12  0.09
       9 21  68.0  37.9  48.1  88.6  48.1  0.14  18.5  96.0   4.0 241.5  0.10  0.08
       9 22  47.4  30.8  31.6  99.6  39.1  0.17  13.5 102.4   4.3  90.4  0.02  0.02
       9 23  39.6  30.7  31.8 100.0  34.4  0.20  20.7 126.4   5.3 133.8  0.03  0.02
       9 24  45.8  28.9  33.6  91.7  33.3  0.47  11.0  54.2   2.3 389.4  0.07  0.06
       9 25  64.9  25.1  41.3  75.7  35.5        12.5  61.5   2.6 500.4  0.13  0.10
       9 26  71.2  34.3  47.3  68.3  40.2        20.0  70.2   2.9 483.7  0.15  0.12
       9 27  76.8  37.0  49.8  59.2  40.2        11.0  75.8   3.2 457.6  0.18  0.14
       9 28  80.0  39.2  54.5  59.9  42.3        17.8  85.1   3.5 448.7  0.20  0.15
       9 29  80.4  48.5  59.5  62.6  48.2        18.9 111.9   4.7 297.9  0.20  0.14
       9 30  81.4  45.4  55.1  61.7  47.1        14.6  82.7   3.4 367.5  0.19  0.14
      10  1  86.1  47.4  61.9  51.8  44.5        24.3  97.5   4.1 441.8  0.25  0.17
      10  2  76.6  41.1  61.2  72.4  49.7        14.6  89.2   3.7 412.6  0.15  0.12
      10  3  71.4  47.8  49.6  78.0  49.3  0.02  17.5 119.2   5.0 201.3  0.14  0.10
      10  4  59.8  44.3  50.0  96.3  49.4  0.01  15.7  68.3   2.8 149.6  0.05  0.04
      10  5  51.6  31.4  32.2  98.8  39.7  0.02  17.5 161.0   6.7  82.3  0.04  0.03
      10  6  36.9  29.3  35.7  96.7  32.3  0.03  11.4 109.0   4.5  91.5  0.02  0.02
      10  7  43.9  33.0  38.5  88.9  34.8        13.5 101.9   4.2 143.7  0.04  0.04
      10  8  55.2  26.3  34.7  81.7  34.2        14.6  82.0   3.4 398.7  0.09  0.07
      10  9  61.8  24.3  41.1  79.1  35.7        12.8  66.4   2.8 400.8  0.10  0.08
      10 10  70.6  32.0  46.3  71.2  39.5        15.0  78.4   3.3 381.4  0.14  0.10
      10 11  72.6  34.7  51.8  69.9  42.3        17.1 100.4   4.2 386.6  0.15  0.11
      10 12  70.7  43.7  51.8  63.2  42.5        18.9 101.0   4.2 371.7  0.16  0.11
      10 13  65.2  37.4  48.1  68.2  39.5  0.07  21.8 112.2   4.7 341.1  0.13  0.10
      10 14  58.4  33.2  38.2  69.2  35.7        21.1  94.2   3.9 262.5  0.10  0.07
      10 15  62.7  30.4  43.1  71.8  35.5        11.7  95.1   4.0 378.5  0.12  0.09
      10 16  67.4  31.5  41.6  61.7  34.6        17.8  98.7   4.1 371.1  0.15  0.11
      10 17  70.6  33.4  45.0  56.5  33.6        11.7  81.9   3.4 377.4  0.16  0.11
      10 18  76.0  35.8  46.4  57.0  36.5        12.8  74.5   3.1 371.8  0.17  0.12
      10 19  74.8  34.5  55.4  48.7  33.7        12.1  79.8   3.3 335.2  0.15  0.11
      10 20  65.5  38.7  41.8  57.8  36.5        14.2  98.8   4.1 355.7  0.15  0.10
      10 21  72.2  33.0  49.1  63.1  36.6        13.9  90.1   3.8 351.2  0.15  0.11
      10 22  50.8  39.8  40.9  95.0  42.3  0.17  25.3 192.6   8.0  33.9  0.04  0.03
      10 23  48.8  39.2  45.4  97.6  43.7        10.7  58.8   2.5 106.8  0.03  0.03
      10 24  60.2  42.9  45.6  93.0  47.6  0.02  13.9  98.6   4.1 172.6  0.06  0.05
      10 25  65.6  30.9  41.2  73.6  38.4        16.7  96.3   4.0 334.1  0.12  0.08
      10 26  64.0  31.3  44.3  68.5  36.4        13.9  79.3   3.3 339.2  0.10  0.08
      10 27  59.1  34.9  46.5  88.2  43.2        13.9  95.0   4.0 283.1  0.07  0.05
      10 28  59.4  40.0  48.2  94.5  47.4  0.01  13.2  75.1   3.1 144.3  0.04  0.04
      10 29  67.5  40.4  42.0  75.0  43.5  0.01  15.7 122.3   5.1 281.9  0.13  0.09
      10 30  61.2  36.9  43.4  77.8  39.8        15.7 127.9   5.3 269.4  0.11  0.07
      10 31  46.5  33.2  39.8  96.5  40.6  0.14  24.3 115.3   4.8  32.1  0.01  0.01
      11  1  55.6  37.0  39.6  59.7  30.0        32.1 228.6   9.5 239.1            
      11  2  48.9  30.6  32.2  64.7  26.5        15.7 111.5   4.6 267.2            
      11  3  47.8  27.0  29.3  80.0  30.5         9.6  70.0   2.9 269.7            
      11  4  57.0  20.5  32.7  74.6  29.1        10.7  64.4   2.7 317.5            
      11  5  39.8  28.0  29.8  93.3  32.7  0.20  19.2 120.5   5.0  41.0            
      11  6  34.3  20.4  26.8  70.7  19.7        31.1 284.9  11.9 120.3            
      11  7  39.8  19.0  30.8  60.4  17.5        30.0 220.2   9.2 250.1            
      11  8  45.1  17.0  27.9  70.2  21.5        17.8 124.4   5.2 304.2            
      11  9  44.8  23.7  24.7  69.1  22.7        18.2 138.7   5.8 290.3            
      11 10  28.3  19.4  21.5  91.0  21.0        17.8 154.3   6.4  85.3            
      11 11  21.2  10.6  12.2 100.0  16.2        13.5 116.0   4.8 160.5            
      11 12  24.8   2.1   5.9  99.4  14.4  0.16  10.3  70.0   2.9 258.8            
      11 13  29.3  -0.2  12.7  90.4  12.7         8.2  55.2   2.3 284.9            
      11 14  32.1   4.7  17.2  83.8  14.8         9.9  69.0   2.9 278.7            
      11 15  39.8  10.4  21.6  66.5  16.0        28.2 189.5   7.9 183.1            
      11 16  32.7  11.0  13.3  82.2  15.3        15.0 138.7   5.8 278.5            
      11 17  31.4   5.8  16.6  86.7  15.6        19.6 128.3   5.3 178.8            
      11 18  40.5   1.1  26.1  79.1  17.3  0.01  17.1 114.4   4.8 255.8            
      11 19  39.5  13.3  21.8  73.6  19.5        16.7 109.2   4.5 247.9            
      11 20  41.5  13.9  23.5  80.7  20.4        12.1 105.9   4.4 269.0            
      11 21  53.1  15.6  29.9  62.0  20.0        12.8 104.0   4.3 244.5            
      11 22  55.9  24.1  30.9  57.5  21.5        20.0 107.5   4.5 232.3            
      11 23  48.6  20.5  24.7  63.6  21.0        12.5  89.9   3.7 218.2            
      11 24  54.2  17.2  30.0  60.7  20.6        25.7 110.0   4.6 258.4            
      11 25  45.7  22.7  23.8  70.4  23.4        15.7 119.4   5.0 245.8            
      11 26  44.8  16.4  28.0  81.4  23.9        13.2  74.1   3.1  88.1            
      11 27  46.5  24.6  35.6  73.8  26.6        12.5  80.2   3.3 221.0            
      11 28  42.3  16.7  20.9  70.3  24.4        25.3 167.1   7.0 236.7            
      11 29  39.0  16.7  21.3  75.6  19.1        15.0  79.2   3.3 226.8            
      11 30  50.8  15.0  30.2  51.6  16.3        37.5 269.1  11.2 246.2            
      12  1  44.1  17.0  19.4  58.2  16.3        15.0 109.7   4.6 242.2            
      12  2  42.4  11.6  21.5  69.6  17.7        12.1  73.2   3.0 236.7            
      12  3  55.7  13.8  27.6  68.8  21.2        13.2  67.7   2.8 169.7            
      12  4  42.3  20.3  22.7  66.9  19.6        13.9 101.7   4.2 234.1            
      12  5  42.8  16.1  20.9  82.3  22.2        30.4 147.0   6.1  73.7            
      12  6  52.2   9.9  27.5  76.0  21.9        15.0  84.3   3.5 223.1            
      12  7  52.0  23.8  32.1  64.1  26.7        25.7 115.2   4.8  80.6            
      12  8  41.4  28.0  29.0  88.0  29.5        11.0  71.1   3.0 163.9            
      12  9  54.4  24.3  36.2  69.2  27.9        21.1  88.8   3.7 185.3            
      12 10  36.4   4.2   6.0  94.5  15.8        20.0 175.7   7.3  39.8            
      12 11  12.9  -5.1   3.2  89.0   1.9        12.5  99.2   4.1 244.9            
      12 12  21.6  -0.8  11.4  89.2   8.2  0.01   9.9  65.3   2.7 200.2            
      12 13  23.8   1.7  14.5  91.1  11.6  0.01  10.3  73.0   3.0 171.4            
      12 14  48.0   6.2  27.4  77.4  19.0        23.5 113.3   4.7 183.5            
      12 15  47.4  20.4  29.0  60.4  18.8        37.5 208.4   8.7 158.7            
      12 16  25.4   6.9  13.5  73.6  10.3        29.3 165.9   6.9 226.1            
      12 17  55.0   8.5  30.8  64.8  16.3        41.1 276.6  11.5 199.8            
      12 18  37.7  12.2  14.8  41.9   7.2        38.2 272.3  11.3 217.7            
      12 19  50.4   8.0  40.2  56.0  14.3        27.5 119.2   5.0 195.7            
      12 20  42.2   6.7   7.9  69.3  15.8        35.0 218.4   9.1 203.2            
      12 21  28.1   2.3  15.6  77.3   9.3        10.3  56.9   2.4 227.7            
      12 22  55.8  10.5  28.1  62.8  19.1        26.1 125.8   5.2 225.0            
      12 23  45.9  17.2  24.3  78.9  23.0        13.2 105.1   4.4 221.1            
      12 24  35.2  16.2  19.2  83.1  19.9        14.6 112.5   4.7 145.9            
      12 25  28.1  14.9  23.8  93.3  20.7        15.7  91.3   3.8  58.9            
      12 26  39.8   8.3  20.3  88.4  18.7  0.04  11.4  73.5   3.1 232.3            
      12 27  54.8  15.3  34.6  68.7  25.4        13.2  88.2   3.7 224.0            
      12 28  43.1  17.4  19.2  64.9  23.0        21.4 160.9   6.7 162.8            
      12 29  38.1  11.0  24.7  76.9  18.8        16.0 100.2   4.2 204.3            
      12 30  34.1  14.1  26.9  84.5  21.0         8.5  52.3   2.2  83.6            
      12 31  31.2  13.2  17.8  98.3  22.1  0.19   6.4  41.2   1.7 149.9            

      Total                                9.31                         57.75 42.89
        Max  99.0  64.0  80.0 100.0  62.9        47.2 474.9  19.8 758.2
        Min  12.9  -5.1   3.2  25.7   1.9         6.4  41.2   1.7  32.1
        Ave  65.5  34.9  45.5  64.4  35.9        21.3 129.3   5.4 389.3
