                                                                    17-JAN-02
      Telephone-linked Weather Station nr  WINDSOR, Colorado             2001
      -----------------------------------------------------------------------------
               Temperature      Rel   Dew             Wind        Solar StandrdASCE
            ----------------- Humid Point  Prec -----------------   Rad   ETr   ETo
       Date   Max   Min   Ave   Ave   Ave Total   Max Total   Ave Total Alflf Grass
      MoDay     F     F     F     %     F  inch   mph miles   mph Langl  inch  inch
      ----- ----- ----- ----- ----- ----- ----- ----- ----- ----- ----- ----- -----
       1  1  26.6   7.5  16.4  99.7  18.9        11.4  58.0   2.4 128.8            
       1  2  38.2   8.1  18.4  91.1  20.5  0.01   8.9  49.9   2.1 234.2            
       1  3  52.1  11.4  28.0  73.1  22.2         9.9  72.8   3.0 230.3            
       1  4  62.2  17.7  33.1  66.9  25.8        21.4  94.0   3.9 240.8            
       1  5  57.8  21.4  42.7  64.6  27.8        12.5  75.4   3.1 231.3            
       1  6  56.7  27.5  30.5  58.5  26.0        15.7  99.8   4.2 200.6            
       1  7  44.4  19.5  21.6  68.9  21.1        16.4  87.6   3.6 239.5            
       1  8  52.4  10.3  22.8  65.3  16.8        11.0  67.8   2.8 247.7            
       1  9  44.7  12.3  23.2  57.8  13.4        12.1  67.3   2.8 245.7            
       1 10  55.8  16.9  31.1  51.7  18.5        11.7  77.4   3.2 199.6            
       1 11  47.7  19.0  26.3  63.0  20.5        14.6 111.2   4.6 246.3            
       1 12  49.8  14.3  37.9  56.7  18.6        19.6 107.2   4.5 241.9            
       1 13  46.7  22.4  25.6  53.3  21.8        40.7 292.9  12.2 145.9            
       1 14  40.9  14.7  21.5  61.1  14.7        15.3 108.4   4.5 180.7            
       1 15  35.3  10.2  22.4  65.1  14.3        17.1  94.8   4.0 244.1            
       1 16  23.3  14.3  16.4  98.0  19.3        13.5  81.0   3.4 128.1            
       1 17  24.8   4.5  22.4  92.5  12.7  0.12   8.9  46.1   1.9 245.1            
       1 18  39.5  16.6  24.0  80.1  20.7        20.7 127.6   5.3 229.1            
       1 19  35.8   9.8  19.3  85.7  18.2        16.4 103.4   4.3 266.4            
       1 20  44.5  17.7  23.8  72.0  21.2        28.2 165.0   6.9 164.8            
       1 21  45.3  13.3  23.4  70.3  18.6        12.1  79.5   3.3 270.3            
       1 22  40.4  17.1  27.8  69.5  19.3        13.2  71.6   3.0  74.6            
       1 23  40.9  22.2  24.6  83.4  24.8        13.9 104.0   4.3 223.7            
       1 24  41.5  16.2  23.7  78.4  22.3        14.6  84.1   3.5 265.2            
       1 25  44.1  19.5  35.9  73.9  21.7        25.3 129.0   5.4 109.2            
       1 26  38.3  20.5  26.4  62.7  19.5        19.2 131.6   5.5 231.3            
       1 27  32.5  17.7  25.1  91.2  23.3        12.1  73.4   3.1 113.5            
       1 28  27.3  20.7  21.3  98.9  23.1  0.18   9.6  77.2   3.2  61.2            
       1 29  43.2  21.3  37.0  73.8  22.9  0.28  27.5 141.8   5.9 165.7            
       1 30  38.0  19.0  21.2  51.1  14.8        31.8 293.7  12.2 197.7            
       1 31  32.4   1.0  13.3  75.1  11.0        11.0  76.3   3.2 319.5            
       2  1  38.6   7.8  18.6  75.4  15.4        16.4  96.6   4.0 271.6            
       2  2  45.4  16.4  28.4  76.1  22.9        15.7  83.6   3.5 258.9            
       2  3  49.3  26.0  29.3  70.2  28.7        25.0 159.0   6.6 189.4            
       2  4  42.4  20.0  27.6  78.3  24.3        16.0 119.5   5.0 317.2            
       2  5  59.1  20.6  29.0  77.3  28.2        34.6 152.6   6.4 289.0            
       2  6  38.0  24.1  29.1  94.0  28.6        12.1  86.5   3.6 193.2            
       2  7  29.8  13.2  14.2  96.9  22.7        18.5 145.7   6.1  56.6            
       2  8  15.6   8.0   9.5  92.6   9.3        12.5 109.6   4.6 217.6            
       2  9  20.8  -6.0   4.2  82.3   3.1  0.10  11.7  88.7   3.7 353.4            
       2 10  35.5  -3.6  19.4  81.1  13.5        12.8  97.6   4.1 346.2            
       2 11  47.9   8.8  29.0  76.6  19.3        28.6 127.2   5.3 333.8            
       2 12  43.6  17.6  27.1  76.1  23.3        15.7 114.8   4.8 341.9            
       2 13  47.0  17.3  18.7  82.0  25.1        23.5 134.3   5.6 344.7            
       2 14  18.4   5.7   7.9  93.2  10.6        13.2 109.8   4.6 243.7            
       2 15  38.3   3.3  24.3  87.1  18.6  0.04  11.4  70.3   2.9 363.4            
       2 16  25.5  15.8  23.4  98.5  21.0        13.2  90.2   3.8  72.8            
       2 17  35.7  20.8  25.9  95.5  25.1        10.7  63.8   2.7 259.7            
       2 18  47.4  23.2  34.6  79.9  27.6        11.7  67.8   2.8 134.7            
       2 19  50.6  26.9  32.1  78.8  30.6        14.6 106.6   4.4 236.8            
       2 20  44.7  24.5  27.2  96.0  30.8        18.2 132.2   5.5 266.3            
       2 21  46.9  24.7  27.9  95.7  31.4        15.3  83.7   3.5 271.8            
       2 22  50.8  22.8  34.9  77.1  30.1  0.01  17.1 121.5   5.1 280.9            
       2 23  40.0  28.8  32.8  97.9  33.0        13.5  89.5   3.7  88.9            
       2 24  44.5  24.7  26.9  86.9  30.3        20.7 120.7   5.0 242.6            
       2 25  51.3  20.0  30.5  70.4  24.7        25.3 107.2   4.5 362.2            
       2 26  33.5  22.2  23.1  90.0  25.1        20.0 158.0   6.6 222.3            
       2 27  23.2  14.2  16.7  94.0  17.7  0.03  16.7 143.0   6.0 232.0            
       2 28  40.3  14.3  26.1  87.2  21.8        10.3  80.1   3.3 337.0            
       3  1  57.3  20.1  26.2  65.4  22.7        23.2 133.8   5.6 404.8  0.16  0.10
       3  2  50.6  19.2  29.8  66.7  23.4        13.5 100.3   4.2 426.1  0.10  0.08
       3  3  51.3  18.4  33.9  62.2  22.7        20.3 100.8   4.2 399.8  0.10  0.08
       3  4  52.0  21.8  29.9  65.2  24.6        16.0 106.1   4.4 436.9  0.11  0.08
       3  5  60.2  23.4  40.6  58.8  26.9        12.8  97.3   4.1 333.2  0.13  0.09
       3  6  59.6  36.2  42.6  53.1  30.2        16.7  93.0   3.9 253.4  0.13  0.09
       3  7  57.7  30.5  39.5  71.1  34.8        16.4 109.6   4.6 398.0  0.11  0.09
       3  8  59.4  25.7  37.4  66.9  32.4        23.9 119.7   5.0 443.7  0.13  0.10
       3  9  65.0  25.9  42.7  59.1  30.2        19.6 105.1   4.4 410.5  0.16  0.11
       3 10  43.6  26.8  28.0  94.8  32.5  0.17  20.0 107.3   4.5  67.9  0.03  0.03
       3 11  29.0  20.8  23.8  98.8  25.5  0.14   9.9  33.4   1.4 228.1  0.03  0.03
       3 12  52.9  19.6  36.5  72.7  26.4  0.02  21.8 111.6   4.7 432.9  0.11  0.08
       3 13  56.3  25.6  33.1  68.8  30.5        18.5 118.1   4.9 439.5  0.13  0.09
       3 14  53.2  25.0  35.7  62.7  23.5        46.8 283.4  11.8 275.6  0.17  0.11
       3 15  45.4  22.7  24.7  61.7  20.4        47.5 317.0  13.2 381.7  0.14  0.10
       3 16  45.3  15.3  30.4  77.1  23.4  0.01  20.0 113.8   4.7 351.3  0.08  0.06
       3 17  35.2  24.4  26.9  95.6  29.2  0.08  13.9  85.3   3.6 120.1  0.02  0.02
       3 18  50.6  23.7  29.2  79.6  28.2        31.4 134.6   5.6 345.1  0.10  0.08
       3 19  62.2  17.9  42.4  59.6  26.0        13.5  85.0   3.5 484.7  0.15  0.11
       3 20  67.7  29.8  49.4  58.4  34.7        18.2 103.7   4.3 247.4  0.15  0.10
       3 21  63.9  37.0  42.1  74.6  41.7        17.8 119.0   5.0 321.9  0.13  0.10
       3 22  67.2  36.2  40.1  71.2  38.3        27.5 134.0   5.6 494.3  0.19  0.14
       3 23  64.6  29.8  31.8  71.2  33.4        34.6 190.5   7.9 435.6  0.21  0.14
       3 24  34.3  28.0  30.3  99.2  30.7        12.8 148.2   6.2 105.6  0.02  0.02
       3 25  35.4  28.0  28.9  97.9  30.4  0.01  12.5  99.5   4.1 109.3  0.03  0.02
       3 26  40.3  27.7  33.5  97.2  33.1  0.30  11.4  58.8   2.5 277.2  0.05  0.04
       3 27  57.2  29.8  32.8  81.4  33.0        31.4 123.0   5.1 329.7  0.12  0.09
       3 28  52.0  26.3  37.0  78.7  32.0        21.1 110.6   4.6 326.9  0.09  0.07
       3 29  46.1  30.1  35.2  93.0  35.8  0.01  14.6  91.1   3.8 194.3  0.05  0.04
       3 30  58.2  28.3  29.4  76.2  30.7        40.4 202.3   8.4 491.5  0.18  0.13
       3 31  49.2  24.6  34.7  81.2  29.8  0.13  17.5 112.4   4.7 558.1  0.11  0.09
       4  1  70.6  27.3  44.3  59.2  32.4        29.3 200.0   8.3 526.3  0.27  0.18
       4  2  70.9  40.2  48.3  55.8  37.2        26.4 180.2   7.5 470.9  0.26  0.18
       4  3  72.2  35.1  47.1  74.6  42.8        26.4 168.4   7.0 456.6  0.21  0.15
       4  4  63.0  42.5  45.4  88.2  46.3        20.3 143.0   6.0 373.2  0.13  0.10
       4  5  60.0  44.4  46.1  87.0  46.4        13.2  73.3   3.1 258.8  0.09  0.07
       4  6  56.9  40.5  48.0  85.1  43.5  0.02  27.1 131.6   5.5 160.9  0.08  0.06
       4  7  66.7  36.9  47.0  38.6  27.5        41.8 163.7   6.8 489.0  0.26  0.18
       4  8  61.1  35.9  45.6  62.5  33.7        28.6 161.3   6.7 463.4  0.18  0.14
       4  9  63.9  32.3  38.6  57.6  31.4        36.4 242.1  10.1 554.3  0.25  0.17
       4 10  43.3  31.6  32.6  89.0  34.7  0.18  17.5 158.3   6.6 132.0  0.04  0.03
       4 11  46.3  31.7  36.9  80.3  32.0  0.75  61.1 372.1  15.5 400.3  0.11  0.08
       4 12  49.0  31.5  34.8  78.6  33.2        19.2 141.2   5.9 432.3  0.10  0.08
       4 13  57.2  31.9  39.5  61.5  29.9        22.1 160.1   6.7 588.8  0.18  0.14
       4 14  61.9  29.6  43.5  63.7  32.4        35.0 164.3   6.8 508.9  0.19  0.14
       4 15  60.4  26.4  44.2  64.0  31.7        23.9 180.3   7.5 606.3  0.19  0.14
       4 16  44.2  30.6  33.8  75.8  30.0        24.6 168.0   7.0 279.3  0.09  0.07
       4 17  61.7  34.3  43.8  71.4  37.0        21.4  89.9   3.7 593.3  0.16  0.13
       4 18  82.0  34.0  57.9  55.5  37.2        23.5 129.7   5.4 528.3  0.29  0.21
       4 19  77.1  46.4  52.0  28.8  28.4        38.2 240.5  10.0 630.4  0.45  0.30
       4 20  57.4  33.3  36.3  68.4  38.2        19.2 152.8   6.4 244.4  0.11  0.08
       4 21  52.7  30.5  33.1  90.8  37.8  0.93  20.0 160.8   6.7 244.8  0.08  0.06
       4 22  40.0  29.0  36.1  92.5  31.4  0.60  31.8 328.9  13.7 162.6  0.05  0.04
       4 23  55.3  25.5  41.1  73.3  33.9  0.09  14.6 114.4   4.8 651.6  0.14  0.12
       4 24  66.6  33.2  45.8  64.8  38.2        16.0  94.0   3.9 656.2  0.19  0.16
       4 25  72.0  37.8  52.7  64.3  40.8        11.7  89.0   3.7 651.7  0.21  0.18
       4 26  77.2  37.7  54.2  56.6  40.6        13.5  91.4   3.8 659.2  0.25  0.19
       4 27  80.5  43.0  56.4  58.0  44.5        16.0 107.8   4.5 624.2  0.27  0.21
       4 28  77.9  43.8  54.5  63.3  46.6        21.8 113.3   4.7 542.2  0.24  0.18
       4 29  80.2  42.0  59.3  54.0  42.5        29.6 147.0   6.1 542.6  0.29  0.21
       4 30  76.6  43.5  56.4  51.1  40.3        13.9  96.4   4.0 552.6  0.24  0.19
       5  1  84.0  45.2  52.2  42.5  41.3        30.0 195.4   8.1 531.0  0.41  0.28
       5  2  46.2  31.1  33.5  96.5  33.4  1.13  34.6 131.1   5.5 140.4  0.06  0.05
       5  3  37.2  31.5  33.4 100.0  34.2  1.01  10.3  58.9   2.5 222.8  0.04  0.04
       5  4  41.4  32.6  39.5 100.0  38.1  0.49  13.2 142.9   6.0  99.7  0.02  0.02
       5  5  55.0  38.5  43.2  93.5  43.2  0.41  30.7 248.6  10.4 234.7  0.08  0.06
       5  6  59.7  41.1  45.0  72.0  42.4        25.0 163.8   6.8 572.5  0.16  0.13
       5  7  63.3  37.8  48.9  67.5  39.8        15.0 116.1   4.8 686.4  0.19  0.16
       5  8  74.9  37.8  54.6  59.8  41.9        17.1 105.8   4.4 697.7  0.25  0.20
       5  9  80.8  41.5  52.7  60.3  43.8        38.9 124.3   5.2 406.7  0.26  0.19
       5 10  80.7  45.4  55.7  68.4  48.7        16.0 101.7   4.2 442.9  0.23  0.17
       5 11  68.6  47.1  53.6  79.0  50.0        20.7 130.6   5.4 589.4  0.19  0.16
       5 12  83.2  41.2  59.4  61.2  46.4        12.1  84.2   3.5 710.6  0.27  0.22
       5 13  87.8  45.9  59.8  51.8  46.0        13.5  81.3   3.4 702.3  0.31  0.24
       5 14  82.1  48.9  56.6  63.0  51.1        32.1 102.6   4.3 512.8  0.25  0.19
       5 15  83.4  47.6  65.5  62.3  50.0        27.1 126.4   5.3 482.7  0.26  0.20
       5 16  77.2  55.3  59.9  57.7  49.7        30.7 153.9   6.4 343.1  0.25  0.18
       5 17  63.0  43.9  45.1  88.0  49.9  0.20  25.0 125.0   5.2 195.5  0.08  0.07
       5 18  77.1  42.2  57.4  77.4  49.2        21.1 101.2   4.2 546.2  0.21  0.17
       5 19  71.2  47.9  50.0  83.0  53.0        17.5  94.0   3.9 380.5  0.14  0.12
       5 20  72.5  31.4  38.1  76.1  42.4  0.05  43.6 184.4   7.7 525.5  0.24  0.17
       5 21  59.5  30.7  47.0  47.6  26.5        27.5 197.4   8.2 668.1  0.23  0.18
       5 22  74.3  38.2  49.5  47.7  35.5        28.9 184.4   7.7 563.4  0.32  0.22
       5 23  80.9  39.0  53.4  49.7  39.3        36.1 224.2   9.3 719.3  0.41  0.29
       5 24  78.0  41.5  47.8  45.7  37.4        26.8 194.3   8.1 734.9  0.39  0.27
       5 25  73.6  35.0  54.6  68.7  43.8        16.7  82.6   3.4 671.9  0.22  0.18
       5 26  77.8  44.8  55.9  71.7  49.7  0.03  18.9 105.1   4.4 445.0  0.21  0.16
       5 27  74.6  50.4  55.6  83.4  55.3  0.02  20.3 101.9   4.2 429.0  0.17  0.14
       5 28  75.8  47.3  57.3  87.4  55.1        16.7  83.7   3.5 408.3  0.15  0.13
       5 29  77.1  49.3  57.3  79.2  54.2  0.01  13.9  73.4   3.1 458.9  0.17  0.15
       5 30  67.5  49.6  50.9  87.6  53.6  0.16  17.5  91.3   3.8 325.9  0.11  0.10
       5 31  78.0  42.5  59.4  73.9  51.2        18.5  82.2   3.4 637.3  0.22  0.19
       6  1  85.3  49.3  58.8  58.3  48.9        19.2  83.0   3.5 718.3  0.30  0.24
       6  2  85.6  45.0  65.3  64.1  52.2        12.5  79.0   3.3 593.0  0.25  0.20
       6  3  64.4  51.0  52.8  96.5  55.5        17.5 135.2   5.6 143.0  0.06  0.05
       6  4  63.0  43.9  46.6  96.4  51.9  0.19  22.5 147.3   6.1 267.4  0.08  0.07
       6  5  76.2  41.3  58.3  74.6  49.1  0.01  20.3 104.8   4.4 669.5  0.23  0.19
       6  6  84.0  49.1  61.2  65.0  50.9        17.1 101.4   4.2 700.4  0.29  0.24
       6  7  83.1  56.7  59.9  75.9  59.1        26.8 116.1   4.8 644.1  0.26  0.21
       6  8  86.9  51.2  63.1  68.9  56.7        21.1 128.8   5.4 660.4  0.30  0.24
       6  9  90.7  53.1  61.2  62.9  54.4        24.3  90.9   3.8 490.9  0.28  0.21
       6 10  95.0  49.2  64.3  46.6  48.1        21.1  99.0   4.1 626.8  0.37  0.27
       6 11  97.2  51.5  65.7  50.6  50.9        29.3 147.8   6.2 638.9  0.45  0.32
       6 12  87.7  58.2  61.6  65.5  56.6        28.6 129.4   5.4 522.7  0.31  0.23
       6 13  63.1  42.1  43.3  72.0  41.9  0.43  23.2 139.5   5.8 249.0  0.14  0.10
       6 14  70.5  36.3  54.0  58.1  37.3  0.01  23.9 142.9   6.0 711.4  0.26  0.21
       6 15  85.4  39.1  59.0  44.4  38.4        28.6 131.9   5.5 707.8  0.37  0.27
       6 16  82.3  48.2  60.8  62.2  50.7        16.7  94.1   3.9 638.3  0.26  0.21
       6 17  94.1  48.6  69.6  47.4  46.4        24.3 121.6   5.1 711.1  0.40  0.30
       6 18  93.2  51.3  58.0  41.9  44.2        25.3 124.7   5.2 570.8  0.43  0.30
       6 19  70.6  53.0  59.6  64.0  47.5        17.5 148.1   6.2 330.9  0.20  0.15
       6 20  78.1  51.0  55.5  77.7  54.3        18.5 114.2   4.8 556.1  0.22  0.18
       6 21  80.3  50.1  63.5  73.8  54.5        16.7  85.2   3.5 611.6  0.23  0.20
       6 22  91.0  52.0  62.2  55.3  50.5        30.0 110.6   4.6 559.3  0.34  0.25
       6 23  95.5  50.9  68.1  47.6  48.7        25.7 126.5   5.3 686.6  0.41  0.31
       6 24  94.7  53.3  71.3  47.0  51.5        33.6 125.6   5.2 613.1  0.38  0.28
       6 25  95.6  54.7  70.3  52.9  55.2        15.3  85.2   3.5 594.3  0.32  0.25
       6 26  92.7  56.1  66.5  59.4  56.9        22.5 112.3   4.7 589.4  0.33  0.25
       6 27  91.6  59.2  67.0  56.8  55.6        12.5  69.5   2.9 615.7  0.29  0.23
       6 28  95.3  57.6  72.6  45.9  52.1        16.7  84.3   3.5 715.4  0.35  0.28
       6 29  98.2  59.0  73.3  47.7  54.1        19.2  96.8   4.0 716.0  0.38  0.30
       6 30 100.6  60.1  70.7  52.0  56.8        25.0 117.7   4.9 639.9  0.42  0.31
       7  1  99.2  59.6  69.6  55.2  58.1        23.2  98.1   4.1 676.7  0.38  0.29
       7  2  97.0  58.2  67.5  56.3  56.1        24.3 106.3   4.4 479.7  0.35  0.25
       7  3  87.7  55.8  71.8  64.7  60.0        20.7 114.9   4.8 600.3  0.27  0.22
       7  4  92.3  58.4  72.5  59.2  58.6        30.4  92.0   3.8 581.4  0.29  0.23
       7  5  94.2  60.6  73.0  58.1  60.1        28.2 118.2   4.9 573.2  0.33  0.25
       7  6  98.3  62.4  72.5  51.3  58.4        18.5 101.5   4.2 657.2  0.37  0.29
       7  7  95.7  60.0  66.2  59.9  60.6  0.21  21.1 111.1   4.6 590.4  0.35  0.26
       7  8  92.2  63.2  70.1  72.4  64.5  0.05  33.9 169.7   7.1 542.1  0.33  0.25
       7  9  86.6  58.9  69.4  72.8  63.8        15.7 106.7   4.4 620.4  0.25  0.21
       7 10  87.0  60.9  64.4  75.4  62.8        30.7 125.0   5.2 626.8  0.28  0.23
       7 11  88.0  58.3  64.8  73.8  61.8        22.8 131.1   5.5 583.8  0.28  0.22
       7 12  88.0  56.9  61.2  86.3  63.4  0.90  41.8 116.7   4.9 421.9  0.23  0.18
       7 13  83.4  57.3  61.3  84.2  63.3  0.09  27.8 107.5   4.5 462.7  0.20  0.16
       7 14  81.8  57.3  63.9  81.4  62.3        11.0  72.8   3.0 497.3  0.19  0.16
       7 15  85.9  57.3  65.3  69.5  59.8        19.2 100.6   4.2 657.3  0.27  0.22
       7 16  93.1  55.4  72.8  50.4  52.0        21.8 112.8   4.7 701.5  0.36  0.28
       7 17  88.3  53.3  69.0  47.1  51.1        16.7 100.3   4.2 506.9  0.28  0.21
       7 18  92.3  53.3  75.9  48.7  51.9        20.3 122.4   5.1 699.1  0.35  0.28
       7 19  93.8  57.0  71.1  49.1  53.7        21.8 112.4   4.7 615.8  0.35  0.27
       7 20  95.8  58.2  71.2  54.6  56.4        15.3  80.7   3.4 651.4  0.32  0.26
       7 21  97.1  61.4  71.7  47.9  54.7        11.7  76.8   3.2 480.7  0.30  0.23
       7 22  98.3  57.5  73.6  48.6  54.7        16.0  96.2   4.0 669.0  0.36  0.28
       7 23  81.8  60.7  63.1  78.5  63.8        20.7 108.2   4.5 343.6  0.17  0.14
       7 24  86.1  53.9  63.8  77.5  61.3        20.7  96.2   4.0 480.9  0.21  0.18
       7 25  88.8  54.6  66.3  65.1  58.2        22.8 132.5   5.5 570.5  0.30  0.23
       7 26  82.8  57.9  65.1  76.7  60.4  0.07  19.6  98.5   4.1 392.5  0.19  0.15
       7 27  89.6  54.4  66.2  63.0  56.9        17.8 102.1   4.3 666.8  0.30  0.24
       7 28  94.4  57.2  68.5  56.9  55.1        20.3 105.1   4.4 656.6  0.35  0.27
       7 29  99.9  55.7  71.1  50.3  53.6        22.5  95.9   4.0 539.8  0.36  0.26
       7 30  99.4  54.6  76.2  45.0  52.6        22.8 132.6   5.5 651.2  0.41  0.30
       7 31  93.3  59.8  61.9  59.7  58.8        24.3 130.2   5.4 535.0  0.36  0.26
       8  1  87.4  58.9  64.9  71.9  59.4        22.8 110.5   4.6 380.7  0.24  0.18
       8  2  91.3  58.7  67.6  73.7  62.8        20.3  93.6   3.9 638.0  0.28  0.23
       8  3  93.3  58.3  71.8  65.3  61.3        18.5 101.5   4.2 680.3  0.31  0.25
       8  4  95.6  60.5  73.2  61.9  61.6        18.2  86.0   3.6 601.4  0.30  0.24
       8  5  96.9  63.2  73.6  51.2  58.2        20.7 103.9   4.3 625.8  0.35  0.27
       8  6  94.1  63.7  66.0  66.2  61.8  0.03  26.8 136.1   5.7 562.2  0.36  0.26
       8  7  93.7  59.6  68.1  68.0  61.6        24.6 124.7   5.2 646.9  0.34  0.26
       8  8  93.0  57.5  64.5  58.1  57.2  0.03  21.1 113.3   4.7 525.9  0.32  0.24
       8  9  71.3  57.8  59.8  83.8  58.6  0.01  16.0 106.1   4.4 216.1  0.11  0.09
       8 10  81.2  53.6  60.4  83.1  58.0  0.01  18.9  97.6   4.1 407.8  0.19  0.15
       8 11  84.6  50.9  62.5  72.9  56.5  0.01  19.2 100.3   4.2 507.6  0.23  0.18
       8 12  89.4  52.9  64.7  65.5  56.7        19.6 105.3   4.4 570.4  0.28  0.22
       8 13  85.7  53.5  68.3  74.0  60.0        25.7  94.9   4.0 532.3  0.22  0.18
       8 14  82.3  58.8  67.4  75.6  60.6  0.20  18.5  96.9   4.0 314.7  0.17  0.13
       8 15  84.4  59.4  63.1  59.5  54.4  0.02  32.1 125.4   5.2 467.4  0.28  0.21
       8 16  78.5  52.4  57.8  77.1  56.1        25.7  99.1   4.1 399.0  0.18  0.14
       8 17  87.3  48.5  62.0  57.8  49.5        16.0  91.6   3.8 600.7  0.28  0.22
       8 18  90.8  48.3  68.0  49.6  48.4        13.2  93.1   3.9 600.1  0.30  0.23
       8 19  93.8  50.6  68.9  54.0  51.9        30.7  96.2   4.0 388.6  0.27  0.20
       8 20  90.7  56.3  66.8  55.5  53.5        31.1 114.2   4.8 345.0  0.28  0.20
       8 21  89.6  55.9  65.2  60.1  55.4        13.9  69.8   2.9 442.4  0.23  0.18
       8 22  89.2  55.5  62.7  60.4  53.8  0.45  32.1  90.3   3.8 382.8  0.25  0.18
       8 23  83.5  56.5  63.1  72.0  57.8        15.3  84.1   3.5 497.3  0.21  0.17
       8 24  92.8  49.5  68.5  56.5  51.5        13.5  75.4   3.1 538.6  0.26  0.21
       8 25  83.4  59.6  62.3  53.6  52.9        24.3 163.3   6.8 523.8  0.32  0.23
       8 26  94.1  47.9  65.4  54.2  49.6        14.2  84.7   3.5 592.2  0.31  0.23
       8 27  94.8  53.3  67.2  47.7  49.2        19.2 104.2   4.3 561.7  0.34  0.25
       8 28  85.7  52.9  57.5  52.7  49.4        16.9  93.1   3.9 454.5  0.26  0.19
       8 29  85.7  47.6  57.8  59.8  49.7        12.3  77.8   3.2 405.9  0.22  0.16
       8 30  73.2  48.0  56.5  65.2  50.5        13.1  81.9   3.4 417.1  0.16  0.13
       8 31  79.2  49.7  61.3  68.7  52.4        17.0  88.2   3.7 412.8  0.18  0.14
       9  1  84.7  47.1  56.1  60.9  49.5        22.3 101.4   4.2 394.1  0.24  0.17
       9  2  87.5  49.9  63.0  46.8  44.8        20.6 126.9   5.3 450.3  0.31  0.22
       9  3  92.5  50.8  65.1  43.4  46.6        14.6  96.3   4.0 535.3  0.31  0.23
       9  4  91.5  53.1  64.2  46.7  47.9        20.3 117.4   4.9 538.1  0.34  0.24
       9  5  89.4  52.0  59.8  57.5  51.1  0.01  26.8  98.4   4.1 493.7  0.29  0.21
       9  6  89.6  53.8  57.2  60.6  51.1        23.2 124.4   5.2 407.1  0.32  0.22
       9  7  69.6  42.1  43.1  61.4  41.6  0.30  26.1 159.1   6.6 482.4  0.22  0.16
       9  8  54.8  37.0  39.9  88.2  41.6  0.31  18.5 142.4   5.9 285.9  0.08  0.07
       9  9  71.8  31.0  50.8  69.3  39.3        15.0  82.8   3.5 548.4  0.18  0.14
       9 10  84.1  40.3  57.4  56.6  42.1  0.01  14.2  79.6   3.3 542.4  0.24  0.18
       9 11  89.8  45.9  65.2  40.2  39.2        11.0  65.1   2.7 436.8  0.23  0.17
       9 12  86.1  47.8  61.2  44.1  42.9        19.6 122.2   5.1 506.6  0.31  0.22
       9 13  86.1  49.7  59.9  64.7  51.3        19.2 106.8   4.5 369.7  0.24  0.17
       9 14  81.0  49.0  56.2  81.4  55.2        18.9 103.6   4.3 441.8  0.19  0.15
       9 15  68.7  51.1  56.4  94.3  56.3  0.03  19.6 105.5   4.4 256.6  0.09  0.08
       9 16  80.2  52.5  55.9  78.0  53.8  0.01  23.9  90.9   3.8 302.2  0.17  0.13
       9 17  68.0  51.0  53.1  90.4  53.7  0.10  15.7  74.6   3.1 214.6  0.09  0.07
       9 18  72.2  47.0  53.0  85.2  52.3  0.28  18.5  84.0   3.5 392.3  0.13  0.11
       9 19  83.3  42.0  57.6  63.7  46.7  0.01  14.6  81.8   3.4 457.0  0.21  0.16
       9 20  79.5  49.5  55.6  55.5  46.5        15.0 115.0   4.8 478.5  0.24  0.17
       9 21  86.5  44.3  58.2  59.8  47.5        13.9  77.9   3.2 419.6  0.22  0.16
       9 22  83.8  47.5  56.7  47.0  41.7        25.3 112.4   4.7 439.3  0.28  0.19
       9 23  72.1  41.6  49.6  64.2  43.5        13.9  86.7   3.6 470.4  0.17  0.13
       9 24  80.7  39.2  54.2  68.8  46.4        11.4  72.6   3.0 464.2  0.18  0.14
       9 25  85.3  42.9  56.9  58.7  45.3        14.6  91.6   3.8 452.7  0.24  0.17
       9 26  92.0  45.2  60.9  51.4  43.8        12.8  62.8   2.6 403.6  0.23  0.16
       9 27  91.7  52.1  61.4  37.8  41.0        12.5  71.2   3.0 449.5  0.26  0.18
       9 28  83.9  47.6  57.9  64.1  50.0        14.6  69.5   2.9 415.0  0.19  0.14
       9 29  84.5  51.1  56.3  63.6  49.6        17.5  93.2   3.9 285.3  0.21  0.15
       9 30  75.7  46.8  55.3  68.5  50.4        17.1  77.9   3.2 399.0  0.15  0.12
      10  1  83.1  44.8  59.1  56.9  45.7        12.8  82.4   3.4 423.0  0.20  0.15
      10  2  84.8  51.0  58.5  40.1  39.5        22.1 107.0   4.5 402.4  0.28  0.19
      10  3  82.1  40.4  55.5  49.0  38.1        12.1  89.5   3.7 380.1  0.22  0.15
      10  4  55.1  31.8  33.1  80.7  40.0  0.11  22.8 134.8   5.6  95.6  0.06  0.04
      10  5  44.5  31.0  32.8  89.6  34.1  0.05  13.5  97.8   4.1 200.6  0.05  0.04
      10  6  70.2  26.1  46.1  70.1  35.6        13.2  72.0   3.0 418.1  0.14  0.11
      10  7  73.7  38.7  58.3  66.8  42.1        15.7  87.5   3.6 142.5  0.13  0.09
      10  8  79.7  39.1  54.5  56.7  41.7        31.8  85.5   3.6 360.6  0.19  0.13
      10  9  66.6  43.0  45.9  70.6  42.4        25.3 139.6   5.8 250.5  0.15  0.10
      10 10  56.5  33.9  36.3  61.7  30.8        14.2  98.1   4.1 358.9  0.12  0.09
      10 11  55.5  24.9  46.6  68.5  31.7        23.2  76.5   3.2 189.2  0.07  0.06
      10 12  55.5  33.7  36.0  45.8  25.0        25.3 223.2   9.3 372.1  0.19  0.13
      10 13  65.7  34.4  41.1  52.5  33.5        32.1 201.2   8.4 317.9  0.21  0.14
      10 14  61.7  32.6  46.4  71.8  36.2        18.9 117.7   4.9 295.7  0.12  0.09
      10 15  51.4  25.9  33.0  80.3  32.7  0.06  31.8 150.4   6.3 382.9  0.09  0.07
      10 16  67.1  25.7  42.0  66.2  32.2        14.6  66.1   2.8 350.8  0.12  0.09
      10 17  73.4  34.6  63.6  49.5  34.2        13.9  81.0   3.4 228.8  0.13  0.09
      10 18  60.5  35.9  37.3  63.6  33.4        22.1 135.9   5.7 340.9  0.15  0.10
      10 19  71.8  28.4  39.1  60.3  31.3        19.2 105.4   4.4 338.0  0.19  0.13
      10 20  55.8  31.1  38.9  72.1  34.5        13.5  92.3   3.8 186.9  0.08  0.06
      10 21  57.6  30.3  47.1  71.3  36.9        11.4  90.6   3.8 195.3  0.07  0.06
      10 22  69.7  33.5  42.7  63.0  37.0        21.4 102.9   4.3 207.7  0.15  0.10
      10 23  68.6  34.3  41.1  51.5  32.8        34.6 251.3  10.5 282.0  0.27  0.17
      10 24  52.5  33.7  39.3  31.6  14.3        36.8 301.7  12.6 351.3  0.23  0.15
      10 25  57.6  21.9  34.5  40.8  17.6        23.2 145.5   6.1 325.4  0.17  0.11
      10 26  58.2  26.0  34.6  45.9  21.1        17.8 108.2   4.5 338.3  0.14  0.09
      10 27  69.8  26.6  45.2  48.1  27.2        11.0  72.9   3.0 260.0  0.14  0.09
      10 28  72.8  39.2  50.0  57.2  36.5        17.5  87.0   3.6 136.7  0.15  0.10
      10 29  57.0  34.3  38.0  68.1  35.7        13.5  84.2   3.5 236.2  0.08  0.06
      10 30  55.4  34.1  42.7  80.7  38.6        10.7  64.1   2.7  76.4  0.05  0.04
      10 31  69.5  36.9  48.8  50.8  33.7        33.9 172.1   7.2 207.0  0.21  0.13
      11  1  64.3  35.6  41.5  51.1  30.0        13.9 112.1   4.7 300.4            
      11  2  62.5  29.5  39.1  54.2  30.1        16.7  90.9   3.8 304.3            
      11  3  67.8  35.1  37.4  53.6  31.0        11.7  94.9   4.0 291.8            
      11  4  67.9  30.4  39.7  55.5  30.4        11.4  83.9   3.5 308.3            
      11  5  75.2  29.9  49.5  44.3  30.5        17.1  95.7   4.0 288.5            
      11  6  72.6  35.0  44.2  54.0  36.3        16.7  98.6   4.1 279.6            
      11  7  70.9  31.2  32.0  73.8  36.3  0.21  27.8 166.8   7.0 208.4            
      11  8  47.4  26.6  29.3  91.0  33.2  0.20  14.2  85.4   3.6 285.6            
      11  9  62.9  18.8  34.8  71.5  28.8         8.2  65.4   2.7 305.3            
      11 10  61.2  26.1  32.4  55.6  25.0        12.1  82.4   3.4 297.6            
      11 11  64.5  26.8  39.4  63.4  30.2        12.5  81.5   3.4 244.5            
      11 12  66.9  30.4  40.0  64.4  34.8        15.3  89.5   3.7 269.1            
      11 13  65.4  34.6  41.1  66.8  34.3        12.5  86.8   3.6 221.1            
      11 14  66.2  36.1  38.4  56.7  32.2        16.7 120.9   5.0 266.4            
      11 15  63.0  29.3  39.2  65.7  33.4        12.1  96.8   4.0 267.3            
      11 16  61.5  27.7  36.7  77.0  36.3        11.7  84.4   3.5 261.4            
      11 17  63.6  25.9  40.7  80.7  36.2         8.9  69.2   2.9 239.9            
      11 18  48.5  24.8  26.2  88.2  31.1  0.09  24.3 148.6   6.2  69.1            
      11 19  47.4  16.8  28.3  97.6  29.5  0.05  11.7  67.5   2.8 198.4            
      11 20  60.9  19.4  29.3  69.8  25.8         8.9  65.3   2.7 273.6            
      11 21  57.0  22.6  31.1  54.9  23.4        10.3  74.4   3.1 183.6            
      11 22  52.5  27.1  42.1  68.2  29.8        12.1  84.3   3.5 147.5            
      11 23  44.7  36.0  37.5  78.5  34.0        32.9 254.6  10.6  90.1            
      11 24  50.2  26.5  28.4  56.8  22.3        22.5 163.7   6.8 251.9            
      11 25  34.4  23.3  28.3  93.5  27.3        13.9 144.8   6.0  87.3            
      11 26  31.6  12.1  13.4  92.4  21.7  0.10  26.4 222.5   9.3 192.9            
      11 27  28.1   5.5   7.9  90.2  13.1  0.06  12.1 107.9   4.5 226.0            
      11 28  27.9   0.5  10.5  90.6  11.6        12.5  80.6   3.4 251.3            
      11 29  33.6   8.2  21.2  90.2  18.9        11.7  68.0   2.8 161.8            
      11 30  44.5  21.6  26.4  73.1  23.1        13.9  97.9   4.1 197.9            
      12  1  47.2  15.6  45.0  71.8  23.0        26.1 108.0   4.5 220.0            
      12  2  56.2  28.3  32.4  62.3  29.1        32.9 147.6   6.2 233.1            
      12  3  65.2  23.0  31.8  64.8  28.0        26.4 125.4   5.2 229.3            
      12  4  45.1  25.9  33.6  74.6  26.8        13.9  89.0   3.7 149.2            
      12  5  46.3  28.8  36.7  41.1  15.2        34.3 227.8   9.5 234.6            
      12  6  56.7  30.5  38.1  43.2  22.3        27.5 209.4   8.7 228.2            
      12  7  43.9  21.4  23.1  48.2  17.7        27.8 193.8   8.1 148.1            
      12  8  47.7  11.9  25.4  59.5  14.1        12.5  71.1   3.0 226.8            
      12  9  50.6  16.9  27.6  63.0  21.6        10.3  64.0   2.7 173.4            
      12 10  40.3  16.5  18.8  75.5  20.9        12.8  69.5   2.9 173.9            
      12 11  47.2  10.5  24.6  66.5  16.7        24.3 133.7   5.6 223.3            
      12 12  30.9  10.9  14.5  87.4  18.8         8.5  83.6   3.5 118.0            
      12 13  36.7   8.4  19.5  84.7  17.1        11.0  74.9   3.1 187.0            
      12 14  46.3  12.4  26.6  77.8  21.8        11.0  75.4   3.1 151.6            
      12 15  46.7  19.2  26.6  74.2  23.0        19.6 127.5   5.3 148.5            
      12 16  32.9  10.1  16.1  95.8  20.2  0.07  10.3  83.5   3.5 223.9            
      12 17  53.2  10.7  28.1  74.3  24.8        12.8  82.5   3.4 209.6            
      12 18  43.6  17.2  19.4  77.0  22.8        20.7 138.9   5.8 193.0            
      12 19  51.9   9.6  27.5  74.7  20.1        13.5  77.2   3.2 223.3            
      12 20  43.3  18.3  23.3  73.6  22.1        11.0  88.0   3.7 197.4            
      12 21  48.2  15.5  31.5  70.5  22.2        27.8 143.9   6.0 179.8            
      12 22  42.3  17.3  19.6  71.2  19.8        23.9 149.2   6.2 191.9            
      12 23  44.6  11.3  22.1  75.0  17.8        15.7 114.2   4.8 221.6            
      12 24  42.7  10.7  26.2  63.8  14.4        13.5  94.6   3.9 215.3            
      12 25  43.6  12.1  28.9  51.8  12.2        17.1 127.5   5.3 175.8            
      12 26  50.4  18.2  22.1  55.5  16.5        16.0 105.4   4.4 221.5            
      12 27  47.8  15.9  19.7  60.4  15.7        10.7  99.2   4.1 223.0            
      12 28  53.4  13.4  19.9  68.6  20.2        36.8 169.2   7.0 151.4            
      12 29  32.8  16.9  22.7  78.3  18.2        13.9  95.6   4.0 138.4            
      12 30  25.0  17.2  21.1  84.6  17.6        10.7 102.5   4.3 103.4            
      12 31  35.4   8.0  22.3  83.8  17.8        18.2  84.2   3.5 207.5            

      Total                               12.50                         52.91 39.93
        Max 100.6  63.7  76.2 100.0  64.5        61.1 372.1  15.5 734.9
        Min  15.6  -6.0   4.2  28.8   3.1         8.2  33.4   1.4  56.6
        Ave  65.1  35.1  44.7  68.4  37.5        19.9 115.5   4.8 377.5
