                                                                    07-JUN-99
      Telephone-linked Weather Station nr  WINDSOR, Colorado             1997
      -----------------------------------------------------------------------
               Temperature      Rel   Dew             Wind        Solar Alflf
            ----------------- Humid Point  Prec -----------------   Rad   ETR
       Date   Max   Min   Ave   Ave   Ave Total   Max Total   Ave Total Total
      MoDay     F     F     F     %     F  inch   mph miles   mph Langl  inch
      ----- ----- ----- ----- ----- ----- ----- ----- ----- ----- ----- -----
       1  1  69.3   0.0   0.0   0.0   0.0         0.0   0.0   0.0   0.0      
       1  2  74.3  36.9  56.7  38.2  30.4        34.7 165.2   6.9 185.0      
       1  3  52.7  32.3  43.7  70.0  34.7        19.7 123.5   5.1 111.8      
       1  4  43.5  19.3  34.0  39.9  10.7  0.01  37.8 225.9   9.4 245.8      
       1  5  30.2  14.8  22.6  61.7  10.7        17.4 126.6   5.3 214.6      
       1  6  26.1   2.6  17.5  79.1  12.2  0.03  14.9  93.4   3.9 232.1      
       1  7  40.9   0.0  22.4  60.8   9.5        16.6  63.9   2.7 243.2      
       1  8  39.2  18.2  28.7  71.4  19.8  0.01   9.4  73.8   3.1 231.4      
       1  9  35.9  16.1  26.1  73.9  18.8        17.9 139.3   5.8 165.4      
       1 10  16.1   6.0   9.4  83.9   5.6  0.03  14.2 139.4   5.8 110.3      
       1 11   7.3  -4.9   2.0  83.5  -1.4  0.17  17.1 149.3   6.2 195.7      
       1 12  -0.1 -14.7  -6.7  81.8 -10.5  0.11   8.8  92.4   3.9 220.2      
       1 13   2.2 -12.9  -5.3  82.6  -8.8         8.4  48.8   2.0 166.2      
       1 14  16.3  -4.0   7.0  87.2   4.9  0.08   9.8  58.0   2.4 253.3      
       1 15  34.2  11.3  26.3  64.8  15.4        23.8 174.8   7.3 245.4      
       1 16  20.4  -4.7   9.8  81.7   5.5        22.5  91.9   3.8 265.5      
       1 17  37.2  -3.9  13.7  74.3   6.9        10.0  47.8   2.0 270.0      
       1 18  54.1  18.1  40.6  59.6  27.2        37.4 198.0   8.3 123.6      
       1 19  57.8  24.3  39.0  70.9  30.1         8.8  64.2   2.7 269.8      
       1 20  53.6  27.2  40.7  64.8  29.2        30.9 123.8   5.2 192.4      
       1 21  51.5  34.3  41.7  36.3  16.9        35.8 296.2  12.3 226.2      
       1 22  48.3  24.3  36.9  41.9  14.6        40.6 228.1   9.5 232.7      
       1 23  44.1  20.0  28.7  79.2  23.0        16.4  94.2   3.9 179.7      
       1 24  41.1  21.1  32.0  44.6  10.8        36.2 232.4   9.7 289.5      
       1 25  36.0  12.3  20.4  71.4  12.0        18.0 114.9   4.8 254.5      
       1 26  55.7  13.4  35.0  61.0  21.9        24.0 142.8   6.0 201.7      
       1 27  36.8  13.0  21.5  86.3  18.2        27.8 121.4   5.1 162.1      
       1 28  46.1  10.5  26.5  73.8  18.2  0.02  33.6 104.9   4.4 119.2      
       1 29  46.4  26.4  35.8  71.7  27.1        16.3 100.3   4.2 287.7      
       1 30  65.3  22.8  44.1  52.1  23.3  0.01  30.6 163.1   6.8 260.8      
       1 31  65.6  44.0  56.7  29.0  24.0  0.03  43.8 285.1  11.9 165.7      
       2  1  60.1  37.0  50.6  35.9  23.7        31.7 209.0   8.7 210.2      
       2  2  47.7  23.9  36.3  66.8  25.9        12.1  76.8   3.2 242.2      
       2  3  45.5  17.3  33.8  53.3  16.4        39.7 203.8   8.5 324.1      
       2  4  35.9  17.4  27.0  59.2  14.1        13.5 101.3   4.2 195.8      
       2  5  33.5  14.8  24.9  77.1  18.5        15.4 135.0   5.6 294.1      
       2  6  26.6  20.0  23.2  94.9  22.0  0.06  14.3 133.4   5.6 111.6      
       2  7  34.4  14.7  22.5  79.1  16.5  0.04  11.9  79.7   3.3 288.9      
       2  8  42.7   9.4  25.9  67.5  15.1         9.6  64.8   2.7 344.2      
       2  9  45.3  15.3  28.9  61.7  16.4         9.0  59.8   2.5 318.0      
       2 10  39.2  14.3  26.4  68.9  17.0  0.01  12.6  71.2   3.0 274.0      
       2 11  35.8  18.7  27.9  82.2  23.1  0.02  15.3 125.7   5.2 129.6      
       2 12  30.3  24.3  27.1  93.6  25.5        11.8 103.9   4.3 126.9      
       2 13  42.7  20.8  31.1  70.6  21.5  0.01  12.1  74.3   3.1 331.7      
       2 14  49.3  18.6  35.0  49.7  15.7  0.02  31.0 193.8   8.1 347.2      
       2 15  55.7  27.9  43.6  43.8  21.5  0.01  39.5 249.8  10.4 362.1      
       2 16  60.3  22.2  40.7  60.5  25.6        14.0  82.4   3.4 363.0      
       2 17  68.5  30.4  50.0  32.6  17.6        33.3 196.7   8.2 347.0      
       2 18  57.9  29.6  40.2  67.3  29.0  0.08  23.5 137.1   5.7 188.4      
       2 19  51.0  20.9  35.5  77.7  28.7  0.02  21.0  83.3   3.5 372.4      
       2 20  46.9  26.2  33.1  83.8  28.2  0.14  19.1 136.8   5.7  95.4      
       2 21  37.3  10.8  27.0  62.7  15.0  0.02  16.8 102.4   4.3 395.7      
       2 22  42.0  13.1  28.4  51.7  11.8        16.7 112.4   4.7 394.4      
       2 23  27.2  14.4  18.1  91.6  16.1  0.08  17.5 120.1   5.0 251.6      
       2 24  30.3  15.0  21.2  75.6  14.4  0.02  10.4  79.3   3.3 402.7      
       2 25  46.6  11.6  28.1  67.2  17.6  0.02  21.5  75.5   3.1 412.6      
       2 26  33.2  24.4  29.4  82.8  24.6  0.07  19.8 106.2   4.4 275.4      
       2 27  41.4  20.0  29.6  80.9  24.4         9.9  67.3   2.8 322.6      
       2 28  29.8  17.2  24.8  94.9  23.6  0.12  16.6 116.3   4.8 118.3      
       3  1  46.0   7.2  26.5  76.7  19.3  0.01  12.3  77.9   3.2 439.4  0.07
       3  2  54.1  23.2  37.2  67.0  26.7  0.01  13.7 104.2   4.3 420.2  0.07
       3  3  46.3  26.8  38.9  42.1  16.5  0.04  38.1 274.8  11.4 385.6  0.11
       3  4  28.8  17.5  25.2  95.1  24.1  0.04  16.8 135.0   5.6 264.4  0.04
       3  5  41.9  16.5  29.9  61.3  18.4  0.01  26.8 162.4   6.8 452.8  0.09
       3  6  62.5  21.1  40.2  50.1  19.2        18.9 102.6   4.3 422.8  0.10
       3  7  60.7  31.9  47.5  24.7  11.6  0.02  33.3 212.8   8.9 470.4  0.14
       3  8  64.3  22.8  45.3  40.4  19.5  0.02  36.1 232.5   9.7 463.1  0.17
       3  9  63.3  25.1  41.8  49.8  20.6        20.8 119.4   5.0 473.0  0.14
       3 10  66.5  35.6  55.7  18.2  12.2        43.2 287.0  12.0 314.1  0.18
       3 11  74.5  31.4  53.5  24.4  14.9        15.9 105.3   4.4 455.5  0.14
       3 12  73.8  31.9  51.5  30.5  17.8        25.9 143.3   6.0 346.1  0.16
       3 13  36.0  18.1  27.6  84.5  23.6  0.03  20.2 156.6   6.5  62.0  0.06
       3 14  21.6  11.9  17.3  90.7  15.1  0.07  10.6 112.1   4.7 340.3  0.06
       3 15  42.6  13.1  25.6  79.7  20.0  0.02  15.3 105.9   4.4 490.1  0.09
       3 16  71.6  22.4  46.0  53.1  24.1  0.04  36.9 169.3   7.1 448.4  0.13
       3 17  67.4  33.8  51.6  38.0  24.6        31.2 196.0   8.2 310.8  0.11
       3 18  62.2  29.6  46.5  49.2  25.4        16.1 105.5   4.4 513.2  0.13
       3 19  76.0  30.2  55.0  34.8  23.7        11.3  83.2   3.5 514.1  0.15
       3 20  82.5  35.3  59.4  26.6  20.4        27.6 128.1   5.3 501.8  0.18
       3 21  64.1  32.9  53.0  36.5  26.5        20.1 130.3   5.4 459.1  0.15
       3 22  72.4  27.4  48.8  43.3  23.0        19.7 118.1   4.9 424.2  0.17
       3 23  66.5  26.5  44.2  47.8  24.3        15.6  88.7   3.7 462.8  0.15
       3 24  46.3  24.8  35.7  77.8  29.2  0.12  35.2 203.5   8.5 114.7  0.07
       3 25  53.1  19.4  37.2  52.0  18.4        16.9 112.9   4.7 546.0  0.14
       3 26  70.7  29.2  50.5  40.9  23.6        14.5  83.7   3.5 556.0  0.14
       3 27  69.8  32.0  51.7  34.9  22.2  0.01  40.4 283.5  11.8 499.4  0.22
       3 28  64.9  25.9  46.3  39.3  20.5        20.1 156.2   6.5 540.2  0.18
       3 29  52.8  28.3  41.3  44.1  20.4  0.02  30.3 154.6   6.4 475.1  0.15
       3 30  68.9  21.9  45.6  30.6  12.4        27.8 129.6   5.4 542.2  0.19
       3 31  73.9  28.4  53.1  28.7  18.5        30.5 144.6   6.0 478.7  0.18
       4  1  54.9  32.3  42.8  52.8  26.0        23.8 199.6   8.3 265.1  0.13
       4  2  35.7  29.2  32.3  93.6  30.6  0.15  16.4 143.0   6.0 217.1  0.06
       4  3  68.8  25.0  45.6  68.2  33.9  0.02  19.1  72.7   3.0 572.1  0.15
       4  4  55.8  34.8  42.3  84.3  37.7  0.13  27.8 205.7   8.6 252.8  0.09
       4  5  43.0  29.9  35.3  54.2  20.3  0.01  36.5 233.3   9.7 322.8  0.12
       4  6  50.4  23.1  35.8  44.9  14.5        28.8 197.9   8.2 598.5  0.18
       4  7  59.5  18.3  38.3  53.5  19.0        25.8 124.4   5.2 511.5  0.15
       4  8  33.7  20.5  26.2  78.1  20.2        14.5 144.7   6.0 199.1  0.06
       4  9  40.5  19.4  28.7  74.5  21.6  0.04  24.7 190.6   7.9 253.6  0.08
       4 10  20.9  15.1  18.3  91.3  16.2  0.10  18.1 181.2   7.5 243.0  0.05
       4 11  24.5  10.5  16.3  84.7  12.6  0.09  17.0 134.5   5.6 467.4  0.07
       4 12  34.0   6.9  21.1  66.2  11.5        12.9  91.2   3.8 564.6  0.09
       4 13  50.9  15.8  33.9  53.1  16.3        14.1  84.4   3.5 633.6  0.11
       4 14  61.3  24.1  43.0  48.1  22.6  0.01  23.9 122.1   5.1 340.8  0.10
       4 15  64.9  35.1  50.6  48.6  29.8  0.06  25.4 140.2   5.8 533.0  0.14
       4 16  65.1  37.8  49.0  68.9  37.1  0.01  12.0  68.9   2.9 582.6  0.15
       4 17  75.2  30.3  55.6  41.8  27.4        14.4  89.7   3.7 647.4  0.20
       4 18  75.5  39.5  59.0  33.1  28.2  0.02  36.0 114.8   4.8 513.1  0.19
       4 19  78.3  41.3  62.4  33.3  28.6  0.01  30.7 226.6   9.4 556.1  0.26
       4 20  73.9  42.1  60.8  39.0  34.3  0.01  35.1 221.6   9.2 553.8  0.25
       4 21  60.4  37.5  54.0  36.9  27.5  0.01  29.4 205.4   8.6 251.5  0.16
       4 22  59.4  30.8  45.5  60.2  30.2  0.12  24.8 122.0   5.1 521.9  0.18
       4 23  59.2  32.4  46.4  71.8  36.2  0.14  26.8 119.8   5.0 493.1  0.15
       4 24  44.2  32.3  35.1  98.5  34.8  2.12  27.1 166.4   6.9 253.9  0.08
       4 25  49.9  32.2  38.5  81.7  32.9  0.04   7.4  60.5   2.5 650.5  0.14
       4 26  51.6  32.5  40.6  79.5  34.3  0.06  13.0 103.0   4.3 552.4  0.13
       4 27  68.5  31.3  49.0  61.2  33.9  0.03  17.0 102.1   4.3 671.2  0.19
       4 28  64.5  44.9  55.0  58.2  39.6  0.03  34.6 120.9   5.0 368.6  0.12
       4 29  65.3  39.6  51.2  62.9  38.0  0.02  38.4 226.6   9.4 424.0  0.18
       4 30  59.7  36.6  47.6  60.2  32.4        28.8 159.3   6.6 662.6  0.21
       5  1  59.7  36.7  47.2  50.7  28.7  0.01  49.0 245.0  10.2 459.6  0.21
       5  2  54.1  33.4  44.5  44.8  23.4        33.0 231.6   9.7 572.0  0.21
       5  3  69.2  28.2  48.5  55.8  30.2        15.6  97.1   4.0 669.1  0.21
       5  4  80.6  35.2  60.5  38.2  30.0        32.8 171.0   7.1 621.2  0.26
       5  5  76.6  41.2  60.0  47.1  37.5        18.2 110.0   4.6 682.0  0.23
       5  6  81.8  44.8  65.5  37.7  35.4        33.3 169.7   7.1 560.3  0.26
       5  7  76.7  48.5  63.2  35.7  33.2        30.8 167.7   7.0 512.1  0.26
       5  8  62.0  44.4  52.6  40.7  29.1        16.0 123.4   5.1 639.7  0.24
       5  9  71.5  37.1  53.9  42.6  29.8        10.2  81.5   3.4 711.0  0.25
       5 10  78.9  40.5  63.4  33.2  28.8        21.9  98.2   4.1 710.0  0.26
       5 11  63.9  43.6  52.5  54.5  35.3  0.06  23.2 173.3   7.2 366.8  0.19
       5 12  70.9  34.2  54.1  54.6  34.4        13.1  83.2   3.5 691.5  0.23
       5 13  77.3  39.6  60.8  40.1  34.0  0.02  28.3 164.4   6.8 491.8  0.25
       5 14  66.5  40.1  54.0  65.8  42.4  0.04  23.2 109.7   4.6 375.4  0.15
       5 15  76.4  41.2  58.8  64.8  44.6  0.02  25.8 109.5   4.6 614.6  0.23
       5 16  83.0  44.7  65.6  47.9  42.6        26.7 109.6   4.6 652.8  0.26
       5 17  86.5  46.8  67.9  42.8  41.6  0.02  45.3 176.2   7.3 584.3  0.29
       5 18  79.8  42.4  61.8  50.1  41.2        33.2 184.0   7.7 494.4  0.27
       5 19  67.6  41.1  51.7  69.8  41.3  0.01  10.6  78.8   3.3 542.3  0.21
       5 20  79.6  39.3  60.4  57.8  43.3  0.03  31.6 125.0   5.2 630.3  0.26
       5 21  76.7  46.5  60.5  71.2  49.7  0.11  25.7 143.2   6.0 537.4  0.22
       5 22  57.1  52.5  54.7  95.2  53.4  0.50  15.2  82.5   3.4 121.4  0.05
       5 23  69.3  45.9  58.4  73.8  49.5        10.6  75.8   3.2 634.8  0.20
       5 24  68.8  46.9  57.5  80.7  51.4  0.21  21.5 105.9   4.4 406.2  0.15
       5 25  68.6  49.3  57.9  73.2  48.6  0.02  21.5 113.8   4.7 645.3  0.21
       5 26  63.2  45.9  53.5  65.5  41.5  0.03  31.2 148.4   6.2 516.1  0.20
       5 27  67.1  40.5  53.0  71.3  42.7  0.07  25.2 101.7   4.2 544.2  0.19
       5 28  70.0  42.2  54.5  78.9  47.0  0.02  20.3  78.2   3.3 552.2  0.18
       5 29  64.5  50.6  55.3  86.4  51.2  0.02  22.7  65.3   2.7 255.4  0.09
       5 30  70.9  48.0  60.1  74.9  51.3        13.5  66.1   2.8 592.3  0.18
       5 31  82.5  47.7  67.2  63.4  52.4        13.1  70.4   2.9 730.0  0.24
       6  1  91.4  55.6  72.4  55.2  53.1  0.04  37.9 131.1   5.5 691.3  0.31
       6  2  78.7  55.3  64.6  79.0  57.5  0.01  25.9 145.9   6.1 424.9  0.20
       6  3  73.2  47.7  63.3  68.1  51.7        16.3 106.6   4.4 593.8  0.22
       6  4  80.6  48.3  66.7  63.4  52.7        23.8 134.2   5.6 725.0  0.28
       6  5  82.0  51.5  67.5  67.8  55.5         9.8  63.0   2.6 551.2  0.21
       6  6  75.6  55.9  62.7  80.8  56.4  2.02  31.8 181.4   7.6 404.3  0.20
       6  7  73.8  52.9  61.2  83.1  55.9  0.02  17.8  97.9   4.1 480.1  0.19
       6  8  70.3  53.2  60.0  89.1  56.7  0.39  17.7  97.2   4.0 344.7  0.14
       6  9  60.4  51.0  56.1  93.2  54.1  0.05  15.3 105.3   4.4 196.0  0.07
       6 10  73.7  50.5  60.3  83.8  54.9        15.9  82.8   3.5 515.0  0.18
       6 11  81.6  50.7  66.3  57.2  48.8        26.5 134.9   5.6 686.4  0.28
       6 12  77.5  51.5  61.5  75.5  53.1  0.19  28.1 105.7   4.4 527.1  0.22
       6 13  67.8  48.7  57.5  92.1  55.2  0.03  16.0  91.1   3.8 345.0  0.13
       6 14  79.2  53.5  64.2  79.6  57.1  0.08  20.8  95.8   4.0 586.5  0.22
       6 15  76.4  48.4  60.2  77.1  52.2  0.09  20.5  89.0   3.7 522.0  0.21
       6 16  76.4  50.0  62.0  73.9  52.7        14.8  72.3   3.0 645.9  0.23
       6 17  76.8  49.9  64.1  74.6  55.1        11.7  73.6   3.1 643.7  0.22
       6 18  87.6  51.0  68.0  69.4  56.3  0.02  30.0  91.7   3.8 611.3  0.26
       6 19  89.7  61.2  74.2  52.5  55.2        17.8  91.2   3.8 553.9  0.26
       6 20  88.4  52.1  72.4  54.1  53.8        19.3  89.5   3.7 671.6  0.29
       6 21  84.0  55.8  70.2  63.6  56.2        18.6 118.5   4.9 647.6  0.28
       6 22  90.4  58.0  76.1  48.2  54.0  0.01  33.9 121.6   5.1 685.1  0.32
       6 23  81.8  54.0  70.0  62.3  56.4        20.0  96.2   4.0 517.8  0.24
       6 24  78.5  54.1  66.0  64.2  52.7  0.01  16.8  97.6   4.1 465.3  0.23
       6 25  84.3  50.4  65.3  73.1  55.3  0.08  24.9  97.4   4.1 752.0  0.31
       6 26  87.0  51.1  67.8  71.4  56.8  0.01  11.1  58.3   2.4 721.0  0.28
       6 27  87.3  52.2  70.8  52.6  50.9        16.5  74.3   3.1 541.9  0.25
       6 28  89.3  50.0  71.8  48.0  49.4  0.01  17.9  83.0   3.5 615.0  0.28
       6 29  89.9  51.7  71.5  50.1  50.2        14.3  76.6   3.2 745.0  0.32
       6 30  91.3  52.5  73.0  46.1  47.9        15.6  90.6   3.8 753.0  0.34
       7  1  85.2  54.6  71.3  27.5  32.9  0.02  33.0 218.4   9.1 771.0  0.45
       7  2  78.4  47.1  64.9  45.0  43.5        25.3 125.9   5.2 672.7  0.31
       7  3  73.9  53.2  63.8  54.4  46.6        26.1 144.0   6.0 735.0  0.31
       7  4  80.3  50.3  65.8  56.4  48.6        13.6  84.3   3.5 705.0  0.28
       7  5  79.2  46.0  64.3  59.6  48.9        17.5  94.0   3.9 546.7  0.23
       7  6  85.2  46.1  66.6  60.1  50.8        15.3  79.5   3.3 545.4  0.24
       7  7  91.5  49.7  73.0  43.6  46.6        23.4 121.7   5.1 683.5  0.33
       7  8  87.9  53.1  70.2  50.6  49.7        19.4  88.3   3.7 510.9  0.27
       7  9  96.1  49.7  72.7  45.5  45.8        31.4 103.9   4.3 650.6  0.35
       7 10  91.4  54.5  74.8  40.5  47.4        17.0 106.8   4.5 627.2  0.32
       7 11  84.8  59.7  70.5  53.1  51.6        21.3  89.9   3.7 304.4  0.22
       7 12  90.5  50.0  71.4  51.6  49.0        37.6 102.6   4.3 643.3  0.32
       7 13  87.2  59.3  73.6  33.5  41.9        32.7 173.1   7.2 721.0  0.39
       7 14  89.3  53.7  73.0  38.4  44.1        14.8 109.2   4.5 724.0  0.34
       7 15  95.5  53.5  77.4  32.5  41.2        16.3  93.6   3.9 712.0  0.34
       7 16  98.9  54.4  78.2  30.5  41.6  0.01  32.0 117.6   4.9 562.8  0.35
       7 17  97.9  54.2  78.4  33.6  44.2        22.5 120.8   5.0 666.1  0.37
       7 18  93.7  57.3  76.8  36.6  45.9        23.2 127.2   5.3 570.3  0.34
       7 19  86.7  58.8  71.0  60.5  55.8  0.03  31.4 138.1   5.8 441.5  0.28
       7 20  83.6  54.0  68.9  70.7  57.3        15.8  79.8   3.3 633.0  0.26
       7 21  92.3  54.5  74.6  53.4  53.1        17.5  86.2   3.6 683.2  0.31
       7 22  94.7  58.3  77.6  49.8  53.7        17.1 100.3   4.2 668.9  0.31
       7 23  95.1  57.6  74.8  55.2  55.4  0.12  39.5 111.6   4.7 611.6  0.32
       7 24  94.2  57.7  76.1  57.6  57.2  0.02  17.0 101.9   4.2 698.6  0.33
       7 25  83.9  61.7  72.7  62.4  58.2  0.08  19.0  99.0   4.1 392.6  0.22
       7 26  91.7  55.4  73.8  57.3  55.1        18.8  93.7   3.9 589.1  0.29
       7 27  82.5  61.3  70.4  66.7  58.1  0.01  21.9 122.4   5.1 368.3  0.21
       7 28  75.7  61.3  66.0  90.4  62.9  0.19  11.8  84.9   3.5 216.3  0.12
       7 29  79.4  61.7  68.3  83.9  62.8        14.0  95.5   4.0 320.1  0.15
       7 30  81.6  60.9  67.8  87.7  63.6  0.73  34.6 102.3   4.3 463.6  0.19
       7 31  81.5  58.3  68.8  80.7  62.1  0.02  16.5  83.1   3.5 409.3  0.17
       8  1   0.0  87.9  55.5  64.9   7.8 60.20   0.0  20.0   0.8  99.5      
       8  2   0.0  87.2  59.6  66.7   9.1 62.30   0.0  18.5   0.8 119.1      
       8  3   0.0  87.9  56.6  69.4   8.6 61.50   0.0  20.0   0.8 110.7      
       8  4   0.0  85.1  59.6  63.2   8.6 61.40   0.4  28.2   1.2 165.5      
       8  5   0.0  70.0  57.2  58.4   9.6 62.90   1.5  16.7   0.7 138.3      
       8  6   0.0  71.6  56.3  59.5   6.6 58.30   0.4  21.4   0.9 151.3      
       8  7   0.0  77.0  53.7  61.1   6.2 57.70   0.0  18.2   0.8  86.4      
       8  8   0.0  91.6  52.0  71.9   6.0 57.20   0.0  18.2   0.8  98.2      
       8  9   0.0  71.0  55.7  56.5   4.7 54.90   0.5  23.9   1.0 134.8      
       8 10   0.0  61.6  55.3  57.0   6.4 57.90   0.5  19.2   0.8 133.6      
       8 11   0.0  71.5  56.3  59.2   7.2 59.30   0.0  20.7   0.9  85.4      
       8 12   0.0  74.3  52.2  57.8   6.7 58.50   0.0  19.2   0.8 111.3      
       8 13   0.0  82.0  49.9  66.8   5.6 56.60   0.0  37.1   1.5 125.2      
       8 14   0.0  80.5  51.4  66.5   1.6 48.40   0.0  31.8   1.3 190.6      
       8 15   0.0  89.0  52.7  73.9   3.6 52.80   0.0  15.3   0.6 112.3      
       8 16   0.0  77.1  50.9  57.4   7.1 59.10   0.7  18.5   0.8 123.6      
       8 17   0.0  74.5  54.7  58.6   7.7 60.10   0.1  20.0   0.8 126.3      
       8 18   0.0  77.8  55.1  61.2   7.0 58.90   0.0  28.6   1.2 122.2      
       8 19   0.0  75.2  53.4  61.8   7.0 58.90   0.0  20.3   0.8 134.1      
       8 20   0.0  83.5  55.3  64.6   7.7 60.00   0.0  12.8   0.5 113.5      
       8 21   0.0  89.8  57.7  62.9   7.3 59.40   0.0  27.1   1.1 102.4      
       8 22   0.0  84.0  53.2  63.4   5.9 57.10   0.0  22.1   0.9 108.0      
       8 23   0.0  89.5  53.5  66.8   6.1 57.40   0.0  11.4   0.5  90.6      
       8 24   0.0  90.2  55.3  67.0   6.6 58.30   0.0  17.1   0.7 105.5      
       8 25   0.0  90.1  57.6  69.7   7.8 60.20   0.0  23.9   1.0 106.5      
       8 26   0.0  85.4  59.4  66.3   8.9 62.00   0.0  20.3   0.8 104.4      
       8 27   0.0  88.0  56.7  70.2   8.1 60.70   0.0  15.0   0.6  88.2      
       8 28   0.0  92.2  55.0  66.0   5.2 55.90   0.0  23.5   1.0 116.5      
       8 29   0.0  89.7  55.4  62.1   5.9 57.00   0.0  26.8   1.1 112.8      
       8 30   0.0  84.0  54.1  63.8   6.1 57.50   0.0  15.0   0.6 109.7      
       8 31   0.0  85.2  53.1  65.7   6.7 58.50   0.0  20.3   0.8 133.5      
       9  1   0.0  84.0  56.3  64.1   7.1 59.10   0.0  22.5   0.9 128.4      
       9  2   0.0  67.2  57.8  63.6   8.1 60.60   0.1  13.9   0.6 100.1      
       9  3   0.0  80.1  59.1  67.6   9.6 62.90   0.0  14.2   0.6 100.4      
       9  4   0.0  87.3  57.3  61.3   7.9 60.40   0.1  28.2   1.2 119.6      
       9  5   0.0  83.9  54.6  63.8   6.6 58.30   0.0  18.2   0.8 114.6      
       9  6   0.0  83.4  54.7  59.1   6.1 57.40   0.0  23.5   1.0  92.1      
       9  7   0.0  86.0  50.6  64.1   3.1 51.80   0.0  31.1   1.3 113.5      
       9  8   0.0  87.8  49.1  60.3   2.3 50.10   0.0  26.1   1.1 102.9      
       9  9   0.0  76.9  51.5  58.5   3.6 52.90   0.0  15.7   0.7 114.8      
       9 10   0.0  88.1  49.0  63.6   3.6 52.80   0.0  14.2   0.6 109.7      
       9 11   0.0  86.0  54.1  59.7   4.6 54.80   0.0  23.5   1.0 111.1      
       9 12   0.0  85.9  53.5  61.4   3.2 52.00   0.0  16.4   0.7 117.0      
       9 13   0.0  86.2  50.1  61.9   2.6 50.80   0.3  45.4   1.9 126.9      
       9 14   0.0  86.3  50.4  61.5   4.6 54.70   0.0  15.7   0.7 103.4      
       9 15   0.0  86.7  50.5  71.1   2.4 50.40   0.0  29.6   1.2 138.6      
       9 16   0.0  74.8  51.5  55.4   1.4 48.00   0.0  27.5   1.1 145.8      
       9 17   0.0  82.1  43.4  61.4   0.5 45.80   0.0  21.1   0.9 131.9      
       9 18   0.0  79.2  52.8  58.9   4.4 54.30   0.0  34.3   1.4 131.9      
       9 19   0.0  61.6  44.9  45.4   1.6 48.50   0.7  18.9   0.8 151.3      
       9 20   0.0  51.8  43.8  46.9   0.9 46.90   0.1  22.5   0.9 175.4      
       9 21   0.0  55.0  44.8  48.6   1.4 48.00   0.0  12.8   0.5  95.4      
       9 22   0.0  59.4  47.8  49.4   2.5 50.60   0.1  15.0   0.6 109.3      
       9 23   0.0  54.7  46.4  47.9   1.7 48.60   0.1  11.0   0.5  68.7      
       9 24   0.0  71.2  42.4  51.1   2.0 49.50   0.0  14.6   0.6  83.5      
       9 25   0.0  78.4  42.5  55.3   1.8 49.00   0.0  13.9   0.6  79.9      
       9 26   0.0  80.9  49.4  60.7   5.1 55.70   0.0  17.8   0.7  78.6      
       9 27   0.0  80.6  43.4  45.6   1.9 49.20   0.0  30.0   1.3 138.3      
       9 28   0.0  74.9  37.1  49.8   9.1 42.20   0.0  16.4   0.7  88.1      
       9 29   0.0  80.0  38.1  51.3   9.1 42.20   0.0  12.1   0.5  84.9      
       9 30   0.0  82.5  41.9  54.1   9.6 43.40   0.0  14.2   0.6  95.3      
      10  1   0.0  84.7  45.9  57.8   0.5 45.80   0.0  14.6   0.6 101.3      
      10  2   0.0  84.7  48.0  67.2   0.5 45.90   0.0  21.1   0.9 142.7      
      10  3   0.0  78.0  49.2  51.5   9.8 44.00   0.0  27.8   1.2 149.5      
      10  4   0.0  85.3  41.1  57.4   8.2 39.50   0.0  18.9   0.8 126.2      
      10  5   0.0  86.1  44.2  59.5   8.2 39.40   0.0  18.9   0.8 121.7      
      10  6   0.0  69.2  45.2  51.0   7.0 35.40   0.0  16.7   0.7 138.2      
      10  7   0.0  81.9  39.7  58.3   8.8 41.20   0.0  27.5   1.1 161.0      
      10  8   0.0  62.6  39.4  40.9   7.6 37.50   0.0  31.1   1.3 210.1      
      10  9   0.0  64.8  29.6  43.6   5.9 31.30   0.0  11.0   0.5  95.2      
      10 10   0.0  75.8  33.6  51.5   8.2 39.50   0.0  10.7   0.4  84.0      
      10 11   0.0  82.8  45.7  53.0   9.4 42.80   0.0  42.2   1.8 327.6      
      10 12   0.0  53.9  33.2  37.2   5.6 29.90   0.1  43.6   1.8 412.4      
      10 13   0.0  59.0  24.3  38.6   4.4 24.30   0.0  25.7   1.1 147.9      
      10 14   0.0  68.9  29.8  43.1   5.9 31.30   0.0  11.7   0.5  84.3      
      10 15   0.0  66.9  31.6  43.4   6.2 32.50   0.0  16.4   0.7 106.5      
      10 16   0.0  70.6  32.1  44.9   6.4 33.00   0.0  13.2   0.6  97.9      
      10 17   0.0  78.6  36.4  48.9   6.5 33.70   0.0  15.3   0.6  99.5      
      10 18   0.0  77.6  37.7  50.2   6.1 32.10   0.0  24.3   1.0 132.3      
      10 19   0.0  48.8  41.2  44.4   8.2 39.40   0.0  19.2   0.8 122.3      
      10 20   0.0  51.1  37.6  43.0   8.4 40.00   0.0  16.4   0.7 109.8      
      10 21   0.0  52.9  35.4  37.3   8.3 39.70   0.0  12.1   0.5  97.6      
      10 22   0.0  65.7  27.5  48.3   6.7 34.30   0.0  12.5   0.5  89.1      
      10 23   0.0  61.7  39.5  42.4   5.6 29.80   0.1  23.5   1.0 143.7      
      10 24   0.0  41.6  27.5  30.3   6.7 34.40   0.1  23.2   1.0 103.7      
      10 25   0.0  47.2  26.0  30.1   5.9 31.20   0.0  14.6   0.6 100.8      
      10 26   0.0  53.0  25.4  38.7   6.4 33.40   0.0  15.7   0.7 103.0      
      10 27   0.0  61.4  32.6  49.4   6.9 35.10   0.0  22.5   0.9 128.4      
      10 28   0.0  62.5  37.4  39.9   6.6 34.00   0.0  46.8   1.9 332.3      
      10 29   0.0  52.2  32.4  36.9   4.5 24.50   0.0  35.0   1.5 270.7      
      10 30   0.0  51.5  25.4  27.4   3.7 19.60   0.0  36.8   1.5 309.3      
      10 31   0.0  56.8  21.4  41.4   5.1 27.70   0.0  13.9   0.6  87.2      
      11  1   0.0  65.5  32.4  38.3   5.0 27.00   0.0  45.4   1.9 262.8      
      11  2   0.0  55.9  28.4  32.8   6.0 31.40   0.0  14.6   0.6 125.9      
      11  3   0.0  64.8  27.8  37.9   6.4 33.00   0.0  13.2   0.6 110.1      
      11  4   0.0  71.2  30.7  41.9   5.7 30.40   0.0  12.5   0.5 106.1      
      11  5   0.0  50.4  32.3  33.6   6.3 32.80   0.0  20.0   0.8 148.4      
      11  6   0.0  33.9  21.4  22.2   5.3 28.50   0.2  17.8   0.7 143.0      
      11  7   0.0  27.6  20.1  26.1   4.2 22.90   0.1   8.9   0.4  73.9      
      11  8   0.0  54.9  23.3  38.9   4.5 24.50   0.0  20.0   0.8  99.8      
      11  9   0.0  50.9  24.1  28.7   5.0 26.90   0.0  23.2   1.0 150.0      
      11 10   0.0  39.6  19.8  29.3   4.2 23.10   0.0  12.8   0.5  78.7      
      11 11   0.0  43.2  19.6  21.3   4.1 22.50   0.0  12.5   0.5  91.2      
      11 12   0.0  35.3  15.4  28.2   4.1 22.40   0.0  13.5   0.6  92.0      
      11 13   0.0  32.0 -99.9 -99.9   1.9  4.70   0.0  12.8   0.5  89.9      
      11 14   0.0 -99.9 -99.9 -99.9  10.0         0.0  28.2   1.2 200.7      
      11 15   0.0  42.8 -99.9  24.6   2.5 10.70   0.0  17.5   0.7 105.4      
      11 16   0.0  48.2  20.6  38.1   5.8 30.70   0.0  16.0   0.7 118.9      
      11 17   0.0  53.2  28.6  31.9   5.6 29.80   0.0  21.8   0.9 181.5      
      11 18   0.0  53.8  25.9  28.6   4.7 25.40   0.0  25.7   1.1 169.6      
      11 19   0.0  44.7  17.4  26.8   4.5 24.50   0.0  13.5   0.6  95.7      
      11 20   0.0  42.5 -99.9  30.8   4.2 22.70   0.0  21.4   0.9 108.5      
      11 21   0.0  31.1  24.3  25.3   5.4 28.80   0.0  18.2   0.8 143.7      
      11 22   0.0  31.3  10.5  16.0   3.8 20.40   0.1  13.5   0.6  92.8      
      11 23   0.0  33.5  16.5  18.6   3.8 20.80   0.0  16.4   0.7  92.6      
      11 24   0.0  29.1   6.4  15.7   3.2 16.80   0.0   9.2   0.4  78.8      
      11 25   0.0  34.5  12.4  17.9   3.8 20.30   0.0   7.8   0.3  63.9      
      11 26   0.0  32.8  14.4  20.1   4.1 22.60   0.0   8.2   0.3  61.7      
      11 27   0.0  38.7  16.4  33.7   5.0 27.10   0.0  14.2   0.6  87.4      
      11 28   0.0  39.1  27.5  28.6   5.1 27.70   0.0  32.1   1.3 227.7      
      11 29   0.0  31.5  24.7  26.2   3.4 18.20   0.0  40.4   1.7 380.7      
      11 30   0.0  37.1  17.8  20.5   2.2  8.20   0.0  38.6   1.6 335.8      
      12  1   0.0  49.7  11.0  26.2   2.4 10.40   0.0  18.2   0.8 122.6      
      12  2   0.0  51.8  18.9  25.7   3.5 18.40   0.0  16.0   0.7 125.6      
      12  3   0.0  58.7  18.6  27.5   4.0 22.00   0.0  11.0   0.5  75.7      
      12  4   0.0  59.8  20.8  36.9   3.9 21.20   0.0  40.7   1.7 173.9      
      12  5   0.0  49.6  20.5  27.8   4.0 21.90   0.0  21.8   0.9 104.9      
      12  6   0.0  44.0  22.4  28.2   4.5 24.70   0.0  13.2   0.6  89.0      
      12  7   0.0  50.9  22.1  27.2   4.4 24.30   0.0  13.2   0.6  99.6      
      12  8   0.0  32.2  23.9  25.6   4.4 24.00   0.0  14.2   0.6 128.0      
      12  9   0.0  36.5  13.3  16.2   4.4 24.10   0.0   9.6   0.4  80.7      
      12 10   0.0  30.1  14.8  27.3   4.0 21.60   0.0   8.2   0.3  63.7      
      12 11   0.0  39.5  20.6  23.1   3.8 20.90   0.0  11.0   0.5  84.2      
      12 12   0.0  39.9   9.9  21.9   3.5 18.30   0.0  15.3   0.6 105.2      
      12 13   0.0  29.5  19.8  22.4   3.6 19.10   0.0  22.8   0.9 241.0      
      12 14   0.0  32.5  13.4  18.8   3.5 18.80   0.0  10.3   0.4 103.7      
      12 15   0.0  37.3  16.1  18.0   3.5 19.00   0.0  21.8   0.9 162.8      
      12 16   0.0  45.7  10.6  29.3   2.8 13.80   0.0  48.6   2.0 336.9      
      12 17   0.0  40.7  24.6  26.5   2.5 10.70   0.0  39.3   1.6 312.7      
      12 18   0.0  58.4  21.8  44.3   4.3 23.60   0.0  31.1   1.3 183.7      
      12 19   0.0  49.2  20.8  22.7   5.0 27.20   0.0  30.4   1.3 186.0      
      12 20   0.0  51.7  17.6  34.5   5.2 27.80   0.0  12.5   0.5  87.7      
      12 21   0.0   0.0   0.0   0.0   0.0         0.0   0.0   0.0   0.0      
      12 22   0.0   0.0   0.0   0.0   0.0         0.0   0.0   0.0   0.0      
      12 23   0.0   0.0   0.0   0.0   0.0         0.0   0.0   0.0   0.0      
      12 24   0.0   0.0   0.0   0.0   0.0         0.0   0.0   0.0   0.0      
      12 25   0.0   0.0   0.0   0.0   0.0         0.0   0.0   0.0   0.0      
      12 26   0.0   0.0   0.0   0.0   0.0         0.0   0.0   0.0   0.0      
      12 27   0.0   0.0   0.0   0.0   0.0         0.0   0.0   0.0   0.0      
      12 28   0.0   0.0   0.0   0.0   0.0         0.0   0.0   0.0   0.0      
      12 29   0.0   0.0   0.0   0.0   0.0         0.0   0.0   0.0   0.0      
      12 30   0.0   0.0   0.0   0.0   0.0         0.0   0.0   0.0   0.0      
      12 31   0.0   0.0   0.0   0.0   0.0         0.0   0.0   0.0   0.0      

      Total                              ******                         30.96
        Max  98.9  92.2  78.4  98.5  63.6        49.0 296.2  12.3 771.0
        Min  -0.1 -99.9 -99.9 -99.9 -10.5         0.0   0.0   0.0   0.0
        Ave  36.4  44.3  41.2  52.2  21.1        12.9  81.0   3.4 306.5
