      2002                                                                03-JAN-03
      Weather Station near WINDSOR, CO  pasture grass site at Aqua Engineering     
      -----------------------------------------------------------------------------
               Temperature      Rel   Dew             Wind        Solar StandrdASCE
            ----------------- Humid Point  Prec -----------------   Rad   ETr   ETo
       Date   Max   Min   Ave   Ave   Ave Total   Max Total   Ave Total Alflf Grass
      MoDay     F     F     F     %     F  inch   mph miles   mph Langl  inch  inch
      ----- ----- ----- ----- ----- ----- ----- ----- ----- ----- ----- ----- -----
       1  1  26.1   1.5   5.4  92.5  17.4  0.06  13.2  90.7   3.8 158.9            
       1  2  29.5  -4.8   8.6  86.8   8.5         8.9  70.5   2.9 242.9            
       1  3  47.4   5.4  30.5  67.8  17.0  0.01  13.5  85.1   3.5 228.8            
       1  4  40.8  24.6  27.0  72.8  25.8        24.6 172.1   7.2  71.5            
       1  5  41.2  12.5  28.7  74.0  20.9        13.9  80.8   3.4 179.7            
       1  6  45.1  18.2  26.2  65.5  20.7        14.2 109.4   4.6 217.0            
       1  7  63.0  18.8  40.8  62.9  27.0        15.0 111.1   4.6 214.1            
       1  8  63.3  34.9  45.5  41.9  27.4        28.2 136.5   5.7  71.7            
       1  9  55.8  30.0  32.3  72.7  31.2  0.04  21.1  99.8   4.2 162.4            
       1 10  37.0  10.8  14.4  96.3  26.1  0.38  12.8  61.3   2.6 176.6            
       1 11  47.4   9.4  29.8  83.9  23.7  0.01  20.0  99.8   4.2 177.4            
       1 12  45.9  18.8  37.6  76.4  23.6        34.6 118.1   4.9 203.8            
       1 13  45.1  25.3  26.2  50.4  18.7        38.9 290.2  12.1 227.5            
       1 14  34.7  14.3  18.0  74.4  16.8        16.0 122.5   5.1 208.9            
       1 15  26.4  10.7  18.3  89.9  15.5        11.0  74.2   3.1 201.5            
       1 16  28.8  11.4  15.5  85.5  15.7        13.5  96.8   4.0 244.1            
       1 17  29.5   5.2  15.8  76.4  12.7        15.3 124.4   5.2 256.2            
       1 18  32.5   9.0  17.5  65.3   8.8        23.2 111.6   4.7 232.5            
       1 19  34.6   2.2  24.5  61.5   7.3        15.7 102.3   4.3 278.6            
       1 20  40.0  12.5  21.9  42.6   7.7        28.9 175.0   7.3 269.5            
       1 21  50.2  16.5  35.8  51.0  19.3        22.1 160.5   6.7 259.6            
       1 22  54.0  21.7  23.1  60.3  21.0        26.8 185.0   7.7 238.8            
       1 23  27.0   6.9  11.3  87.3  17.0  0.11  14.2 128.5   5.4 232.2            
       1 24  35.4  -0.7  17.0  75.2  10.9        12.5  81.9   3.4 284.2            
       1 25  56.0  12.3  48.2  57.5  19.3        23.9 150.5   6.3 188.2            
       1 26  62.5  23.8  38.1  41.9  20.0        26.8 123.7   5.2 219.1            
       1 27  58.9  23.5  25.6  47.4  21.0        14.6 108.3   4.5 249.6            
       1 28  36.8  13.6  16.3  91.1  19.9        18.2 107.7   4.5 183.5            
       1 29  34.8  13.0  18.9  85.5  18.5        22.1 133.9   5.6 264.4            
       1 30  27.5  11.6  13.0  88.7  15.3  0.07  10.7  89.2   3.7 225.7            
       1 31  31.0  -0.1  11.3  64.4   6.5        25.7 140.0   5.8 313.7            
       2  1  37.6   3.0  19.8  67.0  10.7         8.5  70.6   2.9 309.5            
       2  2  43.1  16.0  22.4  63.1  16.5        12.8 102.5   4.3 245.0            
       2  3  45.7  10.8  22.4  66.0  17.6        12.8 110.9   4.6 314.2            
       2  4  46.8  12.2  22.6  58.7  14.4        35.7 182.2   7.6 291.8            
       2  5  40.3  12.0  21.2  60.0  13.3        17.5 111.1   4.6 323.2            
       2  6  55.8  10.5  25.6  56.1  15.1        26.4 127.8   5.3 329.7            
       2  7  48.9  15.2  32.2  51.4  16.1        12.5  78.6   3.3 220.8            
       2  8  53.2  21.4  33.5  43.2  14.1        41.4 263.1  11.0 138.3            
       2  9  35.0  26.1  26.9  49.9  14.4        51.8 506.8  21.1 150.8            
       2 10  47.8  10.2  26.7  37.9   6.1        22.5 128.0   5.3 347.6            
       2 11  62.5  22.9  25.9  41.2  14.6        30.4 141.6   5.9 215.1            
       2 12  35.5  17.0  25.7  69.3  17.6        13.2  66.3   2.8 226.7            
       2 13  52.3   9.7  26.9  59.5  14.6        11.4  81.3   3.4 350.6            
       2 14  50.7  18.3  21.8  53.5  17.2        38.6 192.2   8.0  93.0            
       2 15  53.8   9.6  26.4  55.7  13.4        13.9  85.6   3.6 367.2            
       2 16  54.0  12.6  30.9  42.3  11.6        18.2 101.4   4.2 351.6            
       2 17  65.7  25.0  36.7  38.1  17.0        19.6 102.0   4.3 338.1            
       2 18  56.5  29.6  36.0  58.4  27.0        24.3 129.4   5.4 275.6            
       2 19  52.7  22.1  29.6  52.5  20.5        25.7 133.6   5.6 336.4            
       2 20  53.5  23.7  29.1  54.0  21.0        29.3 209.2   8.7 385.4            
       2 21  50.7  22.9  29.8  53.1  17.3  0.01  25.3 169.9   7.1 393.9            
       2 22  66.4  20.8  51.9  39.1  19.0        23.9 114.4   4.8 255.7            
       2 23  71.7  31.0  52.4  31.9  20.7        32.9 146.5   6.1 303.5            
       2 24  51.0  21.5  23.8  75.3  26.5        21.1 162.0   6.8 299.2            
       2 25  22.7   3.6   7.7  85.6   6.9  0.04  22.5 184.1   7.7 367.8            
       2 26  23.5  -2.1  13.8  66.2   3.7  0.01  20.7 157.1   6.5 455.5            
       2 27  35.0   7.4  18.5  70.4  13.6        31.4 168.6   7.0 323.1            
       2 28  47.2   8.9  21.1  79.3  18.6        29.3 130.9   5.5 398.1            
       3  1  21.2   1.4   3.7  99.4  11.1  0.17  19.6 148.0   6.2 329.5  0.02  0.02
       3  2  13.0 -11.3   2.5  95.2   3.1        14.6 103.5   4.3 448.5  0.02  0.02
       3  3  27.6  -5.6   8.9  70.6   5.2  0.01  23.9 154.6   6.4 469.3  0.05  0.04
       3  4  44.1   7.3  25.4  69.0  17.0        15.0  73.2   3.0 450.2  0.08  0.06
       3  5  51.9  21.4  33.0  61.1  23.6        13.2  97.5   4.1 433.9  0.11  0.08
       3  6  44.1  26.3  27.8  79.6  28.9        16.4 100.5   4.2 415.3  0.07  0.06
       3  7  59.5  22.7  35.0  73.9  28.9        33.9 125.2   5.2 460.2  0.15  0.10
       3  8  34.2   6.4   9.3  93.0  20.6        32.9 197.5   8.2 138.8  0.03  0.02
       3  9  40.8   7.4  24.9  69.0  16.5        14.2 119.0   5.0 473.8  0.08  0.06
       3 10  53.4  17.5  38.2  66.4  25.2        13.2  87.6   3.6 384.5  0.10  0.08
       3 11  57.8  31.4  35.2  46.3  24.3        23.9 170.2   7.1 465.8  0.20  0.13
       3 12  67.9  30.9  44.2  47.4  27.0        31.1 154.1   6.4 327.6  0.23  0.15
       3 13  54.3  29.9  33.5  70.3  33.0        21.8 196.5   8.2 461.4  0.13  0.10
       3 14  30.5  18.1  19.2  93.3  23.8  0.35  19.6 148.5   6.2 349.1  0.03  0.03
       3 15  34.0   8.4  23.5  87.5  18.8  0.01  12.5  81.8   3.4 439.6  0.05  0.05
       3 16  40.1  21.4  27.3  78.2  24.6        17.5 135.0   5.6 466.6  0.08  0.06
       3 17  46.3  19.5  29.5  74.7  22.9        22.1  96.8   4.0 341.4  0.09  0.07
       3 18  44.8  22.8  24.4  82.3  25.3        20.7  88.2   3.7 377.9  0.08  0.06
       3 19  49.5  20.2  30.8  72.2  24.4        11.0  75.9   3.2 488.3  0.10  0.08
       3 20  64.5  17.5  19.4  55.5  22.1        26.1 137.2   5.7 506.7  0.23  0.15
       3 21  28.0   9.7  19.0  76.4  11.6        22.5 153.3   6.4 364.1  0.06  0.04
       3 22  62.4  13.9  35.8  58.0  22.5        14.6  87.5   3.6 516.5  0.16  0.12
       3 23  71.0  25.6  38.1  55.3  27.8        28.9 128.2   5.3 398.2  0.24  0.16
       3 24  37.5  20.6  21.6  89.9  25.0        17.5 142.2   5.9 113.3  0.04  0.03
       3 25  32.8  17.3  22.7  95.5  23.2        12.5 102.4   4.3 189.0  0.03  0.03
       3 26  60.6  17.5  36.9  60.7  24.8  0.01  15.3  86.1   3.6 524.5  0.15  0.11
       3 27  66.8  28.0  40.8  44.6  25.1        38.9 215.5   9.0 529.8  0.28  0.19
       3 28  72.3  27.1  39.6  50.1  26.6        27.8 151.3   6.3 501.7  0.28  0.19
       3 29  55.9  28.5  38.3  63.7  28.2        18.5 147.4   6.1 524.9  0.16  0.12
       3 30  57.1  28.3  36.3  60.0  28.5        15.0 118.1   4.9 418.6  0.15  0.11
       3 31  66.3  25.4  45.0  61.7  30.5        17.1 125.5   5.2 548.5  0.20  0.15
       4  1  76.8  28.9  31.1  40.1  26.2        35.0 229.5   9.6 573.7  0.44  0.28
       4  2  30.0  22.0  25.3  68.0  16.1        20.7 165.2   6.9 186.7  0.06  0.05
       4  3  44.7  21.0  31.4  49.3  15.7        15.7 128.9   5.4 436.7  0.12  0.09
       4  4  60.5  20.7  37.8  44.0  19.3        17.5 126.8   5.3 576.8  0.20  0.15
       4  5  66.5  26.3  44.8  43.9  26.2        27.1 124.0   5.2 568.9  0.22  0.16
       4  6  76.2  34.9  55.8  45.7  31.8        33.6 133.3   5.6 399.4  0.26  0.18
       4  7  67.6  40.5  44.5  52.9  37.4        17.8 136.8   5.7 430.9  0.21  0.15
       4  8  56.0  40.4  42.6  81.1  40.9        22.8 187.4   7.8 271.5  0.11  0.08
       4  9  75.8  28.5  57.8  57.9  34.5        20.0  90.3   3.8 532.0  0.21  0.16
       4 10  71.5  44.0  52.1  47.8  36.3        30.0 148.9   6.2 278.2  0.23  0.16
       4 11  66.4  36.1  45.6  58.4  36.9        21.4 122.8   5.1 449.6  0.19  0.14
       4 12  71.5  34.8  53.8  53.3  34.7        20.7 128.8   5.4 540.9  0.23  0.17
       4 13  77.2  36.2  54.2  41.5  33.4        21.1 117.5   4.9 583.9  0.27  0.20
       4 14  75.7  42.9  61.7  34.8  32.9        27.5 153.6   6.4 254.3  0.25  0.17
       4 15  83.8  46.1  55.5  30.7  32.0        27.1 124.6   5.2 430.9  0.34  0.23
       4 16  63.0  42.7  45.4  34.1  25.7        41.1 243.0  10.1 511.7  0.31  0.21
       4 17  78.7  32.3  52.5  44.5  29.0        39.3 192.0   8.0 647.4  0.38  0.26
       4 18  69.0  32.2  33.5  57.2  31.2        34.6 226.5   9.4 560.3  0.31  0.21
       4 19  41.7  26.7  35.6  72.0  26.2        16.0 160.4   6.7 302.8  0.09  0.07
       4 20  41.9  31.6  34.2  88.7  32.5  0.04  29.6 214.2   8.9  89.4  0.05  0.04
       4 21  58.5  25.0  34.7  63.3  26.7        33.9 122.4   5.1 612.4  0.18  0.14
       4 22  70.6  28.8  53.7  38.9  23.4        24.3 162.1   6.8 664.9  0.29  0.21
       4 23  79.8  33.3  60.3  30.2  25.2        30.4 195.3   8.1 659.0  0.38  0.27
       4 24  63.1  28.3  40.1  49.0  25.8        23.5 197.2   8.2 689.6  0.26  0.19
       4 25  57.9  29.3  44.1  42.9  22.5        17.1 159.4   6.6 487.7  0.20  0.15
       4 26  67.9  34.9  43.6  65.4  36.3  0.06  26.4 153.9   6.4 497.1  0.22  0.16
       4 27  67.1  37.5  40.8  76.5  41.2  0.09  27.8 167.8   7.0 439.9  0.20  0.14
       4 28  71.4  31.2  51.3  60.0  35.5        30.7 180.3   7.5 678.9  0.27  0.20
       4 29  76.5  37.7  56.1  46.3  35.2        22.8 169.1   7.0 648.3  0.32  0.23
       4 30  74.0  39.8  53.4  56.9  41.7        23.2 159.3   6.6 646.9  0.27  0.20
       5  1  53.9  31.1  31.8  87.9  39.3  0.02  22.8 180.7   7.5 140.8  0.07  0.05
       5  2  60.2  31.1  40.4  77.7  35.3  0.04  16.7 100.6   4.2 554.2  0.16  0.13
       5  3  72.9  31.0  53.6  47.4  31.3        16.4 103.5   4.3 604.2  0.24  0.19
       5  4  71.3  33.4  49.9  59.9  38.1        29.3 191.6   8.0 618.2  0.27  0.20
       5  5  78.5  38.3  54.1  45.6  35.5        17.5 116.5   4.9 579.9  0.29  0.21
       5  6  81.4  39.3  55.8  37.6  33.6        24.3 121.1   5.0 554.1  0.32  0.23
       5  7  63.1  40.7  48.7  79.2  44.4        20.3 127.4   5.3 481.8  0.15  0.12
       5  8  69.6  35.8  38.2  58.5  33.9        45.7 202.0   8.4 519.8  0.29  0.20
       5  9  62.3  23.9  46.2  46.1  23.3        20.7 132.7   5.5 670.5  0.22  0.17
       5 10  63.6  34.9  53.3  50.2  33.5        21.1 137.7   5.7 428.5  0.19  0.14
       5 11  63.3  40.4  41.6  83.9  44.4  0.33  21.8 152.6   6.4 357.6  0.14  0.11
       5 12  58.2  39.6  44.9  80.8  40.8  0.18  24.3 148.0   6.2 453.4  0.14  0.11
       5 13  70.7  33.9  51.5  54.8  35.5        15.0 106.1   4.4 700.6  0.24  0.19
       5 14  78.4  39.3  59.0  54.3  38.8        35.0 112.4   4.7 368.1  0.23  0.17
       5 15  75.8  44.8  53.1  56.5  43.1        30.4 138.1   5.8 323.9  0.23  0.16
       5 16  52.6  44.2  45.2  92.4  45.1  0.27  19.6 108.3   4.5 125.0  0.05  0.05
       5 17  59.6  43.6  52.1  89.3  47.0  0.01  11.7  90.9   3.8 278.3  0.09  0.08
       5 18  72.1  42.2  55.8  78.4  49.5        13.5  89.0   3.7 548.8  0.18  0.15
       5 19  70.8  41.5  53.4  73.8  48.0        25.7 137.3   5.7 634.3  0.21  0.17
       5 20  63.3  45.6  50.5  85.6  48.2        15.3 129.0   5.4 315.0  0.12  0.10
       5 21  87.4  45.8  56.5  60.1  43.6        44.7 171.1   7.1 523.9  0.40  0.28
       5 22  68.9  46.0  51.0  24.7  21.6        39.3 313.9  13.1 740.6  0.45  0.30
       5 23  63.1  37.3  39.5  60.8  36.2  0.78  32.1 171.5   7.1 562.7  0.21  0.16
       5 24  52.3  31.7  40.6  94.6  39.2  0.76  14.6  78.8   3.3 363.7  0.08  0.08
       5 25  71.6  35.4  54.2  71.5  43.8        13.2  76.8   3.2 630.9  0.20  0.17
       5 26  79.1  43.0  58.5  53.1  42.4        18.2  83.4   3.5 703.6  0.27  0.22
       5 27  81.6  47.0  60.7  53.2  45.4        22.5 127.7   5.3 576.2  0.29  0.22
       5 28  85.1  47.4  61.8  47.6  44.3        22.5  88.3   3.7 645.8  0.29  0.23
       5 29  85.9  49.6  64.8  48.0  47.1        17.8  75.7   3.2 541.2  0.26  0.20
       5 30  90.5  51.0  68.0  51.1  51.7        18.5  80.1   3.3 709.9  0.31  0.25
       5 31  92.5  54.0  63.2  49.6  50.8        36.4 117.8   4.9 518.9  0.36  0.26
       6  1  87.2  51.9  63.9  59.8  53.5        27.8  70.5   2.9 392.5  0.21  0.17
       6  2  93.2  53.4  68.5  40.7  45.7        20.7 110.7   4.6 676.2  0.38  0.29
       6  3  76.2  49.9  50.7  74.2  52.9  0.28  22.8 135.1   5.6 461.8  0.21  0.16
       6  4  65.7  46.3  49.3  87.9  51.6  0.10  15.3  76.3   3.2 423.8  0.12  0.11
       6  5  76.7  44.6  57.7  71.7  49.4        18.2 100.3   4.2 704.6  0.24  0.20
       6  6  88.0  47.9  63.6  53.2  48.9        16.4  90.2   3.8 687.6  0.31  0.25
       6  7  93.3  52.4  62.5  51.0  49.4        20.3 103.7   4.3 605.9  0.36  0.27
       6  8  94.5  50.4  66.1  60.7  55.3        15.7  85.3   3.6 710.3  0.33  0.26
       6  9  95.3  53.1  79.8  45.8  49.3        20.3 115.5   4.8 704.0  0.37  0.29
       6 10  81.6  51.3  59.0  40.5  39.5        22.8 175.2   7.3 685.1  0.40  0.29
       6 11  79.6  49.2  62.9  44.4  42.4        17.1 107.7   4.5 722.8  0.30  0.24
       6 12  85.1  53.6  63.4  38.2  40.2        16.0 107.7   4.5 739.8  0.36  0.28
       6 13  76.0  47.4  59.9  51.4  44.8        17.5 102.4   4.3 678.6  0.26  0.21
       6 14  81.8  42.8  62.1  52.7  45.1        16.0  82.4   3.4 639.0  0.26  0.21
       6 15  84.8  52.3  59.3  62.7  51.4        27.8 108.9   4.5 533.7  0.28  0.22
       6 16  87.1  50.1  66.8  61.3  51.1        41.1 110.2   4.6 604.2  0.30  0.23
       6 17  96.0  53.0  70.9  36.7  42.9        15.0  91.3   3.8 689.5  0.38  0.29
       6 18  96.3  60.5  70.7  23.0  38.0        27.5 120.1   5.0 693.8  0.46  0.33
       6 19  89.6  59.1  60.9  53.6  51.9  0.19  21.8 120.4   5.0 547.9  0.36  0.26
       6 20  81.9  54.5  67.3  76.4  59.2        30.0 146.0   6.1 514.8  0.23  0.19
       6 21  92.6  58.4  66.6  55.5  55.6  0.10  23.2  97.6   4.1 501.4  0.31  0.23
       6 22  93.5  56.5  68.5  60.8  56.0        21.8 106.0   4.4 522.9  0.32  0.24
       6 23  95.3  53.4  70.6  36.0  45.9        18.5 116.0   4.8 711.0  0.41  0.31
       6 24  98.7  58.6  75.5  35.1  46.0        22.1 108.7   4.5 708.3  0.42  0.32
       6 25  95.6  58.7  66.1  48.5  52.8        21.4  98.9   4.1 555.0  0.36  0.26
       6 26  94.0  55.1  70.4  50.5  52.5        19.2 110.9   4.6 692.6  0.37  0.28
       6 27  97.5  58.3  71.5  43.6  50.5        18.5 101.2   4.2 630.1  0.38  0.29
       6 28  97.1  55.7  71.8  43.1  49.7        28.6 112.5   4.7 627.2  0.39  0.29
       6 29  98.9  56.9  74.2  40.0  49.0        17.1  84.6   3.5 652.6  0.36  0.28
       6 30  95.6  56.9  73.0  33.4  46.0        18.5  97.5   4.1 661.9  0.37  0.28
       7  1 103.8  60.5  76.8  33.3  47.2        20.3  90.3   3.8 662.7  0.41  0.31
       7  2  98.1  63.2  73.8  34.3  47.3        20.3 126.0   5.3 608.9  0.44  0.32
       7  3  89.7  63.1  66.9  61.3  58.9  0.11  33.9 111.9   4.7 454.6  0.29  0.22
       7  4  90.4  55.3  67.8  65.9  59.8        22.1 117.1   4.9 654.4  0.31  0.25
       7  5  90.9  57.6  70.9  66.5  59.9        16.4 101.8   4.2 675.1  0.31  0.25
       7  6  86.1  61.2  68.5  72.2  62.1        21.4 103.0   4.3 495.3  0.24  0.19
       7  7  93.2  59.4  72.5  67.7  63.0        16.4  92.3   3.8 640.6  0.29  0.24
       7  8  92.9  60.6  80.0  57.4  59.4        20.3  91.1   3.8 576.8  0.28  0.23
       7  9  95.5  61.6  72.8  45.3  54.0        13.2  80.6   3.4 682.1  0.34  0.27
       7 10  87.1  63.4  69.2  67.8  63.5        18.5  92.5   3.9 455.0  0.22  0.18
       7 11  87.4  57.4  67.7  56.0  55.1        17.5  96.2   4.0 745.1  0.32  0.26
       7 12  97.5  54.0  68.9  50.1  51.7        14.2  76.5   3.2 763.3  0.36  0.29
       7 13  95.5  55.4  70.2  46.4  50.8        24.6  93.7   3.9 672.5  0.36  0.28
       7 14  96.3  57.3  72.8  42.9  50.0        17.5 111.3   4.6 758.1  0.41  0.31
       7 15  96.9  58.0  73.8  49.2  54.7        20.0 128.8   5.4 754.0  0.42  0.32
       7 16  97.6  58.5  70.2  43.8  50.9        22.1 116.7   4.9 751.8  0.44  0.33
       7 17  97.3  56.4  70.2  42.1  50.7        21.8 106.3   4.4 739.2  0.41  0.31
       7 18  97.2  58.9  71.6  40.9  50.6        18.5  97.9   4.1 701.6  0.39  0.30
       7 19  97.4  58.3  79.2  40.6  52.3        17.8  98.6   4.1 730.5  0.37  0.29
       7 20  96.8  67.7  71.3  42.5  54.5        21.4 123.1   5.1 659.7  0.43  0.32
       7 21  88.8  61.4  62.8  63.1  58.7        21.1  87.9   3.7 584.9  0.28  0.22
       7 22  82.1  54.6  70.1  70.6  57.6        19.6 118.4   4.9 539.1  0.23  0.19
       7 23  88.6  58.9  73.0  59.7  57.7        18.2 122.8   5.1 462.2  0.27  0.21
       7 24  99.4  56.9  77.7  44.5  52.2        17.1  99.7   4.2 689.2  0.38  0.29
       7 25  95.6  59.7  62.7  55.5  54.4        27.8 102.8   4.3 398.5  0.34  0.24
       7 26  93.4  54.9  69.1  56.3  53.4        21.4  99.0   4.1 657.9  0.34  0.26
       7 27  92.6  54.4  69.1  41.9  48.0        25.0  97.7   4.1 618.4  0.34  0.26
       7 28  88.3  60.3  66.9  44.0  50.3        15.3  91.9   3.8 634.8  0.32  0.25
       7 29  94.4  53.0  70.0  35.4  44.0        19.6 100.6   4.2 736.0  0.38  0.29
       7 30  98.9  59.8  72.3  30.3  44.5        17.8 101.3   4.2 716.6  0.42  0.31
       7 31 102.1  60.4  78.6  27.9  43.4        18.2  99.3   4.1 588.8  0.40  0.29
       8  1  80.3  58.7  62.5  40.5  42.2        20.7 133.9   5.6 566.8  0.33  0.24
       8  2  84.7  53.3  71.2  47.4  48.1        14.2  63.0   2.6 501.9  0.22  0.18
       8  3  90.6  60.8  62.6  66.6  58.8  0.10  21.4  83.1   3.5 463.5  0.26  0.20
       8  4  88.6  57.8  69.2  67.1  59.6        26.4 115.2   4.8 584.2  0.28  0.22
       8  5  87.5  58.8  62.6  76.9  62.2  0.05  38.2 110.9   4.6 462.8  0.24  0.19
       8  6  93.3  55.7  64.7  72.9  60.3  0.04  37.1 112.1   4.7 556.8  0.31  0.23
       8  7  93.3  56.8  62.4  68.2  58.2        26.4  99.4   4.1 568.2  0.31  0.24
       8  8  91.6  54.1  65.8  62.0  54.6        16.7  83.6   3.5 577.3  0.29  0.22
       8  9  84.2  53.0  64.5  59.4  52.9        16.7  99.9   4.2 640.9  0.27  0.22
       8 10  91.5  52.5  67.0  47.2  50.3        15.3  86.2   3.6 636.0  0.31  0.24
       8 11  96.2  49.4  71.9  28.8  38.0        18.9  95.0   4.0 656.7  0.37  0.27
       8 12  70.7  52.9  54.4  62.5  48.8        22.8 131.3   5.5 310.7  0.18  0.13
       8 13  77.8  43.3  61.3  60.4  45.4        16.7  94.0   3.9 606.5  0.23  0.19
       8 14  93.4  46.3  71.0  43.3  43.7        17.1  98.3   4.1 642.5  0.33  0.25
       8 15  81.5  52.6  64.3  57.3  50.9        20.3 110.0   4.6 582.1  0.26  0.20
       8 16 101.5  51.7  66.3  45.0  46.4        22.8 116.4   4.8 635.5  0.46  0.32
       8 17  77.1  45.2  58.2  38.9  36.9        19.2 137.7   5.7 605.2  0.30  0.22
       8 18  87.0  46.6  61.6  45.0  41.7        14.6  62.8   2.6 332.0  0.21  0.16
       8 19  86.4  48.8  67.0  54.2  50.4        21.1 113.3   4.7 559.1  0.28  0.21
       8 20  88.3  57.3  69.8  65.2  57.1        15.7  87.8   3.7 437.8  0.23  0.18
       8 21  87.5  56.2  61.0  60.3  52.6  0.03  22.5 124.8   5.2 374.6  0.29  0.20
       8 22  84.1  50.8  63.6  64.3  52.9        35.7 121.6   5.1 530.0  0.26  0.20
       8 23  90.6  49.4  67.6  53.0  49.5        18.2  97.6   4.1 568.3  0.29  0.22
       8 24  81.2  55.4  63.1  72.1  57.7        24.6 111.0   4.6 489.8  0.21  0.17
       8 25  89.3  59.4  66.3  59.4  54.3        17.1  88.1   3.7 568.8  0.28  0.22
       8 26  93.6  51.8  60.6  51.8  50.0  0.11  26.4 137.1   5.7 630.0  0.41  0.29
       8 27  79.1  57.7  62.1  77.0  59.0  0.07  23.5 190.3   7.9 466.7  0.23  0.17
       8 28  78.7  59.0  61.2  79.9  59.9        19.2  85.8   3.6 424.9  0.17  0.14
       8 29  78.7  52.4  59.5  83.8  57.3  0.01  25.3  87.7   3.7 365.1  0.16  0.13
       8 30  89.0  47.0  63.5  64.5  51.4  0.01  17.5 102.6   4.3 564.7  0.28  0.21
       8 31  92.0  55.0  68.6  49.5  48.9        14.2  85.6   3.6 500.4  0.28  0.21
       9  1  89.8  51.8  74.3  42.1  44.9        17.8  98.9   4.1 426.9  0.26  0.19
       9  2  82.9  52.6  59.8  40.7  45.0        19.6 122.6   5.1 565.3  0.30  0.22
       9  3  89.8  49.5  70.6  54.9  49.8        18.5  81.6   3.4 503.4  0.24  0.19
       9  4  91.5  54.2  65.3  44.0  47.7        17.8 108.2   4.5 435.2  0.31  0.22
       9  5  94.4  52.0  65.7  40.5  44.9        17.1  88.9   3.7 540.5  0.32  0.23
       9  6  95.2  51.5  69.8  42.1  46.9        20.0 109.7   4.6 487.6  0.33  0.24
       9  7  93.9  56.3  69.5  53.0  53.3        15.0  78.9   3.3 475.4  0.26  0.20
       9  8  84.7  53.9  60.3  63.1  56.2  0.25  18.2 109.3   4.6 342.6  0.21  0.16
       9  9  72.8  56.0  57.1  85.2  58.4  0.32  16.7  88.9   3.7 222.8  0.10  0.08
       9 10  67.3  55.5  57.4  91.1  57.1  0.13  16.0 118.6   4.9 271.9  0.10  0.08
       9 11  73.6  48.2  59.7  87.4  55.6  0.37  16.4  67.9   2.8 413.7  0.13  0.11
       9 12  73.9  54.9  55.9  89.9  58.6  0.15  13.5  63.7   2.7 325.0  0.11  0.10
       9 13  70.3  51.7  58.8  87.8  56.0  0.03  15.0  70.4   2.9 335.9  0.11  0.09
       9 14  77.8  51.8  54.8  60.6  48.0        14.6  96.0   4.0 519.5  0.22  0.17
       9 15  85.4  44.3  58.8  58.3  45.5        12.8  75.2   3.1 526.1  0.23  0.18
       9 16  85.9  46.5  62.1  53.6  44.7        17.1  90.5   3.8 499.0  0.25  0.18
       9 17  75.8  49.4  64.3  54.5  44.5        30.7 113.7   4.7 239.8  0.18  0.13
       9 18  69.5  45.9  47.3  61.1  44.0        26.8 123.8   5.2 295.2  0.17  0.12
       9 19  71.0  40.9  51.1  60.9  40.8        17.1  96.6   4.0 495.1  0.18  0.14
       9 20  81.4  39.7  53.9  55.8  41.2        15.0  88.1   3.7 500.9  0.23  0.17
       9 21  63.2  40.9  45.1  70.1  40.4        22.5 111.7   4.7 458.6  0.15  0.12
       9 22  70.0  44.1  50.5  63.5  40.9        11.7  87.3   3.6 481.4  0.18  0.13
       9 23  68.0  40.3  48.0  52.1  36.3        16.4 115.3   4.8 487.5  0.20  0.14
       9 24  82.8  36.5  57.6  54.4  39.2        31.8  91.6   3.8 428.8  0.23  0.16
       9 25  59.4  44.0  46.8  72.0  42.5  0.01  17.1 115.6   4.8 369.6  0.12  0.09
       9 26  61.8  42.6  46.7  90.9  47.3  0.01  14.2  75.9   3.2 306.1  0.09  0.07
       9 27  75.1  34.1  50.7  73.1  44.5        32.1  96.9   4.0 326.7  0.16  0.11
       9 28  67.6  44.2  49.3  78.3  47.3        14.2  92.8   3.9 333.6  0.12  0.09
       9 29  76.7  38.8  56.0  66.8  43.8        28.9  80.8   3.4 372.5  0.16  0.12
       9 30  77.7  42.1  53.5  35.5  34.2        30.0 132.1   5.5 456.9  0.27  0.18
      10  1  61.7  41.8  43.0  67.6  42.4  0.07  21.4 136.6   5.7 247.8  0.12  0.09
      10  2  43.0  35.4  37.7  97.9  38.5  0.02  13.5 152.7   6.4  74.0  0.02  0.02
      10  3  53.0  36.4  43.2  95.1  40.9  0.37  30.7 102.0   4.3 168.4  0.06  0.05
      10  4  62.9  34.8  46.6  75.1  40.7        16.4 107.8   4.5 397.1  0.12  0.09
      10  5  68.6  37.4  48.4  61.5  38.4        27.5 112.0   4.7 381.1  0.16  0.12
      10  6  59.5  36.0  43.1  74.2  40.0        17.8 128.3   5.3 371.9  0.11  0.09
      10  7  74.4  32.4  49.3  67.5  39.9        15.3  74.4   3.1 422.4  0.16  0.12
      10  8  71.7  40.0  48.0  63.3  41.2        21.8 154.1   6.4 412.2  0.21  0.14
      10  9  70.8  43.1  46.9  75.7  45.4        11.0  66.1   2.8 395.1  0.13  0.10
      10 10  79.5  38.0  63.6  44.6  34.2        21.8 131.8   5.5 400.1  0.23  0.16
      10 11  80.4  43.8  47.9  41.7  34.1        29.6 179.9   7.5 412.0  0.37  0.23
      10 12  51.5  27.9  34.7  74.7  31.9        20.0 127.9   5.3 378.0  0.09  0.07
      10 13  65.9  27.8  40.8  64.2  32.0        15.0  76.7   3.2 404.1  0.13  0.10
      10 14  62.7  27.2  37.7  52.0  26.3        19.6 110.9   4.6 383.5  0.16  0.11
      10 15  59.9  26.7  39.0  56.6  26.4        12.1  76.5   3.2 392.8  0.12  0.09
      10 16  60.7  33.6  35.7  49.3  27.2        21.8 144.2   6.0 371.2  0.18  0.12
      10 17  66.1  26.2  43.4  56.4  28.0        13.5  96.9   4.0 382.3  0.15  0.11
      10 18  72.8  29.3  43.4  45.8  25.7        23.2 110.9   4.6 382.2  0.22  0.14
      10 19  64.5  28.2  39.1  58.4  30.3        11.0  68.6   2.9 376.5  0.12  0.09
      10 20  71.0  31.4  42.2  40.7  23.6        13.5 101.2   4.2 366.4  0.21  0.13
      10 21  59.0  32.2  39.1  57.7  31.6        17.1 115.9   4.8 351.6  0.13  0.09
      10 22  43.2  25.4  26.2  91.1  30.1        24.6 146.9   6.1 123.0  0.05  0.03
      10 23  28.9  23.6  25.4 100.0  26.5        13.9 127.4   5.3  70.4  0.01  0.01
      10 24  32.3  23.9  31.2  99.9  28.0  0.11   8.2  62.5   2.6 105.0  0.02  0.02
      10 25  55.9  28.6  36.1  82.4  33.0        12.5  86.5   3.6 261.4  0.08  0.06
      10 26  58.4  25.6  44.3  73.6  33.3         9.6  79.7   3.3 319.1  0.08  0.06
      10 27  52.3  32.3  33.6  94.9  40.5  0.02  12.5  95.3   4.0 196.0  0.04  0.03
      10 28  60.8  23.3  34.3  77.0  33.2  0.03  20.7 104.8   4.4 299.3  0.11  0.07
      10 29  34.9  19.0  19.8  99.9  26.9  0.10  21.8 215.0   9.0 118.8  0.02  0.01
      10 30  20.0  13.8  15.2  95.8  16.2        12.8 121.0   5.0 167.8  0.01  0.01
      10 31  21.0  10.9  16.7  99.7  16.3        11.0  65.8   2.7 199.9  0.01  0.01
      11  1  25.7  13.0  19.1  99.8  18.1  0.21   9.9  52.9   2.2 191.9            
      11  2  31.2  18.6  27.1  96.3  23.9  0.14   7.1  43.5   1.8 253.4            
      11  3  36.3  11.9  17.6  89.7  21.0  0.17  11.0  68.2   2.8 316.2            
      11  4  35.4  15.7  28.5  85.7  21.6        11.0  47.8   2.0 186.8            
      11  5  47.2  19.8  29.1  73.7  26.2        12.1  86.8   3.6 321.6            
      11  6  53.2  23.4  32.7  75.2  30.4        11.0  65.9   2.7 311.5            
      11  7  58.4  24.1  46.6  68.4  30.7        20.7  86.2   3.6 143.2            
      11  8  63.9  37.4  47.8  50.3  33.0        32.5 178.7   7.4 215.8            
      11  9  57.7  31.3  39.9  62.5  31.8        32.1 186.2   7.8 178.9            
      11 10  52.0  29.6  34.5  44.5  20.7        23.9 101.9   4.2 224.9            
      11 11  46.3  22.4  24.4  64.0  24.1        25.0 122.0   5.1 170.1            
      11 12  51.5  18.0  32.9  64.7  21.8        13.2  72.6   3.0 294.9            
      11 13  57.9  29.8  39.6  68.5  31.9  0.04  15.3 104.5   4.4 143.2            
      11 14  48.5  32.4  34.5  83.9  34.1        19.2 101.4   4.2 207.0            
      11 15  47.1  23.0  24.9  78.0  29.1  0.02  22.5 110.4   4.6 182.9            
      11 16  58.8  17.5  33.8  67.3  23.5        12.5  66.3   2.8 266.4            
      11 17  59.5  25.9  45.2  47.4  22.7        24.6 128.0   5.3 217.0            
      11 18  53.6  26.0  40.1  50.6  23.4        25.7 140.5   5.9 255.1            
      11 19  58.7  34.0  36.5  40.0  20.9        13.5  95.1   4.0 263.3            
      11 20  62.4  28.9  36.2  58.0  28.8        12.5  88.0   3.7 262.3            
      11 21  65.9  31.7  37.2  65.6  34.3        18.9 105.7   4.4 257.7            
      11 22  70.6  24.9  42.7  57.2  30.7        15.3  88.2   3.7 227.4            
      11 23  49.2  29.2  30.2  72.9  30.6        17.5 128.1   5.3 229.0            
      11 24  30.2  20.4  21.2  96.9  23.0  0.07  20.0 108.8   4.5  93.1            
      11 25  29.4  11.0  13.4  96.2  20.4  0.16  11.4  78.5   3.3 237.9            
      11 26  28.4   4.2  12.3  90.2  13.3  0.01  15.0  96.1   4.0 280.6            
      11 27  48.0   8.4  29.7  80.9  22.2        15.3  98.2   4.1 209.5            
      11 28  51.7  18.4  34.4  80.1  29.3         9.6  61.1   2.5 250.7            
      11 29  55.2  26.5  29.9  78.2  32.5        16.4  93.3   3.9 248.8            
      11 30  44.3  24.0  30.4  73.0  25.3        14.2  85.3   3.6 224.3            
      12  1  53.0  25.9  37.3  76.8  31.8        10.7  58.5   2.4 197.4            
      12  2  56.2  26.5  31.6  71.5  30.5        11.7  77.8   3.2 244.0            
      12  3  32.2  24.7  30.0  97.6  28.6        10.3  74.8   3.1  46.8            
      12  4  32.5  25.1  26.5  98.3  29.2        10.3  87.1   3.6  49.2            
      12  5  48.6  24.9  26.4  85.7  29.8        16.0 102.6   4.3 237.6            
      12  6  49.9  18.5  26.3  73.2  23.1        13.2  75.6   3.1 246.8            
      12  7  44.0  22.3  28.5  73.3  23.9        11.7  73.0   3.0 179.0            
      12  8  43.5  20.2  22.1  74.9  23.7        12.8  97.8   4.1 223.4            
      12  9  53.1  15.5  28.0  67.9  21.2        14.6  72.8   3.0 239.4            
      12 10  53.5  12.6  28.0  52.5  16.3         7.8  65.0   2.7 239.8            
      12 11  49.0  23.3  35.3  53.6  19.0        19.6 106.4   4.4 202.6            
      12 12  41.6  18.3  29.8  55.8  17.0        19.6 133.3   5.6 225.7            
      12 13  57.3  17.9  33.5  61.2  21.9        12.1  70.8   3.0 232.9            
      12 14  58.0  18.6  31.1  61.3  23.0         9.6  72.4   3.0 241.9            
      12 15  60.1  25.6  33.6  62.4  26.2        37.5 135.9   5.7 116.3            
      12 16  49.0  23.7  33.8  61.4  21.7        13.9 104.2   4.3 215.0            
      12 17  49.5  28.5  32.3  68.5  27.7        18.5  94.9   4.0 133.6            
      12 18  41.0  22.6  28.6  80.8  25.6        25.0 133.8   5.6 161.9            
      12 19  37.5  15.7  18.5  60.2  13.7        26.1 145.6   6.1 202.2            
      12 20  40.3  11.3  29.1  58.7  12.0        13.9 112.7   4.7 238.8            
      12 21  43.4  19.5  20.9  61.7  18.6        15.3 104.4   4.3 245.8            
      12 22  40.9  15.4  23.3  72.0  17.6        12.5  79.6   3.3 232.8            
      12 23  32.9  14.0  15.0  79.6  16.9        17.5  94.9   4.0 176.8            
      12 24  30.6  11.3  13.0  90.2  17.6         8.5  46.7   1.9 198.8            
      12 25  36.5   7.8  14.3  76.9  13.0        10.7  68.3   2.8 223.7            
      12 26  39.7   7.0  18.6  59.7   7.9        16.0  88.5   3.7 248.8            
      12 27  57.8  12.7  29.4  54.2  16.5        19.2 103.0   4.3 219.9            
      12 28  47.0  25.0  33.9  64.7  24.9        13.5  76.8   3.2  78.8            
      12 29  61.3  24.6  38.8  43.5  18.9        29.3 188.5   7.9 171.4            
      12 30  48.0  17.1  20.0  40.0  12.8        32.1 133.5   5.6 245.1            
      12 31  48.3  17.0  31.5  59.5  17.7        12.8  78.9   3.3 194.7            

      Total                                7.88                         56.33 42.28
        Max 103.8  67.7  80.0 100.0  63.5        51.8 506.8  21.1 763.3
        Min  13.0 -11.3   2.5  23.0   3.1         7.1  43.5   1.8  46.8
        Ave  64.7  33.8  44.5  62.4  34.0        20.4 116.5   4.9 405.5
