      2002                                                                03-JAN-03
      Weather Station near BOULDER NORTH WEST, CO  turf grass site at Foothills Par
      -----------------------------------------------------------------------------
               Temperature      Rel   Dew             Wind        Solar StandrdASCE
            ----------------- Humid Point  Prec -----------------   Rad   ETr   ETo
       Date   Max   Min   Ave   Ave   Ave Total   Max Total   Ave Total Alflf Grass
      MoDay     F     F     F     %     F  inch   mph miles   mph Langl  inch  inch
      ----- ----- ----- ----- ----- ----- ----- ----- ----- ----- ----- ----- -----
       4 11  66.2  45.6  59.0  34.1  29.1        33.2 115.0   4.8 396.1  0.19  0.14
       4 12  70.5  32.3  52.8  49.7  31.8        30.1 143.5   6.0 468.5  0.21  0.16
       4 13  75.4  40.7  61.0  30.2  27.2        32.7 203.4   8.5 598.5  0.32  0.23
       4 14  78.7  43.5  67.9  24.5  27.5        35.6 222.0   9.3 293.1  0.30  0.20
       4 15  80.8  48.1  64.2  28.2  27.4        20.2 147.8   6.2 315.5  0.28  0.19
       4 16  62.3  34.7  53.1  39.0  25.0        48.7 265.3  11.1 551.6  0.25  0.18
       4 17  75.9  27.4  52.7  46.0  26.3        39.4 138.8   5.8 624.8  0.27  0.20
       4 18  66.8  33.0  47.4  55.9  30.0        36.6 136.4   5.7 549.4  0.21  0.16
       4 19  39.2  25.5  32.2  81.9  27.1  0.01  12.2  77.7   3.2 168.2  0.05  0.04
       4 20  40.8  32.5  35.5  86.2  31.8  0.12  16.4 100.5   4.2  79.6  0.04  0.03
       4 21  56.2  28.3  44.5  45.3  21.1        55.0 226.1   9.4 671.6  0.22  0.16
       4 22  69.6  25.1  50.6  32.9  17.5        47.2 183.7   7.7 625.1  0.28  0.20
       4 23  76.7  34.3  60.8  32.1  23.3  0.01  39.1 158.0   6.6 671.4  0.30  0.22
       4 24  63.2  30.5  46.9  50.5  26.6        32.9 144.9   6.0 667.2  0.22  0.17
       4 25  54.8  29.7  42.6  45.8  22.2        13.5  84.0   3.5 429.4  0.14  0.11
       4 26  63.3  31.9  47.6  66.9  36.4  0.02  14.1  87.1   3.6 391.0  0.13  0.11
       4 27  66.2  41.1  50.9  63.5  36.5  0.01  26.0 121.3   5.1 478.6  0.19  0.15
       4 28  71.3  28.6  54.0  47.1  27.6        45.0 196.8   8.2 677.3  0.28  0.21
       4 29  74.7  31.3  56.7  48.8  33.4        16.4 125.6   5.2 622.7  0.24  0.19
       4 30  72.3  31.9  54.4  62.1  39.1        15.6 114.0   4.8 658.5  0.22  0.18
       5  1  50.9  32.6  42.8  87.8  40.1  0.05  15.8 141.1   5.9  74.7  0.04  0.03
       5  2  56.9  32.8  42.3  75.6  34.2  0.02  16.3  70.2   2.9 400.5  0.11  0.10
       5  3  71.4  31.2  54.1  40.8  26.0        34.0 197.2   8.2 694.0  0.30  0.22
       5  4  67.9  37.3  51.3  62.6  37.4        21.1 111.7   4.7 552.8  0.19  0.16
       5  5  77.1  33.0  57.4  51.3  32.3  0.01  30.1 125.2   5.2 549.6  0.25  0.19
       5  6  81.3  40.7  62.4  31.9  27.7        27.6 139.8   5.8 609.9  0.31  0.23
       5  7  64.9  39.9  51.7  75.0  43.1        18.5  82.1   3.4 573.2  0.16  0.14
       5  8  64.2  38.1  50.3  61.8  36.2  0.29  44.1 140.9   5.9 544.7  0.19  0.15
       5  9  59.5  22.9  41.9  62.9  27.0  0.01  15.6  78.2   3.3 684.2  0.17  0.15
       5 10  58.7  29.0  46.8  60.3  31.1        15.1  86.9   3.6 321.8  0.12  0.10
       5 11  53.8  40.0  47.3  82.5  42.1  0.37  24.1 107.4   4.5 121.7  0.06  0.05
       5 12  55.5  35.9  43.9  76.8  36.2  0.17  20.5 115.0   4.8 343.0  0.12  0.09
       5 13  69.5  31.3  53.0  51.8  32.7        16.4 117.9   4.9 705.2  0.23  0.19
       5 14  75.4  37.2  55.9  53.4  37.0        44.4 138.4   5.8 297.4  0.21  0.15
       5 15  72.8  41.4  59.2  48.1  38.2        38.8 124.2   5.2 448.7  0.21  0.16
       5 16  56.6  42.1  46.5  89.1  43.4  0.23  25.7  84.9   3.5  72.4  0.06  0.05
       5 17  58.3  44.3  50.9  78.3  44.0  0.01  11.2  53.6   2.2 229.5  0.08  0.07
       5 18  69.7  38.1  55.1  73.3  45.8        19.9  87.3   3.6 571.6  0.17  0.15
       5 19  68.3  45.0  56.4  69.0  45.8        15.7 106.3   4.4 598.5  0.19  0.16
       5 20  61.5  46.3  51.5  83.6  46.6  0.01  10.7  77.3   3.2 191.5  0.09  0.07
       5 21  84.4  41.0  59.2  57.3  39.3        51.7 202.0   8.4 453.1  0.35  0.24
       5 22  66.4  34.9  55.9  28.8  19.8        39.6 230.6   9.6 722.1  0.31  0.23
       5 23  60.5  35.0  48.1  63.9  34.7  1.15  25.9 140.8   5.9 456.0  0.16  0.13
       5 24  50.4  32.2  39.0  92.3  37.0  0.54  48.4  74.8   3.1 228.5  0.07  0.06
       5 25  71.2  38.1  53.7  65.5  40.3  0.01  17.3  93.8   3.9 526.4  0.19  0.16
       5 26  78.2  41.2  61.2  44.9  36.8        34.5 115.6   4.8 461.2  0.24  0.18
       5 27  79.4  43.1  61.8  47.2  39.5        26.7 129.2   5.4 564.7  0.27  0.21
       5 28  80.2  43.4  62.9  54.2  43.0        26.2 106.1   4.4 576.7  0.25  0.20
       5 29  84.1  47.0  67.3  52.7  44.0        31.4 117.1   4.9 494.2  0.26  0.20
       5 30  94.5  53.1  76.0  47.3  46.3        53.9 132.7   5.5 682.8  0.36  0.28
       5 31  92.4  58.8  78.2  51.8  50.2        43.7 183.0   7.6 615.8  0.38  0.28
       6  1  89.6  54.7  73.0  66.5  52.5        44.9 112.8   4.7 391.4  0.24  0.19
       6  2  94.0  55.6  75.3  45.4  43.0        19.3 102.9   4.3 687.5  0.34  0.27
       6  3  75.2  49.3  61.1  67.1  49.7  1.01  27.3 126.9   5.3 459.7  0.20  0.16
       6  4  64.8  44.2  53.1  81.6  48.4  0.13  11.5  67.3   2.8 229.0  0.09  0.08
       6  5  79.7  43.1  61.9  62.3  44.9        16.4  88.9   3.7 728.4  0.26  0.22
       6  6  90.0  56.2  72.6  48.3  43.5        28.9 156.6   6.5 722.6  0.39  0.30
       6  7  95.5  54.7  74.5  52.5  48.7        25.6 125.1   5.2 631.9  0.35  0.27
       6  8  85.6  49.9  68.7  70.4  53.8        23.2  87.4   3.6 616.2  0.25  0.21
       6  9  92.3  58.8  80.0  44.3  46.9        38.4 201.0   8.4 724.6  0.42  0.32
       6 10  82.9  50.8  67.0  42.6  39.7        38.0 128.7   5.4 613.1  0.31  0.24
       6 11  82.7  47.4  65.1  64.3  46.1        13.7  99.3   4.1 720.4  0.28  0.23
       6 12  85.4  48.3  66.9  57.1  44.1        16.7 111.1   4.6 730.3  0.31  0.25
       6 13  75.5  43.3  61.6  61.9  45.8        14.3 100.8   4.2 569.9  0.21  0.18
       6 14  79.3  49.5  65.0  57.2  45.8        16.1 118.9   5.0 619.8  0.26  0.21
       6 15  78.3  49.9  65.0  67.9  49.9        27.3  95.5   4.0 398.9  0.19  0.15
       6 16  84.5  49.0  66.5  67.1  51.0  0.05  21.6 100.3   4.2 591.9  0.25  0.21
       6 17  96.9  55.0  79.9  36.1  40.1        40.1 178.0   7.4 694.9  0.44  0.32
       6 18 101.0  59.5  81.7  35.5  42.2        26.7 140.7   5.9 705.4  0.43  0.32
       6 19  90.3  60.2  74.2  58.1  49.9  0.09  22.4 137.8   5.7 542.4  0.32  0.25
       6 20  81.6  52.4  67.9  72.0  57.3        32.7  98.7   4.1 497.7  0.20  0.17
       6 21  90.5  65.6  76.7  48.8  52.1        31.4 184.1   7.7 451.3  0.35  0.25
       6 22  95.0  60.9  75.2  62.4  56.4        24.8 115.7   4.8 548.2  0.31  0.24
       6 23  95.3  59.7  78.9  49.7  47.5        25.2 143.8   6.0 709.4  0.39  0.30
       6 24  97.4  58.1  80.1  40.2  45.8        25.0 120.4   5.0 683.8  0.37  0.29
       6 25  90.5  53.8  75.7  53.4  49.5        31.9 121.0   5.0 590.2  0.30  0.24
       6 26  94.0  53.1  74.4  59.3  50.9        31.8 135.1   5.6 598.7  0.34  0.26
       6 27  96.8  56.8  77.5  55.3  50.4        29.4 111.4   4.6 550.0  0.32  0.25
       6 28  95.5  57.4  76.9  50.8  48.2        35.8 142.7   5.9 556.4  0.36  0.27
       6 29 102.6  60.5  80.6  54.0  51.6        16.1  80.0   3.3 657.3  0.33  0.27
       6 30  97.0  65.7  81.6  50.8  48.8        20.2  98.6   4.1 600.6  0.33  0.26
       7  1 103.0  67.3  86.2  41.4  49.2        21.4 122.8   5.1 629.2  0.39  0.30
       7  2  98.5  66.9  81.6  51.7  50.1        31.6  99.3   4.1 524.9  0.32  0.25
       7  3  90.7  63.9  77.5  60.6  54.4        32.0 116.2   4.8 463.8  0.28  0.21
       7  4  92.1  56.1  75.3  53.9  52.5        16.6  96.6   4.0 648.6  0.30  0.24
       7  5  91.1  55.3  74.4  64.7  56.5        16.4 107.5   4.5 623.3  0.29  0.24
       7  6  86.1  61.7  72.1  71.3  58.7        22.1 122.4   5.1 444.9  0.24  0.19
       7  7  96.1  60.2  77.9  56.0  55.7        15.8  82.0   3.4 632.9  0.29  0.24
       7  8  95.0  60.6  78.1  60.0  56.7        21.5  98.5   4.1 586.0  0.29  0.24
       7  9  93.8  56.7  79.4  60.1  56.3        25.8 122.1   5.1 660.3  0.32  0.26
       7 10  85.6  67.1  74.7  73.8  60.5  0.01  23.8 132.0   5.5 379.7  0.23  0.18
       7 11  87.6  55.5  72.0  64.3  55.6        19.9 115.3   4.8 707.4  0.30  0.25
       7 12  96.4  53.0  76.0  58.6  50.9        16.1  94.2   3.9 731.4  0.33  0.27
       7 13  96.8  55.3  78.1  52.3  48.9        35.5 149.8   6.2 646.6  0.38  0.29
       7 14  98.3  57.6  79.3  56.6  50.4        16.5  98.8   4.1 706.7  0.34  0.28
       7 15  99.0  57.8  78.6  46.9  48.3        17.1  76.0   3.2 717.8  0.32  0.27
       7 16  98.7  53.4  78.3  49.4  48.0        15.1  77.2   3.2 712.7  0.32  0.26
       7 17  99.3  57.5  79.5  52.2  48.7        18.4  87.4   3.6 684.7  0.33  0.27
       7 18  98.6  55.9  79.8  56.3  50.0        16.3 103.4   4.3 694.5  0.34  0.27
       7 19 100.0  62.2  80.5  50.4  50.9        14.8  83.4   3.5 691.2  0.33  0.27
       7 20  97.0  64.2  79.7  52.7  53.5        43.0 181.2   7.5 590.3  0.41  0.30
       7 21  91.2  64.0  74.7  69.5  57.8  0.02  27.6 103.2   4.3 572.9  0.28  0.23
       7 22  79.4  57.0  68.1  79.3  58.4        12.3  71.1   3.0 298.4  0.14  0.12
       7 23  90.8  56.6  73.0  70.5  56.4        31.9 129.7   5.4 478.9  0.27  0.21
       7 24 100.4  58.5  81.0  45.1  50.2        31.4 109.7   4.6 618.3  0.35  0.27
       7 25  87.4  61.9  77.8  59.7  53.1        30.1 174.2   7.3 323.5  0.27  0.20
       7 26  91.1  57.8  74.3  48.6  48.1        40.0 161.7   6.7 617.6  0.36  0.27
       7 27  91.4  63.1  78.4  50.1  48.1        37.6 153.4   6.4 500.5  0.34  0.25
       7 28  87.4  64.7  75.5  56.2  50.6        32.7 123.5   5.1 510.8  0.29  0.22
       7 29  99.2  56.9  79.9  47.9  44.4        16.7 120.3   5.0 680.4  0.37  0.29
       7 30 100.1  56.4  82.8  49.5  48.4        24.1 113.2   4.7 662.8  0.35  0.27
       7 31 101.6  64.8  84.9  51.3  50.4        18.9 106.5   4.4 580.3  0.34  0.26
       8  1  85.4  61.0  68.2  56.7  45.6        17.7 116.8   4.9 394.4  0.27  0.20
       8  2  86.9  52.5  70.0  49.7  47.7        18.9  97.8   4.1 439.9  0.24  0.19
       8  3  89.9  63.5  73.0  64.4  57.2  0.12  34.1 122.4   5.1 371.3  0.25  0.19
       8  4  83.7  59.1  71.4  75.4  58.9  0.03  27.1 116.6   4.9 424.1  0.21  0.17
       8  5  83.6  60.8  70.9  72.8  58.7  0.69  54.5 166.9   7.0 394.3  0.23  0.18
       8  6  86.3  56.0  71.2  64.0  54.9  0.01  28.4 156.1   6.5 464.1  0.26  0.20
       8  7  85.2  60.1  71.7  61.9  54.3  0.01  35.4 125.7   5.2 420.9  0.24  0.19
       8  8  91.3  56.5  72.9  64.3  52.8        17.1 100.9   4.2 548.2  0.27  0.22
       8  9  84.5  53.1  69.6  72.0  53.2        22.7  98.5   4.1 602.0  0.24  0.20
       8 10  93.8  53.3  73.4  51.1  47.6        15.3 111.5   4.6 648.8  0.32  0.25
       8 11  94.1  62.9  80.2  50.3  43.8        32.7 184.0   7.7 670.2  0.42  0.31
       8 12  82.2  54.0  62.6  66.8  48.6        28.6 132.3   5.5 247.2  0.22  0.15
       8 13  76.9  45.6  61.5  65.5  44.2        14.0  76.8   3.2 594.3  0.21  0.18
       8 14  94.4  51.9  74.2  50.6  41.0        32.3 141.9   5.9 655.6  0.37  0.28
       8 15  84.6  50.7  68.8  66.4  50.5        15.3  86.0   3.6 607.5  0.24  0.20
       8 16  98.7  54.7  77.7  52.8  44.7        31.5 124.6   5.2 600.9  0.36  0.27
       8 17  79.8  48.3  64.8  61.4  42.5        15.1  71.3   3.0 551.5  0.21  0.17
       8 18  97.0  54.7  72.3  61.3  45.9        34.3 113.1   4.7 443.8  0.32  0.23
       8 19  88.9  50.2  69.6  56.4  46.1        14.4  85.8   3.6 484.3  0.24  0.19
       8 20  88.3  54.6  72.5  68.4  53.6        21.6 103.8   4.3 396.3  0.22  0.17
       8 21  84.0  58.6  70.8  58.2  51.8        37.1 135.2   5.6 339.5  0.23  0.17
       8 22  79.6  49.1  65.9  62.1  49.7        29.6  91.5   3.8 401.4  0.18  0.15
       8 23  89.8  52.9  69.6  55.0  46.6  0.01  32.3  98.1   4.1 393.2  0.24  0.18
       8 24  80.0  55.4  67.3  69.2  53.9        22.1 109.6   4.6 539.9  0.22  0.18
       8 25  90.0  56.5  70.9  69.3  54.1        13.4  76.9   3.2 537.3  0.23  0.19
       8 26  93.6  55.9  74.8  49.7  46.5        25.7  96.2   4.0 521.1  0.28  0.21
       8 27  78.4  56.8  65.1  72.6  55.6  0.08  17.2 102.1   4.3 301.9  0.16  0.12
       8 28  77.9  56.9  65.2  75.4  55.6        18.6  76.3   3.2 288.1  0.14  0.11
       8 29  74.5  52.6  62.8  80.2  55.1  0.01  32.5  94.2   3.9 284.7  0.13  0.10
       8 30  91.6  51.9  70.5  57.2  46.3        16.4  94.1   3.9 518.1  0.26  0.20
       8 31  92.6  55.8  74.9  48.3  43.5        27.8 116.8   4.9 528.9  0.30  0.22
       9  1  90.4  65.3  79.2  28.8  36.3        27.8 193.8   8.1 370.0  0.38  0.25
       9  2  87.6  58.8  73.2  49.3  45.4        19.1 119.9   5.0 564.5  0.29  0.22
       9  3  84.5  49.3  69.4  54.9  47.1        22.4  81.8   3.4 370.7  0.19  0.15
       9  4  89.8  60.4  76.0  50.9  46.8        28.6 164.9   6.9 439.6  0.32  0.22
       9  5  93.1  53.7  76.4  43.7  44.3        19.3 102.1   4.3 431.2  0.26  0.19
       9  6  95.3  58.7  76.4  40.5  43.9        32.1 136.5   5.7 456.5  0.33  0.23
       9  7  87.5  58.5  74.6  53.7  51.1        18.8  94.1   3.9 400.8  0.21  0.16
       9  8  83.0  61.1  71.1  58.0  53.2  0.01  27.8 149.3   6.2 316.0  0.22  0.16
       9  9  71.9  56.8  63.2  78.6  55.9  0.13  14.5  66.1   2.8 215.9  0.10  0.08
       9 10  68.7  53.8  58.9  83.7  54.3  0.95  10.8  56.3   2.3 178.8  0.08  0.07
       9 11  69.5  51.0  59.1  83.2  54.0  0.09  22.4  58.5   2.4 310.6  0.10  0.09
       9 12  76.0  51.7  60.8  86.7  55.7  0.20  27.6  85.8   3.6 391.1  0.14  0.12
       9 13  72.5  52.6  59.8  82.8  52.0  0.30  22.1  87.5   3.6 255.4  0.12  0.10
       9 14  78.0  51.7  65.1  56.7  44.4        18.4 159.2   6.6 501.4  0.25  0.18
       9 15  86.3  46.4  65.2  57.5  41.9        14.9  59.8   2.5 520.5  0.20  0.16
       9 16  87.3  48.6  67.3  54.7  42.1        24.3  87.6   3.6 496.2  0.23  0.17
       9 17  79.7  51.1  66.7  42.8  39.3        42.5 185.5   7.7 431.9  0.28  0.19
       9 18  68.0  46.1  57.8  54.6  41.4  0.01  44.6 145.2   6.0 238.9  0.15  0.11
       9 19  72.0  38.9  54.4  65.5  39.1        19.4 102.2   4.3 481.3  0.18  0.14
       9 20  80.2  48.3  66.6  45.6  37.3        22.9 155.8   6.5 501.1  0.26  0.19
       9 21  61.3  42.8  52.0  65.5  39.6        26.1 117.4   4.9 458.0  0.14  0.11
       9 22  66.8  45.7  52.9  65.7  39.7        13.4  70.3   2.9 469.1  0.14  0.12
       9 23  68.1  42.3  54.2  66.2  38.2        15.1 118.0   4.9 476.6  0.17  0.13
       9 24  82.3  38.3  58.7  66.5  40.9        24.3  86.1   3.6 483.4  0.20  0.15
       9 25  63.3  41.1  50.9  70.6  40.1  0.10  15.2  84.7   3.5 333.4  0.11  0.09
       9 26  62.3  44.2  48.6  91.3  46.5  0.02  10.2  61.1   2.5 168.9  0.07  0.06
       9 27  71.2  38.8  55.2  76.3  43.3  0.01  33.9  84.7   3.5 277.7  0.12  0.09
       9 28  71.4  45.3  54.0  77.6  44.9        16.0  69.1   2.9 242.5  0.11  0.09
       9 29  78.7  39.8  57.9  59.8  39.5        38.3 140.1   5.8 441.2  0.22  0.16
       9 30  78.2  45.0  62.4  38.6  33.4        46.4 137.3   5.7 455.1  0.24  0.17
      10  1  64.0  41.1  50.6  86.3  43.2  0.52  18.5 114.8   4.8 259.5  0.11  0.08
      10  2  41.8  35.9  38.8  97.8  39.2  0.34  11.8  84.3   3.5  79.2  0.02  0.02
      10  3  56.3  37.3  42.2  90.1  39.9  0.03  22.3  71.2   3.0 165.2  0.06  0.05
      10  4  63.7  33.0  48.1  65.2  35.2        28.0 125.0   5.2 366.6  0.14  0.10
      10  5  68.7  42.6  54.0  61.4  36.9        34.3  94.6   3.9 318.3  0.14  0.10
      10  6  63.5  36.9  50.6  69.5  37.9        28.0  95.3   4.0 408.8  0.12  0.10
      10  7  71.9  35.6  52.6  72.9  39.2        14.7  79.2   3.3 411.1  0.14  0.11
      10  8  70.6  44.2  56.1  62.8  39.2        20.8 106.6   4.4 401.5  0.16  0.12
      10  9  72.7  39.3  52.6  74.7  43.7        13.1  68.7   2.9 383.6  0.12  0.10
      10 10  78.5  44.4  61.8  57.7  36.2        27.1 128.1   5.3 391.1  0.21  0.15
      10 11  79.7  41.3  62.9  39.3  31.4        29.4 147.4   6.1 375.5  0.23  0.16
      10 12  53.4  30.1  39.8  76.1  32.0        15.3  78.5   3.3 221.9  0.07  0.06
      10 13  67.7  29.9  46.4  65.8  29.8        13.0  71.1   3.0 396.4  0.13  0.09
      10 14  64.0  36.0  48.5  57.2  25.2        17.6  99.0   4.1 384.8  0.15  0.10
      10 15  62.7  28.5  43.6  63.6  25.9        14.0  93.5   3.9 382.3  0.13  0.09
      10 16  59.8  30.7  44.5  58.4  27.0        19.2  76.3   3.2 368.5  0.11  0.08
      10 17  64.7  28.0  45.4  62.6  27.6        12.3  93.7   3.9 372.0  0.13  0.09
      10 18  71.7  37.2  55.2  45.4  24.3        18.7 136.8   5.7 374.2  0.20  0.13
      10 19  66.6  29.9  45.6  58.3  26.7        12.4  61.0   2.5 367.5  0.11  0.08
      10 20  70.1  34.8  51.0  49.3  23.3        20.5  96.4   4.0 242.5  0.15  0.10
      10 21  61.2  31.1  44.7  62.5  28.6        13.3  96.6   4.0 348.5  0.12  0.08
      10 22  42.8  25.5  32.6  91.5  29.5        15.5  95.2   4.0  81.0  0.04  0.03
      10 23  29.3  25.0  27.1  97.5  27.4         7.7  67.1   2.8  71.3  0.02  0.02
      10 24  32.3  24.5  28.3  97.7  28.7  0.11   5.7  43.3   1.8  36.7  0.02  0.02
      10 25  52.8  27.9  39.5  86.1  33.2  0.05  14.1  97.9   4.1 294.4  0.07  0.05
      10 26  58.7  29.1  43.7  68.9  31.1        13.2  89.4   3.7 306.5  0.09  0.07
      10 27  47.9  33.2  41.0  89.9  38.3        12.3  82.0   3.4  90.2  0.03  0.03
      10 28  62.9  28.9  43.5  68.4  30.4  0.02  18.9  89.0   3.7 272.4  0.10  0.07
      10 29  32.9  18.0  26.4  98.6  27.3        15.7  54.0   2.3  28.4  0.01  0.01
      10 30  19.9  14.8  16.6  95.1  16.2         8.8  61.4   2.6  44.3  0.01  0.01
      10 31  20.9  14.5  17.2  95.5  17.0         9.6  67.1   2.8  32.0  0.01  0.01
      11  1  23.1  15.5  18.8  93.5  17.7         7.2  48.6   2.0  48.2            
      11  2  31.8  17.4  24.1  92.3  23.6  0.15  72.0  51.6   2.1 153.7            
      11  3  44.7  17.7  27.2  80.1  21.0  0.52  23.2  93.2   3.9 278.6            
      11  4  46.8  17.1  30.5  74.5  21.0  0.08  44.2 101.2   4.2 165.6            
      11  5  55.0  24.0  39.9  50.1  18.4        27.0 148.3   6.2 300.5            
      11  6  57.8  28.8  41.6  60.8  25.6        30.2  78.1   3.3 291.7            
      11  7  68.7  34.7  51.7  38.8  15.9        29.4 153.3   6.4 200.3            
      11  8  62.3  41.1  53.7  34.9  27.2        66.4 229.8   9.6 277.2            
      11  9  55.5  39.8  47.2  45.9  29.1        44.5 241.8  10.1 178.2            
      11 10  52.8  28.5  40.1  37.5  16.3        51.7 166.1   6.9 227.7            
      11 11  47.4  24.3  35.5  56.1  19.1        28.4 104.4   4.3 177.5            
      11 12  55.8  22.9  38.2  51.5  16.0        30.4 121.0   5.0 279.9            
      11 13  59.9  33.8  47.2  57.6  27.5        32.9 127.4   5.3 146.3            
      11 14  51.4  29.8  37.8  82.1  30.9        15.4  90.0   3.8 219.3            
      11 15  45.3  24.4  34.9  78.5  27.6        15.0  76.6   3.2 192.6            
      11 16  55.8  22.6  43.6  42.6  12.4  0.01  39.7 150.5   6.3 230.7            
      11 17  63.9  37.3  49.6  25.7  14.3        38.1 125.6   5.2 274.6            
      11 18  54.1  25.8  44.3  32.9  14.6        40.7 221.3   9.2 258.0            
      11 19  56.8  36.2  48.2  27.3  15.4        46.7 220.6   9.2 255.4            
      11 20  64.3  33.4  46.7  55.2  25.9        17.2  98.8   4.1 250.7            
      11 21  63.2  33.0  46.4  67.4  29.6        19.3  98.7   4.1 246.2            
      11 22  68.5  32.5  50.8  49.2  24.5        17.5  96.0   4.0 161.7            
      11 23  46.4  30.1  38.0  72.6  28.9        15.3 117.3   4.9 182.1            
      11 24  30.5  20.2  23.1  92.7  22.4  0.12  16.9  90.4   3.8 109.9            
      11 25  36.4  10.4  21.0  92.6  20.3  0.13  11.5  64.1   2.7 225.0            
      11 26  30.6   6.1  18.3  84.9  13.1        12.9  56.4   2.4 237.7            
      11 27  47.7  18.9  33.0  68.0  18.0        27.0 115.2   4.8 160.5            
      11 28  60.1  21.3  39.6  71.3  24.4        13.7  60.8   2.5 231.5            
      11 29  60.6  28.8  44.0  65.4  27.2        22.4  96.9   4.0 222.5            
      11 30  49.7  25.6  34.2  66.2  22.2        12.6  82.4   3.4 228.3            
      12  1  59.5  27.5  42.7  57.1  24.8        23.0  96.8   4.0 238.1            
      12  2  59.6  34.3  46.6  46.4  25.0        21.0 165.9   6.9 222.3            
      12  3  36.3  23.8  29.7  89.9  28.0        12.2  60.4   2.5  48.3            
      12  4  31.7  23.3  29.3  95.7  28.9        10.3  50.0   2.1  20.4            
      12  5  49.4  24.3  33.0  79.8  26.3        11.8  63.5   2.6 212.1            
      12  6  51.5  18.7  32.7  66.8  18.4        13.6  82.4   3.4 221.1            
      12  7  48.3  20.4  33.0  65.0  18.3        14.5  59.7   2.5 171.6            
      12  8  45.6  22.9  32.6  69.7  19.3        15.8  87.2   3.6 175.2            
      12  9  56.8  19.2  35.4  62.8  16.5        12.3  65.9   2.7 216.5            
      12 10  58.5  24.4  39.2  50.1  12.1        17.0  82.8   3.5 215.7            
      12 11  48.8  26.0  37.6  49.8  14.2        30.8 162.3   6.8 192.7            
      12 12  42.1  17.4  30.6  59.5  14.9        19.4  82.7   3.4 198.3            
      12 13  58.6  23.5  40.9  55.0  17.8        30.8 104.6   4.4 211.3            
      12 14  61.1  30.9  43.6  56.9  22.2        22.4 102.0   4.3 178.3            
      12 15  61.1  30.0  47.9  39.4  17.9        43.1 142.4   5.9 107.9            
      12 16  51.9  25.5  40.6  39.8  16.5        29.7 117.1   4.9 213.0            
      12 17  49.3  24.7  40.3  54.5  23.5        29.9 150.5   6.3 114.0            
      12 18  42.5  20.4  32.3  73.4  22.2        31.7 119.1   5.0 131.8            
      12 19  35.4  12.0  27.8  42.5   7.9        41.6 166.7   6.9 208.8            
      12 20  41.1  11.4  25.0  59.8  10.8        15.4 100.7   4.2 208.8            
      12 21  37.9  19.5  30.2  48.9  11.0        41.0 165.0   6.9 142.3            
      12 22  38.4  17.2  27.2  68.0  15.8        11.7  90.8   3.8 209.0            
      12 23  26.7   9.8  21.3  80.2  17.4         8.7  58.9   2.5  74.1            
      12 24  30.1   7.6  18.3  82.7  14.0        12.6  56.8   2.4 161.4            
      12 25  36.9  13.8  21.7  72.0  12.2        14.5  81.8   3.4 165.0            
      12 26  39.2   6.8  25.8  52.0   4.9        50.6 171.5   7.1 214.5            
      12 27  57.6  30.3  42.8  33.2  14.5        41.1 182.6   7.6 151.5            
      12 28  68.2  34.7  51.6  40.1  19.2        40.6 236.0   9.8 154.7            
      12 29  58.4  31.4  47.2  32.7  12.2        35.9 227.3   9.5 193.7            
      12 30  48.4  20.5  37.0  37.2   8.7        40.8 154.2   6.4 215.9            
      12 31  57.4  22.0  37.0  47.2  15.8        33.3 108.8   4.5 177.5            

      Total                                9.21                         45.96 35.49
        Max 103.0  67.3  86.2  98.6  60.5        72.0 265.3  11.1 731.4
        Min  19.9   6.1  16.6  24.5   4.9         5.7  43.3   1.8  20.4
        Ave  71.2  41.5  56.3  60.5  37.2        25.2 114.9   4.8 403.0
