      2002                                                                03-JAN-03
      Weather Station near BOULDER FLATIRONS, CO  turf grass site at Flatiron Golf 
      -----------------------------------------------------------------------------
               Temperature      Rel   Dew             Wind        Solar StandrdASCE
            ----------------- Humid Point  Prec -----------------   Rad   ETr   ETo
       Date   Max   Min   Ave   Ave   Ave Total   Max Total   Ave Total Alflf Grass
      MoDay     F     F     F     %     F  inch   mph miles   mph Langl  inch  inch
      ----- ----- ----- ----- ----- ----- ----- ----- ----- ----- ----- ----- -----
       3 20  64.3  24.0  49.3  33.4  16.4        16.6  42.5   1.8 185.1  0.10  0.08
       3 21  24.0  13.0  18.4  79.0  13.0        11.0  72.7   3.0 224.3  0.04  0.03
       3 22  61.1  15.0  37.5  58.2  21.3        11.6  45.2   1.9 521.5  0.13  0.10
       3 23  67.8  25.2  46.5  46.5  21.9        17.7  75.0   3.1 381.4  0.17  0.12
       3 24  33.9  23.0  27.7  84.6  23.7        12.7  65.2   2.7  99.1  0.03  0.03
       3 25  34.2  20.3  25.1  89.7  22.5  0.04   8.2  42.9   1.8 190.0  0.04  0.03
       3 26  59.7  19.2  40.8  49.5  17.8        17.7  65.8   2.7 536.6  0.15  0.12
       3 27  64.8  29.0  50.8  35.3  22.1        35.1 175.6   7.3 528.1  0.24  0.17
       3 28  67.5  48.1  58.8  17.4  14.1        34.5 143.0   6.0 547.3  0.28  0.20
       3 29  52.6  26.1  38.1  65.9  26.7        21.6  60.7   2.5 368.3  0.10  0.08
       3 30  55.1  24.6  40.8  58.1  26.0        12.7  49.2   2.0 425.6  0.11  0.09
       3 31  65.8  21.9  44.4  58.5  28.8        24.4  51.7   2.2 562.2  0.15  0.12
       4  1  75.7  35.0  61.6  21.2  16.5        27.2 149.7   6.2 501.5  0.30  0.21
       4  2  35.0  22.3  25.4  68.1  16.4        12.7  85.0   3.5 127.4  0.06  0.04
       4  3  47.2  22.8  32.5  56.5  18.2        12.7  63.2   2.6 539.8  0.12  0.10
       4  4  61.3  21.3  41.7  44.1  19.3        16.1  43.7   1.8 574.9  0.14  0.12
       4  5  64.3  25.6  46.7  44.7  23.5        11.6  57.2   2.4 532.2  0.16  0.13
       4  6  73.4  31.6  54.7  43.7  27.6        20.0  67.3   2.8 400.2  0.18  0.14
       4  7  65.6  33.7  50.7  50.9  32.4        20.0  67.4   2.8 429.8  0.15  0.12
       4  8  56.2  35.9  46.4  69.7  36.7        20.5  65.9   2.7 284.3  0.09  0.08
       4  9  72.1  30.1  51.1  62.1  32.4        25.6  59.2   2.5 487.2  0.17  0.14
       4 10  73.9  42.3  60.6  37.0  31.3        20.5  85.8   3.6 332.6  0.19  0.14
       4 11  66.2  37.1  53.6  55.1  34.9        33.4 109.6   4.6 572.5  0.20  0.16
       4 12  70.5  32.3  52.8  49.7  31.8        16.1  70.4   2.9 470.2  0.18  0.14
       4 13  75.4  40.7  61.0  30.2  27.2        22.2  88.2   3.7 599.8  0.25  0.19
       4 14  78.7  43.5  67.9  24.5  27.5        17.7  96.9   4.0 365.3  0.23  0.17
       4 15  80.8  48.1  64.2  28.2  27.4        28.4  71.5   3.0 320.4  0.22  0.16
       4 16  62.3  34.7  53.1  39.0  25.0        29.5 143.8   6.0 541.8  0.22  0.16
       4 17  75.9  27.4  52.7  46.0  26.3        32.8 126.5   5.3 630.7  0.29  0.21
       4 18  66.8  33.0  47.4  55.9  30.0        29.5 109.1   4.5 550.0  0.21  0.16
       4 19  39.2  25.5  32.2  81.9  27.1  0.01  11.0  50.4   2.1 206.1  0.05  0.05
       4 20  40.8  32.5  35.5  86.2  31.8  0.10  14.4  73.1   3.0  86.3  0.04  0.03
       4 21  56.2  28.3  44.5  45.3  21.1        32.8 126.0   5.3 663.5  0.20  0.15
       4 22  69.6  25.1  50.6  32.9  17.5        23.9  88.3   3.7 622.8  0.23  0.18
       4 23  76.7  34.3  60.8  32.1  23.3  0.01  42.3 109.5   4.6 667.4  0.29  0.22
       4 24  63.2  30.5  46.9  50.5  26.6        27.2 119.4   5.0 663.6  0.22  0.17
       4 25  54.8  29.7  42.6  45.8  22.2        32.3  59.1   2.5 425.2  0.13  0.11
       4 26  63.3  31.9  47.6  66.9  36.4  0.02  12.1  50.6   2.1 374.1  0.12  0.10
       4 27  66.2  41.1  50.9  63.5  36.5  0.01  27.8  80.1   3.3 444.3  0.17  0.14
       4 28  71.3  28.6  54.0  47.1  27.6        22.8 115.6   4.8 672.3  0.26  0.20
       4 29  74.7  31.3  56.7  48.8  33.4        14.4  72.2   3.0 621.9  0.22  0.18
       4 30  72.3  31.9  54.4  62.1  39.1        12.1  57.6   2.4 629.4  0.19  0.16
       5  1  50.9  32.6  42.8  87.8  40.1  0.03  13.8  86.1   3.6  83.0  0.04  0.03
       5  2  56.9  32.8  42.3  75.6  34.2  0.01  14.4  32.4   1.4 404.5  0.10  0.09
       5  3  71.4  31.2  54.1  40.8  26.0        22.2  81.9   3.4 695.0  0.24  0.19
       5  4  67.9  37.3  51.3  62.6  37.4        20.5  60.9   2.5 550.2  0.18  0.15
       5  5  77.1  33.0  57.4  51.3  32.3  0.02  28.9  64.8   2.7 546.7  0.22  0.17
       5  6  81.3  40.7  62.4  31.9  27.7        17.7  62.5   2.6 602.3  0.25  0.20
       5  7  64.9  39.9  51.7  75.0  43.1        28.9  44.3   1.8 512.4  0.14  0.13
       5  8  64.2  38.1  50.3  61.8  36.2        21.1 128.6   5.4 583.9  0.21  0.16
       5  9  59.5  22.9  41.9  62.9  27.0  0.02  16.6  47.6   2.0 691.4  0.16  0.14
       5 10  58.7  29.0  46.8  60.3  31.1        10.5  38.5   1.6 321.3  0.10  0.09
       5 11  53.8  40.0  47.3  82.5  42.1  0.35  17.2  48.6   2.0 118.7  0.05  0.05
       5 12  55.5  35.9  43.9  76.8  36.2  0.17  13.8  41.2   1.7 331.1  0.10  0.09
       5 13  69.5  31.3  53.0  51.8  32.7        12.1  52.6   2.2 702.5  0.20  0.18
       5 14  75.4  37.2  55.9  53.4  37.0        23.3  56.5   2.4 307.5  0.16  0.12
       5 15  72.8  41.4  59.2  48.1  38.2        20.5  58.4   2.4 409.9  0.17  0.14
       5 16  56.6  42.1  46.5  89.1  43.4  0.24  11.6  37.2   1.6  75.7  0.05  0.04
       5 17  58.3  44.3  50.9  78.3  44.0        10.5  19.8   0.8 257.2  0.08  0.08
       5 18  69.7  38.1  55.1  73.3  45.8        11.0  39.7   1.7 594.0  0.17  0.15
       5 19  68.3  45.0  56.4  69.0  45.8        12.7  50.6   2.1 622.8  0.18  0.16
       5 20  61.5  46.3  51.5  83.6  46.6  0.01   8.8  34.8   1.4 199.9  0.08  0.07
       5 21  84.4  41.0  59.2  57.3  39.3        32.8 111.7   4.7 507.2  0.30  0.22
       5 22  66.4  34.9  55.9  28.8  19.8        32.3 147.5   6.1 742.5  0.29  0.22
       5 23  60.5  35.0  48.1  63.9  34.7  1.12  20.0  93.2   3.9 475.9  0.16  0.13
       5 24  50.4  32.2  39.0  92.3  37.0  0.54  10.5  28.0   1.2 282.0  0.07  0.07
       5 25  71.2  38.1  53.7  65.5  40.3  0.01  11.0  32.0   1.3 514.7  0.16  0.14
       5 26  78.2  41.2  61.2  44.9  36.8        21.6  49.2   2.0 546.1  0.21  0.17
       5 27  79.4  43.1  61.8  47.2  39.5        26.7  64.0   2.7 550.0  0.23  0.18
       5 28  80.2  43.4  62.9  54.2  43.0        16.1  54.3   2.3 628.1  0.23  0.19
       5 29  82.6  47.0  65.8  52.7  44.0        16.6  47.3   2.0 513.4  0.21  0.17
       5 30  90.3  48.4  71.6  47.3  46.3        18.3  50.5   2.1 724.6  0.27  0.24
       5 31  88.3  51.6  71.7  51.8  50.2        22.8  45.0   1.9 603.8  0.23  0.20
       6  1  83.4  48.1  65.9  66.5  52.5        22.2  31.4   1.3 383.2  0.15  0.13
       6  2  88.0  46.6  70.8  45.4  43.0        14.4  52.0   2.2 678.7  0.26  0.22
       6  3  72.2  50.0  61.5  67.1  49.7  0.66  17.2  60.2   2.5 516.0  0.18  0.16
       6  4  63.4  46.9  54.4  81.6  48.4  0.19   9.9  16.1   0.7 265.8  0.09  0.08
       6  5  78.6  41.0  60.6  62.3  44.9        11.6  35.2   1.5 743.1  0.22  0.20
       6  6  87.7  47.6  67.6  48.3  43.5        16.6  49.7   2.1 709.8  0.27  0.23
       6  7  89.4  47.9  69.7  52.5  48.7  0.03  25.6  54.4   2.3 564.3  0.24  0.20
       6  8  83.3  47.1  64.3  70.4  53.8  0.04   9.3  27.9   1.2 622.9  0.20  0.19
       6  9  90.8  50.6  72.8  44.3  46.9        14.4  57.1   2.4 729.4  0.29  0.25
       6 10  82.1  49.7  64.9  42.6  39.7  0.01  17.2  89.4   3.7 576.2  0.28  0.22
       6 11  79.5  43.9  61.0  64.3  46.1  0.04  19.4  35.8   1.5 723.4  0.22  0.20
       6 12  80.3  44.3  62.7  57.1  44.1  0.03  15.5  42.5   1.8 742.6  0.24  0.21
       6 13  72.8  42.9  60.2  61.9  45.8  0.04  21.1  37.3   1.6 632.4  0.19  0.18
       6 14  77.4  44.4  62.8  57.2  45.8        12.1  27.0   1.1 648.5  0.20  0.18
       6 15  77.1  45.7  62.2  67.9  49.9  0.04  18.3  33.4   1.4 428.3  0.15  0.14
       6 16  80.6  46.4  63.9  67.1  51.0  0.06  19.4  26.8   1.1 624.4  0.20  0.18
       6 17  92.8  50.3  74.5  36.1  40.1        18.3  55.6   2.3 712.9  0.29  0.25
       6 18  92.5  48.4  75.0  35.5  42.2  0.01  21.6  42.5   1.8 642.2  0.25  0.22
       6 19  85.4  47.5  68.0  58.1  49.9  0.29  20.5  65.6   2.7 587.2  0.24  0.20
       6 20  81.1  54.5  67.6  72.0  57.3  0.02  29.5  29.2   1.2 512.9  0.18  0.16
       6 21  87.8  56.9  73.3  48.8  52.1        19.4  49.9   2.1 503.7  0.22  0.19
       6 22  88.4  57.9  70.8  62.4  56.4  0.02  19.4  24.8   1.0 466.8  0.18  0.16
       6 23  92.1  48.2  72.4  49.7  47.5  0.03  18.3  44.9   1.9 743.4  0.28  0.24
       6 24  93.4  53.7  75.0  40.2  45.8        20.0  38.3   1.6 708.4  0.27  0.23
       6 25  87.9  49.2  70.4  53.4  49.5  0.04  22.8  46.5   1.9 551.0  0.22  0.19
       6 26  89.3  48.4  68.7  59.3  50.9  0.04  19.4  26.2   1.1 634.4  0.22  0.20
       6 27  92.1  48.4  70.9  55.3  50.4  0.03  20.5  36.4   1.5 557.3  0.22  0.19
       6 28  91.5  48.0  71.9  50.8  48.2  0.06  25.0  54.3   2.3 614.6  0.26  0.22
       6 29  94.2  49.5  72.0  54.0  51.6  0.03   9.9  19.1   0.8 552.4  0.20  0.18
       6 30  91.6  47.7  71.2  50.8  48.8  0.02  11.0  32.2   1.3 615.4  0.23  0.20
       7  1  97.4  56.4  77.2  41.4  49.2        11.0  34.7   1.4 632.6  0.25  0.22
       7  2  93.1  51.7  73.2  51.7  50.1  0.04  13.3  34.3   1.4 534.0  0.22  0.19
       7  3  86.7  52.3  70.7  60.6  54.4  0.03  14.9  32.9   1.4 445.6  0.18  0.16
       7  4  87.9  54.3  72.2  53.9  52.5        16.1  43.4   1.8 637.0  0.24  0.21
       7  5  87.3  52.9  71.2  64.7  56.5  0.02  12.1  35.5   1.5 639.2  0.22  0.21
       7  6  80.9  59.0  69.4  71.3  58.7  0.12  14.4  37.3   1.6 455.9  0.17  0.15
       7  7  90.6  55.2  74.1  56.0  55.7  0.01  10.5  24.3   1.0 610.1  0.21  0.20
       7  8  90.9  56.2  73.6  60.0  56.7  0.02  12.1  32.8   1.4 631.6  0.23  0.21
       7  9  89.1  53.8  72.9  60.1  56.3  0.02  11.0  25.3   1.1 618.5  0.21  0.20
       7 10  81.7  56.9  69.8  73.8  60.5  0.19  23.9  33.6   1.4 354.6  0.14  0.13
       7 11  84.0  54.5  69.6  64.3  55.6  0.01  12.1  39.4   1.6 719.5  0.24  0.22
       7 12  90.5  49.7  70.3  58.6  50.9  0.03  10.5  20.2   0.8 744.2  0.24  0.22
       7 13  90.8  46.6  71.1  52.3  48.9  0.02  18.3  35.8   1.5 669.6  0.24  0.21
       7 14  91.9  48.6  71.6  56.6  50.4  0.05  13.8  34.3   1.4 723.1  0.25  0.23
       7 15  95.6  51.0  73.3  46.9  48.3        11.0  31.3   1.3 725.9  0.26  0.23
       7 16  94.4  48.4  72.9  49.4  48.0  0.03  12.1  35.5   1.5 719.6  0.26  0.23
       7 17  94.9  47.5  71.4  52.2  48.7  0.03  11.6  33.3   1.4 697.3  0.25  0.22
       7 18  93.7  48.2  70.7  56.3  50.0  0.02  14.9  33.3   1.4 700.5  0.25  0.22
       7 19  93.0  54.3  73.3  50.4  50.9  0.01  10.5  28.0   1.2 696.0  0.24  0.22
       7 20  92.8  54.2  74.7  52.7  53.5  0.03  18.9  47.2   2.0 645.9  0.26  0.22
       7 21  83.6  58.6  69.9  69.5  57.8  0.07  14.9  46.2   1.9 625.9  0.22  0.20
       7 22  77.6  55.3  65.6  79.3  58.4        11.0  23.2   1.0 331.4  0.12  0.11
       7 23  84.9  54.0  67.6  70.5  56.4  0.03  16.6  29.4   1.2 419.0  0.16  0.14
       7 24  93.7  53.5  76.3  45.1  50.2        25.6  34.6   1.4 632.7  0.24  0.21
       7 25  84.5  56.2  69.6  59.7  53.1  0.03  15.5  44.6   1.9 335.0  0.16  0.14
       7 26  90.0  53.2  72.8  48.6  48.1        17.7  69.0   2.9 613.6  0.27  0.22
       7 27  88.3  51.9  71.1  50.1  48.1  0.03  20.0  41.7   1.7 570.2  0.22  0.19
       7 28  83.5  54.8  68.4  56.2  50.6  0.05  16.6  38.2   1.6 515.2  0.19  0.17
       7 29  93.3  44.8  70.7  47.9  44.4  0.03  13.8  43.9   1.8 679.3  0.26  0.22
       7 30  94.9  52.0  73.4  49.5  48.4  0.03  17.7  51.4   2.1 667.3  0.28  0.23
       7 31  95.0  51.6  73.1  51.3  50.4  0.03  11.0  31.2   1.3 499.0  0.20  0.18
       8  1  71.6  52.6  62.2  56.7  45.6  0.04  18.3  56.6   2.4 407.9  0.16  0.14
       8  2  84.9  50.2  68.0  49.7  47.7         8.8  15.5   0.6 475.0  0.16  0.15
       8  3  83.6  59.7  70.9  64.4  57.2  0.03  13.8  29.0   1.2 356.9  0.14  0.13
       8  4  82.7  54.1  68.0  75.4  58.9  0.09  15.5  29.8   1.2 431.7  0.15  0.14
       8  5  84.1  57.5  68.9  72.8  58.7  0.27  17.7  41.5   1.7 509.7  0.19  0.17
       8  6  86.7  53.6  69.0  64.0  54.9  0.01  24.4  35.6   1.5 490.3  0.18  0.16
       8  7  85.1  54.5  69.4  61.9  54.3        16.1  42.6   1.8 479.5  0.19  0.16
       8  8  85.6  52.9  67.8  64.3  52.8  0.01  16.6  37.1   1.5 467.8  0.18  0.16
       8  9  79.1  51.0  63.3  72.0  53.2        15.5  40.7   1.7 603.4  0.19  0.17
       8 10  91.3  48.8  69.4  51.1  47.6        11.6  31.4   1.3 639.8  0.22  0.20
       8 11  92.7  45.2  69.0  50.3  43.8  0.03  20.5  57.6   2.4 669.4  0.28  0.23
       8 12  74.5  54.2  60.4  66.8  48.6  0.05  21.1  66.8   2.8 294.4  0.15  0.12
       8 13  72.0  41.6  57.9  65.5  44.2  0.04  12.1  29.8   1.2 585.1  0.16  0.15
       8 14  93.1  42.5  67.3  50.6  41.0        16.1  46.9   2.0 651.6  0.26  0.21
       8 15  80.1  46.3  63.0  66.4  50.5  0.05  20.0  48.4   2.0 603.3  0.20  0.18
       8 16  97.8  46.5  70.5  52.8  44.7        28.9  43.4   1.8 616.1  0.26  0.21
       8 17  75.6  42.8  58.8  61.4  42.5  0.09  12.7  40.1   1.7 554.8  0.18  0.15
       8 18  92.9  46.8  63.9  61.3  45.9        20.5  36.8   1.5 424.2  0.20  0.16
       8 19  86.9  44.2  63.7  56.4  46.1  0.03  13.3  31.5   1.3 467.5  0.17  0.15
       8 20  82.3  52.2  66.2  68.4  53.6  0.04  11.6  26.7   1.1 378.7  0.14  0.12
       8 21  84.5  57.5  68.1  58.2  51.8  0.04  17.2  46.0   1.9 363.7  0.17  0.14
       8 22  78.1  49.3  64.0  62.1  49.7  0.01  20.5  33.5   1.4 401.8  0.14  0.13
       8 23  86.4  47.1  66.2  55.0  46.6  0.03  29.5  46.6   1.9 429.1  0.19  0.15
       8 24  79.2  52.1  64.8  69.2  53.9  0.03  13.3  63.0   2.6 564.1  0.20  0.17
       8 25  85.2  55.0  66.6  69.3  54.1  0.03  12.7  33.1   1.4 548.1  0.19  0.17
       8 26  89.3  46.5  68.9  49.7  46.5        19.4  46.4   1.9 551.0  0.21  0.18
       8 27  75.6  56.9  65.2  72.6  55.6  0.01  18.3  51.0   2.1 326.6  0.13  0.11
       8 28  73.1  52.8  63.8  75.4  55.6  0.06  13.3  33.6   1.4 262.2  0.10  0.09
       8 29  73.2  51.4  62.0  80.2  55.1  0.04  20.5  31.3   1.3 283.7  0.10  0.09
       8 30  85.3  45.7  65.9  57.2  46.3  0.01  12.1  42.6   1.8 534.0  0.19  0.16
       8 31  89.9  50.3  69.5  48.3  43.5        22.8  35.8   1.5 554.7  0.20  0.17
       9  1  88.5  55.0  74.6  28.8  36.3        14.4  51.2   2.1 411.5  0.20  0.16
       9  2  82.3  49.0  67.1  49.3  45.4        19.4  48.6   2.0 558.6  0.20  0.17
       9  3  85.1  46.9  66.3  54.9  47.1        27.2  40.2   1.7 412.6  0.17  0.14
       9  4  88.1  51.5  68.6  50.9  46.8  0.01  14.4  42.7   1.8 437.3  0.18  0.15
       9  5  91.1  52.8  70.4  43.7  44.3  0.05  11.6  41.4   1.7 478.6  0.20  0.16
       9  6  93.1  49.7  72.2  40.5  43.9        14.4  39.3   1.6 459.6  0.19  0.16
       9  7  87.8  53.9  70.2  53.7  51.1  0.04  11.6  27.3   1.1 395.9  0.15  0.13
       9  8  82.7  53.9  69.4  58.0  53.2  0.04  12.1  43.5   1.8 362.6  0.15  0.12
       9  9  70.8  57.2  63.0  78.6  55.9  0.08  12.1  39.0   1.6 213.6  0.09  0.08
       9 10  67.9  54.9  59.6  83.7  54.3  0.92  12.7  35.4   1.5 215.0  0.08  0.07
       9 11  69.1  51.0  59.5  83.2  54.0  0.08  10.5  24.0   1.0 371.7  0.10  0.10
       9 12  72.7  51.6  60.2  86.7  55.7  0.18  16.6  32.3   1.3 345.0  0.11  0.10
       9 13  68.2  49.7  57.6  82.8  52.0  0.11  14.9  21.2   0.9 234.5  0.08  0.07
       9 14  74.2  47.2  61.5  56.7  44.4        13.3  37.5   1.6 520.0  0.15  0.13
       9 15  83.2  42.0  61.0  57.5  41.9        11.6  35.3   1.5 537.6  0.17  0.14
       9 16  83.7  42.6  61.9  54.7  42.1  0.02   9.9  31.1   1.3 516.8  0.16  0.14
       9 17  78.2  46.6  64.8  42.8  39.3  0.06  23.3  78.6   3.3 404.5  0.19  0.14
       9 18  69.2  45.1  58.5  54.6  41.4        21.1  52.1   2.2 270.2  0.12  0.09
       9 19  66.9  37.6  52.2  65.5  39.1        11.0  36.3   1.5 498.8  0.13  0.11
       9 20  79.6  42.6  62.2  45.6  37.3        14.9  46.5   1.9 513.7  0.17  0.14
       9 21  61.4  40.5  51.4  65.5  39.6        25.0  61.8   2.6 475.1  0.12  0.11
       9 22  67.2  43.5  51.5  65.7  39.7         8.2  35.5   1.5 479.9  0.13  0.11
       9 23  66.9  34.6  50.8  66.2  38.2  0.03  13.3  45.8   1.9 489.0  0.13  0.11
       9 24  80.2  35.0  54.4  66.5  40.9  0.01  11.6  32.6   1.4 444.3  0.14  0.11
       9 25  57.3  38.0  49.4  70.6  40.1  0.09  14.4  48.8   2.0 305.5  0.08  0.07
       9 26  61.3  41.9  49.0  91.3  46.5  0.03   8.2  18.2   0.8 195.5  0.06  0.05
       9 27  70.5  34.9  51.6  76.3  43.3  0.02  22.2  21.0   0.9 269.2  0.08  0.07
       9 28  68.0  42.7  52.1  77.6  44.9        16.6  31.0   1.3 232.4  0.08  0.07
       9 29  74.1  37.7  56.6  59.8  39.5  0.02  19.4  59.0   2.5 376.8  0.14  0.11
       9 30  74.9  43.6  61.1  38.6  33.4        19.4  75.2   3.1 449.6  0.18  0.13
      10  1  55.8  36.1  47.0  86.3  43.2  0.43  12.7  52.3   2.2 291.3  0.07  0.06
      10  2  43.9  37.7  39.8  97.8  39.2  0.27   8.8  49.1   2.0  82.4  0.03  0.03
      10  3  51.2  38.6  42.8  90.1  39.9  0.01  16.1  32.6   1.4 190.7  0.05  0.05
      10  4  62.8  32.1  48.4  65.2  35.2        20.5  42.4   1.8 420.0  0.10  0.09
      10  5  66.5  37.4  51.7  61.4  36.9        24.4  47.7   2.0 361.7  0.11  0.09
      10  6  60.9  36.5  48.3  69.5  37.9        11.6  38.3   1.6 382.8  0.09  0.08
      10  7  71.5  32.0  49.6  72.9  39.2  0.02   9.9  24.1   1.0 404.9  0.10  0.08
      10  8  70.4  37.9  53.7  62.8  39.2        18.3  53.4   2.2 412.8  0.12  0.10
      10  9  69.5  43.0  52.3  74.7  43.7         8.8  24.4   1.0 393.2  0.09  0.08
      10 10  75.2  37.8  55.0  57.7  36.2  0.02  10.5  39.6   1.6 416.8  0.13  0.10
      10 11  77.6  42.6  59.2  39.3  31.4        17.2  70.9   3.0 365.7  0.18  0.12
      10 12  51.0  28.9  39.5  76.1  32.0        12.1  44.2   1.8 220.3  0.06  0.05
      10 13  64.2  26.8  42.8  65.8  29.8         7.7  29.1   1.2 404.6  0.09  0.07
      10 14  60.5  28.8  42.6  57.2  25.2        13.3  44.6   1.9 393.7  0.10  0.08
      10 15  59.5  23.8  39.8  63.6  25.9  0.03   9.3  30.9   1.3 390.1  0.08  0.07
      10 16  56.6  29.6  42.4  58.4  27.0  0.01  15.5  43.8   1.8 372.9  0.09  0.07
      10 17  64.3  24.0  41.9  62.6  27.6         8.8  30.6   1.3 375.5  0.09  0.07
      10 18  68.9  31.1  48.8  45.4  24.3        12.7  50.2   2.1 378.8  0.12  0.09
      10 19  62.7  26.1  42.3  58.3  26.7         7.1  32.9   1.4 370.5  0.09  0.07
      10 20  68.6  26.0  46.0  49.3  23.3        13.8  37.7   1.6 273.7  0.10  0.07
      10 21  57.9  27.0  41.4  62.5  28.6         8.8  35.4   1.5 352.2  0.07  0.06
      10 22  42.4  25.7  31.7  91.5  29.5  0.03  13.3  48.3   2.0  72.4  0.03  0.03
      10 23  29.7  26.3  28.0  97.5  27.4         6.5  32.7   1.4  50.5  0.02  0.02
      10 24  33.1  25.0  29.2  97.7  28.7         4.3   7.8   0.3  44.7  0.02  0.02
      10 25  53.3  28.5  37.6  86.1  33.2  0.17   9.9  24.3   1.0 239.0  0.05  0.04
      10 26  56.7  26.5  41.8  68.9  31.1         8.8  27.3   1.1 330.6  0.06  0.05
      10 27  48.1  29.6  41.0  89.9  38.3         9.3  23.7   1.0  93.1  0.03  0.03
      10 28  59.0  24.8  42.0  68.4  30.4        16.6  39.6   1.6 287.8  0.07  0.05
      10 29  35.2  18.8  27.3  98.6  27.3        12.1  13.1   0.5  90.0  0.02  0.02
      10 30  19.3  15.1  17.4  95.1  16.2       -99.9 -99.9  -4.2  64.8            
      10 31  20.2  15.8  18.0  95.5  17.0       -99.9 -99.9  -4.2  31.2            
      11  1  23.6  16.4  19.3  93.5  17.7         1.5 -99.9  -4.2  41.7            
      11  2  32.7  20.1  25.5  92.3  23.6        12.1  23.6   1.0 168.0            
      11  3  39.7  16.7  27.1  80.1  21.0  0.20  10.5  30.4   1.3 299.9            
      11  4  41.8  16.0  28.8  74.5  21.0  0.10  22.2  38.7   1.6 183.9            
      11  5  57.0  20.6  38.2  50.1  18.4  0.12  15.5  57.9   2.4 306.3            
      11  6  55.3  26.1  39.5  60.8  25.6         9.3  42.3   1.8 297.4            
      11  7  70.0  23.9  48.1  38.8  15.9        23.9  82.6   3.4 216.9            
      11  8  62.9  42.8  54.7  34.9  27.2        27.2 127.5   5.3 286.0            
      11  9  58.4  40.3  49.0  45.9  29.1        23.9 136.4   5.7 241.1            
      11 10  52.0  28.9  41.2  37.5  16.3        23.3  89.9   3.7 251.1            
      11 11  45.9  19.1  34.0  56.1  19.1        13.3  52.3   2.2 181.3            
      11 12  55.0  17.2  34.7  51.5  16.0        10.5  44.5   1.9 287.5            
      11 13  58.3  29.1  43.0  57.6  27.5  0.01  16.6  52.8   2.2 179.1            
      11 14  47.7  27.6  36.3  82.1  30.9        12.1  45.0   1.9 230.4            
      11 15  44.1  22.0  33.7  78.5  27.6        11.0  33.6   1.4 177.8            
      11 16  57.0  19.2  40.9  42.6  12.4        21.1  95.7   4.0 247.8            
      11 17  61.4  34.2  49.0  25.7  14.3        17.2  70.0   2.9 282.5            
      11 18  55.2  26.6  44.3  32.9  14.6        23.3  80.1   3.3 264.9            
      11 19  57.6  35.8  48.1  27.3  15.4        18.3  88.1   3.7 261.5            
      11 20  61.7  27.6  42.7  55.2  25.9        11.0  46.6   1.9 260.4            
      11 21  60.3  26.0  40.9  67.4  29.6        11.6  55.0   2.3 255.4            
      11 22  67.6  24.4  47.3  49.2  24.5        12.7  50.2   2.1 169.3            
      11 23  46.3  27.8  36.9  72.6  28.9        21.6  71.6   3.0 187.4            
      11 24  31.6  21.8  24.4  92.7  22.4        16.6  58.0   2.4  49.8            
      11 25  32.8  13.3  22.0  92.6  20.3  0.06   8.8  42.8   1.8 184.6            
      11 26  28.1   6.3  16.8  84.9  13.1  0.03   8.2  32.6   1.4 247.9            
      11 27  46.3  12.1  28.2  68.0  18.0  0.07  10.5  43.5   1.8 251.9            
      11 28  56.3  17.3  33.7  71.3  24.4         6.0  34.1   1.4 245.7            
      11 29  59.4  27.1  39.3  65.4  27.2        11.0  51.7   2.2 238.0            
      11 30  47.8  23.7  33.7  66.2  22.2        12.1  47.6   2.0 236.9            
      12  1  59.1  22.0  41.0  57.1  24.8        11.6  56.5   2.4 247.0            
      12  2  59.0  29.6  45.9  46.4  25.0        14.9  53.8   2.2 237.3            
      12  3  35.8  25.3  30.6  89.9  28.0         8.8  27.6   1.1  57.4            
      12  4  32.6  23.3  29.9  95.7  28.9         7.7  26.0   1.1  19.8            
      12  5  47.2  21.3  32.5  79.8  26.3        11.0  44.5   1.9 222.1            
      12  6  48.6  15.7  29.6  66.8  18.4         7.1  34.2   1.4 233.1            
      12  7  45.5  16.8  30.0  65.0  18.3         7.1  34.9   1.5 177.9            
      12  8  43.5  18.1  28.6  69.7  19.3         7.7  40.5   1.7 162.3            
      12  9  53.9  14.7  30.1  62.8  16.5         7.7  33.6   1.4 227.8            
      12 10  57.4  16.1  32.2  50.1  12.1         9.3  44.4   1.9 229.3            
      12 11  49.1  20.9  33.3  49.8  14.2        14.4  58.0   2.4 195.1            
      12 12  40.0  15.0  28.4  59.5  14.9        12.1  48.6   2.0 203.8            
      12 13  57.8  18.8  35.3  55.0  17.8        13.8  47.8   2.0 222.1            
      12 14  54.4  24.4  36.8  56.9  22.2         8.2  38.9   1.6 169.8            
      12 15  62.2  24.6  45.0  39.4  17.9        21.6  88.2   3.7 103.6            
      12 16  51.1  24.7  40.0  39.8  16.5        15.5  62.2   2.6 223.0            
      12 17  50.4  25.2  39.7  54.5  23.5        16.6  56.4   2.4 107.8            
      12 18  43.7  19.5  30.3  73.4  22.2        16.6  62.8   2.6 144.9            
      12 19  35.9  14.9  29.0  42.5   7.9        22.8  93.6   3.9 219.4            
      12 20  38.7  11.0  23.6  59.8  10.8        11.6  50.6   2.1 219.6            
      12 21  40.6  15.9  29.3  48.9  11.0        21.6  80.7   3.4 189.8            
      12 22  39.1  13.7  25.5  68.0  15.8        12.7  47.1   2.0 204.1            
      12 23  28.3  10.3  22.4  80.2  17.4         9.3  27.5   1.1  85.0            
      12 24  29.9   9.0  18.4  82.7  14.0         7.7  36.2   1.5 173.5            
      12 25  35.2   9.6  20.4  72.0  12.2        10.5  45.1   1.9 175.6            
      12 26  40.7   3.7  23.2  52.0   4.9        22.8  69.5   2.9 223.9            
      12 27  54.1  27.4  42.1  33.2  14.5        24.4  87.3   3.6 136.4            
      12 28  66.2  27.1  44.4  40.1  19.2        17.2  73.9   3.1 153.6            
      12 29  58.9  24.4  43.8  32.7  12.2        26.1 135.2   5.6 203.8            
      12 30  48.2  19.3  34.6  37.2   8.7        14.9  59.9   2.5 227.0            
      12 31  57.8  20.8  34.9  47.2  15.8        20.5  68.7   2.9 188.8            

      Total                                9.83                         37.75 31.80
        Max  97.8  59.7  77.2  98.6  60.5        42.3 175.6   7.3 744.2
        Min  19.3   3.7  16.8  17.4   4.9       -99.9 -99.9  -4.2  19.8
        Ave  68.3  37.2  52.8  60.0  36.1        15.6  50.0   2.1 410.3
