      2002                                                                03-JAN-03
      Weather Station near BOULDER EAST, CO  turf grass site at city maintenance fa
      -----------------------------------------------------------------------------
               Temperature      Rel   Dew             Wind        Solar StandrdASCE
            ----------------- Humid Point  Prec -----------------   Rad   ETr   ETo
       Date   Max   Min   Ave   Ave   Ave Total   Max Total   Ave Total Alflf Grass
      MoDay     F     F     F     %     F  inch   mph miles   mph Langl  inch  inch
      ----- ----- ----- ----- ----- ----- ----- ----- ----- ----- ----- ----- -----
       1  1  25.9  12.4  21.3  84.9  17.5  0.04  13.3  56.6   2.4  93.6            
       1  2  38.1   2.1  18.1  66.3   8.0         8.2  19.0   0.8 246.9            
       1  3  53.0  12.1  30.8  58.1  16.1         9.3  24.6   1.0 233.2            
       1  4  43.5  16.3  32.9  66.8  22.2        16.1  51.6   2.1  97.8            
       1  5  46.5  10.7  28.4  61.2  14.4  0.06  23.3  69.5   2.9 251.3            
       1  6  47.1  20.4  32.8  53.4  16.8         9.3  37.5   1.6 220.9            
       1  7  62.2  25.4  46.3  42.2  21.7        29.5 137.7   5.7 230.0            
       1  8  70.4  47.2  59.0  18.9  15.8        25.0 139.5   5.8  96.3            
       1  9  59.9  32.4  45.7  49.9  26.8        21.1  92.0   3.8 214.7            
       1 10  46.4  22.3  32.1  84.8  28.1  0.35   8.8  27.7   1.2 251.2            
       1 11  53.8  24.8  41.1  37.6  15.7        17.7  86.2   3.6 193.1            
       1 12  55.6  21.4  36.0  54.3  19.5        41.2 102.2   4.3 210.4            
       1 13  50.9  31.4  38.7  26.5   7.2        41.2 217.3   9.1 261.0            
       1 14  38.7  18.8  28.7  44.2   8.8        13.8  71.9   3.0 260.8            
       1 15  25.6  17.6  21.9  72.6  14.4        10.5  48.6   2.0 185.9            
       1 16  28.7  17.6  22.1  71.4  14.2        12.7  64.0   2.7 105.6            
       1 17  32.6  12.9  22.6  59.2   9.8        13.3  47.0   2.0 247.6            
       1 18  32.3  13.9  22.8  44.6   3.1        20.0  59.6   2.5 253.2            
       1 19  34.8  12.6  24.0  36.2   0.5        20.0  56.1   2.3 283.0            
       1 20  40.5  17.5  33.3  21.4  -2.8        28.4 143.4   6.0 270.3            
       1 21  53.4  32.6  44.8  21.6   7.4        29.5 185.2   7.7 282.4            
       1 22  56.1  23.3  42.0  34.0  12.7        27.8 150.8   6.3 249.1            
       1 23  29.5  10.5  22.1  72.0  14.4  0.03  11.0  61.0   2.5 219.2            
       1 24  47.5   8.7  26.0  43.0   5.9  0.04  23.3  72.1   3.0 293.9            
       1 25  60.2  29.5  46.4  25.2  10.7        32.8 112.8   4.7 176.9            
       1 26  65.8  34.5  53.3  11.6  -0.7        33.9 172.9   7.2 297.9            
       1 27  63.4  28.0  51.5  14.7   0.5        20.0 105.7   4.4 267.0            
       1 28  42.2  15.1  26.4  71.0  17.7        14.4  75.9   3.2 261.4            
       1 29  33.4  14.0  22.9  73.4  15.3        13.8  81.6   3.4 195.1            
       1 30  26.2  14.5  19.7  81.3  14.8  0.06  12.7  57.3   2.4 248.6            
       1 31  29.9   5.1  20.2  49.1   2.7  0.05  11.6  72.7   3.0 330.0            
       2  1  36.1   9.9  23.7  53.7   8.8        10.5  35.7   1.5 320.8            
       2  2  45.0  16.3  29.7  49.1  10.5        16.1  48.3   2.0 262.0            
       2  3  45.2  16.0  31.6  46.1  12.2        13.3  64.1   2.7 327.2            
       2  4  48.7  17.1  31.5  41.9   8.1        18.9  77.0   3.2 321.3            
       2  5  40.9  20.6  29.1  34.4   3.6        16.1  57.6   2.4 339.9            
       2  6  53.1  16.4  34.1  37.2   6.9        17.2  52.0   2.2 337.8            
       2  7  62.1  22.4  42.6  19.8  -2.4        26.7 103.0   4.3 283.1            
       2  8  54.4  29.1  39.9  21.9   3.2        42.3 233.1   9.7 287.6            
       2  9  37.0  22.8  32.5  24.9   0.2        35.6 236.6   9.9  66.6            
       2 10  49.8  16.4  32.6  22.9  -4.0        14.4  72.9   3.0 366.3            
       2 11  62.1  23.9  45.5  20.6   1.3        25.6 116.8   4.9 241.7            
       2 12  33.6  21.9  26.9  51.7  11.3        13.8  58.2   2.4 251.1            
       2 13  56.5  13.7  34.5  35.0   1.7        22.8  45.6   1.9 357.6            
       2 14  47.8  20.5  35.6  49.5  14.6        26.7 111.7   4.7 126.9            
       2 15  52.9  11.4  32.5  53.5  16.0  0.11  11.0  48.7   2.0 371.7            
       2 16  54.4  18.6  36.1  36.4   8.9         7.7  35.8   1.5 376.2            
       2 17  63.9  29.2  46.7  26.9  10.8        21.1  87.8   3.7 333.3            
       2 18  54.5  31.8  43.5  40.0  19.9        17.7  59.4   2.5 283.7            
       2 19  51.0  26.3  40.6  39.9  16.0        27.8 146.9   6.1 381.1            
       2 20  51.3  31.5  42.1  32.7  14.1        25.6 134.0   5.6 344.5            
       2 21  48.2  28.2  37.3  29.6   6.3        14.4  74.3   3.1 406.9            
       2 22  64.3  26.9  52.8  15.9   4.2        32.3 196.2   8.2 299.5            
       2 23  73.1  42.2  60.7  11.7   6.4        36.7 188.4   7.8 360.0            
       2 24  55.2  24.3  36.7  58.6  22.2        20.5 107.9   4.5 251.7            
       2 25  24.3   5.4  10.9  80.2   6.6  0.05  16.6 125.8   5.2 413.7            
       2 26  22.8  -1.7  12.6  63.1   1.9  0.02   9.9  52.1   2.2 459.4            
       2 27  36.0  12.3  25.2  46.1   5.8        26.1 114.9   4.8 441.7            
       2 28  48.0  13.5  29.3  58.2  13.6        31.1 160.3   6.7 444.0            
       3  1  20.5   5.7  11.6  88.2   9.4  0.03  17.2 113.9   4.7 280.5  0.03  0.02
       3  2  17.3  -2.0   8.9  72.7   1.9        14.9  76.2   3.2 436.1  0.04  0.03
       3  3  36.0   5.9  21.4  33.6  -3.8  0.07  41.2 119.7   5.0 492.7  0.11  0.08
       3  4  50.9  25.1  41.5  21.7   5.0        25.0 126.4   5.3 459.6  0.16  0.11
       3  5  55.8  32.9  45.2  22.3   7.1        29.5 153.4   6.4 437.9  0.21  0.14
       3  6  55.8  28.9  42.3  46.1  21.3        17.7  82.1   3.4 419.7  0.13  0.10
       3  7  58.0  25.2  43.2  49.4  20.9        46.8 243.1  10.1 458.6  0.21  0.14
       3  8  37.8   7.7  22.4  89.3  20.8        23.3 103.2   4.3  96.8  0.04  0.03
       3  9  43.4   8.3  26.0  54.9  11.7  0.04  14.4  66.5   2.8 502.3  0.09  0.07
       3 10  60.1  21.6  38.7  53.8  22.2        21.1  77.2   3.2 430.2  0.14  0.10
       3 11  56.0  35.5  46.5  31.7  16.0        25.0 129.1   5.4 492.7  0.19  0.13
       3 12  67.5  35.1  53.7  23.8  15.3        31.1 144.5   6.0 343.8  0.24  0.16
       3 13  54.3  35.1  45.6  47.2  26.2        16.1 122.1   5.1 374.8  0.14  0.10
       3 14  35.8  19.4  25.2  94.0  23.9        23.9 112.4   4.7 173.3  0.04  0.03
       3 15  31.9  14.8  24.7  75.8  17.9  0.20  11.6  60.0   2.5 428.2  0.06  0.05
       3 16  37.2  25.1  30.6  64.3  19.9        12.1  64.7   2.7 334.1  0.07  0.06
       3 17  44.2  21.4  32.3  48.6  14.1        13.3  53.7   2.2 328.7  0.08  0.07
       3 18  39.3  24.0  31.0  66.6  20.8        16.1  70.0   2.9 362.3  0.07  0.06
       3 19  51.5  25.0  35.9  65.8  23.0  0.11  21.1  71.0   3.0 515.5  0.12  0.09
       3 20  63.5  24.2  49.3  26.4  12.4        30.6 147.1   6.1 498.6  0.22  0.16
       3 21  24.8  13.1  19.2  74.1  12.2        11.6  92.5   3.9 251.1  0.04  0.04
       3 22  62.0  18.0  41.3  46.5  18.4        15.5  55.9   2.3 526.7  0.14  0.11
       3 23  67.7  29.9  48.6  38.5  19.5        24.4  95.2   4.0 375.5  0.19  0.14
       3 24  39.0  23.1  29.6  79.4  23.8        14.4  82.8   3.5 101.9  0.05  0.04
       3 25  33.1  20.3  25.5  89.1  22.9  0.07   9.9  60.7   2.5 221.0  0.04  0.04
       3 26  59.9  22.4  42.5  45.4  16.7        21.1  91.8   3.8 527.5  0.17  0.13
       3 27  65.1  32.9  51.9  30.2  19.7        50.7 256.2  10.7 518.6  0.30  0.20
       3 28  67.9  47.9  59.4  14.6  10.4        32.3 187.9   7.8 521.1  0.33  0.22
       3 29  53.5  28.7  40.5  57.1  25.2        19.4  70.2   2.9 359.7  0.11  0.09
       3 30  56.3  29.7  43.2  48.6  24.0        12.1  61.3   2.6 430.3  0.13  0.10
       3 31  65.8  26.0  47.6  45.3  24.6        14.4  53.1   2.2 567.6  0.16  0.13
       4  1  76.3  35.0  62.7  17.2  11.3        32.3 203.1   8.5 513.5  0.36  0.24
       4  2  35.3  22.4  25.7  63.8  15.1        13.3 113.5   4.7 132.4  0.07  0.05
       4  3  47.7  22.7  34.4  42.1  13.3        17.7  84.4   3.5 553.7  0.14  0.11
       4  4  61.6  25.9  44.0  31.6  14.1        16.6  86.5   3.6 587.8  0.19  0.15
       4  5  64.9  31.2  50.8  33.0  20.2        13.3  64.0   2.7 516.6  0.17  0.14
       4  6  74.8  38.7  58.8  28.8  21.3        18.3  74.9   3.1 410.4  0.21  0.15
       4  7  66.9  43.9  56.0  34.1  28.1        20.5  81.7   3.4 443.1  0.19  0.14
       4  8  56.4  40.6  47.9  61.9  35.1        25.6  87.7   3.7 294.2  0.12  0.09
       4  9  73.9  33.9  56.0  43.6  26.4        21.1  71.7   3.0 486.0  0.20  0.15
       4 10  74.7  51.9  63.1  26.5  26.0        23.9 119.6   5.0 348.0  0.27  0.18
       4 11  67.1  42.9  55.3  45.9  32.0        27.2 154.0   6.4 578.3  0.25  0.19
       4 12  71.4  37.8  55.2  40.0  28.9        30.0 106.3   4.4 455.8  0.22  0.16
       4 13  76.0  52.5  64.0  21.3  21.8        22.8 135.4   5.6 595.4  0.33  0.23
       4 14  79.8  59.8  70.8  13.6  18.2        23.9 142.1   5.9 350.9  0.34  0.23
       4 15  82.8  55.4  69.4  14.0  16.4        20.5  98.3   4.1 325.8  0.28  0.19
       4 16  63.2  46.3  57.8  18.2  14.3        36.7 234.0   9.8 574.4  0.33  0.23
       4 17  77.5  35.2  56.9  26.5  18.2        31.1 139.6   5.8 635.5  0.34  0.24
       4 18  67.4  33.9  49.7  43.2  25.3        32.8 138.2   5.8 538.6  0.25  0.18
       4 19  39.0  27.6  34.0  62.8  22.5        11.6  97.8   4.1 194.7  0.07  0.06
       4 20  41.1  32.6  35.7  81.7  30.6  0.14  18.9 104.0   4.3  89.6  0.05  0.04
       4 21  56.5  31.1  45.8  38.3  18.3        40.1 172.9   7.2 685.5  0.23  0.18
       4 22  69.7  30.2  53.4  24.0  12.2        32.8 125.0   5.2 629.8  0.28  0.20
       4 23  77.3  43.2  64.5  13.9  10.8        30.6 172.9   7.2 672.7  0.38  0.27
       4 24  65.6  34.7  48.9  35.7  20.4        31.7 145.4   6.1 683.9  0.28  0.20
       4 25  55.6  32.2  44.7  31.6  16.0        13.8  72.3   3.0 435.0  0.16  0.12
       4 26  64.5  37.9  50.0  51.8  32.8  0.01  15.5  77.7   3.2 380.4  0.16  0.12
       4 27  65.9  42.5  51.7  59.0  35.1  0.01  26.7 110.0   4.6 447.9  0.20  0.15
       4 28  72.4  33.1  56.0  41.2  25.4        33.9 179.5   7.5 679.4  0.32  0.23
       4 29  75.8  38.1  60.6  30.1  26.2        17.7  89.5   3.7 619.0  0.26  0.20
       4 30  73.6  41.4  59.2  39.0  33.2        18.3  84.4   3.5 647.3  0.24  0.19
       5  1  54.2  32.7  43.4  80.2  38.2  0.08  18.3 134.9   5.6  90.6  0.07  0.05
       5  2  56.6  33.4  43.1  70.9  33.0  0.02  18.3  63.7   2.7 400.1  0.12  0.10
       5  3  72.4  39.8  58.1  27.3  21.2        32.3 126.0   5.3 687.5  0.30  0.23
       5  4  68.2  40.3  54.6  46.1  33.0        18.3  82.0   3.4 552.5  0.21  0.16
       5  5  79.5  41.6  62.7  27.5  23.1        22.2  92.3   3.8 549.8  0.28  0.21
       5  6  83.1  44.0  66.5  18.5  18.4        22.8  93.9   3.9 613.9  0.31  0.23
       5  7  66.9  41.7  54.7  57.8  39.5        17.2  66.0   2.8 512.0  0.17  0.14
       5  8  64.5  38.1  52.2  52.4  34.1  0.58  25.0 139.1   5.8 592.8  0.22  0.17
       5  9  60.0  29.8  45.6  35.0  18.0        13.8  66.4   2.8 696.7  0.20  0.16
       5 10  59.0  37.2  51.2  37.6  25.5        12.1  55.0   2.3 329.8  0.13  0.11
       5 11  54.5  40.8  48.0  76.9  40.9  0.38  18.9  86.1   3.6 123.3  0.07  0.06
       5 12  56.1  38.7  45.9  67.3  34.7  0.16  15.5  95.4   4.0 352.7  0.13  0.10
       5 13  70.3  41.0  56.5  38.9  29.9        16.1  88.1   3.7 703.9  0.25  0.20
       5 14  75.2  44.5  59.5  39.1  32.7        34.5  79.7   3.3 314.4  0.20  0.15
       5 15  73.8  49.6  62.0  37.6  35.1        23.9  95.1   4.0 426.5  0.23  0.17
       5 16  56.8  45.0  47.3  83.6  42.5  0.22  13.8  62.0   2.6  81.9  0.07  0.05
       5 17  58.7  43.9  51.4  73.6  42.9  0.01  10.5  39.8   1.7 278.1  0.09  0.08
       5 18  69.7  43.2  57.9  63.6  44.8        16.1  61.9   2.6 590.1  0.18  0.16
       5 19  68.0  46.9  57.5  62.9  44.5        14.4  80.8   3.4 602.0  0.20  0.17
       5 20  62.5  46.6  52.3  79.0  45.9  0.01  11.6  64.7   2.7 216.1  0.10  0.08
       5 21  86.8  45.7  61.2  52.7  38.5        41.8 170.3   7.1 512.9  0.40  0.28
       5 22  67.2  48.5  58.6  13.1   7.5        37.3 276.4  11.5 738.6  0.44  0.30
       5 23  62.0  36.4  50.5  48.0  29.8  1.18  28.9 128.3   5.3 482.7  0.20  0.15
       5 24  52.4  32.4  40.4  85.7  36.4  0.54  10.5  46.2   1.9 289.8  0.08  0.07
       5 25  71.7  41.7  56.6  52.5  37.7        13.3  68.9   2.9 498.6  0.19  0.16
       5 26  78.9  52.2  65.9  27.9  30.6        22.8 104.3   4.3 549.7  0.30  0.22
       5 27  79.7  52.6  65.3  35.0  35.8        22.2  94.0   3.9 550.5  0.28  0.22
       5 28  81.4  52.9  69.6  30.5  36.2        20.5  94.6   3.9 618.8  0.29  0.23
       5 29  84.8  54.0  72.3  29.0  36.5        19.4  88.3   3.7 523.4  0.28  0.22
       5 30  91.3  53.5  75.9  31.0  40.1        23.3  77.0   3.2 696.6  0.32  0.26
       5 31  89.1  59.7  78.6  27.6  41.4        23.9  98.3   4.1 598.6  0.32  0.25
       6  1  87.4  57.8  72.3  41.0  46.5        25.6  64.1   2.7 391.9  0.22  0.18
       6  2  89.0  56.5  75.2  26.3  35.2        16.6  90.3   3.8 668.8  0.33  0.26
       6  3  73.0  50.3  62.8  59.7  47.6  0.70  18.3 110.3   4.6 499.8  0.21  0.17
       6  4  64.7  49.4  55.1  75.5  47.1  0.16  10.5  49.3   2.1 282.4  0.11  0.10
       6  5  76.5  47.8  63.2  51.5  42.8        14.4  78.2   3.3 732.9  0.26  0.22
       6  6  89.8  53.8  73.4  28.4  36.6        23.9 108.2   4.5 718.8  0.37  0.28
       6  7  91.3  55.3  75.6  30.5  41.5        30.0 100.4   4.2 624.0  0.34  0.26
       6  8  84.6  53.7  70.2  46.8  48.3        12.1  59.8   2.5 588.5  0.24  0.20
       6  9  92.0  60.4  78.9  24.4  38.8        20.5 119.6   5.0 710.6  0.40  0.30
       6 10  83.4  57.5  67.8  29.6  33.5        22.8 122.8   5.1 568.0  0.36  0.26
       6 11  79.2  49.3  66.4  40.0  40.3        16.6  65.0   2.7 711.6  0.26  0.22
       6 12  80.3  53.7  67.3  35.9  37.7        13.3  73.3   3.1 723.5  0.29  0.24
       6 13  72.7  53.6  63.6  42.2  40.3        12.7  74.2   3.1 629.2  0.24  0.20
       6 14  78.4  50.9  66.7  38.1  39.4        12.7  65.6   2.7 632.5  0.25  0.21
       6 15  77.2  52.8  66.2  47.9  45.1  0.01  21.6  72.5   3.0 417.0  0.20  0.16
       6 16  81.6  50.4  67.6  51.1  47.2  0.02  23.9  67.8   2.8 603.9  0.24  0.20
       6 17  95.7  55.2  80.5  19.8  30.4        28.9 126.6   5.3 701.8  0.43  0.31
       6 18  95.3  65.8  82.5  12.3  24.5        19.4  92.4   3.9 627.3  0.37  0.28
       6 19  88.5  61.8  75.1  30.4  40.2  0.24  27.2 120.3   5.0 559.8  0.36  0.27
       6 20  80.4  58.2  69.9  60.7  54.8        21.6  65.0   2.7 505.1  0.21  0.18
       6 21  87.8  62.2  76.3  36.7  47.0        25.6  97.3   4.1 495.3  0.29  0.22
       6 22  90.4  61.9  74.9  44.8  50.5  0.02  14.4  63.2   2.6 498.2  0.25  0.21
       6 23  93.5  62.3  79.3  22.2  35.5        19.4  88.7   3.7 724.9  0.37  0.29
       6 24  95.5  58.2  80.4  23.0  35.7        17.2  83.5   3.5 689.0  0.35  0.27
       6 25  91.9  60.8  76.5  28.9  40.9        22.8  88.3   3.7 552.9  0.32  0.25
       6 26  91.1  56.8  75.0  34.9  42.5        21.6  78.4   3.3 608.5  0.31  0.24
       6 27  94.2  58.6  78.6  24.8  37.3        20.0  78.0   3.3 536.4  0.31  0.24
       6 28  94.8  58.1  77.4  28.0  39.0        21.6 100.9   4.2 580.9  0.36  0.27
       6 29  97.8  58.8  80.8  24.1  36.1        13.3  56.8   2.4 573.0  0.29  0.23
       6 30  95.0  60.8  80.5  18.8  32.6        17.2  75.3   3.1 608.6  0.33  0.25
       7  1 100.2  65.5  86.4  15.6  31.9        17.2  95.1   4.0 625.7  0.38  0.29
       7  2  96.6  66.5  82.3  20.8  36.2        15.5  76.2   3.2 531.2  0.32  0.24
       7  3  89.1  62.4  77.0  34.7  46.0        18.9  83.8   3.5 443.7  0.27  0.21
       7  4  89.5  61.5  76.8  35.9  46.3        17.2  84.9   3.5 628.3  0.31  0.25
       7  5  88.8  60.0  75.2  47.9  52.5        13.8  80.6   3.4 627.2  0.29  0.24
       7  6  83.6  63.1  72.7  55.3  54.9  0.05  18.3 106.6   4.4 459.5  0.25  0.20
       7  7  92.8  61.7  78.8  37.6  49.3        13.8  83.4   3.5 600.2  0.31  0.25
       7  8  91.6  63.3  78.6  40.8  51.2        14.4  70.8   3.0 603.7  0.29  0.24
       7  9  90.7  65.0  79.5  34.0  47.7        13.8  66.9   2.8 608.2  0.29  0.23
       7 10  83.7  67.0  75.4  49.2  55.1  0.19  18.3  94.2   3.9 366.3  0.23  0.18
       7 11  85.4  62.5  73.1  46.6  50.5        17.2  77.9   3.2 710.0  0.30  0.25
       7 12  92.7  58.3  76.5  36.4  43.4        11.6  51.4   2.1 733.0  0.29  0.25
       7 13  92.9  57.4  77.7  26.8  38.3        25.0  85.6   3.6 657.7  0.34  0.26
       7 14  95.1  59.1  79.3  27.5  39.6        14.9  78.6   3.3 707.6  0.34  0.27
       7 15  95.8  59.0  79.3  26.1  39.2        13.8  66.4   2.8 716.0  0.33  0.26
       7 16  96.6  59.0  79.9  25.7  38.2        19.4  74.2   3.1 710.2  0.34  0.27
       7 17  97.0  59.8  79.6  24.3  37.1        14.9  65.1   2.7 682.3  0.32  0.26
       7 18  97.3  58.5  79.7  27.1  39.0        13.8  63.9   2.7 695.4  0.32  0.26
       7 19  96.4  62.3  80.7  27.5  41.4        14.4  53.2   2.2 691.3  0.30  0.25
       7 20  94.3  66.9  80.9  28.8  44.7        30.0 114.5   4.8 611.0  0.38  0.28
       7 21  86.4  67.0  75.4  43.8  51.2        22.2 101.5   4.2 614.0  0.32  0.25
       7 22  79.7  59.7  70.0  60.9  55.1        13.3  57.2   2.4 345.3  0.16  0.14
       7 23  88.5  61.1  74.3  44.8  49.9        20.5  75.7   3.2 444.8  0.25  0.20
       7 24  97.5  61.4  81.2  27.3  40.6        31.1  75.7   3.2 618.3  0.33  0.25
       7 25  89.3  66.6  78.7  29.1  42.6        21.1 121.1   5.0 333.5  0.32  0.22
       7 26  91.9  59.1  75.4  37.3  43.4        28.9 133.3   5.6 598.1  0.39  0.28
       7 27  91.7  63.3  79.4  22.0  35.5        27.8  95.6   4.0 591.8  0.34  0.26
       7 28  86.1  67.0  76.4  27.4  40.2        22.8  87.9   3.7 526.5  0.30  0.23
       7 29  94.9  57.5  79.7  17.1  29.0        14.9  92.8   3.9 689.3  0.36  0.27
       7 30  98.7  66.3  84.4  16.9  32.9        16.6  92.3   3.8 660.8  0.38  0.28
       7 31  99.4  65.0  85.2  15.4  30.2        14.4  77.1   3.2 533.2  0.32  0.24
       8  1  82.9  62.4  68.7  29.8  35.2        22.2  96.9   4.0 419.0  0.30  0.21
       8  2  88.0  55.9  71.2  33.1  40.3        11.0  58.3   2.4 482.7  0.24  0.19
       8  3  88.0  66.4  74.0  49.0  52.6  0.03  26.1  72.1   3.0 389.1  0.23  0.18
       8  4  85.1  59.9  72.3  56.7  55.3  0.02  17.7  74.8   3.1 430.3  0.21  0.17
       8  5  85.9  62.6  72.4  57.9  55.8  0.26  34.5 109.2   4.5 495.1  0.27  0.21
       8  6  87.8  58.1  72.0  51.1  51.5        28.9  88.0   3.7 475.9  0.26  0.20
       8  7  86.0  61.1  72.9  46.0  49.9        20.5  90.4   3.8 458.9  0.26  0.20
       8  8  90.6  57.5  74.1  41.2  46.4        17.2  84.0   3.5 535.9  0.29  0.22
       8  9  81.2  56.9  70.3  45.7  47.4        20.0  88.4   3.7 610.1  0.26  0.21
       8 10  91.9  55.0  74.1  33.8  41.1        12.7  80.1   3.3 653.9  0.31  0.24
       8 11  95.6  59.1  80.7  13.0  21.9        22.8 117.8   4.9 680.0  0.41  0.29
       8 12  79.8  55.4  63.9  48.0  43.1        25.6 129.7   5.4 294.5  0.26  0.18
       8 13  74.6  48.4  63.0  41.8  37.5        13.3  62.7   2.6 598.7  0.22  0.18
       8 14  95.1  49.9  74.5  27.5  31.4        22.8  93.2   3.9 660.8  0.36  0.26
       8 15  83.2  56.8  69.1  41.1  43.8        23.9  88.8   3.7 618.2  0.28  0.22
       8 16 100.9  52.5  77.9  30.5  35.3        26.1  89.7   3.7 600.3  0.36  0.27
       8 17  79.0  51.5  66.2  28.2  30.8        22.2  79.7   3.3 552.3  0.25  0.20
       8 18  96.6  54.0  71.7  29.5  33.8        25.6  69.6   2.9 415.0  0.29  0.21
       8 19  87.8  50.2  68.9  34.7  38.9        14.9  55.7   2.3 468.5  0.22  0.18
       8 20  86.0  59.3  73.1  43.0  47.6        19.4  65.4   2.7 393.5  0.21  0.17
       8 21  85.5  61.6  71.5  42.8  46.5  0.02  22.2  92.6   3.9 362.8  0.25  0.18
       8 22  79.7  53.6  67.6  44.7  44.7        15.5  69.9   2.9 408.4  0.20  0.16
       8 23  88.5  50.6  70.0  39.5  40.9  0.01  30.6  72.2   3.0 418.9  0.24  0.18
       8 24  80.1  57.8  68.2  52.9  50.1        16.6 100.3   4.2 571.1  0.25  0.20
       8 25  87.9  60.5  72.6  45.1  47.3        13.3  75.3   3.1 541.6  0.26  0.21
       8 26  90.5  53.6  74.5  29.5  37.1        23.9  86.9   3.6 537.8  0.29  0.22
       8 27  78.3  58.4  66.9  63.5  53.2  0.02  20.5  95.7   4.0 324.7  0.18  0.14
       8 28  75.0  58.7  66.4  62.4  52.9        17.7  74.8   3.1 292.8  0.15  0.12
       8 29  73.4  55.1  64.2  69.5  53.4  0.01  20.0  63.3   2.6 298.6  0.13  0.11
       8 30  87.7  49.6  70.3  41.2  40.7        16.1  66.3   2.8 521.7  0.24  0.19
       8 31  91.7  57.1  75.1  26.6  33.4        21.1  66.8   2.8 569.1  0.27  0.21
       9  1  91.6  64.3  79.2  15.0  25.0        21.6 117.5   4.9 415.8  0.35  0.24
       9  2  84.3  53.1  72.0  29.1  37.2        16.6  80.3   3.3 574.7  0.26  0.20
       9  3  86.0  52.6  71.0  36.9  40.7        18.9  56.2   2.3 400.5  0.20  0.15
       9  4  91.1  60.3  76.5  24.1  34.9        23.3  96.3   4.0 443.5  0.30  0.21
       9  5  92.2  58.1  77.9  19.9  30.9        18.9  71.1   3.0 466.5  0.26  0.19
       9  6  94.6  56.7  76.6  25.3  35.9        22.2  92.6   3.9 449.7  0.31  0.22
       9  7  89.0  59.0  74.8  35.6  44.4        18.3  64.0   2.7 388.3  0.21  0.16
       9  8  83.2  60.1  72.1  44.1  48.7        19.4  87.1   3.6 346.8  0.21  0.16
       9  9  72.3  58.8  64.4  70.0  54.0  0.05  12.1  74.5   3.1 228.9  0.12  0.10
       9 10  68.2  55.5  60.4  77.3  52.8  0.81  11.6  59.7   2.5 221.0  0.10  0.08
       9 11  69.7  52.6  60.5  76.1  52.6  0.06  12.1  49.9   2.1 364.5  0.12  0.10
       9 12  72.7  54.7  61.9  77.9  54.4  0.13  31.7  69.7   2.9 374.6  0.14  0.12
       9 13  69.4  54.8  60.5  69.3  49.8  0.16  17.7  56.8   2.4 255.4  0.11  0.09
       9 14  74.9  54.9  65.5  41.0  40.3        16.6  82.6   3.4 527.9  0.21  0.17
       9 15  83.9  47.2  67.0  37.1  35.3        12.7  66.7   2.8 544.0  0.22  0.17
       9 16  84.8  47.4  67.6  34.0  34.9        12.7  55.6   2.3 515.6  0.21  0.16
       9 17  79.7  51.4  67.9  30.0  33.2        30.6 179.3   7.5 405.9  0.33  0.22
       9 18  69.6  49.8  60.1  44.8  37.6  0.01  25.0 116.8   4.9 276.2  0.19  0.13
       9 19  67.6  41.8  56.3  50.0  35.7        16.1  74.4   3.1 497.2  0.16  0.13
       9 20  81.4  48.1  69.3  23.6  28.5        17.2 106.9   4.5 519.1  0.26  0.19
       9 21  61.7  45.0  52.6  55.7  36.6        27.2 105.5   4.4 474.0  0.16  0.13
       9 22  66.8  46.3  54.3  50.9  35.9        10.5  62.7   2.6 488.5  0.16  0.13
       9 23  70.1  46.3  57.6  35.2  29.5        14.9  98.0   4.1 494.0  0.21  0.15
       9 24  84.7  41.3  63.0  36.0  30.0        21.1  62.4   2.6 458.1  0.21  0.15
       9 25  62.3  44.2  52.9  54.7  36.6  0.09  17.7  76.5   3.2 323.3  0.13  0.10
       9 26  62.1  46.2  50.6  83.4  45.6  0.02   8.8  53.3   2.2 207.7  0.08  0.07
       9 27  72.7  38.6  55.1  63.0  41.0  0.05  42.9  45.2   1.9 270.6  0.11  0.09
       9 28  70.1  46.1  55.2  64.8  42.9        16.6  59.3   2.5 247.3  0.12  0.09
       9 29  76.0  42.0  59.3  49.1  36.5        31.7 124.5   5.2 374.2  0.22  0.15
       9 30  77.6  52.2  65.7  23.4  26.5        40.6 149.8   6.2 459.3  0.30  0.20
      10  1  61.1  43.4  52.5  57.8  37.4  0.46  16.1 102.6   4.3 266.5  0.13  0.09
      10  2  44.3  37.4  40.1  93.9  38.4  0.29  10.5  91.0   3.8  86.7  0.03  0.03
      10  3  52.5  38.8  43.6  83.7  38.7  0.01  18.9  72.5   3.0 197.1  0.07  0.05
      10  4  63.7  35.2  50.2  57.1  33.2        19.4  88.2   3.7 431.0  0.14  0.11
      10  5  68.0  42.4  54.8  47.7  33.2        30.6  88.0   3.7 364.9  0.16  0.12
      10  6  61.6  40.0  51.0  56.3  35.5  0.14  12.1  59.0   2.5 406.5  0.11  0.09
      10  7  71.8  36.3  53.4  59.3  37.1        12.7  43.1   1.8 418.4  0.12  0.10
      10  8  70.5  43.5  56.5  48.9  36.0        20.5  97.6   4.1 427.0  0.18  0.13
      10  9  69.9  44.7  55.2  60.8  40.7        10.5  60.6   2.5 405.7  0.13  0.10
      10 10  78.2  43.8  62.3  32.0  26.7        20.5  79.5   3.3 421.6  0.20  0.14
      10 11  80.0  44.2  62.7  26.6  24.6        27.8 112.1   4.7 386.9  0.25  0.17
      10 12  50.8  33.1  42.2  63.4  30.2        13.3  65.5   2.7 245.9  0.08  0.06
      10 13  65.8  31.0  47.6  46.4  26.4         8.8  46.0   1.9 419.1  0.11  0.09
      10 14  61.4  33.0  46.7  39.7  20.8        17.2  59.0   2.5 407.2  0.12  0.09
      10 15  59.4  29.4  44.0  43.9  21.1        10.5  42.3   1.8 405.1  0.10  0.08
      10 16  57.4  35.9  46.0  40.4  22.3        19.4  64.9   2.7 387.8  0.12  0.09
      10 17  65.0  27.7  46.5  45.0  23.5        11.0  51.8   2.2 387.8  0.11  0.08
      10 18  70.2  35.9  55.4  23.8  16.0        13.8  78.3   3.3 389.0  0.17  0.11
      10 19  63.4  31.8  47.5  39.4  22.2         9.9  34.3   1.4 383.6  0.09  0.07
      10 20  71.2  32.6  50.3  33.2  17.7        14.9  51.3   2.1 282.5  0.13  0.09
      10 21  58.5  30.6  45.7  44.2  24.8        14.9  39.7   1.7 363.1  0.08  0.07
      10 22  43.1  27.0  33.7  78.9  27.6        16.1  87.7   3.7  81.3  0.05  0.04
      10 23  30.5  26.4  28.2  92.6  26.4  0.04   7.1  70.2   2.9  70.3  0.02  0.02
      10 24  33.5  25.4  29.3  94.0  27.9  0.13   6.5  34.2   1.4  63.8  0.02  0.02
      10 25  53.1  29.9  39.6  77.7  32.4  0.01  14.9  38.8   1.6 249.3  0.06  0.05
      10 26  57.2  30.7  44.5  57.2  29.2        12.1  42.5   1.8 314.0  0.07  0.06
      10 27  49.3  34.2  42.6  82.5  37.6        11.6  59.4   2.5 101.3  0.04  0.03
      10 28  59.7  28.3  43.7  61.9  29.1  0.02  18.3  64.8   2.7 276.3  0.09  0.07
      10 29  34.5  18.6  26.9  94.9  26.1        13.8  87.9   3.7  62.1  0.02  0.02
      10 30  18.7  15.4  17.2  91.6  15.2         9.3  54.2   2.3  78.5  0.01  0.01
      10 31  19.5  16.1  17.7  91.6  15.7         7.7  56.9   2.4  45.5  0.01  0.01
      11  1  23.9  16.7  19.2  89.3  16.5         8.8  36.1   1.5  64.8            
      11  2  32.0  20.0  25.5  88.4  22.6  0.08   9.9  42.9   1.8 160.7            
      11  3  41.5  20.7  29.3  71.9  20.7  0.46  11.6  51.5   2.1 322.7            
      11  4  42.9  20.9  30.4  68.1  20.3        25.0  50.9   2.1 192.4            
      11  5  55.0  26.8  41.7  39.0  16.1        21.1  93.3   3.9 319.8            
      11  6  55.1  30.1  41.9  51.7  24.2        12.7  51.8   2.2 308.9            
      11  7  69.3  27.7  50.4  30.5  12.0        33.4 138.7   5.8 224.0            
      11  8  63.8  47.8  56.1  28.3  23.5        33.9 202.1   8.4 289.7            
      11  9  58.0  42.5  49.6  41.2  27.1        30.0 247.6  10.3 224.7            
      11 10  52.5  34.9  42.7  30.4  13.1        36.7 134.8   5.6 261.0            
      11 11  45.5  23.9  37.0  43.8  16.3        18.3  86.4   3.6 185.7            
      11 12  56.1  22.1  37.9  40.3  12.9        14.4  52.8   2.2 297.4            
      11 13  59.6  31.4  44.9  46.8  24.4  0.02  19.4  60.9   2.5 176.4            
      11 14  48.9  32.6  39.1  71.7  30.2        12.7  57.0   2.4 237.5            
      11 15  45.1  26.1  36.5  65.6  25.9        12.1  51.3   2.1 196.9            
      11 16  57.6  21.3  43.3  35.0   9.1        25.6 131.1   5.5 246.5            
      11 17  61.0  38.1  50.8  17.9   8.0        20.5  91.1   3.8 276.0            
      11 18  56.6  30.9  46.4  25.1  10.4        22.8 123.3   5.1 267.3            
      11 19  58.6  38.1  50.3  20.3  10.9        27.8 144.6   6.0 267.8            
      11 20  62.5  33.9  47.6  39.1  22.4        11.6  53.8   2.2 263.4            
      11 21  61.3  30.5  46.3  51.8  28.2        11.6  50.7   2.1 256.3            
      11 22  68.7  28.8  49.9  40.3  22.3        15.5  55.0   2.3 169.7            
      11 23  47.4  31.5  39.1  62.0  27.2        18.9  89.8   3.7 193.2            
      11 24  31.6  21.3  24.2  88.9  21.2  0.01  20.0  88.7   3.7 104.6            
      11 25  33.8  16.1  22.6  91.0  20.7  0.22  13.3  54.5   2.3  86.8            
      11 26  26.9   8.8  19.4  79.1  14.1         8.8  36.8   1.5 259.0            
      11 27  44.4  17.2  29.9  61.3  17.5        11.6  48.4   2.0 234.6            
      11 28  55.7  21.3  36.5  63.0  24.1         7.1  24.1   1.0 246.2            
      11 29  58.0  30.6  41.9  56.3  26.4        11.6  53.0   2.2 237.7            
      11 30  47.4  26.8  36.1  56.9  21.3        11.6  45.0   1.9 237.4            
      12  1  60.3  24.9  43.1  50.4  23.3        17.2  80.2   3.3 243.0            
      12  2  59.9  33.7  48.9  37.0  22.5        14.9 107.4   4.5 235.6            
      12  3  36.1  27.9  31.3  84.3  27.0         8.8  49.8   2.1  59.8            
      12  4  33.0  25.5  30.5  91.1  28.2         7.7  42.5   1.8  20.4            
      12  5  48.1  25.5  34.8  70.6  25.3        11.6  52.7   2.2 220.4            
      12  6  49.6  20.3  33.2  54.6  17.0         7.7  31.1   1.3 230.9            
      12  7  46.7  21.9  32.6  55.4  17.2         7.1  18.5   0.8 179.4            
      12  8  43.4  22.6  32.9  54.8  17.7         9.3  44.0   1.8 166.5            
      12  9  54.9  18.3  34.6  49.2  14.0        12.1  29.4   1.2 225.1            
      12 10  58.3  20.0  36.2  35.3   7.6        10.5  28.5   1.2 225.2            
      12 11  49.7  25.0  37.5  32.6   9.5        17.2  78.4   3.3 194.5            
      12 12  40.6  20.1  31.2  46.7  12.2        12.7  45.2   1.9 204.2            
      12 13  58.5  22.3  38.5  41.4  14.4        18.9  60.8   2.5 219.3            
      12 14  55.7  28.5  40.5  42.6  18.8         9.3  44.8   1.9 176.1            
      12 15  62.0  27.9  46.5  32.1  14.5        30.0 120.9   5.0 107.4            
      12 16  52.0  27.7  41.9  30.8  12.7        21.1  83.0   3.5 222.0            
      12 17  51.2  29.2  41.1  47.8  21.8        14.9  80.5   3.4 111.4            
      12 18  42.9  24.9  32.5  61.6  20.4        16.6  71.8   3.0 139.9            
      12 19  36.2  17.8  30.2  34.1   4.4        28.9 132.9   5.5 225.6            
      12 20  40.3  14.7  25.9  45.8   7.3        12.1  55.9   2.3 224.3            
      12 21  41.2  20.8  31.4  37.3   7.3        27.2  93.6   3.9 176.7            
      12 22  38.5  17.2  27.5  56.1  13.4        13.3  51.1   2.1 225.2            
      12 23  28.2  15.2  23.5  73.3  16.3         7.7  39.6   1.6  97.9            
      12 24  29.5  13.3  20.2  75.7  13.6         7.7  35.8   1.5 177.6            
      12 25  35.6  14.4  22.6  62.4  11.0        10.5  38.4   1.6 177.9            
      12 26  41.3   8.3  26.3  43.3   3.2        28.9  94.7   3.9 228.1            
      12 27  55.1  32.3  43.7  26.7  11.2        30.0 104.5   4.4 145.4            
      12 28  65.0  32.1  49.4  26.9  15.3        23.9 109.2   4.5 155.3            
      12 29  59.0  28.9  45.3  25.1   8.3        31.1 187.3   7.8 203.5            
      12 30  48.7  25.7  37.8  25.9   4.0        17.7  78.6   3.3 227.1            
      12 31  58.3  23.4  36.6  36.1  11.8        25.6  73.2   3.0 185.5            

      Total                                9.70                         53.05 40.50
        Max 100.9  67.0  86.4  94.9  55.8        50.7 276.4  11.5 738.6
        Min  17.3  -2.0   8.9  11.6  -4.0         6.5  18.5   0.8  20.4
        Ave  64.6  37.9  51.6  45.6  26.9        19.6  87.9   3.7 389.4
