                                                                    17-JAN-02
      Cellular-linked Weather Station near BOULDER  235, Colorado        2001
      -----------------------------------------------------------------------------
               Temperature      Rel   Dew             Wind        Solar StandrdASCE
            ----------------- Humid Point  Prec -----------------   Rad   ETr   ETo
       Date   Max   Min   Ave   Ave   Ave Total   Max Total   Ave Total Alflf Grass
      MoDay     F     F     F     %     F  inch   mph miles   mph Langl  inch  inch
      ----- ----- ----- ----- ----- ----- ----- ----- ----- ----- ----- ----- -----
       4  2  68.0  41.8  53.6  45.6  31.5  0.01  53.0  58.9   2.5 218.8  0.13  0.10
       4  3  69.0  44.7  56.0  52.0  37.7        14.4  68.2   2.8 476.6  0.17  0.14
       4  4  59.4  41.6  50.4  70.4  40.9        11.6  63.3   2.6 334.1  0.11  0.09
       4  5  60.7  45.1  51.9  69.9  41.9        10.5  57.0   2.4 316.2  0.11  0.09
       4  6  56.0  44.3  49.3  66.3  38.2  0.06  29.5  80.7   3.4 218.4  0.10  0.08
       4  7  62.9  42.7  53.3  28.0  20.5        35.1  98.4   4.1 405.3  0.20  0.14
       4  8  61.3  35.5  47.3  47.7  27.4        23.9 128.6   5.4 490.9  0.20  0.15
       4  9  61.7  33.3  48.3  38.9  23.3        34.5 125.0   5.2 547.8  0.21  0.16
       4 10  40.8  32.2  36.6  86.3  32.8  0.14   8.8  67.3   2.8  73.6  0.04  0.03
       4 11  45.7  32.3  38.1  73.1  29.7  0.81  23.3 128.3   5.3 366.5  0.10  0.08
       4 12  47.8  32.7  39.8  65.8  29.1        14.4  63.4   2.6 417.9  0.10  0.09
       4 13  58.2  31.8  45.9  40.7  21.9        24.4  92.9   3.9 598.3  0.18  0.14
       4 14  62.6  31.7  46.6  46.2  25.4        39.5 131.0   5.5 575.2  0.22  0.16
       4 15  60.6  33.1  47.0  48.8  27.7        16.6  89.0   3.7 618.3  0.18  0.15
       4 16  45.7  31.5  37.6  64.0  26.5        21.1  89.2   3.7 187.4  0.08  0.06
       4 17  60.3  36.8  46.9  60.5  33.2        10.5  48.2   2.0 568.8  0.15  0.13
       4 18  80.5  38.0  61.0  35.7  26.2        15.5  57.7   2.4 517.2  0.22  0.17
       4 19  76.4  50.2  66.6  14.1  13.9        33.4 162.8   6.8 486.2  0.35  0.24
       4 20  61.5  41.2  52.6  39.2  27.4  0.04  40.1 130.0   5.4 328.2  0.19  0.14
       4 21  47.9  33.8  41.6  79.5  35.8  0.53  19.4  87.7   3.7 150.2  0.06  0.05
       4 22  36.2  29.9  33.4  91.4  31.1  0.64  16.0  78.6   3.3 152.4  0.04  0.03
       4 23  57.6  24.2  43.0  57.3  26.1        17.2  63.2   2.6 617.3  0.15  0.13
       4 24  64.4  34.4  51.4  49.3  31.7        17.2  72.3   3.0 605.1  0.18  0.15
       4 25  68.7  38.4  56.3  45.4  34.0        12.7  68.2   2.8 625.4  0.20  0.17
       4 26  74.6  43.0  62.2  36.3  32.8        16.0  85.2   3.5 649.0  0.25  0.20
       4 27  77.7  45.8  64.2  36.8  35.5        16.0  71.5   3.0 613.8  0.24  0.19
       4 28  75.8  45.8  62.3  43.2  38.4        20.5  60.7   2.5 497.3  0.20  0.16
       4 29  77.5  45.7  64.8  30.9  30.4        33.4 111.0   4.6 459.7  0.27  0.19
       4 30  74.8  49.3  62.9  31.5  30.8        17.2  71.2   3.0 548.1  0.23  0.18
       5  1  85.8  59.9  72.9  19.0  25.7        27.8 145.1   6.0 627.8  0.41  0.29
       5  2  62.2  32.8  36.2  89.8  33.3  0.77  22.2  86.7   3.6 112.5  0.12  0.08
       5  3  37.5  32.0  34.4  94.1  32.9  0.52   9.9  66.2   2.8 193.4  0.04  0.04
       5  4  40.5  34.5  37.8  92.0  35.7  0.61   9.9  43.0   1.8  92.7  0.03  0.03
       5  5  51.7  38.1  43.8  88.0  40.6  0.66  13.3  56.5   2.4 149.9  0.06  0.05
       5  6  60.3  39.2  52.3  56.3  36.9        20.5  92.0   3.8 547.1  0.17  0.14
       5  7  62.0  41.7  51.9  56.1  36.5        16.6  80.7   3.4 678.0  0.19  0.17
       5  8  74.3  42.8  61.9  35.0  32.0        16.6  92.5   3.9 697.5  0.27  0.21
       5  9  78.1  44.0  62.5  36.9  33.7        39.0  78.9   3.3 406.7  0.22  0.17
       5 10  81.4  51.1  67.2  29.4  32.7  0.03  25.0 124.7   5.2 399.2  0.30  0.21
       5 11  69.4  49.5  58.3  61.4  44.4        21.1  92.2   3.8 570.1  0.21  0.17
       5 12  80.6  46.0  66.4  39.4  38.1        13.8  62.7   2.6 705.0  0.26  0.21
       5 13  84.6  50.6  71.1  29.1  35.4        13.3  67.2   2.8 684.6  0.28  0.23
       5 14  80.4  57.3  70.2  36.6  42.1  0.01  23.3 102.3   4.3 467.3  0.26  0.20
       5 15  84.3  55.2  71.5  29.5  35.6        24.4 110.6   4.6 547.2  0.32  0.24
       5 16  81.1  64.5  72.7  30.0  39.0        25.6 113.5   4.7 418.1  0.30  0.22
       5 17  65.9  49.1  56.3  69.3  45.6  0.18  14.9  62.5   2.6 197.1  0.11  0.09
       5 18  75.8  46.8  60.5  62.7  45.0        14.4  47.0   2.0 617.3  0.20  0.18
       5 19  64.1  54.3  60.0  62.0  46.9        11.6  59.0   2.5 294.6  0.12  0.11
       5 20  77.3  32.3  52.1  61.6  35.9  0.01  43.4 108.8   4.5 512.1  0.26  0.19
       5 21  56.0  32.1  45.7  43.5  22.9  0.39  13.3  67.3   2.8 606.8  0.17  0.14
       5 22  76.4  38.1  60.5  31.5  27.5        23.9 103.3   4.3 643.8  0.28  0.22
       5 23  80.2  43.9  64.2  36.7  33.6        23.9  90.8   3.8 621.0  0.28  0.22
       5 24  75.8  43.2  61.8  36.8  32.5        18.3  64.9   2.7 616.6  0.23  0.19
       5 25  70.6  41.3  57.4  53.3  39.6        11.6  50.2   2.1 504.5  0.17  0.15
       5 26  73.5  45.8  62.7  53.6  44.3        12.7  52.8   2.2 504.0  0.18  0.16
       5 27  74.0  55.3  63.7  60.9  49.5  0.03  18.9  74.2   3.1 455.1  0.19  0.16
       5 28  69.8  50.6  60.3  73.9  51.6  0.01  12.7  39.1   1.6 294.8  0.11  0.10
       5 29  78.2  53.6  63.3  61.5  48.2  0.01  27.8  77.7   3.2 531.5  0.23  0.19
       5 30  65.1  52.4  59.1  68.8  48.7  0.27  16.0  59.3   2.5 362.9  0.13  0.12
       5 31  74.5  44.5  61.3  62.8  47.1        15.5  45.0   1.9 642.9  0.20  0.18
       6  1  81.8  49.6  67.2  47.7  44.2        13.3  46.9   2.0 734.0  0.25  0.22
       6  2  92.6  48.9  69.9  43.2  42.8        17.2  55.0   2.3 673.0  0.29  0.24
       6  3  69.8  55.1  59.9  77.6  52.5  0.04  17.7  91.0   3.8 210.2  0.12  0.10
       6  4  62.1  50.5  54.3  90.2  51.5  0.21  17.7 108.8   4.5 243.8  0.09  0.08
       6  5  72.9  45.5  59.9  63.2  46.0        13.3  55.7   2.3 693.8  0.21  0.19
       6  6  81.4  48.3  66.4  49.0  46.0        14.9  67.6   2.8 718.0  0.26  0.22
       6  7  79.6  54.2  67.6  59.8  52.8        17.2  53.1   2.2 634.2  0.22  0.20
       6  8  85.6  54.2  71.2  52.3  50.4        16.6  54.1   2.3 668.4  0.25  0.22
       6  9  88.9  55.8  72.1  42.4  46.2        24.4  60.5   2.5 417.3  0.23  0.18
       6 10  94.3  56.1  78.3  25.3  36.5        17.7  63.4   2.6 639.9  0.30  0.24
       6 11  93.2  62.5  78.9  22.3  34.2        20.5  83.4   3.5 643.7  0.35  0.27
       6 12  83.1  58.7  71.5  47.4  49.5        30.0  52.4   2.2 460.4  0.21  0.17
       6 13  73.4  47.2  64.0  39.7  38.9  0.12  47.4 106.0   4.4 199.2  0.18  0.13
       6 14  72.5  48.2  64.3  30.2  32.5  0.02  39.5  77.9   3.2 562.4  0.23  0.19
       6 15  85.3  44.8  67.1  27.6  27.3  0.04  22.2 104.5   4.4 743.0  0.36  0.27
       6 16  81.5  51.2  67.0  43.3  43.8  0.01  14.4  54.0   2.3 740.0  0.26  0.23
       6 17  94.7  52.3  76.3  27.1  33.1  0.04  37.3  74.0   3.1 718.0  0.34  0.27
       6 18  93.1  62.0  78.0  18.6  29.3  0.01  22.8 132.5   5.5 662.6  0.44  0.32
       6 19  71.1  53.0  61.4  53.4  44.1  0.07  13.8  73.9   3.1 453.9  0.19  0.16
       6 20  76.5  51.9  62.8  62.3  49.3  0.08  22.2  68.6   2.9 627.9  0.23  0.19
       6 21  79.6  56.6  66.9  62.0  52.1  0.05  14.4  47.6   2.0 649.0  0.23  0.20
       6 22  87.0  55.9  71.7  40.5  44.6  0.05  26.1  72.6   3.0 534.9  0.27  0.21
       6 23  93.6  52.2  75.7  31.8  39.4  0.11  23.9  73.1   3.0 638.1  0.31  0.25
       6 24  90.4  59.0  76.1  32.8  43.9  0.11  26.7  94.2   3.9 375.8  0.28  0.21
       6 25  91.8  63.6  78.0  33.7  45.6  0.09  28.4  70.2   2.9 537.7  0.29  0.23
       6 26  87.5  61.9  75.3  40.1  49.2  0.02  25.6 102.3   4.3 498.7  0.29  0.23
       6 27  87.3  59.3  75.2  41.2  48.2  0.03  13.8  47.2   2.0 575.8  0.24  0.20
       6 28  91.2  57.2  78.9  31.1  44.3  0.03  14.4  71.6   3.0 658.0  0.30  0.24
       6 29  94.7  61.5  80.4  31.9  45.6  0.06  27.2  80.5   3.4 579.9  0.32  0.25
       6 30  97.1  63.1  81.1  32.1  46.1  0.02  21.1  82.4   3.4 622.5  0.34  0.27
       7  1  96.4  65.8  80.8  30.8  46.0  0.02  13.8  59.9   2.5 666.9  0.31  0.26
       7  2  96.3  63.6  80.3  30.6  43.9  0.02  18.3  59.2   2.5 565.5  0.29  0.23
       7  3  88.0  57.8  75.8  45.8  52.9  0.05  26.7  79.0   3.3 550.3  0.26  0.21
       7  4  88.6  59.2  76.4  49.1  54.3  0.07  25.0  49.8   2.1 480.4  0.21  0.18
       7  5  93.6  66.6  78.4  43.0  53.1  0.05  32.8 103.9   4.3 543.6  0.34  0.26
       7  6  97.0  66.8  82.7  32.1  48.7  0.03  20.5  74.8   3.1 579.6  0.32  0.25
       7  7  93.6  64.7  78.9  46.7  54.6  0.62  15.5  57.6   2.4 575.4  0.27  0.22
       7  8  93.2  63.4  75.3  55.8  56.5  0.13  35.6 105.3   4.4 435.5  0.30  0.22
       7  9  83.5  60.2  73.8  54.2  55.8  0.10  16.0  48.9   2.0 558.2  0.22  0.19
       7 10  86.0  64.5  73.1  56.3  55.8  0.07  37.3  96.5   4.0 570.1  0.28  0.23
       7 11  88.8  60.2  71.9  62.2  56.8  0.12  18.3  84.4   3.5 572.8  0.27  0.22
       7 12  83.8  63.6  70.0  72.3  59.9  0.09  27.8  59.2   2.5 421.3  0.19  0.16
       7 13  82.5  59.1  68.9  70.8  58.3  0.07  28.9  70.6   2.9 415.2  0.19  0.16
       7 14  81.5  58.3  68.4  68.5  57.1  0.34  22.8  43.4   1.8 528.8  0.19  0.17
       7 15  87.5  57.9  73.4  44.1  47.3        31.7  94.9   4.0 621.3  0.31  0.24
       7 16  88.5  67.2  77.7  27.9  40.9  0.05  25.0 118.7   4.9 533.3  0.36  0.26
       7 17  88.4  65.9  78.6  19.3  33.0        14.9  84.4   3.5 489.0  0.30  0.23
       7 18  90.0  63.3  78.3  28.3  41.9  0.05  27.8 103.5   4.3 542.1  0.33  0.25
       7 19  91.6  66.3  77.9  34.0  46.3  0.01  20.5  98.2   4.1 513.3  0.33  0.24
       7 20  92.6  60.0  78.3  34.7  46.4        21.6  52.3   2.2 542.8  0.25  0.21
       7 21  93.4  63.2  80.3  31.8  46.0        13.8  64.6   2.7 422.0  0.25  0.19
       7 22  95.0  62.9  81.2  30.9  44.9        20.0  45.7   1.9 524.6  0.24  0.20
       7 23  79.6  63.0  72.2  54.9  55.2        17.2  81.7   3.4 363.1  0.19  0.15
       7 24  83.9  59.9  71.2  62.1  56.1        15.5  61.1   2.5 468.0  0.20  0.17
       7 25  90.9  59.1  74.6  45.6  50.1        22.8  65.8   2.7 591.7  0.27  0.22
       7 26  81.5  62.6  70.4  56.1  53.5  0.03  16.0  70.6   2.9 411.1  0.21  0.17
       7 27  86.1  60.6  74.8  40.5  47.4        13.3  57.0   2.4 544.2  0.24  0.20
       7 28  94.4  57.3  77.4  33.1  41.8        16.6  51.8   2.2 668.4  0.28  0.23
       7 29  97.9  60.8  83.0  22.6  37.8        14.4  57.2   2.4 480.2  0.26  0.21
       7 30  99.1  61.7  84.0  21.3  38.7        21.1  91.6   3.8 548.3  0.35  0.26
       7 31  92.7  67.3  79.8  34.6  47.8        24.4  87.2   3.6 442.9  0.29  0.22
       8  1  87.4  63.0  73.7  50.2  51.9  0.04  14.9  60.8   2.5 474.6  0.23  0.19
       8  2  86.6  62.3  73.3  57.8  56.0        25.0  65.4   2.7 480.5  0.22  0.18
       8  3  92.7  56.0  78.6  39.5  49.6  0.12  12.7  52.6   2.2 652.6  0.26  0.22
       8  4  91.2  65.1  80.9  37.0  51.4  0.01  12.1  54.2   2.3 447.9  0.22  0.18
       8  5  95.5  66.1  82.4  33.9  49.5        20.5  75.2   3.1 495.0  0.28  0.22
       8  6  93.1  61.8  75.9  52.0  55.4  0.23  27.2  71.7   3.0 438.6  0.25  0.19
       8  7  91.5  61.2  76.0  53.0  55.3        25.0  83.0   3.5 556.2  0.28  0.22
       8  8  90.9  58.7  76.7  43.4  50.8  0.17  21.1  80.2   3.3 582.5  0.28  0.22
       8  9  69.7  56.7  63.5  74.5  55.0  0.90  18.3  72.6   3.0 219.8  0.11  0.09
       8 10  78.2  58.0  64.6  72.1  55.0  0.39  16.0  51.3   2.1 432.2  0.17  0.15
       8 11  82.8  54.0  68.6  60.2  52.5  0.18  24.4  65.5   2.7 509.4  0.21  0.18
       8 12  84.5  55.1  70.7  55.6  52.8  0.23  10.5  34.2   1.4 540.1  0.19  0.17
       8 13  79.5  57.6  69.1  65.6  56.2  0.26  19.4  48.7   2.0 356.4  0.15  0.13
       8 14  76.6  61.4  68.3  67.4  56.7  0.36  27.2  57.8   2.4 323.6  0.14  0.12
       8 15  78.2  60.7  68.9  53.6  50.8  0.28  19.4  77.0   3.2 384.2  0.19  0.15
       8 16  77.1  54.1  65.7  58.4  49.8  0.13  26.7  50.1   2.1 426.6  0.17  0.14
       8 17  83.4  51.3  68.5  51.7  46.4  0.01  12.1  45.7   1.9 587.0  0.21  0.18
       8 18  90.4  54.7  76.0  29.3  38.8        12.7  49.1   2.0 562.3  0.23  0.19
       8 19  95.4  59.1  76.5  32.1  42.4        27.2  60.2   2.5 442.4  0.25  0.19
       8 20  85.1  67.1  75.1  34.1  44.5        31.1  92.9   3.9 312.4  0.25  0.18
       8 21  86.2  60.5  73.6  39.0  45.4        17.2  80.8   3.4 458.7  0.25  0.19
       8 22  82.9  54.4  71.8  38.4  44.2        24.4 103.2   4.3 371.2  0.24  0.18
       8 23  82.7  59.4  71.0  45.5  48.4        12.7  70.0   2.9 513.3  0.23  0.18
       8 24  91.8  52.9  75.7  36.8  42.2        11.6  49.7   2.1 561.0  0.23  0.19
       8 25  84.7  61.5  73.8  34.9  43.6        23.3  84.6   3.5 529.4  0.26  0.20
       8 26  92.2  54.4  74.6  34.2  39.6        13.3  53.2   2.2 599.3  0.25  0.20
       8 27  93.1  55.6  75.7  30.8  40.5        35.1  74.5   3.1 564.2  0.28  0.22
       8 28  86.7  56.1  73.2  34.1  40.9        25.6  77.6   3.2 475.4  0.25  0.19
       8 29  87.8  52.8  73.5  31.9  39.4        39.5  72.0   3.0 395.0  0.23  0.17
       8 30  79.1  55.9  67.2  47.9  46.4        19.4  73.5   3.1 421.8  0.20  0.16
       8 31  79.1  54.2  68.1  50.1  48.0        17.7  55.1   2.3 330.3  0.16  0.13
       9  1  85.8  52.8  71.2  38.8  42.6  0.01  31.7  99.1   4.1 406.6  0.25  0.19
       9  2  88.7  70.9  79.3  19.9  34.3        20.5 117.9   4.9 423.5  0.34  0.24
       9  3  90.6  52.4  75.2  31.5  39.5        14.4  47.3   2.0 539.8  0.22  0.17
       9  4  90.0  54.3  72.9  35.9  40.6        13.3  48.3   2.0 529.3  0.22  0.18
       9  5  86.0  50.3  69.8  41.4  43.0        34.5  50.7   2.1 432.3  0.19  0.15
       9  6  86.2  55.3  70.0  39.2  41.4        36.7  98.4   4.1 358.0  0.26  0.18
       9  7  71.1  44.8  57.9  48.3  36.1  0.43  26.7  90.3   3.8 494.2  0.20  0.16
       9  8  48.1  37.8  42.6  85.2  38.5  1.00  23.9  77.0   3.2 178.3  0.06  0.05
       9  9  72.9  38.0  55.5  48.9  35.4        12.1  78.4   3.3 554.1  0.20  0.16
       9 10  84.5  41.1  63.3  44.2  37.1        14.4  56.4   2.4 554.5  0.21  0.17
       9 11  85.7  54.0  72.5  21.1  29.0        17.7  70.6   2.9 413.1  0.23  0.17
       9 12  83.0  57.5  71.1  26.6  34.9        16.6  94.3   3.9 522.7  0.27  0.20
       9 13  80.0  51.5  65.6  51.5  46.2  0.09  17.7  67.1   2.8 290.8  0.16  0.12
       9 14  77.7  51.2  63.8  67.3  51.8  0.06  20.5  65.0   2.7 447.6  0.16  0.14
       9 15  65.9  55.3  59.2  81.8  53.5  0.04  13.3  64.9   2.7 286.3  0.10  0.09
       9 16  75.0  52.7  61.5  70.8  51.1        14.4  46.5   1.9 254.5  0.11  0.09
       9 17  67.4  54.2  58.7  70.1  48.7  0.01  17.7  47.6   2.0 275.3  0.11  0.09
       9 18  69.9  48.0  57.8  70.0  47.2  0.01   9.3  39.2   1.6 275.5  0.10  0.09
       9 19  83.0  49.6  69.1  31.1  34.5        22.2 110.3   4.6 479.8  0.27  0.19
       9 20  79.2  52.3  66.4  40.5  40.4        14.9  62.1   2.6 485.5  0.19  0.15
       9 21  86.9  46.4  67.0  43.0  39.1        23.9  54.8   2.3 490.5  0.20  0.15
       9 22  83.3  56.0  71.0  23.9  30.8        16.0 108.7   4.5 427.4  0.28  0.19
       9 23  72.7  47.7  58.3  50.2  39.3        10.5  39.0   1.6 483.5  0.14  0.12
       9 24  82.2  42.2  61.4  53.7  41.6         8.8  26.2   1.1 477.3  0.14  0.12
       9 25  84.0  46.1  66.1  40.0  36.7        10.5  40.0   1.7 473.9  0.16  0.13
       9 26  89.7  47.0  70.9  30.8  33.0        22.8  79.4   3.3 457.7  0.24  0.17
       9 27  87.3  58.5  75.2  20.4  30.7        13.8  78.0   3.3 466.0  0.24  0.17
       9 28  78.4  48.2  64.6  45.9  42.6         7.7  25.0   1.0 308.6  0.11  0.09
       9 29  76.6  54.6  65.7  47.1  44.1        13.3  54.2   2.3 218.4  0.13  0.10
       9 30  73.9  48.8  62.4  51.9  44.1        14.4  43.3   1.8 405.2  0.13  0.11
      10  1  80.7  48.9  65.0  45.4  40.3        12.7  42.3   1.8 429.5  0.15  0.12
      10  2  82.9  56.3  70.9  23.1  30.0        14.4  60.8   2.5 293.7  0.18  0.13
      10  3  79.6  43.0  61.9  39.0  34.5        16.0  55.4   2.3 416.1  0.17  0.12
      10  4  56.2  34.2  47.1  67.4  36.6  0.09  22.8 101.1   4.2 185.5  0.09  0.06
      10  5  41.4  32.6  36.1  87.3  32.7  0.09  16.6  45.7   1.9  71.0  0.03  0.03
      10  6  68.3  29.9  48.6  60.4  32.7  0.01   8.8  20.8   0.9 380.5  0.09  0.08
      10  7  74.2  42.1  58.2  51.8  38.7        19.4  57.4   2.4 208.6  0.12  0.09
      10  8  76.9  48.4  64.8  33.8  34.0        13.3  47.8   2.0 315.9  0.13  0.10
      10  9  63.9  44.4  53.5  53.3  36.4  0.04  38.4  98.0   4.1 260.2  0.14  0.10
      10 10  55.3  34.2  45.0  51.8  27.3        15.5  56.8   2.4 381.0  0.10  0.08
      10 11  68.5  29.9  48.2  43.8  23.4        32.3 133.6   5.6 298.3  0.21  0.14
      10 12  53.0  41.6  47.6  28.5  16.2        30.0 160.6   6.7 336.7  0.19  0.13
      10 13  62.8  43.8  54.7  31.0  23.9        31.1 195.9   8.2 397.3  0.24  0.16
      10 14  69.7  32.0  48.7  55.0  31.2        20.5  73.9   3.1 400.2  0.15  0.11
      10 15  55.8  32.0  39.8  70.6  30.4  0.03  38.4  78.5   3.3 291.3  0.10  0.07
      10 16  69.1  29.2  46.5  55.5  28.8         6.0  14.4   0.6 316.1  0.07  0.06
      10 17  79.1  39.1  59.0  35.1  25.2        22.8  56.8   2.4 256.1  0.15  0.10
      10 18  58.3  38.6  49.2  47.3  29.4        20.0  73.8   3.1 353.9  0.11  0.08
      10 19  71.9  37.0  55.0  35.5  24.3        20.0  79.4   3.3 319.5  0.16  0.11
      10 20  59.2  39.5  48.5  47.5  29.0        11.0  35.9   1.5 163.0  0.07  0.06
      10 21  57.7  34.5  46.7  61.7  33.4        11.0  31.1   1.3 197.5  0.06  0.05
      10 22  73.4  40.0  58.3  45.2  34.3  0.20  39.0  62.7   2.6 228.8  0.13  0.09
      10 23  75.2  46.2  65.8  25.0  26.9  0.30  38.4 113.1   4.7 227.3  0.20  0.13
      10 24  54.7  37.3  44.9  19.4   4.4        32.3 190.1   7.9 384.0  0.23  0.14
      10 25  58.4  27.3  42.7  29.4  10.7        13.8  57.3   2.4 351.9  0.11  0.08
      10 26  58.9  26.2  42.5  37.4  16.1        12.1  35.8   1.5 358.6  0.08  0.06
      10 27  72.5  32.6  52.3  36.2  23.1        15.5  38.4   1.6 201.5  0.10  0.07
      10 28  76.3  45.8  58.8  40.5  33.4  0.05  18.3  46.9   2.0 174.2  0.12  0.08
      10 29  57.2  36.0  47.9  55.2  31.8        13.3  30.3   1.3 243.9  0.06  0.05
      10 30  69.6  38.5  53.5  51.7  33.0        17.7  44.6   1.9 116.6  0.09  0.06
      10 31  70.4  49.1  63.5  23.3  24.9        46.2 272.5  11.4 291.8  0.32  0.20
      11  1  64.0  40.6  50.9  35.7  23.2        19.4  72.4   3.0 283.9            
      11  2  61.8  32.6  47.5  43.8  25.1        11.0  33.2   1.4 319.6            
      11  3  64.3  39.0  51.8  39.4  26.1        11.6  58.3   2.4 310.6            
      11  4  69.7  31.9  49.8  42.4  24.7         9.9  29.1   1.2 323.0            
      11  5  74.4  35.2  54.7  35.7  24.8         8.8  25.9   1.1 276.0            
      11  6  71.5  39.3  56.6  38.3  29.5        11.6  42.5   1.8 290.3            
      11  7  69.8  32.1  50.6  51.9  30.5  0.04  31.1 122.1   5.1 225.2            
      11  8  48.3  29.6  37.9  76.5  30.8  0.29  12.1  42.8   1.8 310.1            
      11  9  63.3  22.3  42.5  40.9  15.6         9.9  35.1   1.5 321.3            
      11 10  60.8  26.8  42.8  37.3  15.5        11.0  32.2   1.3 317.8            
      11 11  66.0  29.2  46.2  43.4  23.5        14.4  42.6   1.8 276.4            
      11 12  68.5  35.1  50.6  45.8  28.1        12.7  43.7   1.8 286.8            
      11 13  64.1  37.7  49.1  48.0  28.7         8.8  26.1   1.1 203.2            
      11 14  65.2  40.6  53.3  34.9  24.7        13.8  68.9   2.9 281.5            
      11 15  63.4  32.5  48.4  45.5  26.7         9.9  46.5   1.9 275.0            
      11 16  63.7  31.5  46.5  55.6  29.9         7.7  21.7   0.9 273.4            
      11 17  65.4  31.2  45.9  55.7  29.5         8.2  22.1   0.9 270.0            
      11 18  49.3  27.1  36.0  76.7  28.8  0.04  20.0  82.0   3.4 100.8            
      11 19  51.3  22.9  34.9  79.5  29.0  0.08   7.7  27.4   1.1 279.3            
      11 20  62.0  22.8  38.5  54.0  20.6  0.01   7.7  20.4   0.8 282.3            
      11 21  62.2  23.8  43.9  35.2  15.8        20.5  49.6   2.1 215.7            
      11 22  61.4  34.7  45.9  44.4  24.7        18.9  63.2   2.6 195.4            
      11 23  45.9  29.7  40.3  68.8  30.8        13.3  44.9   1.9  85.3            
      11 24  49.6  26.7  38.6  40.8  14.8        19.4  82.4   3.4 264.0            
      11 25  35.2  25.1  29.5  78.9  23.6        14.4  86.5   3.6 152.5            
      11 26  32.0  17.0  24.6  82.7  20.2  0.15  13.3  91.8   3.8 228.2            
      11 27  25.8  10.5  17.8  72.0   9.9  0.01   9.9  52.3   2.2 216.6            
      11 28  30.9   9.1  17.3  70.2   8.8         8.2  34.3   1.4 265.8            
      11 29  39.9  12.8  26.4  68.6  17.0         8.8  34.5   1.4 194.6            
      11 30  46.2  25.3  36.3  40.9  13.5        24.4  96.7   4.0 205.0            
      12  1  51.5  28.5  40.0  31.8  11.4        21.6  91.3   3.8 244.6            
      12  2  57.9  33.2  43.5  47.5  24.0        12.1  45.9   1.9 232.1            
      12  3  65.7  31.4  47.4  37.3  17.5        26.7  87.8   3.7 234.5            
      12  4  45.9  27.3  36.2  54.4  20.9         9.9  43.8   1.8 218.3            
      12  5  47.1  32.8  40.1  24.8   6.3        29.5 224.1   9.3 254.7            
      12  6  55.1  38.5  48.0  23.7  12.4        30.6 217.4   9.1 234.1            
      12  7  45.8  26.5  37.3  36.5  13.4        25.6 140.5   5.9 197.4            
      12  8  51.2  17.2  31.4  40.0   7.2         9.9  25.9   1.1 242.7            
      12  9  57.3  20.2  36.0  44.4  13.8        16.6  41.6   1.7 146.6            
      12 10  40.7  21.9  30.4  53.8  15.1         9.9  33.4   1.4 205.8            
      12 11  47.3  17.9  34.7  39.1   8.6        33.4 140.7   5.9 243.4            
      12 12  29.1  15.4  24.7  74.9  17.9         8.8  49.6   2.1  87.0            
      12 13  43.3  12.0  28.2  57.7  13.0        22.2  67.3   2.8 182.0            
      12 14  49.3  25.2  36.1  45.7  16.5        13.8  46.7   1.9 144.4            
      12 15  44.7  21.7  32.0  59.9  18.6        12.1  52.3   2.2 176.0            
      12 16  40.6  11.8  25.6  79.9  20.2  0.20  17.7  36.8   1.5 148.5            
      12 17  61.9  22.1  42.8  39.5  15.0        27.2  95.6   4.0 219.2            
      12 18  44.1  20.2  32.5  60.2  19.7        21.1  71.4   3.0 220.3            
      12 19  53.6  18.6  34.5  53.6  16.3        27.8  93.2   3.9 212.5            
      12 20  41.0  23.1  31.8  55.4  17.1        11.0  38.0   1.6 194.1            
      12 21  50.3  18.0  33.4  57.0  17.5        18.3  63.8   2.7 176.3            
      12 22  41.3  20.4  31.4  48.3  12.4        22.8 100.8   4.2 207.8            
      12 23  44.6  14.1  27.3  59.3  12.9        10.5  27.5   1.1 234.1            
      12 24  39.9  15.4  26.6  53.6  10.7        10.5  33.3   1.4 210.8            
      12 25  43.7  17.4  29.1  43.5   7.7        12.1  40.3   1.7 232.6            
      12 26  51.8  21.6  36.7  35.8  10.0        13.3  47.1   2.0 230.4            
      12 27  47.9  21.4  33.3  39.6  10.0        21.1  50.6   2.1 220.0            
      12 28  50.7  24.8  39.6  39.3  14.5        29.5 160.8   6.7 191.8            
      12 29  29.9  19.8  24.6  67.2  15.3        11.6  66.3   2.8 144.4            
      12 30  24.5  19.2  22.3  73.0  14.9         7.7  66.1   2.8  63.3            
      12 31  35.8  13.7  25.5  65.9  15.1        11.6  46.2   1.9 224.2            

      Total                               17.17                         46.87 36.95
        Max  99.1  70.9  84.0  94.1  59.9        53.0 272.5  11.4 743.0
        Min  15.1  -6.1   8.9  14.1   0.3         4.3   5.1   0.2  44.1
        Ave  64.9  38.5  51.7  52.0  31.4        17.9  63.9   2.7 363.6
