      2002                                                                03-JAN-03
      Weather Station near FT COLLINS NORTH WEST, CO  turf grass site at Poudre R-1
      -----------------------------------------------------------------------------
               Temperature      Rel   Dew             Wind        Solar StandrdASCE
            ----------------- Humid Point  Prec -----------------   Rad   ETr   ETo
       Date   Max   Min   Ave   Ave   Ave Total   Max Total   Ave Total Alflf Grass
      MoDay     F     F     F     %     F  inch   mph miles   mph Langl  inch  inch
      ----- ----- ----- ----- ----- ----- ----- ----- ----- ----- ----- ----- -----
       1  1  26.9   3.6   4.3  87.7  16.5  0.01   8.1  37.0   1.5  69.9            
       1  2  30.7  -7.2   6.1  78.1   4.4  0.01   8.5  24.0   1.0 155.3            
       1  3  49.5   5.1  31.9  58.7  11.3  0.07  10.6  40.4   1.7 164.6            
       1  4  43.5  19.6  22.2  60.0  20.5        21.8 114.4   4.8  63.8            
       1  5  37.1  11.7  25.9  68.7  16.4        11.4  48.0   2.0 139.1            
       1  6  44.0  15.3  25.5  59.8  16.5        14.9  78.3   3.3 163.1            
       1  7  62.8  19.9  44.0  50.2  22.3        26.0  86.5   3.6 167.7            
       1  8  60.6  36.8  44.2  32.7  20.4        18.5  69.6   2.9  84.7            
       1  9  53.2  28.5  31.6  65.6  27.7        16.7  63.1   2.6 158.1            
       1 10  39.2  15.2  16.5  89.8  26.1  0.28  11.0  21.9   0.9 182.9            
       1 11  50.6  13.5  30.0  63.4  18.6  0.01  22.1  75.1   3.1 108.6            
       1 12  52.1  16.7  47.2  61.6  18.7        28.2  91.5   3.8 173.0            
       1 13  44.2  21.5  24.9  36.4  11.2        41.8 282.5  11.8 203.0            
       1 14  32.9  14.5  16.4  67.3  13.0        17.4  58.9   2.5 166.1            
       1 15  24.7  13.0  17.7  81.9  13.6         7.8  36.4   1.5 145.1            
       1 16  26.9   9.8  19.8  75.5  13.2        17.4  90.8   3.8 189.7            
       1 17  29.6   7.5  20.4  61.1   9.0        15.7  99.4   4.1 208.3            
       1 18  31.5   8.4  18.3  48.3   3.1        25.0  86.1   3.6 168.6            
       1 19  37.7   3.0  20.7  44.8   0.2        13.2  55.0   2.3 172.7            
       1 20  38.4  14.8  28.1  30.2   1.3        29.6 164.0   6.8 188.4            
       1 21  49.8  22.0  25.5  40.7  12.2        15.7  80.5   3.4 179.7            
       1 22  52.8  21.5  23.0  52.9  16.3        22.5 106.1   4.4 194.8            
       1 23  28.7   2.5   4.9  82.7  16.1  0.05  11.7  77.0   3.2 186.5            
       1 24  37.0  -0.3  18.7  61.1   5.6  0.01  14.6  62.3   2.6 219.2            
       1 25  54.7  16.5  51.1  44.5  14.1        14.6  75.4   3.1 154.9            
       1 26  59.3  25.4  42.9  26.0  10.7        18.9 100.3   4.2 214.1            
       1 27  62.9  27.9  30.5  26.6   9.6        20.0  77.7   3.2 276.8            
       1 28  37.3  15.1  16.9  75.3  17.3        12.8  81.2   3.4 186.5            
       1 29  33.9  14.2  17.5  78.0  15.7        11.4  91.6   3.8 165.3            
       1 30  27.3   4.6   6.6  83.1  12.9         9.2  43.9   1.8 138.0            
       1 31  30.1  -1.0   7.9  54.5   0.7        23.2 108.7   4.5 214.0            
       2  1  37.8  -0.1  13.7  62.6   5.8  0.06   5.3  28.6   1.2 254.5            
       2  2  40.6  12.4  15.5  54.7  10.7        12.1  59.1   2.5 241.3            
       2  3  42.2   9.4  19.1  59.0  12.2        12.8  55.6   2.3 267.6            
       2  4  45.1   9.9  23.3  49.5   8.2        28.2 124.4   5.2 249.7            
       2  5  39.7  14.7  15.6  49.7   8.5        13.5  75.6   3.1 276.4            
       2  6  54.0  10.6  28.9  46.6   8.8        25.7  70.5   2.9 283.7            
       2  7  48.6  15.3  27.5  45.2  11.6         9.9  42.8   1.8 188.8            
       2  8  49.6  21.7  32.3  40.1  10.3        43.9 235.8   9.8 169.7            
       2  9  34.3  26.3  26.9  41.5   9.8        41.4 434.1  18.1 219.5            
       2 10  45.9  11.9  22.9  37.6   4.0        17.8  83.9   3.5 298.1            
       2 11  60.4  21.8  26.6  35.2  10.5        22.1 112.2   4.7 195.4            
       2 12  31.5  16.0  19.5  66.2  14.4        11.7  50.3   2.1 174.1            
       2 13  50.5  10.0  29.6  55.1  10.7        15.3  59.3   2.5 296.1            
       2 14  46.7  16.4  17.8  50.9  13.9        25.0 108.3   4.5  88.8            
       2 15  51.3   9.2  25.9  53.3  10.6        13.9  58.5   2.4 322.1            
       2 16  53.8  14.5  34.9  39.2   8.3        11.4  65.2   2.7 317.3            
       2 17  62.9  25.8  40.7  32.2  11.8        27.1 101.4   4.2 326.8            
       2 18  54.2  32.7  36.5  52.1  23.7  0.01  23.2 107.3   4.5 197.1            
       2 19  49.7  26.5  38.4  43.6  16.2        25.0  98.2   4.1 325.7            
       2 20  52.3  25.7  33.1  40.4  15.1        31.0 183.2   7.6 325.4            
       2 21  51.0  23.8  33.1  33.9   9.2        23.2 157.3   6.6 357.3            
       2 22  67.6  25.1  52.4  25.4   9.9        34.6 155.0   6.5 238.8            
       2 23  71.6  34.7  51.9  21.3  13.1        26.0 109.7   4.6 289.4            
       2 24  51.5  22.6  23.4  64.7  23.2        21.8 165.4   6.9 311.8            
       2 25  23.6   4.6   8.9  77.5   5.0        17.4 131.7   5.5 305.9            
       2 26  21.4   0.5  13.3  51.0  -1.4        24.2 156.4   6.5 404.0            
       2 27  34.9   6.2  21.1  53.5   7.8        23.2 133.8   5.6 300.3            
       2 28  45.9  10.0  20.3  68.0  14.7        17.4  99.1   4.1 368.8            
       3  1  20.4   1.6   2.6  92.3   9.8  0.01  17.8  91.9   3.8 255.7  0.02  0.02
       3  2  16.4 -11.4   7.5  75.8   0.1        16.4  76.2   3.2 386.6  0.03  0.03
       3  3  29.6  -2.8  14.3  45.9  -1.4        24.6 168.5   7.0 429.0  0.08  0.05
       3  4  48.0   8.1  23.7  52.1  10.7  0.01  10.3  56.4   2.4 425.4  0.09  0.07
       3  5  51.3  22.6  33.6  43.0  14.3        12.4  65.1   2.7 416.2  0.10  0.08
       3  6  47.9  26.6  27.2  63.4  23.6        14.9  78.4   3.3 408.3  0.09  0.07
       3  7  56.5  22.7  35.7  65.5  24.8        20.3  84.7   3.5 360.5  0.11  0.08
       3  8  36.9  10.0  17.2  79.1  19.0        25.0 136.5   5.7 147.7  0.05  0.03
       3  9  38.6  13.2  22.4  50.1   9.8  0.02  16.7 102.0   4.3 448.4  0.09  0.07
       3 10  54.8  18.3  37.0  55.7  18.8         8.9  39.7   1.7 356.7  0.09  0.07
       3 11  56.2  33.6  36.8  33.5  16.5        22.8 142.4   5.9 459.2  0.19  0.13
       3 12  66.3  31.5  44.1  36.2  20.4        20.3  99.3   4.1 328.0  0.18  0.12
       3 13  53.1  28.2  32.1  55.7  28.4        18.9 162.0   6.8 405.4  0.13  0.09
       3 14  30.9  19.3  19.8  83.6  21.0  0.15  14.9 107.1   4.5 261.1  0.04  0.03
       3 15  30.7   7.9  24.2  74.8  14.4  0.07  15.7  73.3   3.1 444.0  0.06  0.05
       3 16  36.7  24.0  25.3  68.2  20.3        16.7 107.5   4.5 344.9  0.07  0.06
       3 17  43.3  17.7  30.1  62.8  17.9        18.2  74.4   3.1 396.2  0.08  0.07
       3 18  42.4  21.6  22.2  78.3  23.5        16.0  56.2   2.3 366.3  0.06  0.05
       3 19  48.7  20.3  28.2  63.4  20.2  0.01  13.9  57.0   2.4 480.6  0.10  0.08
       3 20  62.3  18.6  20.1  45.9  16.7        21.8 118.1   4.9 440.0  0.20  0.13
       3 21  25.6  10.3  17.8  70.3   9.7        15.3 123.6   5.2 345.9  0.05  0.04
       3 22  60.7  15.3  35.9  52.8  18.6        15.3  61.3   2.6 508.1  0.13  0.10
       3 23  70.3  27.3  38.0  45.4  21.8        19.2  69.9   2.9 364.0  0.17  0.12
       3 24  39.1  20.8  21.6  83.4  23.3        13.5  82.2   3.4  83.8  0.04  0.03
       3 25  30.0  17.3  21.0  92.4  21.3  0.04  11.4  91.2   3.8 183.2  0.03  0.03
       3 26  59.2  17.2  33.6  56.6  20.9  0.03  11.0  56.4   2.4 491.0  0.12  0.10
       3 27  62.9  28.3  44.2  37.3  19.6        31.8 150.6   6.3 506.6  0.22  0.15
       3 28  67.6  28.6  40.0  38.5  19.9        24.6 148.3   6.2 471.8  0.25  0.17
       3 29  53.7  30.6  37.7  58.0  25.3        18.5 145.2   6.0 499.7  0.16  0.12
       3 30  54.1  28.8  36.0  53.2  24.7        16.4  87.3   3.6 409.3  0.13  0.10
       3 31  67.8  28.0  53.9  51.2  25.1        19.6 128.0   5.3 503.1  0.21  0.15
       4  1  73.5  28.7  29.9  26.4  17.1        30.0 171.6   7.2 535.3  0.37  0.24
       4  2  29.0  22.3  24.7  60.2  12.9        20.7 118.1   4.9 140.2  0.06  0.04
       4  3  45.4  21.0  31.4  42.8  11.7        18.2  93.6   3.9 420.5  0.12  0.09
       4  4  58.0  19.8  37.5  38.9  15.6        16.0  99.2   4.1 548.6  0.17  0.13
       4  5  64.7  27.9  43.7  38.4  21.6        17.8 106.9   4.5 545.0  0.20  0.15
       4  6  72.5  33.0  54.4  35.2  24.4        23.2  90.3   3.8 352.0  0.19  0.14
       4  7  67.7  40.0  44.1  38.3  29.2        20.3  95.1   4.0 402.1  0.20  0.14
       4  8  52.9  40.9  45.0  68.8  36.8  0.04  16.0 128.8   5.4 220.3  0.10  0.08
       4  9  71.7  30.7  53.4  51.4  30.6        16.7  71.3   3.0 530.2  0.18  0.15
       4 10  69.1  45.0  51.2  40.2  31.5        23.9 117.3   4.9 235.7  0.20  0.14
       4 11  63.4  39.6  49.2  41.2  29.3        21.4 123.2   5.1 419.5  0.19  0.14
       4 12  68.2  35.5  50.1  39.5  27.2        14.9  71.1   3.0 464.0  0.18  0.14
       4 13  74.9  40.4  57.5  32.6  27.0        19.6 103.5   4.3 577.1  0.25  0.19
       4 14  73.8  51.7  64.7  21.6  24.8        16.4  89.0   3.7 212.2  0.19  0.14
       4 15  80.1  48.7  67.1  22.6  24.8        17.8  87.9   3.7 371.6  0.23  0.17
       4 16  67.2  41.5  45.7  26.4  19.8        28.2 150.6   6.3 452.3  0.28  0.19
       4 17  75.6  33.4  55.2  35.4  22.7        23.2 124.4   5.2 580.7  0.28  0.20
       4 18  64.9  31.6  32.7  52.5  27.9        27.8 156.1   6.5 492.0  0.23  0.16
       4 19  39.7  27.2  31.9  68.5  24.0        13.5 110.3   4.6 266.4  0.08  0.06
       4 20  38.1  30.7  32.8  92.2  31.1  0.11  18.2 108.5   4.5  41.0  0.03  0.03
       4 21  54.6  26.3  35.6  58.4  24.0  0.11  30.3 105.9   4.4 652.5  0.17  0.13
       4 22  67.2  27.1  56.7  34.7  18.2        29.3 151.2   6.3 634.1  0.25  0.19
       4 23  76.9  33.9  61.0  25.5  19.9        22.1 126.3   5.3 659.2  0.29  0.22
       4 24  63.5  31.1  42.9  41.2  21.9        25.7 202.9   8.5 657.3  0.28  0.20
       4 25  55.1  31.6  41.0  37.9  19.2        14.9 119.4   5.0 433.0  0.17  0.13
       4 26  64.8  35.6  43.6  56.1  32.1        20.7  94.7   3.9 396.6  0.17  0.13
       4 27  65.2  40.4  41.9  62.3  35.9  0.03  27.1 138.6   5.8 388.4  0.20  0.14
       4 28  67.2  33.4  52.7  51.6  31.4        27.5 154.8   6.5 605.5  0.23  0.18
       4 29  73.5  36.8  54.7  36.4  28.9        18.9 106.3   4.4 619.0  0.25  0.19
       4 30  71.9  37.9  54.0  47.3  35.8        17.1  94.2   3.9 639.5  0.23  0.18
       5  1  53.3  32.2  32.7  77.6  35.7  0.07  22.5 120.1   5.0 116.0  0.08  0.05
       5  2  57.6  32.1  40.5  68.6  31.8        16.0 110.6   4.6 577.1  0.16  0.13
       5  3  71.2  33.1  52.7  36.8  24.1        25.7 121.5   5.1 666.4  0.27  0.20
       5  4  68.6  38.2  54.0  49.3  33.0        23.5 180.4   7.5 602.8  0.26  0.20
       5  5  75.2  38.5  55.9  36.8  28.8        21.0  86.3   3.6 429.9  0.22  0.16
       5  6  78.8  40.5  54.4  28.9  27.5        23.9 100.5   4.2 538.9  0.28  0.20
       5  7  63.2  41.1  49.3  66.6  40.3        15.3 102.5   4.3 582.8  0.18  0.15
       5  8  65.9  38.3  40.6  48.8  28.4        26.8 121.8   5.1 581.1  0.24  0.18
       5  9  58.8  29.2  44.5  38.1  18.8        20.3 119.7   5.0 650.8  0.21  0.16
       5 10  62.4  34.1  54.8  41.7  28.0        16.7  74.9   3.1 435.6  0.16  0.13
       5 11  60.5  42.7  43.2  75.2  41.1  0.13  18.5 101.0   4.2 321.0  0.13  0.10
       5 12  59.1  39.6  45.0  61.5  34.0  0.06  17.1 106.3   4.4 415.0  0.16  0.12
       5 13  68.7  32.2  49.7  45.4  30.3        13.9  80.6   3.4 717.0  0.22  0.18
       5 14  76.2  37.1  61.2  44.6  32.6        21.0  96.4   4.0 334.3  0.20  0.15
       5 15  72.6  41.6  52.7  44.9  35.7        24.6  78.9   3.3 272.6  0.17  0.13
       5 16  50.6  40.9  44.2  84.8  41.3  0.22  16.4  76.0   3.2 111.8  0.05  0.04
       5 17  56.8  43.6  51.2  80.0  43.1  0.04  12.8  81.4   3.4 248.4  0.09  0.08
       5 18  70.2  41.3  56.6  67.9  44.1        13.5  76.4   3.2 526.3  0.18  0.15
       5 19  68.5  43.1  53.7  62.4  42.9        15.7  87.8   3.7 646.0  0.20  0.17
       5 20  59.8  45.5  46.9  76.0  43.9        11.7  76.3   3.2 223.5  0.10  0.08
       5 21  84.2  44.2  56.7  51.6  37.8        31.8 125.7   5.2 523.4  0.32  0.23
       5 22  65.4  45.4  51.5  17.1  12.2        30.3 230.9   9.6 759.8  0.38  0.27
       5 23  58.6  33.8  36.7  54.1  31.2  0.97  20.3 132.6   5.5 495.7  0.17  0.13
       5 24  53.1  31.7  40.1  85.6  36.3  0.39  14.9  70.7   2.9 448.5  0.11  0.10
       5 25  70.4  35.0  52.1  60.6  37.7        15.3  67.8   2.8 695.9  0.21  0.18
       5 26  78.4  39.5  60.1  44.6  34.8        14.9  73.6   3.1 659.5  0.25  0.20
       5 27  79.1  47.2  59.0  38.4  36.5        25.0  95.8   4.0 583.7  0.27  0.21
       5 28  80.2  43.8  60.9  39.8  36.6        19.2  67.7   2.8 580.7  0.24  0.19
       5 29  82.4  46.8  58.7  41.8  39.8        17.8  67.5   2.8 498.9  0.23  0.18
       5 30  88.8  48.1  62.7  45.3  44.8        14.9  73.1   3.0 737.6  0.30  0.25
       5 31  88.6  53.4  63.4  38.3  43.4        14.6  81.7   3.4 533.8  0.29  0.22
       6  1  86.5  52.1  64.5  46.5  45.9        27.1  61.2   2.5 408.0  0.21  0.17
       6  2  89.9  55.4  68.9  28.7  36.6        25.7 116.0   4.8 704.9  0.38  0.29
       6  3  74.2  49.9  50.5  60.2  47.1  0.27  18.5 139.0   5.8 518.8  0.24  0.18
       6  4  64.2  48.5  52.1  74.7  46.9  0.07  12.4  61.3   2.6 463.6  0.14  0.13
       6  5  74.2  43.0  57.8  59.3  43.6        15.7  92.6   3.9 730.3  0.24  0.21
       6  6  84.9  47.9  59.6  42.6  40.6        16.7  65.1   2.7 618.3  0.26  0.21
       6  7  89.3  49.1  63.1  39.6  40.9        21.8  86.2   3.6 491.9  0.29  0.22
       6  8  90.0  52.8  67.0  50.2  48.0        16.4  83.6   3.5 715.5  0.32  0.26
       6  9  92.1  53.3  84.2  32.6  40.3        20.0  74.1   3.1 728.3  0.30  0.25
       6 10  84.3  53.0  61.2  31.8  33.8        26.8 161.6   6.7 730.2  0.43  0.31
       6 11  76.4  50.8  61.5  33.3  35.2        16.7  90.2   3.8 746.8  0.29  0.23
       6 12  81.5  46.0  63.6  34.6  35.2        16.0  90.7   3.8 759.4  0.31  0.25
       6 13  75.7  45.8  55.3  44.0  39.2        14.2  67.5   2.8 738.7  0.25  0.21
       6 14  76.9  41.6  59.7  47.4  39.3        14.6  69.6   2.9 642.4  0.23  0.20
       6 15  83.7  52.1  58.9  45.8  43.1  0.01  25.0  85.2   3.5 553.3  0.28  0.21
       6 16  81.4  49.5  64.8  50.1  44.7        14.9  66.7   2.8 609.5  0.24  0.20
       6 17  93.7  48.7  74.8  32.1  35.4        17.1  81.0   3.4 711.5  0.33  0.26
       6 18  93.9  56.5  70.8  22.9  34.1        19.2  69.6   2.9 630.3  0.32  0.25
       6 19  85.2  59.0  60.4  45.7  46.8  0.14  18.5 102.1   4.3 475.5  0.30  0.22
       6 20  78.2  57.0  69.3  63.5  53.6        23.2 127.4   5.3 494.2  0.23  0.19
       6 21  87.7  54.1  63.9  50.0  49.3  0.01  17.4  71.3   3.0 520.8  0.25  0.20
       6 22  89.1  58.7  73.2  46.5  49.1        15.3  83.3   3.5 569.7  0.28  0.23
       6 23  90.8  60.0  71.8  25.7  37.8        15.7 110.6   4.6 738.7  0.39  0.30
       6 24  95.6  55.0  76.0  27.1  37.8        18.2  69.2   2.9 741.3  0.33  0.27
       6 25  90.4  59.1  66.4  35.6  44.3        21.0  74.8   3.1 511.0  0.29  0.22
       6 26  90.4  53.6  69.1  42.0  45.1        16.7  68.1   2.8 712.4  0.30  0.25
       6 27  93.2  55.7  67.7  36.7  44.3        16.7  66.7   2.8 645.6  0.31  0.24
       6 28  91.8  53.6  74.3  34.8  42.3        25.7  95.4   4.0 620.1  0.32  0.25
       6 29  94.2  55.3  72.0  33.5  42.4        16.4  65.7   2.7 576.8  0.29  0.23
       6 30  90.1  60.0  65.9  25.4  38.1        16.7  88.4   3.7 645.5  0.35  0.26
       7  1  99.8  61.2  78.2  21.8  37.4        13.2  75.9   3.2 626.5  0.34  0.26
       7  2  92.9  67.5  71.2  21.7  37.4        21.8 109.2   4.5 552.8  0.39  0.28
       7  3  88.0  60.9  69.5  43.0  49.3        30.3  83.0   3.5 434.2  0.26  0.20
       7  4  87.1  55.5  70.1  49.6  51.9        16.7  81.5   3.4 690.4  0.29  0.24
       7  5  87.1  57.7  68.9  54.9  53.3        18.9  68.6   2.9 581.1  0.25  0.21
       7  6  83.0  63.0  66.0  54.8  54.8        21.8  94.0   3.9 505.5  0.25  0.20
       7  7  88.7  57.2  72.8  55.8  55.9        14.6  54.9   2.3 629.7  0.24  0.21
       7  8  88.0  59.6  81.5  47.3  53.0        14.6  76.7   3.2 534.7  0.24  0.20
       7  9  91.9  57.6  69.3  40.5  48.7        15.3  55.2   2.3 636.8  0.27  0.23
       7 10  84.6  61.9  69.1  55.9  56.9  0.01  14.2  62.2   2.6 489.0  0.21  0.18
       7 11  86.0  55.2  68.7  48.4  49.7        11.0  59.1   2.5 729.3  0.27  0.23
       7 12  94.4  51.7  68.7  43.6  45.4        13.9  56.6   2.4 746.1  0.30  0.25
       7 13  94.8  51.5  68.7  33.5  41.4        13.9  65.6   2.7 671.8  0.31  0.25
       7 14  93.0  55.4  65.5  34.8  42.9        13.5  73.1   3.0 729.0  0.34  0.27
       7 15  94.3  55.6  70.9  37.5  46.0        15.3  66.5   2.8 725.5  0.32  0.26
       7 16  93.9  56.3  66.0  36.2  44.1        17.1  69.4   2.9 721.8  0.33  0.26
       7 17  94.2  53.8  64.9  35.4  43.0        15.7  56.3   2.3 699.1  0.30  0.24
       7 18  93.3  58.7  65.0  33.2  43.2        14.2  60.9   2.5 668.0  0.31  0.24
       7 19  93.3  61.9  78.7  32.4  45.5        16.7  76.9   3.2 666.2  0.31  0.25
       7 20  94.3  68.6  70.3  33.0  47.1        24.2 114.3   4.8 533.6  0.39  0.28
       7 21  83.9  61.4  63.6  51.1  53.1        14.9  65.4   2.7 510.0  0.23  0.19
       7 22  76.7  55.1  68.0  64.7  53.6        15.3  75.1   3.1 390.6  0.17  0.14
       7 23  85.7  58.7  73.1  48.7  50.2        16.0  81.4   3.4 383.3  0.22  0.17
       7 24  96.5  54.0  73.1  36.7  44.3        20.3  72.0   3.0 660.1  0.32  0.25
       7 25  92.2  62.2  63.4  46.7  48.7        21.8  85.2   3.5 358.6  0.29  0.20
       7 26  90.4  55.7  76.8  48.1  47.6        29.3  95.0   4.0 549.8  0.28  0.22
       7 27  89.7  56.7  71.4  30.2  39.5        23.5  90.3   3.8 538.3  0.30  0.23
       7 28  88.0  58.8  60.1  33.7  42.4        20.0  67.9   2.8 530.6  0.28  0.21
       7 29  90.4  52.0  66.8  31.1  37.7        17.4  81.2   3.4 700.3  0.33  0.25
       7 30  94.1  56.5  70.7  29.4  39.2        16.0  77.5   3.2 689.3  0.33  0.26
       7 31  96.7  55.5  76.6  26.8  37.8        14.2  78.7   3.3 579.3  0.31  0.24
       8  1  77.1  58.8  62.0  34.2  36.9        23.5 128.7   5.4 465.0  0.30  0.21
       8  2  83.4  53.7  71.2  37.9  41.5        17.4  73.4   3.1 462.9  0.23  0.18
       8  3  85.9  62.0  63.6  54.9  52.9        24.2  84.6   3.5 350.6  0.23  0.17
       8  4  86.9  59.1  68.7  52.5  52.6        24.2  79.0   3.3 535.6  0.25  0.20
       8  5  85.2  58.3  63.6  61.5  56.1  0.05  23.5  81.6   3.4 485.9  0.23  0.18
       8  6  87.6  54.6  64.2  59.8  53.5  0.57  32.8  84.8   3.5 544.0  0.26  0.20
       8  7  86.5  55.5  62.3  55.7  52.1        16.0  78.7   3.3 591.0  0.26  0.21
       8  8  87.9  53.3  64.9  49.9  48.2        25.3  76.4   3.2 535.3  0.26  0.20
       8  9  80.8  52.5  65.1  45.8  45.5        19.2  98.0   4.1 655.4  0.27  0.22
       8 10  87.1  54.8  70.7  34.7  41.9        13.9  91.9   3.8 657.5  0.30  0.24
       8 11  93.2  52.4  81.5  17.8  27.2        14.6  88.0   3.7 662.1  0.31  0.24
       8 12  78.7  49.9  52.5  53.3  43.7        27.8 123.0   5.1 224.7  0.23  0.16
       8 13  73.6  42.4  58.1  55.8  41.2  0.01  14.9  70.1   2.9 603.2  0.20  0.17
       8 14  91.3  46.4  65.4  35.0  35.4        16.7  68.1   2.8 654.9  0.29  0.23
       8 15  77.1  54.1  59.8  49.8  45.8        23.9 124.9   5.2 603.2  0.27  0.21
       8 16  97.9  48.6  66.7  36.7  39.0        25.0 101.6   4.2 611.4  0.38  0.27
       8 17  75.0  48.0  57.3  33.3  32.2        22.1 139.6   5.8 578.2  0.30  0.22
       8 18  86.0  43.8  58.3  42.5  37.3        13.5  43.1   1.8 305.9  0.17  0.13
       8 19  82.5  44.9  65.2  49.2  44.6        17.8  68.2   2.8 500.2  0.21  0.17
       8 20  84.4  56.6  69.9  56.4  51.6  0.01  21.0  76.7   3.2 345.8  0.19  0.15
       8 21  84.5  56.9  58.6  47.8  46.4  0.05  28.2 102.1   4.3 337.3  0.26  0.18
       8 22  82.2  48.3  66.5  54.0  46.3        18.2  86.0   3.6 549.4  0.23  0.18
       8 23  85.8  49.9  67.7  46.6  44.0        18.2  66.3   2.8 374.5  0.20  0.15
       8 24  78.7  56.8  64.3  60.8  52.3        16.7  90.5   3.8 418.2  0.19  0.15
       8 25  84.5  58.9  61.6  51.8  49.1        16.0  68.1   2.8 574.6  0.24  0.19
       8 26  92.2  48.6  58.3  41.6  41.5  0.07  16.4  65.7   2.7 575.1  0.28  0.21
       8 27  77.2  56.8  63.0  63.9  53.1  0.01  23.9 146.2   6.1 493.1  0.23  0.18
       8 28  76.2  60.1  62.2  65.3  53.8        19.6  78.2   3.3 328.9  0.16  0.13
       8 29  73.7  51.0  59.7  71.7  52.0        14.6  55.6   2.3 257.2  0.11  0.09
       8 30  83.1  45.8  56.9  58.0  46.2        13.5  50.9   2.1 465.3  0.18  0.15
       8 31  88.9  52.6  68.7  37.9  40.4        11.7  53.4   2.2 455.4  0.21  0.16
       9  1  86.8  53.5  71.8  34.8  37.1        16.7  72.0   3.0 395.9  0.22  0.16
       9  2  79.8  56.2  57.3  31.2  38.0        18.2 118.8   5.0 560.1  0.31  0.22
       9  3  85.5  46.9  67.8  45.5  43.5        11.0  51.1   2.1 471.8  0.19  0.15
       9  4  87.9  53.6  58.6  38.5  41.7        14.6  68.0   2.8 388.4  0.24  0.17
       9  5  90.5  49.3  68.2  38.4  39.6        14.9  52.6   2.2 465.1  0.21  0.16
       9  6  90.4  51.1  65.2  36.4  41.1        15.7  55.4   2.3 449.6  0.22  0.17
       9  7  88.4  52.8  65.6  45.8  47.1        19.6  53.8   2.2 424.3  0.20  0.15
       9  8  84.0  55.3  60.1  55.5  50.9  0.27  11.0  70.1   2.9 314.6  0.18  0.14
       9  9  69.1  55.9  56.3  73.8  53.5  0.25  18.9  93.4   3.9 193.7  0.11  0.08
       9 10  66.1  55.3  58.5  80.8  53.4  0.10  15.3 108.8   4.5 259.9  0.11  0.09
       9 11  72.9  48.6  57.1  77.5  51.2  0.68  13.9  72.2   3.0 424.0  0.14  0.12
       9 12  71.7  52.9  54.7  82.7  54.3  0.29  11.7  51.6   2.1 283.6  0.10  0.09
       9 13  66.8  53.8  59.0  76.0  51.5  0.02  14.9  56.7   2.4 260.9  0.10  0.08
       9 14  77.2  50.2  55.7  42.5  39.9        13.5  87.4   3.6 508.8  0.22  0.17
       9 15  81.9  42.4  52.2  55.6  40.7        12.8  48.2   2.0 517.5  0.18  0.15
       9 16  83.1  43.0  54.1  50.7  40.6        13.9  31.0   1.3 494.4  0.16  0.13
       9 17  75.7  46.5  61.3  46.7  38.6        23.2  63.6   2.6 239.6  0.14  0.11
       9 18  66.6  50.6  52.9  47.7  37.4        26.8 168.8   7.0 357.9  0.22  0.15
       9 19  68.1  39.2  49.6  49.1  34.9        18.2  97.0   4.0 447.4  0.17  0.13
       9 20  78.4  39.5  55.8  47.5  35.5        13.9  79.5   3.3 487.7  0.20  0.15
       9 21  61.4  40.8  44.9  61.9  36.2        21.8  86.4   3.6 404.7  0.14  0.10
       9 22  65.7  43.3  50.3  56.7  36.0        12.4  81.7   3.4 475.9  0.16  0.12
       9 23  65.2  36.4  46.0  47.7  31.8        17.1  87.8   3.7 472.4  0.16  0.12
       9 24  80.0  35.4  52.4  48.1  33.3        14.9  52.9   2.2 439.5  0.17  0.13
       9 25  60.8  44.2  46.9  63.4  38.4  0.03  14.9  80.8   3.4 313.1  0.12  0.09
       9 26  58.1  43.8  46.2  81.7  43.5        19.2  68.1   2.8 320.4  0.09  0.07
       9 27  69.5  35.4  48.7  64.0  39.5        19.2  66.4   2.8 284.6  0.12  0.09
       9 28  64.9  44.3  45.7  69.9  42.9        23.9  94.7   3.9 321.0  0.13  0.10
       9 29  72.0  39.9  56.9  57.9  38.6        17.8  72.9   3.0 326.0  0.14  0.10
       9 30  75.9  42.5  47.7  37.9  30.6        17.1  64.8   2.7 441.1  0.19  0.13
      10  1  57.9  41.2  42.0  56.5  36.5  0.09  15.7  93.4   3.9 155.2  0.10  0.07
      10  2  41.4  35.5  37.4  93.8  36.3  0.18   8.9  67.8   2.8  61.9  0.03  0.02
      10  3  48.5  36.8  40.6  92.0  38.2  0.10  17.1  75.3   3.1 124.4  0.05  0.04
      10  4  59.6  33.3  44.1  72.0  36.7        17.1  77.8   3.2 330.5  0.10  0.08
      10  5  66.1  35.8  55.6  55.4  33.7        22.5  90.0   3.8 313.7  0.13  0.10
      10  6  57.3  37.9  41.7  62.9  35.7        20.0 118.4   4.9 347.7  0.12  0.09
      10  7  70.8  31.9  47.0  61.9  35.9        11.7  46.1   1.9 400.6  0.12  0.09
      10  8  69.5  40.5  47.9  49.2  34.9        16.0  87.9   3.7 382.4  0.16  0.11
      10  9  69.0  41.3  43.0  65.8  40.0        10.6  47.0   2.0 360.8  0.11  0.09
      10 10  78.6  35.4  60.1  44.0  29.6        16.0  55.7   2.3 363.6  0.14  0.10
      10 11  77.6  38.8  49.1  35.9  28.0        26.8 106.2   4.4 374.9  0.24  0.16
      10 12  48.9  30.7  31.5  70.1  29.6        22.5 117.0   4.9 350.2  0.09  0.07
      10 13  64.0  25.3  36.5  61.3  27.8        14.2  45.4   1.9 378.3  0.10  0.08
      10 14  60.7  30.7  32.0  45.3  21.5        15.3  67.0   2.8 362.8  0.13  0.09
      10 15  58.9  25.0  34.7  54.4  22.6         9.6  37.9   1.6 363.1  0.09  0.07
      10 16  61.0  30.2  35.0  41.8  22.2        17.1  74.5   3.1 336.9  0.13  0.09
      10 17  62.3  24.1  39.9  53.8  24.3        14.2  57.8   2.4 353.4  0.11  0.08
      10 18  71.8  30.2  41.0  36.9  19.8        13.9  62.4   2.6 353.5  0.16  0.11
      10 19  61.9  26.1  36.4  54.4  25.6        11.4  40.1   1.7 341.5  0.09  0.07
      10 20  69.0  30.2  44.5  37.9  19.0        13.2  58.5   2.4 316.8  0.13  0.09
      10 21  57.2  27.2  36.1  49.1  25.8        14.9  65.0   2.7 325.1  0.09  0.07
      10 22  44.0  25.7  26.0  79.5  26.5        17.4  70.3   2.9 140.7  0.05  0.04
      10 23  28.6  24.0  25.3  95.4  25.1        11.7  28.1   1.2  81.9  0.02  0.02
      10 24  31.5  23.8  30.7  95.0  26.5       -99.9 -99.9  -4.2  79.2            
      10 25  51.1  27.5  33.0  77.2  29.9  0.03  12.4  37.1   1.5 206.3  0.05  0.04
      10 26  57.8  26.4  44.3  65.6  29.4        11.4  51.0   2.1 277.2  0.07  0.05
      10 27  51.4  30.7  31.7  82.6  37.1        10.3  60.2   2.5 167.4  0.04  0.03
      10 28  57.8  24.7  34.3  68.2  28.9  0.03  14.9  71.5   3.0 227.3  0.08  0.06
      10 29  34.0  19.7  20.1  87.9  24.4  0.02  17.8 115.0   4.8 114.0  0.03  0.02
      10 30  20.0  15.0  15.5  82.2  12.8         9.9  92.3   3.8 127.9  0.02  0.02
      10 31  22.7  14.1  16.5  90.0  14.5  0.01   8.9  59.2   2.5 110.6  0.02  0.02
      11  1  23.0  14.7  17.3  87.7  15.1         7.4  46.3   1.9  58.9            
      11  2  32.8  16.2  25.3  85.4  20.7         7.8  34.8   1.4 137.9            
      11  3  38.4  12.0  16.7  74.7  16.2  0.11  12.4  54.4   2.3 254.3            
      11  4  35.2  14.2  33.0  73.0  19.0  0.04   9.9  53.6   2.2 132.0            
      11  5  49.7  23.0  28.3  55.3  19.7  0.13  14.6  75.6   3.1 273.1            
      11  6  55.5  25.2  27.0  61.8  23.2        13.2  57.9   2.4 262.4            
      11  7  56.6  23.7  53.5  54.5  22.5        14.9  56.3   2.3 120.6            
      11  8  62.5  42.2  47.3  36.0  25.4        22.5  98.7   4.1 197.2            
      11  9  55.0  32.3  43.4  48.5  26.1        29.3 189.3   7.9 179.4            
      11 10  51.7  28.8  32.4  34.1  14.4        26.8 117.4   4.9 194.6            
      11 11  43.9  21.5  22.5  57.9  18.5        19.6  88.8   3.7 124.4            
      11 12  49.0  16.5  30.4  59.6  17.8        13.2  49.0   2.0 237.8            
      11 13  59.4  28.4  38.8  53.5  26.4  0.01  20.3  84.7   3.5 176.3            
      11 14  48.2  29.3  31.1  60.7  26.5        15.3  87.0   3.6 189.0            
      11 15  46.0  22.0  23.2  58.7  21.9        22.1 127.0   5.3 165.4            
      11 16  56.9  18.2  34.7  53.5  17.0        11.7  58.3   2.4 215.9            
      11 17  59.6  28.2  45.5  29.8  13.1        26.4 120.7   5.0 196.0            
      11 18  51.7  27.6  38.8  36.6  16.3        16.0 113.8   4.7 205.0            
      11 19  58.7  31.6  38.1  30.4  14.7        17.1 101.5   4.2 187.0            
      11 20  60.8  27.5  32.4  49.2  23.0        12.1  56.3   2.3 184.5            
      11 21  63.2  29.5  31.9  55.3  28.7        14.2  68.8   2.9 184.1            
      11 22  72.3  27.1  42.9  46.6  23.1        20.0  82.1   3.4 197.5            
      11 23  45.3  30.1  31.0  62.8  27.0        11.0  73.3   3.1 141.3            
      11 24  30.4  20.2  20.6  89.3  20.7        15.7  66.5   2.8  35.1            
      11 25  33.6  12.4  14.9  83.8  17.0  0.07   8.9  46.2   1.9 151.2            
      11 26  29.3   3.5  12.7  82.9  11.0        11.7  41.4   1.7 206.0            
      11 27  47.0  11.0  27.8  63.0  17.0  0.12  21.8  86.3   3.6 174.3            
      11 28  54.6  18.7  33.2  68.7  23.9         8.1  28.2   1.2 207.4            
      11 29  54.3  27.2  28.2  59.6  26.2        16.7  83.4   3.5 205.8            
      11 30  43.3  21.8  29.4  72.2  22.4        15.3  53.5   2.2 183.2            
      12  1  53.9  25.8  42.2  56.0  25.6        14.6  48.6   2.0 169.3            
      12  2  57.1  28.4  33.8  55.1  25.4        12.4  56.2   2.3 205.2            
      12  3  34.6  26.4  31.5  86.3  26.7         8.5  46.4   1.9  56.7            
      12  4  31.9  26.7  27.3  93.2  27.7        11.0  72.5   3.0  34.2            
      12  5  45.8  22.8  24.3  78.8  26.2        13.2  54.5   2.3 193.8            
      12  6  48.8  16.7  23.4  64.6  17.7        14.9  54.6   2.3 198.2            
      12  7  48.5  21.3  32.5  59.4  18.4         9.6  33.6   1.4 150.9            
      12  8  42.4  21.2  22.3  58.4  18.1        12.4  79.9   3.3 183.3            
      12  9  52.6  15.9  21.5  60.4  15.7        13.9  46.1   1.9 195.8            
      12 10  54.2  16.2  29.8  47.8  11.5        11.4  43.4   1.8 197.0            
      12 11  48.0  21.9  36.2  37.9  12.0        21.8 100.7   4.2 169.9            
      12 12  40.5  17.6  28.8  46.5  12.4        20.3 117.2   4.9 184.2            
      12 13  56.4  18.4  41.2  47.1  16.2        14.2  65.0   2.7 189.3            
      12 14  56.6  21.2  29.5  51.1  18.4        11.0  39.7   1.7 187.8            
      12 15  61.3  25.2  31.5  50.7  19.9        28.5 105.5   4.4 106.3            
      12 16  46.9  21.1  35.4  54.7  17.3         8.9  63.0   2.6 171.4            
      12 17  48.8  29.3  34.8  55.1  22.3        14.6  48.8   2.0 103.2            
      12 18  40.2  22.4  27.2  67.7  20.6        20.0  87.1   3.6 105.3            
      12 19  34.9  16.2  17.6  38.9   4.7        32.8 152.1   6.3 179.5            
      12 20  40.6   9.3  28.1  49.8   6.7         8.1  48.2   2.0 167.0            
      12 21  40.1  18.3  21.1  48.4  11.7        18.9  93.8   3.9 155.6            
      12 22  39.3  14.3  24.9  58.0  12.7         9.9  49.3   2.1 177.3            
      12 23  30.0  17.9  19.0  69.8  15.2        16.7  73.4   3.1 116.0            
      12 24  35.2  10.1  12.2  75.6  13.7         8.1  29.0   1.2 170.0            
      12 25  35.8   8.0   9.8  68.9   9.2        11.0  39.8   1.7 179.9            
      12 26  37.2   3.9  19.7  54.8   4.5        14.6  58.8   2.5 190.7            
      12 27  57.1  17.1  32.3  39.8  11.6        16.4  63.3   2.6 174.9            
      12 28  49.9  27.4  31.8  52.0  20.4         8.9  45.7   1.9  66.9            
      12 29  61.2  26.3  41.3  29.6  10.5        21.4 127.5   5.3 170.5            
      12 30  45.2  19.5  20.8  33.4   7.8        25.3 114.6   4.8 187.0            
      12 31  51.4  16.9  32.3  49.5  13.5        11.4  47.9   2.0 137.2            

      Total                                6.88                         48.62 37.44
        Max  99.8  68.6  84.2  95.4  56.9        43.9 434.1  18.1 759.8
        Min  16.4 -11.4   2.6  17.1  -1.4       -99.9 -99.9  -4.2  34.2
        Ave  62.8  33.8  44.1  52.7  28.6        17.6  86.6   3.6 373.6
