                                                                    07-MAY-02
      Cellular-linked Weather Station near FT COLLINS NORTH WEST,        2001
      -----------------------------------------------------------------------------
               Temperature      Rel   Dew             Wind        Solar StandrdASCE
            ----------------- Humid Point  Prec -----------------   Rad   ETr   ETo
       Date   Max   Min   Ave   Ave   Ave Total   Max Total   Ave Total Alflf Grass
      MoDay     F     F     F     %     F  inch   mph miles   mph Langl  inch  inch
      ----- ----- ----- ----- ----- ----- ----- ----- ----- ----- ----- ----- -----
       6 14  68.3  37.6  47.2  45.4  29.8        29.6 145.7   6.1 657.2  0.27  0.20
       6 15  82.2  38.7  57.5  37.4  30.4        23.9 115.2   4.8 784.5  0.35  0.27
       6 16  77.1  44.6  58.0  51.4  44.1        13.5  81.3   3.4 640.7  0.24  0.20
       6 17  90.7  46.2  60.4  42.5  40.7        18.2  78.4   3.3 653.3  0.32  0.25
       6 18  89.1  48.6  59.2  31.8  35.0        26.8 134.8   5.6 628.6  0.41  0.29
       6 19  69.6  53.1  61.1  55.4  43.0        17.1 124.1   5.2 452.9  0.22  0.17
       6 20  76.6  51.1  58.4  65.4  49.3        14.2  95.9   4.0 528.7  0.22  0.18
       6 21  77.5  50.2  64.5  62.4  49.7        14.9  89.8   3.7 669.0  0.24  0.21
       6 22  86.4  49.0  58.6  48.6  45.0        20.3  80.7   3.4 535.5  0.27  0.21
       6 23  92.4  47.5  64.3  41.7  42.3        19.2  96.8   4.0 667.2  0.35  0.27
       6 24  91.3  53.5  72.1  37.4  44.8  0.01  26.8 118.6   4.9 623.0  0.35  0.27
       6 25  90.8  58.5  63.0  48.8  50.0        23.9  86.9   3.6 504.0  0.30  0.22
       6 26  88.6  55.7  65.2  49.3  50.0        18.9  86.2   3.6 599.2  0.29  0.23
       6 27  88.0  58.4  66.3  48.2  49.8        11.4  67.6   2.8 550.1  0.26  0.21
       6 28  93.1  53.8  66.9  42.1  46.7        13.5  65.3   2.7 724.3  0.31  0.26
       6 29  93.9  55.8  71.2  39.5  47.0        28.2  81.2   3.4 696.0  0.33  0.26
       6 30  96.4  59.4  70.3  42.1  49.7        22.5  92.6   3.9 667.3  0.36  0.28
       7  1  94.5  57.8  72.2  39.8  49.0        14.2  92.2   3.8 682.3  0.35  0.27
       7  2  93.3  55.2  66.0  45.7  48.9        32.1  94.4   3.9 425.5  0.30  0.22
       7  3  87.5  52.5  71.1  51.8  52.9        27.5  96.6   4.0 539.9  0.26  0.21
       7  4  89.5  58.9  74.3  49.5  52.5        26.8  96.6   4.0 539.1  0.28  0.22
       7  5  90.5  59.5  77.6  48.2  53.4        21.8 108.4   4.5 482.2  0.28  0.22
       7  6  95.0  61.1  70.9  43.1  51.5  0.09  21.8 108.8   4.5 626.9  0.37  0.28
       7  7  92.1  62.6  69.9  51.3  55.5        20.3 107.2   4.5 624.0  0.33  0.26
       7  8  88.3  62.6  68.3  55.6  57.5  0.27  34.3 129.4   5.4 462.7  0.29  0.22
       7  9  85.3  59.9  68.9  56.0  56.4        17.8 110.9   4.6 664.5  0.29  0.24
       7 10  80.4  62.4  65.1  64.2  57.5  0.05  24.2 135.9   5.7 588.0  0.27  0.21
       7 11  84.7  60.7  64.2  64.5  57.5  0.04  16.0  97.2   4.0 547.1  0.25  0.20
       7 12  82.5  57.8  60.5  75.7  58.1  0.04  25.0  83.3   3.5 320.6  0.18  0.14
       7 13  80.8  55.8  62.1  67.5  56.4        19.6  80.2   3.3 449.9  0.19  0.16
       7 14  80.4  53.9  64.8  65.5  55.3        12.8  58.5   2.4 451.0  0.18  0.15
       7 15  84.3  56.8  65.7  53.6  52.6        18.2  82.5   3.4 654.1  0.27  0.22
       7 16  90.9  58.2  65.7  35.5  43.1        16.0  76.4   3.2 614.9  0.31  0.24
       7 17  88.2  53.3  65.2  32.0  39.5        15.3  83.7   3.5 546.0  0.29  0.22
       7 18  89.6  53.1  72.9  36.5  42.7        17.1  93.2   3.9 702.0  0.32  0.26
       7 19  91.0  55.4  68.8  36.5  44.6        19.6  96.5   4.0 695.6  0.34  0.27
       7 20  92.9  56.2  68.0  43.9  48.6        18.2  78.4   3.3 601.5  0.30  0.24
       7 21  92.0  57.8  75.9  37.4  46.4        21.8  69.8   2.9 470.5  0.25  0.20
       7 22  93.6  58.4  69.2  40.2  47.9        13.9  69.6   2.9 652.9  0.31  0.24
       7 23  80.4  62.0  65.2  61.9  57.7        18.9 111.3   4.6 371.7  0.20  0.16
       7 24  83.1  56.8  66.6  65.0  56.5        23.5  81.4   3.4 498.5  0.21  0.18
       7 25  86.3  54.2  71.1  47.8  50.0        20.3 100.1   4.2 542.4  0.27  0.21
       7 26  81.5  58.3  63.1  62.7  53.9  0.05  17.4  88.6   3.7 368.8  0.20  0.16
       7 27  85.9  54.5  63.1  53.6  51.1        14.9  76.8   3.2 637.1  0.27  0.22
       7 28  91.1  56.2  65.8  42.4  46.1        20.0  87.4   3.6 679.5  0.33  0.26
       7 29  97.9  52.9  71.4  43.1  47.9        12.1  50.7   2.1 532.6  0.25  0.21
       7 30  94.8  54.4  76.9  34.4  44.1        17.1  96.5   4.0 656.7  0.33  0.26
       7 31  89.7  60.1  62.8  51.5  53.8  0.07  28.2  73.5   3.1 427.0  0.24  0.19
       8  1  80.2  57.1  65.5  61.0  53.6  0.01  13.5  71.8   3.0 272.7  0.16  0.12
       8  2  88.4  58.3  64.0  64.4  57.5        15.7  77.8   3.2 613.8  0.26  0.22
       8  3  89.4  58.4  69.0  51.3  54.1        12.1  79.6   3.3 686.8  0.29  0.24
       8  4  88.7  59.1  66.3  54.9  56.3        11.4  43.0   1.8 412.0  0.18  0.15
       8  5  95.0  61.2  72.2  42.4  51.3        17.4  79.5   3.3 587.1  0.30  0.24
       8  6  91.3  63.2  66.0  49.5  54.2  0.04  23.5  98.5   4.1 583.7  0.32  0.24
       8  7  89.7  59.2  66.0  58.1  56.0        20.0  87.6   3.6 649.7  0.29  0.23
       8  8  91.4  59.9  62.3  54.3  53.3  0.08  23.2 116.7   4.9 417.9  0.32  0.22
       8  9  67.3  56.9  61.5  76.4  54.2  0.11  17.8 101.0   4.2 191.1  0.10  0.08
       8 10  75.7  53.9  58.8  73.4  54.5  0.01  14.6  63.4   2.6 422.2  0.16  0.13
       8 11  81.9  51.6  59.7  64.8  52.0        17.8  71.9   3.0 484.4  0.20  0.17
       8 12  85.4  52.2  62.8  62.5  53.8  0.37  20.0  60.6   2.5 552.8  0.22  0.18
       8 13  81.1  54.1  68.3  66.4  55.6        17.8  72.1   3.0 566.5  0.21  0.18
       8 14  80.2  59.6  69.5  58.3  53.4  0.15  20.3 132.3   5.5 365.3  0.22  0.17
       8 15  80.6  58.9  62.7  45.0  46.9  0.03  18.2 144.5   6.0 486.3  0.30  0.22
       8 16  76.4  53.1  59.1  64.2  50.5  0.01  17.8  67.4   2.8 370.0  0.16  0.13
       8 17  83.5  49.2  58.2  47.1  42.6        24.2 122.4   5.1 643.0  0.32  0.24
       8 18  87.6  48.5  67.6  42.9  42.3        15.3  81.6   3.4 612.0  0.27  0.21
       8 19  90.4  51.4  71.9  43.6  45.3  0.01  21.0  85.3   3.6 403.0  0.24  0.18
       8 20  89.3  57.1  65.9  46.6  47.9        20.0  72.8   3.0 373.5  0.23  0.17
       8 21  83.5  57.0  63.6  54.3  51.1        10.3  54.4   2.3 394.2  0.18  0.15
       8 22  86.0  53.2  65.7  49.7  48.1        16.7  69.4   2.9 452.0  0.22  0.17
       8 23  81.6  57.2  59.9  57.8  51.6        14.9  76.1   3.2 492.5  0.22  0.17
       8 24  90.2  49.4  67.3  46.1  43.5        26.0  81.6   3.4 463.2  0.26  0.19
       8 25  83.6  56.1  57.8  38.7  44.9        23.5 139.1   5.8 558.1  0.34  0.24
       8 26  91.1  48.0  63.5  47.5  44.1        16.0  66.5   2.8 593.7  0.26  0.21
       8 27  90.9  51.6  66.2  38.3  42.1        23.5  78.1   3.3 589.2  0.28  0.22
       8 28  87.7  53.2  66.1  38.5  42.4        23.5  83.5   3.5 449.9  0.25  0.19
       8 29  88.8  52.0  63.9  45.6  44.4        22.5  71.5   3.0 367.5  0.23  0.17
       8 30  74.7  49.8  58.2  57.7  48.0        15.7  61.8   2.6 358.9  0.15  0.12
       8 31  80.4  50.2  66.2  56.0  48.0        16.0  77.5   3.2 366.1  0.18  0.14
       9  1  86.0  50.2  59.6  50.0  45.6  0.04  33.2  99.0   4.1 433.1  0.26  0.19
       9  2  88.5  53.6  69.0  36.3  40.6        26.8 118.0   4.9 473.8  0.30  0.22
       9  3  90.2  52.3  65.3  37.7  42.6        14.2  70.0   2.9 538.9  0.26  0.20
       9  4  88.2  49.8  60.3  39.5  42.2        16.0  69.3   2.9 548.6  0.25  0.19
       9  5  85.5  50.8  61.3  48.3  45.0  0.02  22.1  81.5   3.4 469.5  0.24  0.18
       9  6  85.6  55.0  58.7  49.2  45.4  0.01  28.2 127.1   5.3 414.1  0.30  0.21
       9  7  68.2  44.5  44.9  40.6  32.8  0.05  29.3 168.7   7.0 501.2  0.27  0.18
       9  8  54.1  37.1  38.3  72.4  36.5  0.17  20.3 105.5   4.4 267.2  0.10  0.07
       9  9  69.3  30.0  49.4  61.9  34.1        12.4  57.6   2.4 549.2  0.16  0.13
       9 10  81.2  37.5  53.9  49.0  36.1        12.4  57.5   2.4 549.9  0.20  0.16
       9 11  86.9  43.9  62.3  36.5  33.2        16.0  68.0   2.8 425.8  0.22  0.16
       9 12  82.8  43.1  56.6  41.5  38.8        17.8  65.0   2.7 499.9  0.21  0.16
       9 13  81.8  49.0  63.3  51.3  44.9  0.01  18.9  84.1   3.5 327.4  0.19  0.14
       9 14  78.3  48.3  54.0  71.8  50.8  0.11  17.1  78.3   3.3 413.9  0.17  0.13
       9 15  63.8  50.6  56.3  86.6  52.3  0.06  14.2  64.9   2.7 204.2  0.07  0.07
       9 16  75.3  53.6  57.3  66.3  49.0  0.02  29.3  83.2   3.5 337.8  0.16  0.12
       9 17  64.6  49.2  52.8  81.4  49.0  0.05  14.9  64.0   2.7 160.0  0.08  0.06
       9 18  71.0  46.8  47.8  75.9  48.3        13.2  59.6   2.5 305.8  0.12  0.09
       9 19  81.9  41.7  55.6  52.7  40.0        19.2  76.7   3.2 493.2  0.21  0.16
       9 20  76.5  48.5  53.1  46.6  41.1        14.9  84.9   3.5 483.0  0.21  0.15
       9 21  82.9  42.7  54.1  50.1  42.0        10.6  56.5   2.4 389.1  0.18  0.13
       9 22  81.3  46.7  50.7  41.6  35.6        17.4  75.3   3.1 415.9  0.23  0.16
       9 23  69.0  39.4  49.7  59.2  39.1        14.6  73.7   3.1 469.8  0.15  0.12
       9 24  77.8  37.4  51.5  63.3  41.7        12.4  47.3   2.0 466.9  0.15  0.12
       9 25  83.2  42.4  51.6  52.2  40.3        12.1  60.1   2.5 457.1  0.20  0.14
       9 26  88.1  43.4  55.8  46.0  38.2        15.3  55.7   2.3 363.7  0.20  0.14
       9 27  89.3  46.5  56.0  38.1  36.7        11.4  48.5   2.0 454.9  0.20  0.15
       9 28  79.1  44.5  57.7  50.5  42.9        14.2  54.8   2.3 422.1  0.16  0.12
       9 29  80.6  52.9  57.7  56.0  45.7  0.01  23.5  74.7   3.1 238.8  0.17  0.12
       9 30  73.1  43.9  52.9  64.7  45.7  0.01  25.3  57.8   2.4 374.3  0.13  0.10
      10  1  80.4  44.6  55.3  52.6  42.0        12.1  64.0   2.7 418.0  0.17  0.13
      10  2  81.4  49.0  52.9  39.2  35.2        20.0  88.1   3.7 378.3  0.24  0.16
      10  3  77.8  37.6  56.1  44.5  34.0        12.1  59.1   2.5 391.2  0.16  0.12
      10  4  54.1  32.1  32.7  73.5  36.5  0.08  22.1  91.8   3.8  74.2  0.06  0.04
      10  5  42.2  28.8  29.6  85.6  31.2  0.02  12.4  68.8   2.9 127.1  0.04  0.03
      10  6  68.1  25.8  44.3  62.3  29.9        14.9  47.0   2.0 386.8  0.11  0.09
      10  7  73.0  38.6  60.2  55.0  37.0        11.7  54.6   2.3 167.4  0.10  0.08
      10  8  75.9  39.6  54.3  48.9  37.2        23.5  88.2   3.7 292.3  0.17  0.12
      10  9  65.0  40.6  49.5  63.7  37.7  0.04  24.2 128.4   5.3 241.4  0.14  0.10
      10 10  55.4  31.4  32.2  49.3  25.6        22.5 107.5   4.5 358.5  0.13  0.09
      10 11  52.7  25.0  47.3  61.2  27.3        30.7  62.9   2.6 181.3  0.07  0.05
      10 12  52.4  36.7  37.7  38.1  20.1        29.6 223.7   9.3 363.2  0.20  0.13
      10 13  62.0  36.5  42.4  40.4  27.1        36.0 234.4   9.8 304.9  0.23  0.15
      10 14  59.8  32.1  44.5  62.6  32.7        31.4  93.3   3.9 281.2  0.11  0.08
      10 15  49.6  28.5  30.4  71.5  29.4  0.05  28.2 129.4   5.4 364.8  0.09  0.07
      10 16  65.1  24.2  36.8  61.5  27.4         8.5  34.4   1.4 332.0  0.09  0.07
      10 17  75.1  33.4  52.7  45.3  29.7        12.1  61.0   2.5 260.6  0.13  0.09
      10 18  53.8  35.5  37.2  52.6  29.0        16.7  98.0   4.1 309.6  0.11  0.08
      10 19  67.6  30.4  39.1  51.5  27.8        17.4  95.9   4.0 303.9  0.16  0.11
      10 20  55.7  33.5  34.6  57.4  29.9        14.9  97.5   4.1 178.7  0.10  0.07
      10 21  56.7  33.2  45.2  61.8  33.2        12.4  84.3   3.5 210.1  0.08  0.06
      10 22  68.5  37.9  45.2  49.1  31.0        29.3 105.8   4.4 244.3  0.17  0.11
      10 23  68.2  35.7  40.4  45.7  27.4        35.3 197.5   8.2 264.7  0.26  0.16
      10 24  50.4  37.3  39.5  24.2   8.1        30.0 237.6   9.9 319.2  0.22  0.14
      10 25  55.4  22.0  33.0  37.0  13.6        17.1  94.8   4.0 329.1  0.13  0.08
      10 26  55.8  24.6  32.9  41.1  17.0        18.9  82.9   3.5 304.8  0.11  0.08
      10 27  68.1  26.9  42.8  46.0  22.9         9.6  48.2   2.0 239.0  0.10  0.07
      10 28  73.3  39.7  52.2  49.4  33.3        12.8  60.1   2.5 186.7  0.12  0.08
      10 29  55.0  35.4  36.4  62.6  32.0        11.4  53.2   2.2 199.5  0.07  0.05
      10 30  57.6  34.7  42.5  71.6  34.9         9.2  38.5   1.6  66.2  0.05  0.04
      10 31  70.6  40.0  42.6  31.5  26.8        34.6 190.5   7.9 210.5  0.28  0.17
      11  1  62.6  36.1  44.4  42.3  25.5        13.9  76.5   3.2 257.9            
      11  2  61.1  31.6  43.0  46.9  25.6        11.0  59.4   2.5 267.1            
      11  3  64.2  33.3  35.3  43.2  26.1        11.0  60.2   2.5 246.3            
      11  4  66.4  27.8  43.2  51.0  25.7        12.1  53.3   2.2 271.2            
      11  5  73.7  32.0  44.3  41.0  25.4        14.2  59.0   2.5 236.3            
      11  6  69.9  37.8  48.9  47.1  31.6        15.3  70.8   3.0 237.0            
      11  7  69.2  31.9  32.6  65.5  32.6  0.23  26.0 121.1   5.0 169.7            
      11  8  47.4  25.7  26.6  89.7  31.8  0.05  13.2  71.0   3.0 192.0            
      11  9  65.2  20.0  33.1  58.5  21.6         7.8  29.5   1.2 258.2            
      11 10  60.9  25.2  34.7  40.6  16.7        10.3  47.2   2.0 253.4            
      11 11  62.1  28.3  41.1  53.3  25.1         9.2  40.1   1.7 169.2            
      11 12  64.2  29.9  43.4  55.2  29.9        13.5  66.5   2.8 225.6            
      11 13  64.3  34.6  45.6  54.1  28.8         8.1  48.1   2.0 186.4            
      11 14  64.5  34.0  37.3  43.8  26.0        16.0  84.1   3.5 217.5            
      11 15  61.2  28.8  37.8  57.1  28.1        12.4  45.7   1.9 216.9            
      11 16  60.9  27.8  37.7  67.1  31.5        11.0  55.0   2.3 211.5            
      11 17  61.5  26.6  36.5  64.8  29.1        12.1  52.0   2.2 206.1            
      11 18  48.1  27.2  27.6  78.3  27.9  0.18  19.2 107.3   4.5  63.4            
      11 19  48.1  22.6  26.0  89.5  28.0  0.01  10.3  47.5   2.0 150.4            
      11 20  63.9  19.6  27.0  61.7  21.4         5.3  33.9   1.4 191.7            
      11 21  56.4  21.4  31.2  47.7  16.8        10.3  44.4   1.9 149.0            
      11 22  54.8  27.9  42.5  53.0  24.3        13.5  52.4   2.2 145.7            
      11 23  45.8  37.4  38.2  58.9  27.9        30.3 214.2   8.9  98.4            
      11 24  49.0  28.9  30.5  39.3  15.3        22.1 151.4   6.3 208.9            
      11 25  32.1  24.4  27.6  83.9  24.3        12.1  95.1   4.0  56.8            
      11 26  30.8  15.8  16.1  82.3  20.2  0.02  14.9 168.7   7.0 178.2            
      11 27  26.4   8.6  10.1  76.2  10.3  0.01  14.9 105.2   4.4 177.2            
      11 28  26.7   1.5   9.4  79.7   7.8        13.9  57.8   2.4 210.0            
      11 29  37.8   9.2  24.9  74.8  16.5         6.4  34.4   1.4 157.2            
      11 30  43.7  23.7  26.2  53.6  15.6        22.5 102.4   4.3 159.9            

      Total                                2.69                         31.92 24.63
        Max  97.9  63.2  77.6  89.7  58.1        36.0 237.6   9.9 784.5
        Min   0.0   0.0   0.0   0.0   0.0         0.0   0.0   0.0   0.0
        Ave  38.3  22.6  27.4  27.1  20.2         9.3  44.0   1.8 206.4
